usercontrol
DUMP_MONITOR=START
DUMP_MONITOR=MONITOR
WHEEL_MONITOR=MONITOR
D   40   0 1256    8
W   40  360  640 2700 40
D   80   0 1256    0
W   80  360  639 2700 70
D  120   0 1256    0
W  120  360  636 2700 85
D  160   0 1257    0
W  160  360  632 2700 127
D  200   0 1257    8
W  200  360  625 2701 127
D  240   0 1256    0
W  240  360  618 2702 127
D  280   0 1258    8
W  280  360  609 2704 127
D  320   0 1261   16
W  320  360  601 2707 127
D  360   0 1262    0
W  360  360  593 2708 127
D  400   0 1263    8
W  400  360  584 2711 75
D  440   0 1262    0
W  440  360  576 2715 45
D  480   0 1262    0
W  480  360  570 2728 15
D  520   0 1262    0
W  520  361  563 2748 -25
D  560   0 1262    0
W  560  361  557 2775 -55
D  600   0 1262    0
W  600  362  552 2816 -85
D  640   0 1244  -50
W  640  363  547 2863 -127
D  680   0 1221  -91
W  680  364  544 2912 -127
D  720   0 1205  -66
W  720  365  541 2962 -127
D  760   0 1200   -8
W  760  366  539 3014 -127
D  800   0 1199   -8
W  800  368  538 3069 -127
D  840   0 1200    0
W  840  369  536 3129 -127
D  880   0 1200    8
W  880  369  536 3195 -127
D  920   0 1195   -8
W  920  370  535 3266 -127
D  960 -127 1196   -8
W  960  370  535 3339 0
D 1000 -127 1196    0
W 1000  372  534 3409 0
D 1040 -127 1187  -66
W 1040  374  534 3467 0
D 1080 -127 1153 -158
W 1080  376  533 3514 0
D 1120 -127 1102 -233
W 1120  378  533 3553 0
D 1160 -127 1054 -183
W 1160  380  533 3584 0
D 1200 -127 1020 -133
W 1200  381  533 3609 20
D 1240 -127  985 -141
W 1240  382  533 3627 20
D 1280 -127  935 -233
W 1280  382  533 3626 5
D 1320 -127  882 -225
W 1320  380  533 3616 -40
D 1360 -127  820 -283
W 1360  379  533 3606 -70
D 1400 -127  753 -225
W 1400  375  533 3603 -100
D 1440 -127  681 -341
W 1440  371  533 3601 -127
D 1480 -127  621 -250
W 1480  366  533 3602 -127
D 1520 -127  517 -525
W 1520  360  533 3601 -127
D 1560 -127  395 -525
W 1560  354  533 3600 -127
D 1600 -127  299 -316
W 1600  346  533 3600 -127
D 1640 -127  246 -166
W 1640  338  533 3599 -127
D 1680 -127  206 -250
W 1680  329  533 3599 -127
D 1720 -127  183 -100
W 1720  320  533 3596 -127
D 1760 -127  160 -108
W 1760  310  533 3588 -127
D 1800 -45  129 -141
W 1800  300  533 3583 -127
D 1840 -45  109  -50
W 1840  290  534 3577 -127
D 1880 -45  108    0
W 1880  279  534 3570 -127
D 1920 -45  108    0
W 1920  268  535 3563 -127
D 1960 -45  106   -8
W 1960  257  535 3561 -127
D 2000 -45  100  -25
W 2000  246  536 3563 -127
D 2040 -45   91  -41
W 2040  234  537 3565 -127
D 2080 -45   71 -108
W 2080  223  538 3565 0
D 2120 -45   43 -125
W 2120  213  538 3566 0
D 2160 -45    8 -125
W 2160  204  539 3563 0
D 2200   0  -11  -66
W 2200  198  539 3556 40
D 2240   0  -13   16
W 2240  197  539 3553 70
D 2280   0  -12    8
W 2280  198  539 3548 100
D 2320   0  -12   -8
W 2320  202  539 3549 127
D 2360   0  -13    0
W 2360  208  538 3551 127
D 2400   0  -12    0
W 2400  213  538 3555 127
D 2440   0  -13   -8
W 2440  218  537 3557 127
D 2480   0  -16   -8
W 2480  225  537 3562 127
D 2520   0  -16    0
W 2520  235  536 3566 127
D 2560   0  -16    0
W 2560  245  536 3569 127
D 2600   0  -16    0
W 2600  254  535 3574 127
D 2640   0  -16    0
W 2640  265  535 3578 127
D 2680   0  -16    0
W 2680  277  534 3581 127
D 2720   0  -16    0
W 2720  288  534 3584 127
D 2760   0  -16    0
W 2760  299  534 3589 127
D 2800   0  -17   -8
W 2800  311  534 3592 127
D 2840   0  -16    0
W 2840  323  533 3595 127
D 2880   0  -16    0
W 2880  335  533 3597 127
D 2920   0  -17   -8
W 2920  347  533 3600 127
D 2960   0  -17   -8
W 2960  359  533 3603 127
D 3000   0  -16    8
W 3000  370  533 3607 127
D 3040   0  -16    0
W 3040  382  534 3613 127
D 3080   0  -16    0
W 3080  394  534 3619 127
D 3120   0  -17   -8
W 3120  406  534 3624 127
D 3160   0  -16    0
W 3160  418  535 3627 127
D 3200   0  -16    0
W 3200  430  535 3631 127
D 3240   0  -16    8
W 3240  441  536 3637 127
D 3280   0  -16    0
W 3280  453  537 3643 127
D 3320   0  -17    0
W 3320  465  538 3650 127
D 3360   0  -16   16
W 3360  476  539 3658 127
D 3400   0  -17   -8
W 3400  488  540 3667 127
D 3440   0  -16    8
W 3440  500  542 3672 127
D 3480   0  -17   -8
W 3480  511  543 3675 127
D 3520   0  -16    0
W 3520  523  545 3678 127
D 3560   0  -17   -8
W 3560  534  546 3681 127
D 3600   0  -17    0
W 3600  546  548 3684 127
D 3640   0  -17   -8
W 3640  557  550 3688 127
D 3680   0  -16    0
W 3680  569  551 3690 127
D 3720   0  -16    0
W 3720  581  553 3692 127
D 3760   0  -17   -8
W 3760  592  555 3695 127
D 3800   0  -16    0
W 3800  604  557 3701 127
D 3840  40  -15    8
W 3840  615  559 3708 0
D 3880  40  -16    0
W 3880  624  561 3716 25
D 3920  40  -16    0
W 3920  632  563 3725 55
D 3960  40    1  116
W 3960  636  563 3719 85
D 4000  40   53  216
W 4000  638  564 3701 127
D 4040  40  101  191
W 4040  641  564 3680 127
D 4080  40  115   16
W 4080  642  565 3669 127
D 4120  40  133   16
W 4120  643  565 3656 127
D 4160  40  128   25
W 4160  645  565 3640 127
D 4200  40  145   66
W 4200  646  565 3617 127
D 4240  40  147   -8
W 4240  647  565 3590 127
D 4280  40  151    8
W 4280  648  565 3559 127
D 4320  40  156   33
W 4320  648  565 3525 127
D 4360  40  161   16
W 4360  648  565 3490 127
D 4400  40  168   41
W 4400  649  565 3455 127
D 4440  40  175   41
W 4440  649  565 3420 127
D 4480  40  190   75
W 4480  649  565 3384 127
D 4520  27  206   66
W 4520  649  564 3342 127
D 4560  28  218   50
W 4560  650  564 3298 127
D 4600  31  217  -25
W 4600  650  564 3263 0
D 4640  37  224  108
W 4640  651  564 3243 54
D 4680  30  226    0
W 4680  651  563 3223 54
D 4720  30  230   16
W 4720  652  563 3184 0
D 4760  33  229    0
W 4760  653  562 3158 40
D 4800  31  232   25
W 4800  653  561 3145 82
D 4840  31  236   33
W 4840  653  561 3117 0
D 4880  14  255    8
W 4880  654  560 3088 0
D 4920  29  256    8
W 4920  655  559 3079 110
D 4960  25  260    0
W 4960  655  559 3057 40
D 5000  30  257   -8
W 5000  655  559 3031 40
D 5040  25  260   -8
W 5040  655  558 3024 110
D 5080  28  261    0
W 5080  656  558 2999 -20
D 5120  27  262    0
W 5120  656  558 2983 -20
D 5160 127  264  -16
W 5160  656  558 2981 -50
D 5200 127  270   50
W 5200  655  559 2981 -80
D 5240 127  289   91
W 5240  654  561 2981 -50
D 5280 127  313  116
W 5280  653  563 2980 -50
D 5320 127  342  108
W 5320  652  565 2979 -50
D 5360 127  376  141
W 5360  651  567 2979 -50
D 5400 127  421  183
W 5400  649  570 2979 -50
D 5440 127  473  183
W 5440  648  573 2981 -50
D 5480 127  528  208
W 5480  646  577 2983 -50
D 5520 127  579  233
W 5520  644  580 2983 -50
D 5560 127  634  241
W 5560  643  583 2983 -50
D 5600 127  691  258
W 5600  641  586 2983 -50
D 5640 127  741  191
W 5640  639  589 2983 -50
D 5680 127  794  216
W 5680  637  593 2983 -50
D 5720 127  855  241
W 5720  636  595 2982 -50
D 5760 127  914  241
W 5760  634  598 2982 -50
D 5800 127  976  266
W 5800  633  601 2982 -50
D 5840 127 1031  250
W 5840  631  604 2982 -50
D 5880 127 1095  275
W 5880  630  607 2982 -50
D 5920 127 1158  241
W 5920  628  610 2981 -50
D 5960   0 1227  275
W 5960  627  613 2981 -50
D 6000   0 1300  316
W 6000  625  615 2982 -50
D 6040   0 1361  233
W 6040  624  618 2981 -50
D 6080 -127 1408  158
W 6080  622  621 2980 -50
D 6120 -127 1439  108
W 6120  620  625 2980 -50
D 6160 -127 1427  -50
W 6160  618  628 2979 -50
D 6200 -127 1420  -25
W 6200  617  631 2985 -50
D 6240 -127 1416   -8
W 6240  615  634 2994 -50
D 6280 -127 1396 -116
W 6280  613  638 2995 -50
D 6320 -127 1342 -233
W 6320  610  643 2997 -50
D 6360 -127 1304 -141
W 6360  607  649 2993 -50
D 6400 -127 1267 -158
W 6400  603  655 2981 -50
D 6440 -127 1236 -108
W 6440  600  662 2964 -50
D 6480 -127 1214  -91
W 6480  596  669 2940 -50
D 6520 -127 1190 -100
W 6520  593  676 2914 -50
D 6560 -127 1154 -158
W 6560  591  683 2890 -50
D 6600 -127 1109 -200
W 6600  589  689 2870 -50
D 6640 -127 1065 -200
W 6640  587  694 2850 -50
D 6680 -127 1020 -208
W 6680  586  698 2841 -50
D 6720 -127  928 -408
W 6720  586  700 2841 -50
D 6760 -127  846 -325
W 6760  585  701 2839 -50
D 6800 -127  775 -316
W 6800  585  701 2839 -50
D 6840 -127  671 -516
W 6840  585  640 2699 25
D 6880 -127  526 -600
W 6880  585  639 2696 55
D 6920 -127  414 -425
W 6920  585  637 2696 85
D 6960 -127  328 -333
W 6960  585  632 2696 127
D 7000 -127  221 -475
W 7000  585  627 2700 127
D 7040 -45  116 -408
W 7040  585  621 2699 127
D 7080 -45   38 -316
W 7080  585  613 2698 127
D 7120 -45   -8 -108
W 7120  585  604 2697 127
D 7160   0  -10  -16
W 7160  585  595 2695 127
D 7200   0  -13  -33
W 7200  585  585 2691 127
D 7240   0  -17  -50
W 7240  585  575 2695 127
D 7280   0  -16  -50
W 7280  585  565 2699 127
D 7320   0  -15    8
W 7320  585  553 2701 127
D 7360   0  -16    0
W 7360  585  542 2701 127
D 7400   0  -16    0
W 7400  585  531 2702 127
D 7440   0  -16   -8
W 7440  585  519 2702 127
D 7480   0  -16   -8
W 7480  585  508 2702 127
D 7520   0  -16    0
W 7520  585  496 2701 127
D 7560   0  -16    0
W 7560  585  484 2703 127
D 7600   0  -16    0
W 7600  585  472 2705 127
D 7640   0  -16    0
W 7640  585  461 2708 127
D 7680   0  -16    0
W 7680  585  449 2712 127
D 7720   0  -16    0
W 7720  586  437 2715 127
D 7760   0  -16    0
W 7760  586  426 2718 127
D 7800   0  -16    0
W 7800  586  414 2721 127
D 7840   0  -16    0
W 7840  587  403 2721 127
D 7880   0  -16    0
W 7880  587  391 2722 127
D 7920   0  -16    0
W 7920  588  380 2725 127
D 7960   0  -16    0
W 7960  588  368 2730 127
D 8000   0  -16    0
W 8000  589  357 2734 127
D 8040   0  -16    0
W 8040  590  346 2736 127
D 8080   0  -16    0
W 8080  590  335 2738 127
D 8120   0  -16    0
W 8120  591  323 2741 127
D 8160   0  -16    0
W 8160  592  312 2745 127
D 8200   0  -16    0
W 8200  593  301 2750 127
D 8240  40  -16    0
W 8240  594  290 2755 0
D 8280  40  -16    0
W 8280  595  282 2750 0
D 8320  40  -16  -33
W 8320  595  278 2737 -25
D 8360  40  -20  -33
W 8360  595  278 2721 -40
D 8400  40  -15    8
W 8400  595  280 2716 -70
D 8440  40  -11   33
W 8440  595  285 2720 -100
D 8480  40    7   66
W 8480  594  292 2721 -127
D 8520  40   52  241
W 8520  594  300 2719 -127
D 8560  40  105  225
W 8560  594  309 2720 -127
D 8600  40  135   91
W 8600  593  319 2725 -127
D 8640  40  158   75
W 8640  593  329 2727 -127
D 8680  40  178   83
W 8680  593  339 2727 -127
D 8720  40  200  100
W 8720  592  350 2732 -127
D 8760  40  216   58
W 8760  591  361 2736 -127
D 8800  40  230   58
W 8800  591  372 2738 -127
D 8840  40  251  108
W 8840  590  383 2739 -127
D 8880  40  264   50
W 8880  589  395 2740 -127
D 8920  40  280   58
W 8920  588  406 2740 -127
D 8960  40  298   58
W 8960  587  418 2740 -127
D 9000 127  313   66
W 9000  587  430 2739 -127
D 9040 127  326   50
W 9040  586  442 2738 -127
D 9080 127  351  125
W 9080  585  454 2739 -127
D 9120 127  378  175
W 9120  584  466 2740 -127
D 9160 127  405   91
W 9160  583  478 2741 -127
D 9200 127  446  183
W 9200  583  489 2740 -127
D 9240 127  480  166
W 9240  582  501 2742 -127
D 9280 127  526  183
W 9280  581  512 2742 -127
D 9320 127  571  175
W 9320  580  524 2742 -127
D 9360 127  625  225
W 9360  579  535 2743 -127
D 9400 127  674  175
W 9400  578  546 2743 -75
D 9440 127  723  200
W 9440  578  557 2743 -50
D 9480 127  773  208
W 9480  577  566 2743 -50
D 9520 127  831  258
W 9520  576  575 2743 -50
D 9560 127  890  250
W 9560  576  584 2742 -50
D 9600 127  953  283
W 9600  575  592 2742 -50
D 9640 127 1009  208
W 9640  574  599 2742 -50
D 9680 127 1073  258
W 9680  574  605 2743 -50
D 9720 127 1143  316
W 9720  573  612 2743 -50
D 9760 127 1208  291
W 9760  573  617 2743 -50
D 9800   0 1283  316
W 9800  573  622 2743 -50
D 9840   0 1355  300
W 9840  572  627 2744 -50
