wheel_init
pre_auton
%  batt 7.62v 7.76v
usercontrol
DUMP_MONITOR=START
DUMP_MONITOR=MONITOR
WHEEL_MONITOR=MONITOR
D   40   0   13    0
D   80   0   15    8
W   80   -1    0    0 -127
D  120   0   16    8
D  160   0   15   16
W  160  -11    0    1 -127
D  200   0   18   75
D  240   0   14  -16
W  240  -28    0    2 -127
D  280   0   14    0
D  320   0   14   -8
W  320  -49    0    3 -127
D  360   0   15    8
D  400 -45    4  -75
W  400  -72    0    1 -127
D  440 -45   18   58
D  480 -45    6  -66
W  480  -97    0    3 -127
D  520 -45    8  -41
D  560   0  -11  -83
W  560 -121    0    2 -127
D  600   0  -28  -41
D  640   0  -29    0
W  640 -148    0    0 -127
D  680   0  -29    0
D  720   0  -28   58
W  720 -173    0    2 -127
D  760   0  -29   -8
D  800   0  -28    0
W  800 -197    0    2 -127
D  840   0  -28  -16
D  880   0  -28    0
W  880 -221    0    9 0
D  920   0  -28    0
D  960   0  -28    0
W  960 -241   -1    3 0
D 1000   0  -28    0
D 1040   0  -28    0
W 1040 -257   -1    9 0
D 1080   0  -28    0
D 1120   0  -28    8
W 1120 -271   -1   16 0
D 1160   0  -28    0
D 1200   0  -28    0
W 1200 -282   -1   17 0
D 1240   0  -28    0
D 1280   0  -26   16
W 1280 -289   -2   17 100
D 1320   0  -25    0
D 1360   0  -26    0
W 1360 -282   -1   12 127
D 1400   0  -27   -8
D 1440   0  -28    0
W 1440 -269   -1   17 127
D 1480   0  -28   -8
D 1520   0  -28    0
W 1520 -254   -1   16 127
D 1560   0  -28    0
D 1600   0  -28    0
W 1600 -234    0   18 127
D 1640   0  -29   -8
D 1680   0  -28    0
W 1680 -212    0   18 127
D 1720   0  -28    0
D 1760   0  -29   -8
W 1760 -189    0   18 127
D 1800  40  -28    0
D 1840  40  -28    0
W 1840 -166    1   16 0
D 1880  40  -28    0
D 1920  40  -18   83
W 1920 -147    2   17 -70
D 1960  40   42  300
D 2000  40  136  383
W 2000 -147    2   17 -127
D 2040  40  192  133
D 2080  40  190    8
W 2080 -156    1   20 -127
D 2120  40  175  -41
D 2160  40  171    0
W 2160 -168    1   12 -127
D 2200  40  185  116
D 2240  40  199    8
W 2240 -182    1   27 -127
D 2280  40  198   25
D 2320  40  200   16
W 2320 -201    0   22 -127
D 2360  40  215   75
D 2400  40  223   25
W 2400 -222    0   18 -127
D 2440  40  229   25
D 2480  40  233  -16
W 2480 -245   -1   22 -127
D 2520  40  240   16
D 2560  40  242   16
W 2560 -268   -2   24 -127
D 2600  40  244    8
D 2640  40  248   16
W 2640 -292   -3   28 -127
D 2680  40  257   41
D 2720  40  258    0
W 2720 -317   -4   31 -127
D 2760  40  259    8
D 2800  40  258    0
W 2800 -341   -5   35 -127
D 2840  40  258   -8
D 2880  40  258    0
W 2880 -366   -7   36 -127
D 2920  40  258    0
D 2960  40  261   16
W 2960 -391   -8   35 -127
D 3000  40  263    8
D 3040  40  275   50
W 3040 -416  -10   35 -127
D 3080  40  283   50
D 3120 127  293   41
W 3120 -441  -12   35 -127
D 3160 127  304   75
D 3200 127  321   91
W 3200 -466  -13   34 -127
D 3240 127  353  166
D 3280 127  374  100
W 3280 -490  -14   19 -127
D 3320 127  401  175
D 3360 127  431  191
W 3360 -496  -15    0 -127
D 3400 127  470  183
D 3440 127  483   50
W 3440 -496  -15   -8 -127
D 3480 127  506  116
D 3520 127  544  133
W 3520 -497  -15  -15 -60
D 3560 127  575  125
D 3600 127  611  150
W 3600 -497  -15  -19 -50
D 3640 127  656  166
D 3680 127  700  208
W 3680 -497  -15  -19 -50
D 3720 127  744  200
D 3760 127  791  225
W 3760 -497  -15  -18 -50
D 3800 127  835  158
D 3840 127  883  216
W 3840 -497  -15  -18 -50
D 3880 127  930  200
D 3920 127  983  208
W 3920 -497  -15  -18 -50
D 3960 127 1029  233
D 4000 127 1083  233
W 4000 -497  -15  -18 -50
D 4040 127 1135  233
D 4080 127 1192  258
W 4080 -497  -15  -18 -50
D 4120   0 1252  258
D 4160   0 1316  258
W 4160 -497  -15  -18 -50
D 4200   0 1371  233
D 4240 -127 1412  133
W 4240 -497  -15  -25 -50
D 4280 -127 1420    0
D 4320 -127 1420    0
W 4320 -499  -14  -77 -50
D 4360 -127 1410 -116
D 4400 -127 1418   -8
W 4400 -500  -14 -109 -50
D 4440 -127 1393 -133
D 4480 -127 1341 -225
W 4480 -503  -14 -100 -50
D 4520 -127 1284 -241
D 4560 -127 1218 -300
W 4560 -505  -13 -115 -50
D 4600 -127 1141 -333
D 4640 -127 1062 -316
W 4640 -507  -13 -123 0
D 4680 -127  998 -241
D 4720 -127  936 -266
W 4720 -506  -13 -122 0
D 4760 -127  878 -233
D 4800 -127  811 -283
W 4800 -505  639 -900 0
D 4840 -127  735 -291
D 4880 -127  652 -341
W 4880 -505  636 -902 127
D 4920 -127  563 -358
D 4960 -127  497 -233
W 4960 -505  624 -906 127
D 5000 -127  416 -333
D 5040 -127  328 -458
W 5040 -505  607 -904 127
D 5080 -127  249 -416
D 5120 -127  171 -325
W 5120 -505  586 -896 127
D 5160 -45   94 -308
D 5200 -45   12 -316
W 5200 -505  562 -898 127
D 5240   0  -23  -16
D 5280   0  -25    8
W 5280 -505  540 -902 127
D 5320   0  -25  -33
D 5360   0  -26    0
W 5360 -505  517 -892 127
D 5400   0  -26    0
D 5440   0  -26    0
W 5440 -505  493 -888 127
D 5480   0  -26    8
D 5520   0  -27    0
W 5520 -504  470 -892 127
D 5560   0  -27   -8
D 5600   0  -27   -8
W 5600 -504  445 -889 127
D 5640   0  -26   16
D 5680   0  -27    8
W 5680 -503  421 -889 127
D 5720   0  -27    8
D 5760   0  -28   -8
W 5760 -503  396 -889 127
D 5800  40  -26    8
D 5840  40  -27   -8
W 5840 -502  373 -889 0
D 5880  40  -26    0
D 5920  40  -26   -8
W 5920 -502  356 -887 -70
D 5960  40   -1  141
D 6000  40   65  325
W 6000 -502  358 -879 -127
D 6040  40  137  341
D 6080  40  205  225
W 6080 -503  368 -872 -127
D 6120  40  228   66
D 6160  40  236   25
W 6160 -504  384 -865 -127
D 6200  40  253  -83
D 6240  40  281  108
W 6240 -505  403 -865 -127
D 6280  40  301   50
D 6320 127  323   66
W 6320 -506  425 -866 -127
D 6360 127  330   33
D 6400 127  360  191
W 6400 -507  448 -869 -127
D 6440 127  384  133
D 6480 127  408   91
W 6480 -509  472 -872 -127
D 6520 127  436  108
D 6560 127  466   83
W 6560 -510  496 -874 -127
D 6600 127  486   91
D 6640 127  520  158
W 6640 -511  519 -873 -127
D 6680 127  545  125
D 6720 127  563   58
W 6720 -512  543 -873 -60
D 6760 127  601  175
D 6800 127  640  141
W 6800 -513  566 -874 -50
D 6840 127  680  191
D 6880 127  718  158
W 6880 -514  586 -875 -50
D 6920 127  753  125
D 6960 127  794  191
W 6960 -515  604 -881 -50
D 7000 127  840  208
D 7040 127  886  175
W 7040 -515  620 -884 -50
D 7080 127  935  200
D 7120 127  983  183
W 7120 -515  633 -884 -50
D 7160 127 1026  208
D 7200 127 1095  258
W 7200 -516  644 -891 -50
D 7240 127 1145  266
D 7280 127 1207  283
W 7280 -516  645 -907 -50
D 7320   0 1268  216
D 7360   0 1326  200
W 7360 -516  646 -911 -50
D 7400 -127 1374  183
D 7440 -127 1409  125
W 7440 -516  646 -914 -50
D 7480 -127 1416    0
D 7520 -127 1417    8
W 7520 -516  646 -917 -50
D 7560 -127 1409  -50
D 7600 -127 1387 -108
W 7600 -516  646 -916 -50
D 7640 -127 1346 -200
D 7680 -127 1285 -258
W 7680 -516  646 -915 -50
D 7720 -127 1216 -283
D 7760 -127 1150 -275
W 7760 -516  646 -916 0
D 7800 -127 1080 -250
D 7840 -127 1009 -275
W 7840 -516  642 -926 0
D 7880 -127  950 -250
D 7920 -127  876 -333
W 7920 -516  640 -923 0
D 7960 -127  795 -333
D 8000 -127  717 -358
W 8000 -516  638 -900 100
D 8040 -127  640 -341
D 8080 -127  559 -350
W 8080 -516  627 -903 127
D 8120 -127  496 -200
D 8160 -127  428 -291
W 8160 -516  611 -906 127
D 8200 -127  355 -300
D 8240 -127  276 -391
W 8240 -516  591 -906 127
D 8280 -127  191 -333
D 8320 -45  111 -350
W 8320 -517  567 -902 127
D 8360 -45   24 -375
D 8400   0  -21  -66
W 8400 -517  544 -904 127
D 8440   0  -22    8
D 8480   0  -40 -166
W 8480 -517  521 -909 127
D 8520   0  -22    0
D 8560   0  -23   -8
W 8560 -517  498 -906 127
D 8600   0  -23    0
D 8640   0  -23    0
W 8640 -517  474 -904 127
D 8680   0  -23    0
D 8720   0  -23   -8
W 8720 -518  450 -906 127
D 8760   0  -23    0
D 8800   0  -23    0
W 8800 -518  426 -902 127
D 8840   0  -24   -8
D 8880   0  -23    0
W 8880 -518  402 -898 127
D 8920   0  -23    0
D 8960  40  -23    0
W 8960 -518  379 -892 0
D 9000  40  -23   -8
D 9040  40  -22    8
W 9040 -517  360 -883 0
D 9080  40  -23   -8
D 9120  40   16  200
W 9120 -517  353 -871 -127
D 9160  40   55  158
D 9200  40   95  183
W 9200 -518  360 -855 -127
D 9240  40  138  166
D 9280  40  179  158
W 9280 -519  374 -838 -127
D 9320  40  214  141
D 9360  40  246  191
W 9360 -522  396 -821 -127
D 9400  40  287  125
D 9440  40  322  141
W 9440 -525  418 -809 -127
D 9480 127  354  166
D 9520 127  390  141
W 9520 -529  442 -792 -127
D 9560 127  472  325
D 9600 127  550  350
W 9600 -533  465 -790 -127
D 9640 127  633  400
D 9680 127  711  341
W 9680 -538  488 -792 -127
D 9720 127  793  350
D 9760 127  886  375
W 9760 -542  510 -794 -127
D 9800 127  983  425
D 9840 127 1069  366
W 9840 -546  531 -792 -127
D 9880 127 1157  383
D 9920   0 1248  383
W 9920 -550  553 -787 -50
D 9960   0 1337  358
D 10000   0 1413  275
W 10000 -554  571 -784 -50
D 10040 -127 1445   16
D 10080 -127 1454   83
W 10080 -557  586 -770 -50
D 10120 -127 1453   -8
D 10160 -127 1450    8
W 10160 -560  599 -744 -50
D 10200 -127 1437  -58
D 10240 -127 1415 -100
W 10240 -564  613 -730 -50
D 10280 -127 1386 -141
D 10320 -127 1334 -225
W 10320 -569  628 -720 -50
D 10360 -127 1269 -283
D 10400 -127 1232  -58
W 10400 -574  642 -726 -50
D 10440 -127 1181 -166
