  

wheel_init
pre_auton
%  batt 7.56v 7.73v
usercontrol
DUMP_MONITOR=START
DUMP_MONITOR=MONITOR
WHEEL_MONITOR=MONITOR
D   40   0 1155    0
D   80   0 1155    0
W   80    1    0    1 127
D  120   0 1156    0
D  160   0 1156    0
W  160   13    0    2 127
D  200   0 1156    8
D  240   0 1159    8
W  240   29    0    6 127
D  280   0 1161    8
D  320   0 1164    8
W  320   47    0    8 127
D  360   0 1165    0
D  400   0 1165    0
W  400   65    0   11 127
D  440   0 1165    0
D  480   0 1165    0
W  480   84    1   16 127
D  520   0 1165    0
D  560   0 1165    0
W  560  105    1   17 127
D  600   0 1165    0
D  640 -127 1164   -8
W  640  130    2   22 60
D  680 -127 1164    0
D  720 -127 1151 -100
W  720  155    3   27 -70
D  760 -127 1118 -150
D  800 -127 1071 -208
W  800  167    4   64 -127
D  840 -127 1020 -200
D  880 -127  961 -266
W  880  172    4  137 -127
D  920 -127  895 -266
D  960 -127  835 -275
W  960  175    5  226 -127
D 1000 -127  775 -291
D 1040 -127  705 -291
W 1040  178    7  313 -127
D 1080 -127  619 -433
D 1120 -127  533 -325
W 1120  181    9  400 -127
D 1160 -127  458 -283
D 1200 -127  371 -350
W 1200  183   11  503 -127
D 1240 -127  284 -375
D 1280 -127  211 -291
W 1280  185   13  616 -127
D 1320 -45  135 -316
D 1360 -45   66 -291
W 1360  185   14  738 0
D 1400 -45    4 -241
D 1440   0  -21  -50
W 1440  186   17  795 -40
D 1480   0  -19   -8
D 1520   0  -20   -8
W 1520  186   18  850 0
D 1560   0  -22   -8
D 1600   0  -21    0
W 1600  186   19  881 -82
D 1640   0  -21    0
D 1680   0  -22    0
W 1680  186   21  924 0
D 1720   0  -23   -8
D 1760   0  -23  -16
W 1760  186   21  955 20
D 1800   0  -22    8
D 1840   0  -21   16
W 1840  186   22  982 -40
D 1880   0  -22   -8
D 1920   0  -18   25
W 1920  187   17  970 -127
D 1960   0  -21   -8
D 2000   0  -20  -41
W 2000  188    5  972 -127
D 2040   0  -20  225
D 2080   0  -22    0
W 2080  191  -11  972 -127
D 2120   0  -22    0
D 2160   0  -21    8
W 2160  193  -31  972 -127
D 2200   0  -23  -16
D 2240   0  -22  -41
W 2240  196  -53  968 -127
D 2280   0  -25  -25
D 2320   0  -19   33
W 2320  199  -76  968 -127
D 2360   0  -22    8
D 2400   0  -22    8
W 2400  201 -100  968 -127
D 2440   0  -23   -8
D 2480   0  -21   -8
W 2480  203 -116  968 127
D 2520   0  -15    8
D 2560   0  -28  -58
W 2560  203 -111  965 127
D 2600   0  -21  -25
D 2640   0  -15    8
W 2640  201  -96  967 127
D 2680   0  -15    0
D 2720   0  -15    0
W 2720  200  -85  962 127
D 2760   0  -16   -8
D 2800   0  -20  -16
W 2800  198  -70  964 127
D 2840   0  -20    0
D 2880   0  -20    0
W 2880  196  -49  966 127
D 2920   0  -21    0
D 2960   0  -22  -16
W 2960  193  -27  971 127
D 3000   0  -21    0
D 3040   0  -21    0
W 3040  190   -3  973 127
D 3080   0  -21    0
D 3120   0  -21   -8
W 3120  187   21  972 127
D 3160   0  -21    0
D 3200   0  -21    0
W 3200  184   46  975 127
D 3240   0  -21    0
D 3280   0  -21    0
W 3280  180   71  977 127
D 3320   0  -21    0
D 3360   0  -21    0
W 3360  177   96  979 127
D 3400   0  -21    0
D 3440   0  -21    0
W 3440  174  121  977 127
D 3480   0  -21    0
D 3520   0  -21    0
W 3520  170  146  975 127
D 3560   0  -21    0
D 3600   0  -21   -8
W 3600  167  171  975 127
D 3640   0  -21    0
D 3680   0  -21    0
W 3680  164  196  976 127
D 3720   0  -21    0
D 3760   0  -20    8
W 3760  160  221  976 127
D 3800   0  -21    0
D 3840   0  -21    0
W 3840  157  246  977 127
D 3880   0  -21    0
D 3920  40  -21   -8
W 3920  154  270  978 0
D 3960  40  -20    0
D 4000  40  -11   75
W 4000  151  287  975 100
D 4040  40   53  316
D 4080  40  128  358
W 4080  150  295  920 127
D 4120  40  176  150
D 4160  19  212  150
W 4160  150  300  865 127
D 4200  12  253  166
D 4240  -3  323  308
W 4240  151  303  787 127
D 4280 -10  388  266
D 4320 -12  441  200
W 4320  151  304  694 127
D 4360  -6  470   91
D 4400  13  481  158
W 4400  152  306  585 127
D 4440   0  498   83
D 4480   0  507   33
W 4480  152  307  456 127
D 4520  -4  520   33
D 4560   2  520   -8
W 4560  153  308  311 127
D 4600   2  521    0
D 4640   2  521    0
W 4640  155  308  173 0
D 4680   3  516  -33
D 4720   5  503 -100
W 4720  158  309   49 0
D 4760  12  488  -58
D 4800   9  480  -41
W 4800  162  309  -43 0
D 4840   8  476  -25
D 4880  10  473    0
W 4880  166  309 -115 -20
D 4920   7  473    0
D 4960   5  475    0
W 4960  165  309 -118 -127
D 5000   5  485   66
D 5040   1  488   -8
W 5040  156  311 -114 -127
D 5080   5  500  108
D 5120   6  505   58
W 5120  143  313 -110 -127
D 5160  -1  518   58
D 5200  -1  526   25
W 5200  123  317  -97 -127
D 5240  -1  531    8
D 5280   2  525  -41
W 5280  101  321  -90 -127
D 5320  -1  528    0
D 5360  -1  528  -41
W 5360   77  324  -84 -127
D 5400   1  530    0
D 5440   3  526  -16
W 5440   54  328  -83 -127
D 5480 127  529    8
D 5520 127  528    0
W 5520   30  331  -83 -127
D 5560 127  531   25
D 5600 127  558  116
W 5600    6  335  -84 -127
D 5640 127  598  225
D 5680 127  641  225
W 5680  -16  338  -84 -127
D 5720 127  693  225
D 5760 127  760  291
W 5760  -38  341  -85 -127
D 5800 127  846  375
D 5840 127  934  375
W 5840  -58  345  -85 -127
D 5880 127 1015  291
D 5920 127 1118  475
W 5920  -71  346  -33 -50
D 5960   0 1251  575
D 6000   0 1368  433
W 6000  -75  346  -19 -50
D 6040   0 1421  191
D 6080 -127 1448  158
W 6080  -81  346   28 -50
D 6120 -127 1471   66
D 6160 -127 1468  -41
W 6160  -90  346   25 -50
D 6200 -127 1451  -83
D 6240 -127 1413 -125
W 6240 -103  346    6 -50
D 6280 -127 1376 -175
D 6320 -127 1310 -308
W 6320 -114  346  -15 -50
D 6360 -127 1244 -300
D 6400 -127 1175 -333
W 6400 -118  346  -27 -50
D 6440 -127 1102 -316
D 6480 -127 1042 -233
W 6480 -119  346  -26 -50
D 6520 -127  975 -300
D 6560 -127  876 -416
W 6560 -119  346  -26 -50
D 6600 -127  776 -408
D 6640 -127  703 -275
W 6640 -119  346  -26 -50
D 6680 -127  640 -250
D 6720 -127  560 -341
W 6720 -120  346  -26 -50
D 6760 -127  481 -341
D 6800 -127  406 -308
W 6800 -120  639 2700 70
D 6840 -127  336 -291
D 6880 -127  251 -450
W 6880 -120  630 2700 127
D 6920 -127  171 -291
D 6960 -45   94 -283
W 6960 -119  617 2705 127
D 7000 -45   12 -283
D 7040   0  -21    8
W 7040 -119  600 2707 127
D 7080   0  -25  -50
D 7120   0  -27   -8
W 7120 -119  579 2712 127
D 7160   0  -26    8
D 7200   0  -27   -8
W 7200 -118  559 2715 127
D 7240   0  -27    0
D 7280   0  -27    0
W 7280 -118  535 2716 127
D 7320   0  -26    8
D 7360   0  -27    8
W 7360 -117  511 2717 127
D 7400   0  -28   -8
D 7440   0  -28    0
W 7440 -116  487 2722 127
D 7480   0  -28   -8
D 7520   0  -28    0
W 7520 -115  462 2722 127
D 7560   0  -28    0
D 7600   0  -27    0
W 7600 -114  437 2723 127
D 7640   0  -28    0
D 7680   0  -28    0
W 7680 -113  412 2725 127
D 7720   0  -27    8
D 7760   0  -28    0
W 7760 -112  388 2726 127
D 7800  40  -27    0
D 7840  40  -28   -8
W 7840 -111  365 2726 0
D 7880  40  -26    8
D 7920  40   19  300
W 7920 -111  352 2730 -100
D 7960  40  119  491
D 8000  40  183  225
W 8000 -111  356 2731 -127
D 8040  40  231  116
D 8080  40  275  141
W 8080 -112  367 2732 -127
D 8120  40  335  291
D 8160  40  395  266
W 8160 -112  380 2734 -127
D 8200   9  458  275
D 8240   3  526  333
W 8240 -114  402 2738 -127
D 8280  -2  588  275
D 8320  -8  646  233
W 8320 -115  423 2738 -127
D 8360 127  681  125
D 8400 127  725  191
W 8400 -117  446 2741 -127
D 8440 127  765  175
D 8480 127  823  250
W 8480 -118  471 2741 -127
D 8520 127  883  266
D 8560 127  934  200
W 8560 -120  495 2743 -127
D 8600 127  983  175
D 8640 127 1038  266
W 8640 -122  519 2744 -127
D 8680 127 1104  300
D 8720 127 1177  283
W 8720 -124  542 2741 -127
D 8760   0 1251  300
D 8800   0 1325  308
W 8800 -125  564 2745 -50
D 8840   0 1393  291
