pre_auton
%  batt 7.74v 7.79v
usercontrol
pre_auton
%  batt 7.74v 7.79v
usercontrol
DUMP_MONITOR=START
DUMP_MONITOR=MONITOR
WHEEL_MONITOR=MONITOR
D   40  70  908    0
W   40  360  640 2700 40
D   80  70  911    8
W   80  360  639 2700 70
D  120  70  928  100
W  120  360  637 2702 100
D  160  70  965  166
W  160  360  632 2702 127
D  200  70 1010  166
W  200  360  626 2702 127
D  240  70 1075  266
W  240  360  617 2702 127
D  280  70 1151  375
W  280  360  608 2703 127
D  320  70 1240  375
W  320  360  597 2702 127
D  360  70 1318  316
W  360  360  585 2702 127
D  400  70 1391  308
W  400  360  573 2703 127
D  440  70 1428  108
W  440  360  560 2704 127
D  480  70 1427    0
W  480  360  547 2706 127
D  520 -70 1446  116
W  520  360  535 2712 127
D  560 -70 1464    8
W  560  360  525 2712 127
D  600 -70 1460  -25
W  600  361  514 2711 127
D  640 -70 1446  -58
W  640  361  503 2714 127
D  680 -70 1437  -25
W  680  361  496 2723 127
D  720 -70 1423  -66
W  720  361  490 2730 127
D  760 -70 1410  -41
W  760  362  483 2733 127
D  800 -70 1410    0
W  800  362  475 2735 127
D  840 -70 1409   -8
W  840  363  465 2737 127
D  880 -70 1409    0
W  880  363  453 2735 127
D  920 -70 1410    8
W  920  364  441 2736 127
D  960 -70 1410    0
W  960  365  430 2741 127
D 1000 -70 1410    0
W 1000  366  418 2746 127
D 1040   0 1413    8
W 1040  367  406 2749 127
D 1080   0 1412   -8
W 1080  368  393 2748 127
D 1120   0 1413    0
W 1120  369  381 2748 127
D 1160   0 1413    0
W 1160  370  369 2749 127
D 1200   0 1413    0
W 1200  371  357 2752 127
D 1240   0 1413    0
W 1240  372  345 2753 127
D 1280   0 1413    0
W 1280  373  333 2754 127
D 1320   0 1413    0
W 1320  374  320 2756 127
D 1360   0 1413    0
W 1360  376  308 2758 127
D 1400   0 1413    0
W 1400  377  295 2761 127
D 1440   0 1413    0
W 1440  378  282 2766 127
D 1480   0 1413    0
W 1480  380  270 2762 127
D 1520   0 1413    0
W 1520  381  257 2763 127
D 1560   0 1413    0
W 1560  383  244 2763 127
D 1600   0 1413    0
W 1600  384  231 2762 127
D 1640   0 1413    0
W 1640  386  218 2765 127
D 1680   0 1413    0
W 1680  387  205 2768 127
D 1720   0 1413    0
W 1720  389  192 2770 127
D 1760   0 1413    0
W 1760  390  180 2771 127
D 1800   0 1413    0
W 1800  392  167 2772 60
D 1840   0 1413    0
W 1840  393  155 2772 60
D 1880   0 1413    0
W 1880  395  143 2775 60
D 1920   0 1413    0
W 1920  396  132 2778 60
D 1960   0 1413    0
W 1960  398  121 2778 60
D 2000   0 1413    0
W 2000  399  111 2780 60
D 2040   0 1416   25
W 2040  400  102 2759 60
D 2080   0 1415   -8
W 2080  401   97 2729 60
D 2120   0 1396  -91
W 2120  401   95 2703 60
D 2160   0 1380  -50
W 2160  401   92 2687 60
D 2200   0 1370  -75
W 2200  401   91 2688 60
D 2240   0 1355  -33
W 2240  401   90 2688 60
D 2280   0 1354    0
W 2280  401   90 2688 60
D 2320   0 1355    8
W 2320  401   90 2688 60
D 2360   0 1355    8
W 2360  401   90 2688 60
D 2400   0 1373  108
W 2400  401    0 2700 -60
D 2440   0 1392   66
W 2440  401    3 2701 -60
D 2480   0 1401    8
W 2480  401    7 2705 -60
D 2520   0 1401    0
W 2520  401   11 2709 -60
D 2560   0 1401    0
W 2560  401   17 2711 -60
D 2600   0 1402    0
W 2600  400   22 2710 -60
D 2640   0 1402    0
W 2640  400   28 2707 -60
D 2680   0 1403    0
W 2680  400   35 2703 -60
D 2720   0 1405    0
W 2720  400   41 2701 -60
D 2760   0 1405    0
W 2760  400   47 2702 0
D 2800   0 1405    0
W 2800  400   49 2703 40
D 2840   0 1405    0
W 2840  400   51 2697 70
D 2880   0 1412   50
W 2880  400   53 2683 100
D 2920   0 1431   66
W 2920  400   53 2656 127
D 2960   0 1435   16
W 2960  400   53 2616 127
D 3000   0 1435    0
W 3000  400   53 2576 127
D 3040   0 1435    0
W 3040  400   53 2538 127
D 3080   0 1435    0
W 3080  401   54 2496 127
D 3120   0 1434    0
W 3120  401   55 2434 127
D 3160   0 1434   -8
W 3160  401   56 2359 127
D 3200   0 1433    0
W 3200  401   56 2278 127
D 3240   0 1433    0
W 3240  401   56 2193 127
D 3280   0 1433    0
W 3280  401   56 2104 127
D 3320 -127 1433    0
W 3320  402   56 2010 0
D 3360 -127 1433    0
W 3360  402   56 1921 0
D 3400 -127 1431   -8
W 3400  402   56 1838 0
D 3440 -127 1431    0
W 3440  402   56 1772 0
D 3480 -127 1428    0
W 3480  401   56 1719 0
D 3520 -127 1428    0
W 3520  400   56 1669 0
D 3560 -127 1428    0
W 3560  400   56 1628 0
D 3600 -127 1429    8
W 3600  398   57 1596 0
D 3640 -127 1428    0
W 3640  397   57 1574 0
D 3680 -127 1429    0
W 3680  397   58 1560 0
D 3720 -127 1428   -8
W 3720  397   58 1554 0
D 3760 -127 1442    8
W 3760  397   57 1549 0
D 3800 -127 1431  -41
W 3800  397   58 1541 0
D 3840 -127 1429   -8
W 3840  396   58 1542 0
D 3880 -127 1428  -16
W 3880  396   58 1542 0
D 3920 -127 1427   -8
W 3920  396   58 1542 0
D 3960 -127 1425    0
W 3960  396   58 1545 0
D 4000 -127 1423   -8
W 4000  396   58 1548 0
D 4040 -127 1424    8
W 4040  396   58 1548 0
D 4080   0 1423   -8
W 4080  396   58 1549 40
D 4120   0 1424    8
W 4120  395   58 1550 70
D 4160   0 1425    0
W 4160  392   60 1551 100
D 4200   0 1423   -8
W 4200  388   62 1552 127
D 4240   0 1423    0
W 4240  382   64 1553 127
D 4280   0 1431   50
W 4280  376   67 1554 127
D 4320   0 1436    8
W 4320  369   70 1554 127
D 4360   0 1436    0
W 4360  362   74 1553 127
D 4400   0 1435   -8
W 4400  355   77 1553 127
D 4440   0 1435    0
W 4440  349   80 1556 127
D 4480   0 1434    0
W 4480  343   82 1558 127
D 4520   0 1433    0
W 4520  336   86 1558 127
D 4560   0 1433    0
W 4560  328   89 1558 127
D 4600   0 1433    0
W 4600  319   93 1558 127
D 4640   0 1433    0
W 4640  309   97 1560 127
D 4680   0 1433    0
W 4680  300  102 1563 127
D 4720   0 1433    0
W 4720  290  106 1565 127
D 4760   0 1433    0
W 4760  280  110 1567 127
D 4800   0 1433    0
W 4800  271  114 1568 127
D 4840   0 1433    0
W 4840  260  119 1569 127
D 4880   0 1433    0
W 4880  250  123 1571 127
D 4920   0 1433    0
W 4920  240  127 1574 127
D 4960   0 1433    0
W 4960  229  132 1576 127
D 5000   0 1433    0
W 5000  219  136 1575 127
D 5040   0 1433    0
W 5040  208  140 1576 127
D 5080   0 1433    0
W 5080  197  145 1578 127
D 5120   0 1433    0
W 5120  186  149 1580 127
D 5160   0 1433    0
W 5160  175  154 1582 127
D 5200   0 1433    0
W 5200  163  159 1584 60
D 5240   0 1433    0
W 5240  152  163 1584 60
D 5280   0 1433    0
W 5280  141  167 1585 60
D 5320   0 1433    0
W 5320  131  171 1587 60
D 5360   0 1433    0
W 5360  121  175 1588 60
D 5400   0 1433    0
W 5400  112  179 1598 60
D 5440   0 1429  -33
W 5440  106  181 1622 60
D 5480   0 1398 -125
W 5480  103  182 1637 60
D 5520   0 1379  -58
W 5520  102  182 1642 60
D 5560   0 1372  -25
W 5560  102  182 1647 60
D 5600   0 1358  -66
W 5600  100  182 1655 60
D 5640   0 1355    0
W 5640   99  183 1657 60
D 5680   0 1355    0
W 5680    0  183 1800 -60
D 5720   0 1354   -8
W 5720    1  183 1798 -60
D 5760   0 1356    8
W 5760    5  183 1795 -60
D 5800   0 1358    0
W 5800    9  183 1793 -60
D 5840   0 1359    8
W 5840   14  183 1790 -60
D 5880   0 1363   25
W 5880   19  183 1785 -60
D 5920   0 1375   33
W 5920   25  182 1780 -60
D 5960   0 1382   25
W 5960   31  182 1779 -60
D 6000   0 1385   16
W 6000   38  182 1780 -60
D 6040   0 1386    8
W 6040   45  182 1783 -60
D 6080   0 1386    8
W 6080   51  181 1787 -60
D 6120   0 1386    0
W 6120   59  181 1790 -60
D 6160   0 1390   16
W 6160   66  181 1791 -60
D 6200   0 1392    8
W 6200   73  181 1789 25
D 6240   0 1393    0
W 6240   76  181 1785 55
D 6280   0 1394    8
W 6280   78  181 1772 85
D 6320   0 1398   25
W 6320   80  181 1754 100
D 6360   0 1427  133
W 6360   80  181 1727 127
D 6400   0 1431    8
W 6400   80  181 1686 127
D 6440   0 1431    0
W 6440   80  181 1644 127
D 6480   0 1430   -8
W 6480   80  181 1601 127
D 6520   0 1430    0
W 6520   80  181 1556 127
D 6560   0 1430    0
W 6560   81  180 1504 127
D 6600   0 1430    0
W 6600   81  180 1445 127
D 6640   0 1430    0
W 6640   81  180 1398 127
D 6680   0 1430    0
W 6680   82  179 1352 127
D 6720   0 1430    0
W 6720   83  179 1300 127
D 6760   0 1430    0
W 6760   83  179 1236 127
D 6800   0 1430    0
W 6800   83  179 1163 127
D 6840   0 1429   -8
W 6840   83  179 1087 127
D 6880   0 1425  -25
W 6880   82  180 1007 127
D 6920   0 1419   -8
W 6920   82  181  923 60
D 6960   0 1419    8
W 6960   82  183  840 45
D 7000   0 1418    0
W 7000   82  184  759 45
D 7040   0 1419    0
W 7040   83  186  677 45
D 7080   0 1420    0
W 7080   84  187  596 45
D 7120   0 1422    8
W 7120   84  188  521 45
D 7160   0 1422    0
W 7160   85  189  455 45
D 7200   0 1422    0
W 7200   86  190  397 45
D 7240   0 1422    0
W 7240   87  191  344 45
D 7280   0 1421    0
W 7280   88  191  293 45
D 7320   0 1422    8
W 7320   88  192  239 45
D 7360   0 1421    0
W 7360   89  192  186 45
D 7400   0 1422    8
W 7400   90  192  136 45
D 7440   0 1421    0
W 7440   91  192   90 45
D 7480   0 1422    8
W 7480   92  192   49 45
D 7520   0 1421   -8
W 7520   92  192    8 45
D 7560   0 1421   -8
W 7560   93  192  -32 45
D 7600   0 1421   -8
W 7600   94  192  -73 45
D 7640   0 1422    0
W 7640   95  192 -115 45
D 7680   0 1422    0
W 7680   95  192 -156 45
D 7720   0 1422    0
W 7720   95  192 -197 45
D 7760   0 1422    0
W 7760   96  192 -235 -25
D 7800   0 1422    0
W 7800   95  192 -269 -55
D 7840   0 1423    8
W 7840   93  193 -291 -85
D 7880   0 1423    0
W 7880   89  196 -303 -127
D 7920   0 1422   -8
W 7920   84  198 -310 -127
D 7960   0 1414  -50
W 7960   78  202 -314 -127
D 8000   0 1398  -66
W 8000   71  206 -316 -127
D 8040   0 1388  -33
W 8040   64  211 -316 -127
D 8080   0 1387    0
W 8080   56  216 -314 -127
D 8120   0 1387    0
W 8120   47  221 -312 -127
D 8160   0 1387    0
W 8160   38  227 -309 -127
D 8200   0 1387    0
W 8200   28  232 -307 -127
D 8240   0 1387    0
W 8240   19  238 -305 -127
D 8280   0 1390    8
W 8280    8  244 -305 -75
D 8320   0 1391    8
W 8320    0  250 -307 -60
D 8360   0 1396   33
W 8360  -10  255 -308 -60
D 8400   0 1411   58
W 8400  -18  261 -311 -60
D 8440   0 1416    0
W 8440  -27  266 -310 -60
D 8480   0 1418    8
W 8480  -35  271 -308 -60
D 8520   0 1418    0
W 8520  -43  275 -309 -60
D 8560   0 1418    0
W 8560  -51  280 -310 -60
D 8600   0 1418    0
W 8600  -58  285 -314 -60
D 8640   0 1417    0
W 8640  -66  289 -318 -60
D 8680   0 1418    0
W 8680  -73  294 -316 -60
D 8720   0 1415  -25
W 8720  -80  298 -306 -60
D 8760   0 1410    0
W 8760  -85  301 -275 -60
D 8800   0 1410    0
W 8800  -89  303 -247 -60
D 8840   0 1410    0
W 8840  -91  304 -246 -60
