pre_auton
%  batt 7.51v 7.65v
usercontrol
DUMP_MONITOR=START
DUMP_MONITOR=MONITOR
WHEEL_MONITOR=MONITOR
D   40   0   27   -8
W   40  360  640 2700 0
D   80   0   28    8
W   80  360  640 2700 0
D  120   0   27    0
W  120  360  640 2700 0
D  160   0   27    0
W  160  360  640 2700 0
D  200   0   26   -8
W  200  360  640 2700 0
D  240   0   28    8
W  240  360  640 2700 0
D  280   0   30   16
W  280  360  640 2700 0
D  320   0   34   25
W  320  360  640 2700 0
D  360   0   38   16
W  360  360  640 2700 0
D  400   0   49   66
W  400  360  640 2700 0
D  440   0   56   25
W  440  360  640 2700 0
D  480   0   66   41
W  480  360  640 2700 0
D  520   0   78   58
W  520  360  640 2700 0
D  560   0   90   41
W  560  360  640 2700 0
D  600   0   98   16
W  600  360  640 2700 0
D  640   0  106   33
W  640  360  640 2700 0
D  680   0  118   50
W  680  360  640 2700 0
D  720   0  125   33
W  720  360  640 2700 0
D  760   0  135   41
W  760  360  640 2700 0
D  800   0  148   66
W  800  360  640 2700 0
D  840   0  163   66
W  840  360  640 2700 0
D  880   0  180   83
W  880  360  640 2700 0
D  920   0  200  116
W  920  360  640 2700 0
D  960   0  221  100
W  960  360  640 2700 0
D 1000   0  233   75
W 1000  360  640 2700 0
D 1040   0  256   83
W 1040  360  640 2700 40
D 1080   0  286  150
W 1080  360  639 2700 70
D 1120   0  312  141
W 1120  359  636 2700 100
D 1160   0  323  -25
W 1160  360  632 2702 127
D 1200   0  355  141
W 1200  360  627 2702 127
D 1240   0  380  125
W 1240  360  620 2702 127
D 1280   0  416  166
W 1280  360  611 2702 127
D 1320   0  435   75
W 1320  360  602 2703 127
D 1360   0  472  141
W 1360  360  591 2704 127
D 1400   0  503  150
W 1400  360  581 2704 127
D 1440   0  538  166
W 1440  360  569 2705 127
D 1480   0  574   75
W 1480  360  557 2706 127
D 1520   0  615  150
W 1520  360  545 2706 127
D 1560   0  655  191
W 1560  360  533 2706 127
D 1600   0  695  183
W 1600  360  520 2707 127
D 1640   0  733  141
W 1640  361  508 2707 127
D 1680   0  775  125
W 1680  361  495 2708 127
D 1720   0  831  225
W 1720  361  482 2708 127
D 1760   0  880  266
W 1760  361  468 2708 127
D 1800   0  924  258
W 1800  361  455 2709 127
D 1840   0  981  241
W 1840  361  442 2709 127
D 1880   0 1037  241
W 1880  362  429 2711 127
D 1920   0 1098  250
W 1920  362  415 2711 127
D 1960   0 1160  258
W 1960  362  401 2712 127
D 2000   0 1224  266
W 2000  363  388 2713 127
D 2040   0 1295  316
W 2040  363  374 2713 127
D 2080   0 1355  250
W 2080  363  360 2714 127
D 2120   0 1398  125
W 2120  363  347 2716 127
D 2160   0 1409   16
W 2160  364  334 2718 127
D 2200   0 1438  216
W 2200  364  321 2723 127
D 2240   0 1451   -8
W 2240  365  309 2727 127
D 2280   0 1448  -25
W 2280  365  297 2731 127
D 2320   0 1437  -41
W 2320  366  285 2731 127
D 2360   0 1430  -33
W 2360  366  278 2729 127
D 2400   0 1418  -33
W 2400  367  272 2728 127
D 2440   0 1416    0
W 2440  367  265 2728 127
D 2480   0 1412  -33
W 2480  368  255 2726 127
D 2520   0 1405  -25
W 2520  368  245 2726 127
D 2560   0 1404   -8
W 2560  369  234 2727 127
D 2600   0 1405    8
W 2600  369  223 2729 127
D 2640   0 1404    0
W 2640  370  211 2732 127
D 2680   0 1404    0
W 2680  370  199 2735 127
D 2720   0 1404    0
W 2720  371  188 2737 127
D 2760   0 1404    0
W 2760  372  176 2737 75
D 2800   0 1404    0
W 2800  373  164 2738 60
D 2840   0 1404    0
W 2840  373  153 2742 60
D 2880   0 1403   -8
W 2880  374  143 2744 60
D 2920   0 1400   -8
W 2920  375  132 2746 60
D 2960   0 1398  -16
W 2960  376  122 2748 60
D 3000   0 1395   -8
W 3000  377  112 2750 60
D 3040   0 1395    8
W 3040  377  103 2739 60
D 3080   0 1386  -75
W 3080  378   98 2717 60
D 3120   0 1363 -100
W 3120  378   96 2710 60
D 3160   0 1336 -116
W 3160  378   96 2707 60
D 3200   0 1316  -75
W 3200  378   96 2707 60
D 3240   0 1303  -50
W 3240  378   96 2708 60
D 3280   0 1296  -33
W 3280  378   96 2708 60
D 3320   0 1296    0
W 3320  378   96 2708 60
D 3360   0 1296    0
W 3360  378    0 2700 -60
D 3400   0 1296    0
W 3400  378    0 2700 -60
D 3440   0 1307   58
W 3440  378    4 2701 -60
D 3480   0 1315   16
W 3480  378    8 2704 -60
D 3520   0 1315    0
W 3520  378   12 2705 -60
D 3560   0 1318   16
W 3560  378   17 2704 -60
D 3600   0 1322    8
W 3600  378   23 2703 20
D 3640   0 1322    8
W 3640  378   27 2702 40
D 3680   0 1325    8
W 3680  378   30 2696 70
D 3720   0 1328   16
W 3720  378   31 2679 100
D 3763   0 1348  113
W 3763  378   32 2651 127
D 3803   0 1383  141
W 3803  378   32 2608 127
D 3843   0 1390    8
W 3843  378   33 2553 127
D 3883   0 1390    0
W 3883  378   33 2491 127
D 3923   0 1390    0
W 3923  378   33 2423 127
D 3963   0 1390    0
W 3963  378   33 2350 127
D 4003   0 1390    0
W 4003  378   33 2271 127
D 4043   0 1390    0
W 4043  378   33 2182 127
D 4083   0 1391    0
W 4083  378   33 2084 127
D 4123   0 1391    0
W 4123  378   33 1983 0
D 4163   0 1392    8
W 4163  379   33 1890 0
D 4203   0 1391    0
W 4203  379   33 1808 -20
D 4243 -127 1391    0
W 4243  379   34 1756 -20
D 4283 -127 1391   -8
W 4283  379   33 1737 -20
D 4323 -127 1391    0
W 4323  380   33 1740 -20
D 4363 -127 1391    0
W 4363  379   33 1745 -20
D 4403 -127 1391    0
W 4403  379   33 1748 -20
D 4443 -127 1390    0
W 4443  379   33 1751 -20
D 4483 -127 1388   -8
W 4483  379   34 1757 -20
D 4523 -127 1388    0
W 4523  378   34 1766 -20
D 4563 -127 1385   -8
W 4563  378   34 1775 -20
D 4603 -127 1383  -16
W 4603  378   34 1781 -20
D 4643 -127 1383    0
W 4643  378   34 1783 -20
D 4683 -127 1383    0
W 4683  379   34 1785 -20
D 4723 -127 1385   16
W 4723  379   34 1788 -20
D 4763 -127 1403    0
W 4763  379   34 1795 -20
D 4803 -127 1405    0
W 4803  378   34 1801 -20
D 4843 -127 1403   -8
W 4843  378   34 1803 -20
D 4883 -127 1400  -16
W 4883  378   34 1807 -20
D 4923 -127 1398    0
W 4923  378   34 1810 -20
D 4963 -127 1396   -8
W 4963  379   34 1812 -20
D 5003 -127 1396    0
W 5003  378   34 1815 -20
D 5043 -127 1396    0
W 5043  378   34 1815 -20
D 5083 -127 1395    0
W 5083  378   34 1815 -20
D 5123 -127 1394    0
W 5123  378   34 1815 -20
D 5163 -127 1394    0
W 5163  378   34 1815 -20
D 5203 -127 1393    0
W 5203  378   34 1815 -20
D 5243 -127 1393    0
W 5243  378   34 1816 -20
D 5283 -127 1392    0
W 5283  378   34 1818 -20
D 5323 -127 1391   -8
W 5323  378   34 1818 -20
D 5363 -127 1391    0
W 5363  378   34 1818 -20
D 5403 -127 1391    0
W 5403  378   34 1818 -20
D 5443 -127 1391    0
W 5443  378   34 1818 -20
D 5483 -127 1391    0
W 5483  378   34 1818 -20
D 5523 -127 1391    0
W 5523  378   34 1818 -20
D 5563 -127 1390   -8
W 5563  378   34 1818 -20
D 5603 -127 1390   -8
W 5603  378   34 1819 -20
D 5643 -127 1389   -8
W 5643  379   34 1819 -20
D 5683 -127 1389    0
W 5683  379   34 1819 -20
D 5723 -127 1389    0
W 5723  379   34 1819 -20
D 5763   0 1388   -8
W 5763  379   34 1819 25
D 5803   0 1389    0
W 5803  378   34 1821 55
D 5843   0 1389   -8
W 5843  376   33 1830 70
D 5883   0 1390    0
W 5883  372   33 1844 100
D 5923   0 1391    0
W 5923  366   33 1855 127
D 5963   0 1391    0
W 5963  359   32 1863 127
D 6003   0 1392    0
W 6003  352   31 1870 127
D 6043   0 1394    8
W 6043  345   30 1881 127
D 6083   0 1400   16
W 6083  338   29 1894 127
D 6123   0 1400   -8
W 6123  331   28 1906 127
D 6163   0 1400    0
W 6163  323   26 1914 127
D 6203   0 1400    0
W 6203  316   25 1920 127
D 6243   0 1400    0
W 6243  308   23 1924 127
D 6283   0 1400    0
W 6283  300   21 1929 127
D 6323   0 1400    0
W 6323  290   19 1934 127
D 6363   0 1400    0
W 6363  281   17 1938 127
D 6403   0 1400    0
W 6403  270   14 1940 127
D 6443   0 1400    0
W 6443  260   12 1942 127
D 6483   0 1400    0
W 6483  250    9 1942 127
D 6523   0 1400    0
W 6523  239    6 1944 127
D 6563   0 1400    0
W 6563  228    4 1947 127
D 6603   0 1400    0
W 6603  217    1 1947 127
D 6643   0 1400    0
W 6643  206   -1 1948 127
D 6683   0 1398   -8
W 6683  194   -4 1949 127
D 6723   0 1396    0
W 6723  183   -7 1942 127
D 6763   0 1390  -33
W 6763  173  -10 1923 127
D 6803   0 1383  -16
W 6803  162  -12 1906 127
D 6843   0 1383    0
W 6843  151  -14 1892 127
D 6883   0 1383    0
W 6883  140  -16 1876 127
D 6923   0 1381  -16
W 6923  129  -17 1871 60
D 6963   0 1381    0
W 6963  123  -18 1896 60
D 7003   0 1361 -108
W 7003  119  -18 1912 60
D 7043   0 1338 -108
W 7043  118  -19 1923 60
D 7083   0 1315  -83
W 7083  117  -19 1923 60
D 7123   0 1312    8
W 7123  116  -19 1927 60
D 7163   0 1309  -16
W 7163  115  -19 1931 60
D 7203   0 1309    0
W 7203  115  -19 1932 60
D 7243   0 1308   -8
W 7243  115  -19 1933 60
D 7283   0 1308    0
W 7283  115  -19 1932 60
D 7323   0 1313   33
W 7323  115  -20 1932 60
D 7363   0 1333  125
W 7363  115  -20 1932 60
D 7403   0 1347   50
W 7403    0  -20 3601 -60
D 7443   0 1355   25
W 7443   -2  -19 3595 -60
D 7483   0 1360   33
W 7483   -6  -19 3596 -60
D 7523   0 1360    0
W 7523  -10  -19 3596 -60
D 7563   0 1360    0
W 7563  -15  -19 3597 -60
D 7603   0 1360    0
W 7603  -20  -19 3598 -60
D 7643   0 1358   -8
W 7643  -25  -19 3599 0
D 7683   0 1359    0
W 7683  -28  -19 3598 40
D 7723   0 1359    0
W 7723  -29  -19 3594 70
D 7763   0 1359   -8
W 7763  -31  -19 3580 100
D 7803   0 1364   25
W 7803  -32  -19 3547 127
D 7843   0 1380   58
W 7843  -32  -19 3499 127
D 7883   0 1380    0
W 7883  -32  -19 3444 127
D 7923   0 1380    0
W 7923  -32  -19 3389 127
D 7963   0 1379   -8
W 7963  -32  -19 3327 127
D 8003   0 1380    0
W 8003  -33  -19 3255 127
D 8043   0 1379    0
W 8043  -33  -19 3172 127
D 8083   0 1379    0
W 8083  -33  -19 3083 127
D 8123   0 1379   -8
W 8123  -33  -18 2990 127
D 8163   0 1379    0
W 8163  -33  -19 2897 127
D 8203   0 1379    0
W 8203  -33  -19 2801 127
D 8243   0 1379    0
W 8243  -33  -19 2701 127
D 8283   0 1379    0
W 8283  -33  -19 2597 127
D 8323   0 1378    0
W 8323  -33  -19 2491 127
D 8363   0 1379    8
W 8363  -33  -19 2386 127
D 8403   0 1379    0
W 8403  -33  -20 2279 127
D 8443   0 1379    0
W 8443  -34  -20 2170 127
D 8483   0 1378    0
W 8483  -34  -20 2060 127
D 8523   0 1379    8
W 8523  -35  -21 1950 127
D 8563   0 1379    8
W 8563  -36  -21 1840 127
D 8603   0 1379    0
W 8603  -38  -21 1732 127
D 8643   0 1378   -8
W 8643  -39  -21 1623 0
D 8683   0 1379    0
W 8683  -40  -20 1515 0
D 8723   0 1379    0
W 8723  -42  -19 1415 -20
D 8763   0 1379    0
W 8763  -43  -18 1332 -20
D 8803   0 1379    0
W 8803  -43  -18 1287 -50
D 8843   0 1380    0
W 8843  -43  -18 1277 -80
D 8883   0 1380    0
W 8883  -42  -20 1276 -127
D 8923   0 1378  -16
W 8923  -39  -23 1276 -127
D 8963   0 1370  -41
W 8963  -36  -28 1272 -127
D 9003   0 1347  -91
W 9003  -32  -33 1273 -127
D 9043   0 1326  -83
W 9043  -27  -39 1276 -127
D 9083   0 1310  -66
W 9083  -22  -46 1281 -127
D 9123   0 1301  -25
W 9123  -16  -54 1287 -127
D 9163   0 1298  -16
W 9163   -9  -62 1291 -127
D 9203   0 1297    0
W 9203   -3  -70 1293 -127
D 9243   0 1297    0
W 9243    3  -78 1292 -127
D 9283   0 1298    8
W 9283   10  -86 1291 -127
D 9323   0 1298    8
W 9323   17  -95 1291 -75
D 9363   0 1303   33
W 9363   24 -103 1288 -60
D 9403   0 1313   58
W 9403   30 -111 1286 -60
D 9443   0 1336  133
W 9443   36 -119 1285 -60
D 9483   0 1356   41
W 9483   43 -127 1287 -60
D 9523   0 1356    0
W 9523   48 -134 1302 -60
D 9563   0 1357    8
W 9563   51 -137 1320 -60
D 9603   0 1370   75
W 9603   53 -140 1332 -60
D 9643   0 1380   25
W 9643   56 -142 1338 -60
D 9683   0 1389   50
W 9683   58 -144 1343 -60
D 9723   0 1400   41
W 9723   59 -145 1346 -60
D 9763   0 1401   -8
W 9763   59 -146 1347 -60
D 9803   0 1402    8
W 9803   59 -146 1347 -60
D 9843   0 1401    0
W 9843   60 -146 1348 -60
D 9883   0 1402    8
W 9883   60 -146 1348 -60
