pre_auton
%  batt 7.45v 7.65v
pre_auton
%  batt 7.45v 7.65v
usercontrol
DUMP_MONITOR=START
DUMP_MONITOR=MONITOR
WHEEL_MONITOR=MONITOR
D   40   0  753    0
W   40  360  640 2700 0
D   80   0  753    0
W   80  360  640 2700 0
D  120   0  753    0
W  120  360  640 2700 0
D  160   0  753    0
W  160  360  640 2700 0
D  200   0  753    0
W  200  360  640 2700 0
D  240   0  753    0
W  240  360  640 2700 0
D  280   0  753    0
W  280  360  640 2700 0
D  320   0  753    0
W  320  360  640 2700 0
D  360   0  753    0
W  360  360  640 2700 0
D  400   0  753    0
W  400  360  640 2700 0
D  440   0  753    0
W  440  360  640 2700 0
D  480   0  753    0
W  480  360  640 2700 0
D  520   0  753   -8
W  520  360  640 2700 0
D  560   0  753    0
W  560  360  640 2700 0
D  600   0  753    0
W  600  360  640 2700 0
D  640   0  753    0
W  640  360  640 2700 0
D  680   0  753    0
W  680  360  640 2700 0
D  720   0  753    0
W  720  360  640 2700 0
D  760   0  753    0
W  760  360  640 2700 0
D  800   0  753    0
W  800  360  640 2700 0
D  840   0  753    0
W  840  360  640 2700 0
D  880   0  753    0
W  880  360  640 2700 0
D  920   0  753    0
W  920  360  640 2700 0
D  960   0  753    0
W  960  360  640 2700 0
D 1000   0  753    0
W 1000  360  640 2700 0
D 1040   0  753    0
W 1040  360  640 2700 40
D 1080   0  753    0
W 1080  360  639 2700 70
D 1120   0  756   16
W 1120  360  636 2701 100
D 1160   0  756    0
W 1160  360  632 2702 127
D 1200   0  760   41
W 1200  360  627 2702 127
D 1240   0  764   25
W 1240  360  619 2703 127
D 1280   0  763    0
W 1280  360  611 2705 127
D 1320   0  763    0
W 1320  360  601 2707 127
D 1360   0  762   -8
W 1360  360  592 2708 127
D 1400   0  762    0
W 1400  360  581 2708 127
D 1440   0  763    8
W 1440  360  570 2709 127
D 1480   0  762    0
W 1480  360  559 2710 127
D 1520   0  764    8
W 1520  361  547 2711 127
D 1560   0  764   -8
W 1560  361  535 2711 127
D 1600   0  764   -8
W 1600  361  523 2709 127
D 1640   0  765    0
W 1640  361  512 2702 127
D 1680   0  765    8
W 1680  361  500 2694 127
D 1720   0  786  150
W 1720  361  487 2685 127
D 1760   0  817  175
W 1760  360  474 2678 127
D 1800   0  845  100
W 1800  360  461 2678 127
D 1840   0  883  125
W 1840  360  448 2686 127
D 1880   0  934  183
W 1880  359  435 2693 127
D 1920   0  979  116
W 1920  359  422 2694 127
D 1960   0  982    0
W 1960  359  410 2689 127
D 2000   0  981    0
W 2000  359  398 2680 127
D 2040   0  978  -25
W 2040  358  386 2676 127
D 2080   0  960  -58
W 2080  358  375 2677 127
D 2120   0  945  -75
W 2120  357  362 2681 127
D 2160   0  928  -83
W 2160  357  348 2690 127
D 2200   0  913  -50
W 2200  357  336 2696 127
D 2240   0  906  -33
W 2240  357  322 2696 127
D 2280   0  905    0
W 2280  356  309 2690 127
D 2320   0  905    0
W 2320  356  296 2679 127
D 2360   0  906    8
W 2360  356  283 2677 127
D 2400   0  906    0
W 2400  355  270 2678 127
D 2440   0  916   41
W 2440  355  257 2685 127
D 2480   0  928   41
W 2480  354  243 2691 127
D 2520   0  938   25
W 2520  354  230 2692 127
D 2560   0  942    8
W 2560  354  218 2689 127
D 2600   0  943    8
W 2600  354  206 2684 127
D 2640   0  944    0
W 2640  353  193 2684 127
D 2680   0  945    8
W 2680  353  180 2689 127
D 2720   0  945    8
W 2720  353  168 2692 60
D 2760   0  948    8
W 2760  353  156 2692 60
D 2800   0  948    0
W 2800  352  145 2691 60
D 2840   0  948    0
W 2840  352  134 2694 60
D 2880   0  948    0
W 2880  352  123 2698 60
D 2920   0  949    8
W 2920  352  115 2702 60
D 2960   0  950    8
W 2960  352  112 2699 60
D 3000   0  945  -41
W 3000  352  111 2698 60
D 3040   0  936  -25
W 3040  352  110 2699 60
D 3080   0  936    0
W 3080  352  109 2700 60
D 3120   0  943   50
W 3120  352  109 2700 60
D 3160   0  962   66
W 3160  352  109 2700 60
D 3200   0  963    0
W 3200  352  109 2700 60
D 3240   0  965   16
W 3240  352  109 2700 60
D 3280   0  976   58
W 3280  352  108 2700 60
D 3320   0  995   91
W 3320  352    0 2700 -60
D 3360   0 1025  150
W 3360  352    2 2700 -60
D 3400   0 1059  141
W 3400  352    7 2700 -60
D 3440   0 1083   83
W 3440  352   10 2701 -60
D 3480   0 1103   66
W 3480  352   14 2701 -60
D 3520   0 1129  125
W 3520  352   19 2702 -60
D 3560   0 1163  141
W 3560  352   24 2702 -60
D 3600   0 1200  141
W 3600  352   29 2701 -60
D 3640   0 1241  175
W 3640  352   34 2701 -60
D 3680   0 1288  208
W 3680  352   41 2701 -60
D 3720   0 1324  116
W 3720  352   46 2702 25
D 3760   0 1335   41
W 3760  352   49 2700 55
D 3800   0 1356  125
W 3800  352   51 2692 85
D 3840   0 1411  258
W 3840  352   52 2677 100
D 3880   0 1451    0
W 3880  352   52 2658 127
D 3920   0 1447    8
W 3920  352   52 2647 127
D 3960   0 1447    0
W 3960  352   51 2639 127
D 4000   0 1447    0
W 4000  352   51 2636 127
D 4040   0 1446    0
W 4040  352   51 2635 127
D 4080   0 1446    0
W 4080  352   52 2635 127
D 4120   0 1446    0
W 4120  352   52 2635 127
D 4160   0 1446    0
W 4160  353   55 2630 127
D 4200   0 1443  -16
W 4200  353   59 2615 127
D 4240   0 1444    8
W 4240  353   59 2578 127
D 4280   0 1433  -83
W 4280  353   59 2530 127
D 4320   0 1388 -183
W 4320  352   57 2471 127
D 4360   0 1355 -116
W 4360  352   56 2408 127
D 4400   0 1328 -108
W 4400  352   56 2341 127
D 4440   0 1310  -83
W 4440  352   56 2270 127
D 4480   0 1289  -58
W 4480  351   55 2192 127
D 4520   0 1282  -25
W 4520  351   55 2108 127
D 4560   0 1277  -16
W 4560  350   54 2020 0
D 4600   0 1273  -25
W 4600  348   54 1939 0
D 4640   0 1272   -8
W 4640  346   53 1871 0
D 4680   0 1273    0
W 4680  344   53 1817 -20
D 4720   0 1273    0
W 4720  344   53 1778 -20
D 4760 -127 1276   25
W 4760  343   53 1759 -20
D 4800 -127 1286   33
W 4800  342   53 1758 -20
D 4840 -127 1298   50
W 4840  342   53 1762 -20
D 4880 -127 1311   58
W 4880  342   53 1767 -20
D 4920 -127 1329  100
W 4920  343   53 1770 -20
D 4960 -127 1346   50
W 4960  343   53 1772 -20
D 5000 -127 1354   25
W 5000  343   53 1775 -20
D 5040 -127 1356    8
W 5040  343   53 1779 -20
D 5080 -127 1355   -8
W 5080  343   53 1782 -20
D 5120 -127 1355   -8
W 5120  343   53 1785 -20
D 5160 -127 1364   66
W 5160  344   53 1788 -20
D 5200 -127 1382   58
W 5200  344   53 1794 -20
D 5240 -127 1385    0
W 5240  344   53 1798 -20
D 5280 -127 1386    8
W 5280  344   53 1798 -20
D 5320 -127 1385  -16
W 5320  344   53 1798 -20
D 5360 -127 1384   -8
W 5360  345   53 1799 -20
D 5400 -127 1380  -16
W 5400  345   53 1802 -20
D 5440 -127 1378  -16
W 5440  344   53 1804 -20
D 5480 -127 1372  -25
W 5480  344   53 1805 -20
D 5520 -127 1364  -33
W 5520  344   53 1805 -20
D 5560 -127 1361   -8
W 5560  344   53 1805 -20
D 5600 -127 1361    0
W 5600  344   53 1805 -20
D 5640 -127 1363    8
W 5640  344   53 1805 -20
D 5680 -127 1366    8
W 5680  344   53 1805 -20
D 5720 -127 1367   -8
W 5720  344   53 1805 -20
D 5760 -127 1368    8
W 5760  344   53 1805 -20
D 5800 -127 1368    8
W 5800  344   53 1805 -20
D 5840 -127 1369    8
W 5840  344   53 1806 -20
D 5880 -127 1372   16
W 5880  344   53 1807 -20
D 5920 -127 1374    0
W 5920  344   53 1807 -20
D 5960 -127 1376    8
W 5960  344   53 1807 -20
D 6000 -127 1375    0
W 6000  344   53 1807 -20
D 6040 -127 1375    0
W 6040  344   53 1807 -20
D 6080 -127 1376    0
W 6080  344   53 1807 -20
D 6120 -127 1376    8
W 6120  344   53 1807 -20
D 6160 -127 1379   25
W 6160  344   53 1808 -20
D 6200 -127 1381    8
W 6200  344   53 1808 -20
D 6240   0 1384   16
W 6240  344   53 1808 -20
D 6280   0 1383    8
W 6280  344   53 1809 25
D 6320   0 1383    0
W 6320  343   53 1812 55
D 6360   0 1383    0
W 6360  341   53 1823 85
D 6401   0 1384    8
W 6401  335   53 1834 127
D 6441   0 1383   -8
W 6441  329   53 1840 127
D 6481   0 1383    0
W 6481  322   52 1846 127
D 6522   0 1383    0
W 6522  314   51 1852 127
D 6563   0 1383    0
W 6563  306   51 1864 127
D 6603   0 1383    0
W 6603  298   50 1878 127
D 6643   0 1383    0
W 6643  290   48 1888 127
D 6683   0 1383    0
W 6683  284   47 1891 127
D 6723   0 1383    0
W 6723  277   46 1891 127
D 6763   0 1383    0
W 6763  271   45 1890 127
D 6803   0 1383    0
W 6803  264   44 1891 127
D 6843   0 1383    0
W 6843  255   43 1892 127
D 6883   0 1383    0
W 6883  246   41 1896 127
D 6923   0 1383    8
W 6923  237   40 1898 127
D 6963   0 1383    0
W 6963  226   38 1897 127
D 7003   0 1383    0
W 7003  216   36 1897 127
D 7043   0 1382   -8
W 7043  204   34 1897 127
D 7083   0 1382    0
W 7083  193   32 1899 127
D 7123   0 1383    8
W 7123  181   30 1901 127
D 7163   0 1383    0
W 7163  169   28 1902 127
D 7203   0 1383    0
W 7203  158   26 1903 127
D 7243   0 1383    0
W 7243  147   24 1879 127
D 7283   0 1382   -8
W 7283  141   23 1862 127
D 7323   0 1335 -191
W 7323  138   23 1860 127
D 7363   0 1301 -133
W 7363  135   23 1860 127
D 7403   0 1280  -75
W 7403  131   22 1857 127
D 7443   0 1266  -66
W 7443  127   22 1860 127
D 7483   0 1253  -41
W 7483  125   22 1862 60
D 7523   0 1253    0
W 7523  125   22 1862 60
D 7563   0 1253    0
W 7563  125   22 1862 60
D 7603   0 1253    0
W 7603  124   22 1862 60
D 7643   0 1259   50
W 7643  124   22 1862 60
D 7683   0 1301  175
W 7683  124   22 1862 60
D 7723   0 1317   75
W 7723  124   22 1862 60
D 7763   0 1340  116
W 7763  124   22 1862 60
D 7803   0 1363   58
W 7803  124   22 1862 60
D 7843   0 1370   16
W 7843  124   22 1862 60
D 7883   0 1370    0
W 7883  124   22 1862 60
D 7923   0 1370    0
W 7923  123   22 1866 60
D 7963   0 1370    0
W 7963    0   22 3602 -60
D 8003   0 1372    8
W 8003   -1   22 3600 -60
D 8043   0 1378   41
W 8043   -6   22 3597 -60
D 8083   0 1381    0
W 8083  -10   22 3594 -60
D 8123   0 1381    8
W 8123  -14   22 3593 -60
D 8163   0 1373  -58
W 8163  -18   22 3594 -60
D 8203   0 1351  -75
W 8203  -22   22 3593 20
D 8243   0 1325 -100
W 8243  -26   22 3590 25
D 8283   0 1319   -8
W 8283  -28   22 3588 55
D 8323   0 1319   -8
W 8323  -29   22 3581 85
D 8363   0 1320    8
W 8363  -29   22 3558 127
D 8403   0 1320    0
W 8403  -30   22 3514 127
D 8443   0 1328   66
W 8443  -30   22 3457 127
D 8483   0 1343   58
W 8483  -30   22 3392 127
D 8523   0 1351   33
W 8523  -30   22 3321 127
D 8563   0 1361   50
W 8563  -30   22 3242 127
D 8603   0 1368    8
W 8603  -30   22 3158 127
D 8643   0 1367   -8
W 8643  -29   21 3063 127
D 8683   0 1367    0
W 8683  -29   21 2963 127
D 8723   0 1368    8
W 8723  -29   21 2861 127
D 8763   0 1368    0
W 8763  -29   21 2759 127
D 8803   0 1370   16
W 8803  -29   20 2655 127
D 8843   0 1370    0
W 8843  -29   20 2554 127
D 8883   0 1370    0
W 8883  -29   19 2450 127
D 8923   0 1370    0
W 8923  -29   19 2345 0
D 8963   0 1370    0
W 8963  -29   19 2243 0
D 9003   0 1369   -8
W 9003  -30   19 2152 -20
D 9043   0 1369    0
W 9043  -30   19 2088 -35
D 9083   0 1369    0
W 9083  -29   19 2062 -65
D 9123   0 1370    8
W 9123  -28   20 2057 -95
D 9163   0 1372    0
W 9163  -25   21 2057 -127
D 9203   0 1371   -8
W 9203  -21   23 2057 -127
D 9243   0 1356  -91
W 9243  -16   25 2057 -127
D 9283   0 1330  -91
W 9283   -9   28 2058 -127
D 9323   0 1317  -58
W 9323   -2   32 2062 -127
D 9363   0 1310  -25
W 9363    6   36 2066 -127
D 9403   0 1309    0
W 9403   14   41 2070 -127
D 9443   0 1309    0
W 9443   23   45 2070 -127
D 9483   0 1309    8
W 9483   33   50 2071 -127
D 9523   0 1309    0
W 9523   40   54 2091 -127
D 9563   0 1319   83
W 9563   46   57 2119 -127
D 9603   0 1368  108
W 9603   51   61 2151 -75
D 9643   0 1375   16
W 9643   57   65 2189 -60
D 9683   0 1375    0
W 9683   61   68 2219 -60
D 9723   0 1378   16
W 9723   64   71 2234 -60
D 9763   0 1385   25
W 9763   67   74 2248 -60
D 9803   0 1385    0
W 9803   68   75 2265 -60
D 9843   0 1388   25
W 9843   69   76 2274 -60
D 9883   0 1391    0
W 9883   69   77 2280 -60
D 9923   0 1390    0
W 9923   70   77 2282 -60
D 9963   0 1390    0
W 9963   70   77 2283 -60
D 10003   0 1390    0
W 10003   70   77 2283 -60
D 10043   0 1390    0
W 10043   70   77 2283 -60
D 10083   0 1380  -50
W 10083   70   77 2284 -60
D 10123   0 1369  -41
W 10123   70   77 2284 -60
D 10163   0 1359  -33
W 10163   70   77 2284 -60
pre_auton
%  batt 7.45v 7.64v