wheel_init
pre_auton
%  batt 7.45v 7.66v
usercontrol
DUMP_MONITOR=START
DUMP_MONITOR=MONITOR
WHEEL_MONITOR=MONITOR
D   41   0   85    8
W   41  360  200 2700 -70
D   81   0   86    8
W   81  360  202 2700 -127
D  121   0   97   25
W  121  360  207 2700 -127
D  161   0  100   25
W  161  360  212 2700 -127
D  201   0   99   25
W  201  360  219 2700 -127
D  241   0   97   16
W  241  360  228 2700 -127
D  281   0   99    8
W  281  360  238 2700 -127
D  321   0  103   16
W  321  360  249 2700 -127
D  361   0  105  -16
W  361  360  260 2700 -127
D  401 -45  108   16
W  401  359  272 2701 -127
D  441 -45  108    0
W  441  359  283 2702 -127
D  481 -45  108    0
W  481  359  295 2702 -127
D  521 -45  107    0
W  521  359  308 2703 -127
D  561 -45   83 -125
W  561  359  320 2704 -127
D  601 -45   52 -125
W  601  359  331 2705 -127
D  641 -45   36  -75
W  641  359  344 2705 -127
D  681 -45   23  -41
W  681  359  356 2706 -127
D  721 -45    8  -58
W  721  359  367 2704 -127
D  761 -45    0  -25
W  761  359  378 2706 -127
D  801 -45    0    0
W  801  359  389 2708 -127
D  841 -45    1   41
W  841  358  400 2707 -127
D  881 -45  -13 -108
W  881  358  412 2701 0
D  921   0  -28   -8
W  921  358  422 2703 0
D  961   0  -28    0
W  961  358  431 2705 0
D 1001   0  -30   -8
W 1001  358  439 2705 0
D 1041   0  -29    8
W 1041  358  447 2702 0
D 1081   0  -30    0
W 1081  358  454 2702 0
D 1121   0  -30    0
W 1121  358  460 2702 0
D 1161   0  -30    0
W 1161  358  465 2702 0
D 1201   0  -30    8
W 1201  358  470 2701 0
D 1241   0  -30    0
W 1241  358  474 2700 0
D 1281   0  -30    0
W 1281  358  477 2699 70
D 1321   0  -25   33
W 1321  358  475 2694 127
D 1361   0  -26   -8
W 1361  358  471 2691 127
D 1401   0  -28   -8
W 1401  358  466 2692 127
D 1441   0  -28    0
W 1441  358  460 2692 127
D 1481   0  -30  -16
W 1481  358  453 2692 127
D 1521   0  -30    0
W 1521  358  445 2693 127
D 1561   0  -30    0
W 1561  358  436 2694 127
D 1601   0  -31    0
W 1601  357  426 2695 127
D 1641   0  -31    0
W 1641  357  415 2697 127
D 1681   0  -31    0
W 1681  357  404 2697 127
D 1721   0  -31    0
W 1721  357  393 2698 127
D 1761   0  -31    0
W 1761  357  382 2696 127
D 1801   0  -31    0
W 1801  357  371 2696 127
D 1841   0  -31    0
W 1841  357  360 2697 127
D 1881   0  -31    0
W 1881  357  348 2700 127
D 1921   0  -31    0
W 1921  357  337 2701 127
D 1961   0  -31    0
W 1961  357  325 2704 127
D 2001   0  -30    8
W 2001  357  313 2705 127
D 2041   0  -31    0
W 2041  357  302 2705 127
D 2081  40  -31    0
W 2081  357  292 2704 0
D 2121  40  -31    0
W 2121  357  283 2706 0
D 2161  40  -30    8
W 2161  357  278 2711 0
D 2201  40  -30    8
W 2201  358  276 2713 -70
D 2241  40  -40  -83
W 2241  357  279 2715 -127
D 2281  40  -20   83
W 2281  357  286 2716 -127
D 2321  40    0   58
W 2321  357  294 2720 -127
D 2361  40   35  141
W 2361  357  303 2729 -127
D 2401  40   71  166
W 2401  356  313 2735 -127
D 2441  40  117  183
W 2441  355  323 2738 -127
D 2481  40  130   33
W 2481  355  333 2741 -127
D 2521  40  138   25
W 2521  354  344 2743 -127
D 2561  40  148   16
W 2561  353  355 2739 -127
D 2601  40  165   25
W 2601  352  366 2736 -127
D 2641  40  167    0
W 2641  352  376 2735 -127
D 2681  40  160  -66
W 2681  351  387 2736 -127
D 2721  40  170  -33
W 2721  350  398 2735 -127
D 2761  40  173    8
W 2761  350  409 2736 -127
D 2801  40  173   58
W 2801  349  420 2739 -127
D 2841 127  175    0
W 2841  348  432 2741 -127
D 2881 127  179   25
W 2881  347  443 2745 -127
D 2921 127  189   50
W 2921  346  455 2747 -127
D 2961 127  205   75
W 2961  345  467 2748 -127
D 3001 127  216   25
W 3001  345  478 2745 -127
D 3041 127  231   75
W 3041  344  490 2743 -127
D 3081 127  258   41
W 3081  343  502 2737 -127
D 3121 127  278   83
W 3121  342  514 2737 -127
D 3161 127  317  183
W 3161  341  526 2737 -127
D 3201 127  325   58
W 3201  340  538 2735 -127
D 3241 127  345   75
W 3241  340  549 2736 -50
D 3281 127  371  125
W 3281  339  561 2735 -50
D 3321 127  400  116
W 3321  338  572 2736 -50
D 3361 127  423   75
W 3361  338  583 2737 -50
D 3401 127  458  141
W 3401  337  593 2738 -50
D 3441 127  481   66
W 3441  336  602 2737 -50
D 3481 127  507  125
W 3481  336  611 2737 -50
D 3521 127  541  150
W 3521  335  620 2737 -50
D 3561 127  565   91
W 3561  335  628 2737 -50
D 3601 127  599  133
W 3601  334  637 2738 -50
D 3641 127  638  208
W 3641  334  644 2739 -50
D 3681 127  661  191
W 3681  333  650 2741 -50
D 3721 127  703   66
W 3721  333  655 2729 -50
D 3761 127  746  258
W 3761  333  660 2727 -50
D 3801 127  780  158
W 3801  332  664 2727 -50
D 3841 127  820  183
W 3841  332  668 2728 -50
D 3881 127  859  175
W 3881  332  672 2730 -50
D 3921 127  891  125
W 3921  332  674 2737 -50
D 3961 127  929  116
W 3961  332  675 2739 -50
D 4001 127  974  175
W 4001  332  675 2739 -50
D 4041 127 1011  175
W 4041  332  675 2739 -50
D 4081 127 1052  216
W 4081  332  675 2739 -50
D 4121 127 1101  200
W 4121  332  675 2739 -50
D 4161 127 1151  191
W 4161  332  675 2739 -50
D 4201 127 1206  241
W 4201  332  675 2739 -50
D 4241   0 1268  250
W 4241  332  675 2739 -50
D 4281   0 1320  250
W 4281  332  675 2739 -50
D 4321 -127 1360  158
W 4321  332  675 2741 -50
D 4361 -127 1370   33
W 4361  332  675 2748 -50
D 4401 -127 1378   50
W 4401  332  675 2752 -50
D 4441 -127 1390   25
W 4441  332  676 2760 -50
D 4481 -127 1385  -41
W 4481  332  678 2785 -50
D 4521 -127 1390    0
W 4521  331  681 2808 -50
D 4561 -127 1359 -150
W 4561  331  684 2818 -50
D 4601 -127 1321 -158
W 4601  330  686 2824 -50
D 4641 -127 1256 -266
W 4641  330  687 2820 -50
D 4681 -127 1193 -258
W 4681  330  688 2818 -50
D 4721 -127 1123 -291
W 4721  330  688 2820 0
D 4761 -127 1050 -300
W 4761  330  687 2819 0
D 4801 -127  985 -250
W 4801  330  687 2819 0
D 4841 -127  922 -275
W 4841  330  687 2819 0
D 4881 -127  859 -258
W 4881  330  687 2818 0
D 4921 -127  777 -341
W 4921  330  639 2700 70
D 4961 -127  702 -283
W 4961  330  637 2699 127
D 5001 -127  614 -350
W 5001  330  630 2700 127
D 5041 -127  561 -141
W 5041  330  624 2703 127
D 5081 -127  486 -208
W 5081  330  617 2707 127
D 5121 -127  388 -441
W 5121  330  607 2708 127
D 5161 -127  321 -291
W 5161  330  597 2705 127
D 5201 -127  232 -366
W 5201  330  587 2705 127
D 5241 -127  152 -358
W 5241  330  575 2706 127
D 5281 -45   60 -391
W 5281  331  564 2706 127
D 5321   0  -12 -233
W 5321  331  552 2702 127
D 5361   0  -20   -8
W 5361  331  542 2707 127
D 5401   0  -21   -8
W 5401  331  530 2706 127
D 5441   0  -20   33
W 5441  331  519 2704 127
D 5481   0  -17    8
W 5481  331  508 2704 127
D 5521   0  -21    0
W 5521  331  497 2707 127
D 5561   0  -22   -8
W 5561  331  485 2708 127
D 5601   0  -22   -8
W 5601  331  473 2709 127
D 5641   0  -22    0
W 5641  332  462 2709 127
D 5681   0  -23   -8
W 5681  332  450 2711 127
D 5721   0  -23    0
W 5721  332  438 2716 127
D 5761   0  -23    0
W 5761  332  427 2718 127
D 5801   0  -23    0
W 5801  333  415 2720 127
D 5841   0  -23    0
W 5841  333  403 2723 127
D 5881   0  -23    0
W 5881  334  392 2725 127
D 5921   0  -23   -8
W 5921  334  380 2727 127
D 5961   0  -23    0
W 5961  335  369 2726 127
D 6001   0  -22    8
W 6001  335  358 2723 127
D 6041   0  -23    0
W 6041  336  347 2720 127
D 6081   0  -23    0
W 6081  336  337 2716 127
D 6121   0  -23   -8
W 6121  336  327 2711 127
D 6161   0  -23    0
W 6161  336  317 2706 127
D 6201   0  -23    0
W 6201  336  307 2697 127
D 6241   0  -23    0
W 6241  336  298 2684 127
D 6281  40  -22    0
W 6281  336  290 2665 0
D 6321  40  -22    8
W 6321  336  284 2646 0
D 6361  40  -21   16
W 6361  335  280 2628 -40
D 6401  40   -6  125
W 6401  335  280 2609 -100
D 6441  40   22   75
W 6441  336  283 2598 -127
D 6481  40   56  133
W 6481  337  287 2587 -127
D 6521  40   96  175
W 6521  338  294 2578 -127
D 6561  40  134  133
W 6561  340  302 2567 -127
D 6601  40  163  108
W 6601  342  311 2559 -127
D 6641  40  178   50
W 6641  344  320 2553 -127
D 6681  40  185   41
W 6681  347  330 2551 -127
D 6721  40  191   16
W 6721  349  339 2551 -127
D 6761  40  195   16
W 6761  352  350 2553 -127
D 6801  40  200   16
W 6801  355  361 2554 -127
D 6841  40  206   25
W 6841  358  372 2557 -127
D 6881  40  215   41
W 6881  361  383 2560 -127
D 6921  40  222   33
W 6921  363  394 2563 -127
D 6961  40  230    0
W 6961  366  406 2567 -127
D 7001  40  238   41
W 7001  369  418 2569 -127
D 7041 127  253   16
W 7041  372  429 2569 -127
D 7081 127  269   75
W 7081  374  441 2570 -127
D 7121 127  297  141
W 7121  377  453 2570 -127
D 7161 127  325  116
W 7161  380  465 2570 -127
D 7201 127  350  108
W 7201  382  476 2571 -127
D 7241 127  377  141
W 7241  385  487 2572 -127
D 7281 127  411  150
W 7281  388  499 2572 -127
D 7321 127  456  191
W 7321  390  511 2572 -127
D 7361 127  496  108
W 7361  393  522 2571 -127
D 7401 127  545  208
W 7401  396  534 2572 -127
D 7441 127  583  183
W 7441  398  545 2574 -50
D 7481 127  635  241
W 7481  400  555 2575 -50
D 7521 127  677  166
W 7521  403  565 2576 -50
D 7561 127  727  216
W 7561  405  575 2576 -50
D 7601 127  773  166
W 7601  407  583 2577 -50
D 7641 127  830  241
W 7641  408  591 2577 -50
D 7681 127  890  266
W 7681  410  599 2577 -50
D 7721 127  950  266
W 7721  411  606 2578 -50
D 7761 127 1016  250
W 7761  413  612 2578 -50
D 7801 127 1091  316
W 7801  414  617 2580 -50
D 7841 127 1161  275
W 7841  415  622 2582 -50
D 7881   0 1231  300
W 7881  416  625 2583 -50
D 7921   0 1311  333
W 7921  416  628 2582 -50
D 7961   0 1387  266
W 7961  417  630 2582 -50
D 8001 -127 1436  166
W 8001  417  633 2585 -50
D 8041 -127 1461    8
W 8041  418  636 2594 -50
D 8081 -127 1460   -8
W 8081  419  640 2612 -50
D 8121 -127 1454  -33
W 8121  419  646 2622 -50
D 8161 -127 1445  -25
W 8161  420  652 2627 -50
D 8201 -127 1426  -91
W 8201  421  660 2628 -50
D 8241 -127 1384 -200
W 8241  422  667 2610 -50
D 8281 -127 1319 -300
W 8281  423  670 2582 -50
D 8321 -127 1235 -325
W 8321  423  671 2575 -50
D 8361 -127 1154 -400
W 8361  423  673 2589 -50
D 8401 -127 1090 -250
W 8401  424  675 2597 0
D 8441 -127 1032 -283
W 8441  424  675 2599 0
D 8481 -127  963 -291
W 8481  424  675 2599 0
D 8521 -127  879 -358
W 8521  424  674 2598 0
D 8561 -127  796 -316
W 8561  423  673 2598 0
D 8601 -127  734 -250
W 8601  423  639 2700 70
D 8641 -127  670 -258
W 8641  423  637 2700 127
D 8681 -127  580 -466
W 8681  423  631 2702 127
D 8721 -127  501 -291
W 8721  423  624 2705 127
D 8761 -127  446 -366
W 8761  423  618 2705 127
D 8801 -127  366 -333
W 8801  424  609 2707 127
D 8841 -127  284 -425
W 8841  424  599 2707 127
D 8881 -127  198 -350
W 8881  424  588 2707 127
D 8921 -45  109 -366
W 8921  424  577 2708 127
D 8961 -45   13 -425
W 8961  424  565 2709 127
D 9001   0  -23    0
W 9001  424  554 2711 127
D 9041   0  -25  -16
W 9041  425  543 2712 127
D 9081   0  -26   -8
W 9081  425  531 2714 127
D 9121   0  -25    8
W 9121  425  521 2714 127
D 9161   0  -26    0
W 9161  425  510 2714 127
D 9201   0  -26    0
W 9201  426  498 2713 127
D 9241   0  -26    0
W 9241  426  487 2714 127
D 9281   0  -26    0
W 9281  426  475 2714 127
D 9321   0  -26    0
W 9321  426  463 2714 127
D 9361   0  -26    0
W 9361  427  451 2715 127
D 9401   0  -25    8
W 9401  427  439 2716 127
D 9441   0  -26    0
W 9441  427  428 2718 127
D 9481   0  -26    0
W 9481  428  416 2720 127
D 9521   0  -25    8
W 9521  428  404 2721 127
D 9561   0  -26    0
W 9561  429  393 2722 127
D 9601   0  -26    0
W 9601  429  381 2723 127
D 9641   0  -26    0
W 9641  430  370 2724 127
D 9681   0  -26    0
W 9681  430  358 2723 127
D 9721   0  -26    0
W 9721  430  347 2721 127
D 9761   0  -26    0
W 9761  431  336 2720 127
D 9801   0  -25    8
W 9801  431  324 2721 127
D 9841   0  -26    0
W 9841  432  313 2722 127
D 9881   0  -26    0
W 9881  432  303 2721 127
D 9921  40  -26    0
W 9921  432  292 2719 0
D 9961  40  -26   -8
W 9961  433  284 2717 0
D 10001  40  -26    0
W 10001  433  276 2717 0
D 10041  40  -26   -8
W 10041  433  271 2716 -70
D 10081  40  -19   16
W 10081  433  271 2716 -127
D 10121  40  -19   33
W 10121  433  274 2716 -127
D 10161  40   -1  150
W 10161  433  279 2716 -127
D 10201  40   33  208
W 10201  433  287 2716 -127
D 10241  40   80  166
W 10241  432  297 2715 -127
D 10281  40  132  200
W 10281  432  306 2714 -127
D 10321  40  157   58
W 10321  432  317 2714 -127
D 10361  40  174   58
W 10361  432  327 2713 -127
D 10401  40  186   50
W 10401  431  338 2713 -127
D 10441  40  196   50
W 10441  431  349 2714 -127
D 10481  40  206   83
W 10481  431  360 2715 -127
D 10521  40  223   25
W 10521  431  372 2715 -127
D 10561  40  231    8
W 10561  430  384 2717 -127
D 10601  40  247  108
W 10601  430  395 2717 -127
D 10641  40  259   66
W 10641  430  407 2717 -127
D 10681  40  267   33
W 10681  429  419 2718 -127
D 10721 127  280   41
W 10721  429  431 2718 -127
D 10761 127  301   91
W 10761  428  443 2719 -127
D 10801 127  331   91
W 10801  428  455 2719 -127
D 10841 127  355  116
W 10841  428  467 2719 -127
D 10881 127  392  158
W 10881  427  479 2720 -127
D 10921 127  431  175
W 10921  427  491 2719 -127
D 10961 127  480  175
W 10961  426  502 2719 -127
D 11001 127  528  216
W 11001  426  514 2719 -127
D 11041 127  576  183
W 11041  426  525 2719 -127
D 11081 127  640  291
W 11081  425  537 2720 -127
D 11121 127  685  208
W 11121  425  548 2720 -45
D 11161 127  738  208
W 11161  425  558 2721 -45
D 11201 127  791  250
W 11201  424  568 2722 -45
D 11241 127  850  250
W 11241  424  577 2723 -45
D 11281 127  915  266
W 11281  423  585 2724 -45
D 11321 127  984  283
W 11321  423  593 2724 -45
D 11361 127 1048  291
W 11361  423  600 2724 -45
D 11401 127 1114  275
W 11401  423  606 2725 -45
D 11441 127 1183  283
W 11441  422  611 2726 -45
D 11481   0 1259  333
W 11481  422  617 2726 -45
D 11521   0 1338  316
W 11521  422  622 2727 -45
D 11561   0 1404  250
W 11561  422  627 2726 -45
D 11601 -127 1452  200
W 11601  421  632 2726 -45
D 11641 -127 1460   41
W 11641  421  636 2727 -45
D 11681 -127 1460   -8
W 11681  421  642 2726 -45
D 11721 -127 1446  -66
W 11721  421  649 2721 -45
D 11761 -127 1405 -233
W 11761  420  655 2717 -45
D 11801 -127 1355 -266
W 11801  420  662 2714 -45
D 11841 -127 1279 -375
W 11841  420  664 2712 -45
D 11881 -127 1197 -316
W 11881  420  665 2712 -45
D 11921 -127 1122 -258
W 11921  420  640 2701 70
D 11961 -127 1043 -250
W 11961  420  640 2701 100
D 12001 -127  994 -200
W 12001  420  633 2701 127
D 12041 -127  936 -283
W 12041  420  626 2702 127
D 12081 -127  876 -233
W 12081  420  618 2705 127
D 12121 -127  816 -250
W 12121  420  610 2706 127
D 12161 -127  755 -208
W 12161  420  600 2705 127
D 12201 -127  692 -266
W 12201  421  590 2705 127
D 12241 -127  647 -191
W 12241  421  579 2707 127
D 12281 -127  578 -275
W 12281  421  567 2709 127
D 12321 -127  498 -391
W 12321  421  556 2709 127
D 12361 -127  411 -433
W 12361  421  544 2710 127
D 12401 -127  324 -325
W 12401  421  531 2710 127
D 12441 -127  228 -400
W 12441  422  518 2712 127
D 12481 -45  130 -416
W 12481  422  505 2712 127
D 12521 -45   30 -416
W 12521  422  492 2712 127
D 12561   0  -21  -25
W 12561  422  480 2712 127
D 12601   0  -23  -16
W 12601  423  468 2713 127
D 12641   0  -25   -8
W 12641  423  456 2713 127
D 12681   0  -25    0
W 12681  423  445 2715 127
D 12721   0  -25    0
W 12721  424  434 2716 127
D 12761   0  -23   16
W 12761  424  422 2716 127
D 12801   0  -25    0
W 12801  424  411 2716 127
D 12841   0  -25    0
W 12841  424  399 2717 127
D 12881   0  -25    0
W 12881  425  388 2718 40
D 12921   0  -25    8
W 12921  425  380 2714 100
D 12961   0  -23    0
W 12961  425  375 2693 127
D 13001   0  -21    8
W 13001  425  371 2667 127
D 13041   0  -20    8
W 13041  425  368 2642 127
D 13081   0  -22   -8
W 13081  425  366 2617 127
D 13121   0  -23    0
W 13121  424  365 2582 127
D 13161   0  -23  -16
W 13161  424  363 2541 127
D 13201   0  -23   -8
W 13201  424  362 2496 127
D 13241   0  -23   -8
W 13241  423  362 2446 127
D 13281   0  -23    0
W 13281  423  361 2392 127
D 13321   0  -23    8
W 13321  423  360 2330 127
D 13361   0  -24    0
W 13361  422  360 2266 127
D 13401   0  -24    0
W 13401  421  359 2204 127
D 13441   0  -25    0
W 13441  421  359 2137 127
D 13481   0  -26   -8
W 13481  421  358 2068 0
D 13521   0  -26   -8
W 13521  420  358 2005 0
D 13561   0  -26    0
W 13561  420  358 1951 0
D 13601   0  -26    0
W 13601  419  358 1911 0
D 13641   0  -25    0
W 13641  418  358 1877 0
D 13681   0  -26    0
W 13681  416  357 1851 40
D 13721   0  -25    0
W 13721  415  357 1834 68
D 13761   0  -25    0
W 13761  414  357 1815 -20
D 13801   0  -25    8
W 13801  413  357 1798 -20
D 13841   0  -25    8
W 13841  413  357 1795 40
D 13881   0  -24    8
W 13881  410  357 1807 100
D 13921   0  -23    0
W 13921  404  357 1818 127
D 13961   0  -23   -8
W 13961  398  357 1822 127
D 14001   0  -24   -8
W 14001  391  357 1828 127
D 14041   0  -24    0
W 14041  384  356 1834 127
D 14081   0  -25    0
W 14081  375  356 1836 127
D 14121   0  -25    0
W 14121  366  355 1837 127
D 14161   0  -25    8
W 14161  355  354 1838 127
D 14201   0  -25    0
W 14201  345  354 1838 127
D 14241   0  -25    0
W 14241  334  353 1836 127
D 14281   0  -25    0
W 14281  323  352 1834 127
D 14321   0  -26    0
W 14321  312  352 1832 127
D 14361   0  -25    8
W 14361  301  351 1829 127
D 14401   0  -26    0
W 14401  290  351 1823 127
D 14441   0  -25    0
W 14441  279  350 1816 127
D 14481   0  -26   -8
W 14481  268  350 1808 127
D 14521  40  -25    8
W 14521  257  350 1800 127
D 14561  40  -25    0
W 14561  246  350 1794 127
D 14601  40  -25    0
W 14601  236  350 1788 127
D 14641  40  -24    8
W 14641  225  350 1782 127
D 14681  40  -22   16
W 14681  214  351 1774 127
D 14721  40  -16   33
W 14721  204  351 1766 127
D 14761  40    1   75
W 14761  194  352 1762 127
D 14801  40   31  141
W 14801  184  353 1761 127
D 14841  40   65  141
W 14841  173  353 1760 127
D 14881  40  115  225
W 14881  164  354 1757 127
D 14921  40  154  150
W 14921  153  355 1754 127
D 14961  40  175   58
W 14961  142  356 1750 127
D 15001  40  184   25
W 15001  131  357 1748 127
D 15041  40  190   33
W 15041  120  358 1746 127
D 15081  40  198   41
W 15081  108  359 1744 127
D 15121  40  206   41
W 15121   96  360 1744 127
D 15161  40  210   16
W 15161   85  361 1744 127
D 15201  40  213   16
W 15201   73  362 1743 127
D 15241  40  216    8
W 15241   61  363 1744 127
D 15281  40  221   16
W 15281   49  365 1744 127
D 15321  40  229   33
W 15321   37  366 1745 127
D 15361  40  230   16
W 15361   25  367 1745 127
D 15401  40  234   25
W 15401   13  368 1745 127
D 15441  40  244   41
W 15441    1  369 1745 127
D 15481  40  249    8
W 15481  -10  370 1745 127
D 15521  40  257   50
W 15521  -22  372 1745 127
D 15561  40  262   33
W 15561  -34  373 1745 127
D 15601  40  270   33
W 15601  -46  374 1746 127
D 15641  40  276   16
W 15641  -58  375 1745 127
D 15681  40  284   41
W 15681  -70  376 1745 127
D 15721  40  291   33
W 15721  -82  377 1745 127
D 15761  40  297   25
W 15761  -94  378 1745 127
D 15801  40  306   33
W 15801 -106  380 1745 127
D 15841  40  313    8
W 15841 -118  381 1745 127
D 15881  40  324    8
W 15881 -131  382 1745 127
D 15921  40  329   25
W 15921 -143  383 1745 127
D 15961  40  335   25
W 15961 -155  384 1745 127
D 16001  40  341   41
W 16001 -167  385 1746 127
D 16041  40  351   50
W 16041 -179  387 1745 127
D 16081  40  355    8
W 16081 -190  388 1745 127
D 16121  40  360   25
W 16121 -202  389 1746 127
D 16161  40  368   33
W 16161 -215  390 1746 127
D 16201  40  375   25
W 16201 -226  391 1747 127
D 16241  40  383   41
W 16241 -238  392 1746 127
D 16281  40  390   33
W 16281 -250  393 1747 127
D 16321  40  397   33
W 16321 -262  394 1747 -70
D 16361  35  410   66
W 16361 -268  395 1758 -127
D 16401  28  430   83
W 16401 -272  395 1786 -127
D 16441  30  440   33
W 16441 -275  395 1818 -127
D 16481  33  444    8
W 16481 -276  395 1857 -127
D 16521  36  443    0
W 16521 -278  395 1898 -127
D 16561  31  446  -16
W 16561 -277  395 1927 -127
D 16601  37  446   25
W 16601 -274  396 1940 -127
D 16641  32  448   -8
W 16641 -274  396 1957 -127
D 16681  36  445  -16
W 16681 -274  396 1979 -127
D 16721  32  447   -8
W 16721 -274  396 2007 -127
D 16761  35  446   -8
W 16761 -274  396 2040 -127
D 16801  35  447    8
W 16801 -273  396 2077 -127
D 16841  35  449   16
W 16841 -273  396 2114 -127
D 16881  32  455   25
W 16881 -273  396 2152 -127
D 16921  34  455    0
W 16921 -273  396 2195 -127
D 16961  34  454   -8
W 16961 -273  396 2243 -127
D 17001  34  453   -8
W 17001 -273  396 2292 0
D 17041  32  456    8
W 17041 -274  396 2329 0
D 17081  30  460    0
W 17081 -274  395 2352 -40
D 17121  34  460    0
W 17121 -274  395 2378 0
D 17161  35  458    0
W 17161 -274  395 2412 0
D 17201  34  458    0
W 17201 -275  394 2441 0
D 17241  33  462   25
W 17241 -275  393 2462 -54
D 17281  32  464    8
W 17281 -275  392 2482 -54
D 17321  32  466    8
W 17321 -276  392 2507 0
D 17361  31  470   16
W 17361 -276  391 2529 -40
D 17401  32  471    8
W 17401 -276  390 2545 -68
D 17441  31  473    0
W 17441 -276  390 2568 20
D 17481  32  474    8
W 17481 -276  390 2582 20
D 17521  26  483   25
W 17521 -276  390 2584 -40
D 17561  29  484   -8
W 17561 -276  392 2586 -100
D 17601  32  484    8
W 17601 -275  396 2587 -127
D 17641  29  485   -8
W 17641 -274  401 2587 -127
D 17681  30  486    0
W 17681 -273  408 2588 -127
D 17721  31  485   -8
W 17721 -271  415 2588 -127
D 17761 127  485    0
W 17761 -270  423 2586 -127
D 17801 127  486    8
W 17801 -268  430 2586 -127
D 17841 127  485   33
W 17841 -267  438 2585 -127
D 17881 127  491   33
W 17881 -265  448 2584 -127
D 17921 127  508   58
W 17921 -262  458 2584 -127
D 17961 127  525   58
W 17961 -260  469 2583 -127
D 18001 127  540   75
W 18001 -258  479 2583 -127
D 18041 127  556   25
W 18041 -256  490 2583 -127
D 18081 127  580  125
W 18081 -254  500 2581 -127
D 18121 127  616  141
W 18121 -251  512 2581 -127
D 18161 127  654  116
W 18161 -249  523 2583 -60
D 18201 127  680  100
W 18201 -247  533 2583 -45
D 18241 127  718  175
W 18241 -245  543 2584 -45
D 18281 127  754  158
W 18281 -243  553 2584 -45
D 18321 127  794  191
W 18321 -241  562 2585 -45
D 18361 127  841  191
W 18361 -239  570 2585 -45
D 18401 127  887  183
W 18401 -238  578 2586 -45
D 18441 127  938  216
W 18441 -236  585 2587 -45
D 18481 127  990  183
W 18481 -235  591 2588 -45
D 18521 127 1043  258
W 18521 -234  597 2589 -45
D 18561 127 1102  258
W 18561 -233  602 2591 -45
D 18601 127 1160  233
W 18601 -232  607 2592 -45
D 18641   0 1226  275
W 18641 -231  612 2591 -45
D 18681   0 1300  308
W 18681 -230  616 2590 -45
D 18721   0 1368  266
W 18721 -230  619 2588 -45
D 18761 -127 1423  191
W 18761 -229  622 2582 -45
D 18801 -127 1443    0
W 18801 -228  625 2572 -45
D 18841 -127 1446   41
W 18841 -228  629 2557 -45
D 18881 -127 1443    0
W 18881 -227  632 2542 -45
D 18921 -127 1433  -75
W 18921 -226  634 2532 -45
D 18961 -127 1404 -116
W 18961 -225  638 2521 -45
D 19001 -127 1353 -241
W 19001 -224  641 2505 -45
D 19041 -127 1297 -216
W 19041 -223  644 2488 -45
D 19081 -127 1240 -258
W 19081 -222  646 2484 -45
D 19121 -127 1160 -283
W 19121 -222  647 2486 -45
D 19161 -127 1091 -283
W 19161 -221  648 2488 -45
D 19201 -127 1027 -266
W 19201 -221  649 2489 -45
D 19241 -127  965 -250
W 19241 -221  649 2491 -45
D 19281 -127  891 -325
W 19281 -221  650 2491 -45
D 19321 -127  816 -325
W 19321 -220  650 2491 -45
D 19361 -127  738 -308
W 19361 -220  651 2492 -45
D 19401 -127  670 -300
W 19401 -220  651 2492 -45
D 19441 -127  599 -283
W 19441 -220  651 2492 -45
D 19481 -127  518 -333
W 19481 -220  651 2492 -45
D 19521 -127  440 -316
W 19521 -220  640 2700 70
D 19561 -127  355 -316
W 19561 -220  637 2701 127
D 19601 -127  263 -400
W 19601 -220  630 2698 127
D 19641 -127  166 -400
W 19641 -220  623 2695 127
D 19681 -45   76 -383
W 19681 -220  616 2693 127
D 19721 -45  -15 -366
W 19721 -220  607 2690 127
D 19761   0  -15   25
W 19761 -220  598 2690 127
D 19801   0  -17   50
W 19801 -220  587 2690 127
D 19841   0  -25    8
W 19841 -221  578 2694 127
D 19881   0  -25    0
W 19881 -221  568 2695 127
D 19921   0  -25    8
W 19921 -221  558 2697 127
D 19961   0  -26    0
W 19961 -221  547 2698 127
D 20001   0  -25    0
W 20001 -221  536 2700 127
D 20041   0  -26    0
W 20041 -221  524 2702 127
D 20081   0  -26    0
W 20081 -221  513 2704 127
D 20121   0  -26    0
W 20121 -221  501 2706 127
D 20161   0  -26    0
W 20161 -221  490 2707 127
D 20201   0  -26   -8
W 20201 -220  478 2709 127
D 20241   0  -26    0
W 20241 -220  467 2712 127
D 20281   0  -26    0
W 20281 -220  455 2714 127
D 20321   0  -26    0
W 20321 -220  444 2716 127
D 20361   0  -26    0
W 20361 -219  433 2721 127
D 20401   0  -25    8
W 20401 -219  421 2726 127
D 20441   0  -26    0
W 20441 -218  411 2730 127
D 20481   0  -26    0
W 20481 -218  400 2732 127
D 20521   0  -26    0
W 20521 -217  389 2736 127
D 20561   0  -26    0
W 20561 -216  378 2739 127
D 20601   0  -25    8
W 20601 -216  368 2744 127
D 20641   0  -25    8
W 20641 -215  358 2749 127
D 20681   0  -26    0
W 20681 -214  349 2754 127
D 20721   0  -26    0
W 20721 -213  340 2760 127
D 20761   0  -26    0
W 20761 -212  331 2764 127
D 20801   0  -26    0
W 20801 -211  324 2771 127
D 20841   0  -25    8
W 20841 -210  316 2777 127
D 20881   0  -26    0
W 20881 -210  310 2784 127
D 20921  40  -27   -8
W 20921 -209  305 2795 0
D 20961  40  -27    0
W 20961 -209  304 2801 0
D 21001  40  -27    0
W 21001 -209  305 2806 -40
D 21041  40  -26    0
W 21041 -209  308 2821 -100
D 21081  40  -15   66
W 21081 -211  313 2844 -127
D 21121  40   11  116
W 21121 -213  321 2868 -127
D 21161  40   44  158
W 21161 -215  329 2891 -127
D 21201  40   82  158
W 21201 -219  338 2906 -127
D 21241  40  133  233
W 21241 -222  348 2916 -127
D 21281  40  174  233
W 21281 -227  358 2922 -127
D 21321  40  206  125
W 21321 -231  369 2924 -127
D 21361  40  230  100
W 21361 -235  379 2926 -127
D 21401  40  250  125
W 21401 -239  389 2930 -127
D 21441  40  272  100
W 21441 -244  400 2936 -127
D 21481  40  295  116
W 21481 -249  410 2941 -127
D 21521 127  330  141
W 21521 -253  421 2948 -127
D 21561 127  370  200
W 21561 -258  432 2952 -127
D 21601 127  435  283
W 21601 -264  443 2953 -127
D 21641 127  501  200
W 21641 -269  454 2955 -127
D 21681 127  573  275
W 21681 -273  464 2957 -127
D 21721 127  660  375
W 21721 -278  473 2958 -127
D 21761 127  740  358
W 21761 -283  483 2959 -127
D 21801 127  827  383
W 21801 -288  493 2959 -127
D 21841 127  915  358
W 21841 -292  503 2960 -127
D 21881 127 1002  316
W 21881 -297  513 2960 -127
D 21921 127 1090  366
W 21921 -302  523 2960 -60
D 21961 127 1171  333
W 21961 -307  532 2960 -45
D 22001   0 1257  358
W 22001 -311  541 2960 -45
D 22041   0 1347  358
W 22041 -315  549 2959 -45
D 22081   0 1413  233
W 22081 -319  557 2960 -45
D 22121 -127 1440   58
W 22121 -322  564 2958 -45
D 22161 -127 1451   -8
W 22161 -326  571 2954 -45
D 22201 -127 1452  -25
W 22201 -328  576 2955 -45
D 22241 -127 1445  -16
W 22241 -331  582 2961 -45
D 22281 -127 1440  -41
W 22281 -333  587 2958 -45
D 22321 -127 1406 -166
W 22321 -336  593 2955 -45
D 22361 -127 1356 -208
W 22361 -339  598 2955 -45
D 22401 -127 1320 -150
W 22401 -340  600 2957 -45
D 22441 -127 1264 -258
W 22441 -340  601 2960 -45
