DUMP_MONITOR=START
DUMP_MONITOR=MONITOR
D   20 127 -170    0
D   40 127 -170    0
D   60 127 -170    0
D   80 127 -170    0
D  100 127 -170    0
D  120 127 -171   -8
D  140 127 -170    8
D  160 127 -171   -8
D  180 127 -171    0
D  200 127 -168   25
D  220 127 -155  108
D  240 127 -142  108
D  260 127 -129  108
D  280 127 -107  183
D  300 127 -101   50
D  320 127  -84  141
D  340 127  -65  158
D  360 127  -43  183
D  380 127  -20  191
D  400 127    1  175
D  420 127   25  200
D  440 127   47  183
D  460 127   71  200
D  480 127  100  241
D  500 127  129  241
D  520 127  161  266
D  540 127  187  216
D  560 127  220  275
D  580 127  251  258
D  600 127  280  241
D  620 127  313  275
D  640 127  345  266
D  660 127  372  225
D  680 127  403  258
D  700 127  435  266
D  720 127  466  258
D  740 127  498  266
D  760 127  528  250
D  780 127  560  266
D  800 127  589  241
D  820 127  620  258
D  840 127  652  266
D  860 127  685  275
D  880 127  718  275
D  900 127  748  250
D  920 127  781  275
D  940 127  818  308
D  960 127  847  241
D  980 127  881  283
D 1000 127  915  283
D 1020 127  950  291
D 1040 127  986  300
D 1060 127 1021  291
D 1080 127 1059  316
D 1100 127 1100  341
D 1120 127 1142  350
D 1140 127 1181  325
D 1160 127 1220  325
