WHEEL_MONITOR=MONITOR
Y 15888  25    0    0
Y 15908  40    0    0
Y 15928  55    0    0
Y 15948  70   -6  -30
Y 15968  70  -20  -70
Y 15988  85  -38  -90
Y 16008 100  -59 -105
Y 16028 127  -80 -105
Y 16048 127 -115 -175
Y 16068 127 -150 -175
Y 16088 127 -188 -190
Y 16108 127 -230 -210
Y 16128 127 -275 -225
Y 16148 127 -317 -210
Y 16168 127 -370 -265
Y 16188 127 -422 -260
Y 16208 127 -478 -280
Y 16228 127 -541 -315
Y 16248 127 -596 -275
Y 16268 127 -656 -300
Y 16288 127 -719 -315
Y 16308 127 -778 -295
Y 16328 127 -837 -295
Y 16348 127 -904 -335
Y 16368 127 -966 -310
Y 16388 127 -1029 -315
Y 16408 127 -1096 -335
Y 16428 127 -1158 -310
Y 16448 127 -1225 -335
Y 16468 127 -1288 -315
Y 16488 127 -1350 -310
Y 16508 127 -1420 -350
Y 16528 127 -1487 -335
Y 16548 127 -1553 -330
Y 16568 127 -1616 -315
Y 16588 127 -1685 -345
Y 16608 127 -1748 -315
Y 16628 127 -1815 -335
Y 16648 127 -1881 -330
Y 16668 127 -1951 -350
Y 16688 127 -2014 -315
Y 16708 127 -2080 -330
Y 16728 127 -2146 -330
Y 16748 127 -2216 -350
Y 16768 127 -2282 -330
Y 16788 127 -2349 -335
Y 16808 127 -2412 -315
Y 16828 127 -2481 -345
Y 16848 127 -2544 -315
Y 16868 127 -2611 -335
Y 16888 127 -2677 -330
Y 16908 127 -2743 -330
Y 16928 127 -2809 -330
Y 16948 127 -2872 -315
Y 16968 127 -2942 -350
Y 16988 127 -3005 -315
Y 17008 127 -3075 -350
Y 17028 127 -3138 -315
Y 17048 127 -3207 -345
Y 17068 127 -3274 -335
Y 17088 127 -3340 -330
Y 17108 127 -3403 -315
Y 17128 127 -3473 -350
Y 17148 127 -3539 -330
Y 17168 127 -3605 -330
Y 17188 127 -3668 -315
Y 17208 127 -3738 -350
Y 17228 127 -3804 -330
Y 17248 127 -3871 -335
Y 17268 127 -3933 -310
Y 17288 127 -4003 -350
Y 17308 127 -4066 -315
Y 17328 127 -4132 -330
Y 17348 127 -4199 -335
Y 17368 127 -4265 -330
Y 17388 127 -4331 -330
Y 17408 127 -4394 -315
Y 17428 127 -4464 -350
Y 17448 127 -4530 -330
Y 17468 127 -4597 -335
Y 17488 127 -4660 -315
Y 17508 127 -4729 -345
Y 17528 127 -4792 -315
Y 17548 127 -4862 -350
Y 17568 127 -4925 -315
Y 17588 127 -4991 -330
Y 17608 127 -5057 -330
Y 17628 127 -5120 -315
Y 17648 127 -5190 -350
Y 17668 127 -5253 -315
Y 17688 127 -5323 -350
Y 17708 127 -5386 -315
Y 17728 127 -5455 -345
Y 17748 127 -5518 -315
Y 17768 127 -5585 -335
Y 17788 127 -5651 -330
Y 17808 127 -5714 -315
Y 17828 127 -5784 -350
Y 17848 127 -5850 -330
Y 17868 127 -5916 -330
Y 17888 127 -5982 -330
Y 17908 127 -6049 -335
Y 17928 127 -6115 -330
Y 17948 127 -6181 -330
Y 17968 127 -6244 -315
Y 17988 127 -6311 -335
Y 18008 127 -6377 -330
Y 18028 127 -6443 -330
Y 18048 127 -6510 -335
Y 18068 127 -6572 -310
Y 18088 127 -6642 -350
Y 18108 127 -6709 -335
Y 18128 127 -6775 -330
Y 18148 127 -6838 -315
Y 18168 127 -6908 -350
Y 18188 127 -6970 -310
Y 18208 127 -7040 -350
Y 18228 127 -7103 -315
Y 18248 127 -7173 -350
Y 18268 127 -7236 -315
Y 18288 127 -7302 -330
Y 18308 127 -7368 -330
Y 18328 127 -7435 -335
Y 18348 127 -7501 -330
Y 18368 127 -7564 -315
Y 18388 127 -7634 -350
Y 18408 127 -7700 -330
Y 18428 127 -7766 -330
Y 18448 127 -7829 -315
Y 18468 127 -7895 -330
Y 18488 127 -7962 -335
Y 18508 127 -8025 -315
Y 18528 127 -8094 -345
Y 18548 127 -8157 -315
Y 18568 127 -8223 -330
Y 18588 127 -8290 -335
Y 18608 127 -8356 -330
Y 18628 127 -8422 -330
Y 18648 127 -8485 -315
Y 18668 127 -8552 -335
Y 18688 127 -8618 -330
Y 18708 127 -8681 -315
Y 18728 127 -8751 -350
Y 18748 127 -8813 -310
Y 18768 127 -8880 -335
Y 18788 127 -8946 -330
Y 18808 127 -9012 -330
Y 18828 127 -9079 -335
Y 18848 127 -9142 -315
Y 18868 127 -9208 -330
Y 18888  75 -9271 -315
Y 18908  60 -9337 -330
Y 18928  45 -9400 -315
Y 18948  30 -9463 -315
Y 18968  15 -9519 -280
Y 18988   0 -9574 -275
Y 19008   0 -9630 -280
Y 19028   0 -9686 -280
Y 19048   0 -9735 -245
Y 19068   0 -9780 -225
Y 19088   0 -9826 -230
Y 19108   0 -9868 -210
Y 19128   0 -9909 -205
Y 19148   0 -9951 -210
Y 19168   0 -9986 -175
Y 19188   0 -10021 -175
Y 19208   0 -10049 -140
Y 19228   0 -10077 -140
Y 19248   0 -10105 -140
Y 19268   0 -10129 -120
Y 19288   0 -10147  -90
Y 19308   0 -10168 -105
Y 19328   0 -10185  -85
Y 19348   0 -10199  -70
