L: t_push=    70
usercontrol
WHEEL_MONITOR=MONITOR
Y 22933  25    0    0
Y 22953  40    0    0
Y 22973  55   -3  -15
Y 22993  70  -13  -50
Y 23013  85  -27  -70
Y 23033 100  -45  -90
Y 23053 127  -59  -70
Y 23073 127  -80 -105
Y 23093 127 -108 -140
Y 23113 127 -136 -140
Y 23133 127 -171 -175
Y 23153 127 -205 -170
Y 23173 127 -247 -210
Y 23193 127 -289 -210
Y 23213 127 -338 -245
Y 23233 127 -387 -245
Y 23253 127 -436 -245
Y 23273 127 -485 -245
Y 23293 127 -537 -260
Y 23313 127 -582 -225
Y 23333 127 -617 -175
Y 23353 127 -680 -315
Y 23373 127 -729 -245
Y 23393 127 -785 -280
Y 23413 127 -848 -315
Y 23433 127 -904 -280
Y 23453 127 -956 -260
Y 23473 127 -1008 -260
Y 23493 127 -1068 -300
Y 23513 127 -1127 -295
Y 23533 127 -1183 -280
Y 23553 127 -1246 -315
Y 23573 127 -1305 -295
Y 23593 127 -1364 -295
Y 23613 127 -1427 -315
Y 23633 127 -1490 -315
Y 23653 127 -1553 -315
Y 23673 127 -1616 -315
Y 23693 127 -1675 -295
Y 23713 127 -1741 -330
Y 23733 127 -1804 -315
Y 23753 127 -1867 -315
Y 23773 127 -1930 -315
Y 23793 127 -1993 -315
Y 23813 127 -2059 -330
Y 23833 127 -2118 -295
Y 23853 127 -2185 -335
Y 23873 127 -2251 -330
Y 23893 127 -2314 -315
Y 23913 127 -2377 -315
Y 23933 127 -2439 -310
Y 23953 127 -2502 -315
Y 23973 127 -2565 -315
Y 23993 127 -2628 -315
Y 24013 127 -2691 -315
Y 24033 127 -2754 -315
Y 24053 127 -2816 -310
Y 24073 127 -2883 -335
Y 24093 127 -2942 -295
Y 24113 127 -3008 -330
Y 24133 127 -3075 -335
Y 24153 127 -3138 -315
Y 24173 127 -3204 -330
Y 24193 127 -3263 -295
Y 24213 127 -3330 -335
Y 24233 127 -3392 -310
Y 24253 127 -3455 -315
Y 24273 127 -3518 -315
Y 24293 127 -3584 -330
Y 24313 127 -3647 -315
Y 24333 127 -3710 -315
Y 24353 127 -3776 -330
Y 24373 127 -3839 -315
Y 24393 127 -3906 -335
Y 24413 127 -3968 -310
Y 24433 127 -4031 -315
Y 24453 127 -4094 -315
Y 24473 127 -4157 -315
Y 24493 127 -4223 -330
Y 24513 127 -4286 -315
Y 24533 127 -4352 -330
Y 24553 127 -4415 -315
Y 24573 127 -4478 -315
Y 24593 127 -4541 -315
Y 24613 127 -4604 -315
Y 24633 127 -4670 -330
Y 24653 127 -4733 -315
Y 24673 127 -4796 -315
Y 24693 127 -4862 -330
Y 24713 127 -4925 -315
Y 24733 127 -4988 -315
Y 24753 127 -5050 -310
Y 24773 127 -5113 -315
Y 24793 127 -5176 -315
Y 24813 127 -5239 -315
Y 24833 127 -5302 -315
Y 24853 127 -5368 -330
Y 24873 127 -5431 -315
Y 24893 127 -5497 -330
Y 24913 127 -5557 -300
Y 24933 127 -5623 -330
Y 24953 127 -5686 -315
Y 24973 127 -5749 -315
Y 24993 127 -5811 -310
Y 25013 127 -5874 -315
Y 25033 127 -5937 -315
Y 25053 127 -6000 -315
Y 25073 127 -6063 -315
Y 25093 127 -6126 -315
Y 25113 127 -6188 -310
Y 25133 127 -6251 -315
Y 25153 127 -6314 -315
Y 25173 127 -6373 -295
Y 25193 127 -6433 -300
Y 25213 127 -6496 -315
Y 25233 127 -6558 -310
Y 25253 127 -6621 -315
Y 25273 127 -6677 -280
Y 25293 127 -6740 -315
Y 25313 127 -6796 -280
Y 25333 127 -6855 -295
Y 25353 127 -6914 -295
Y 25373 127 -6970 -280
Y 25393 127 -7026 -280
Y 25413 127 -7082 -280
Y 25433 127 -7134 -260
Y 25453 127 -7187 -265
Y 25473 127 -7239 -260
Y 25493 127 -7291 -260
Y 25513 127 -7340 -245
Y 25533 127 -7393 -265
Y 25553 127 -7438 -225
Y 25573 127 -7490 -260
Y 25593 127 -7536 -230
Y 25613 127 -7588 -260
Y 25633 127 -7637 -245
Y 25653 127 -7689 -260
Y 25673 127 -7745 -280
Y 25693 127 -7801 -280
Y 25713 127 -7857 -280
Y 25733 127 -7913 -280
Y 25753 127 -7972 -295
Y 25773 127 -8031 -295
Y 25793 127 -8087 -280
Y 25813 127 -8150 -315
Y 25833 127 -8206 -280
Y 25853 127 -8262 -280
Y 25873 127 -8325 -315
Y 25893 127 -8381 -280
Y 25913 127 -8440 -295
Y 25933  75 -8499 -295
Y 25953  60 -8559 -300
Y 25973  45 -8618 -295
Y 25993  45 -8667 -245
Y 26013  30 -8716 -245
Y 26033  15 -8758 -210
Y 26053   0 -8803 -225
Y 26073   0 -8848 -225
Y 26093   0 -8890 -210
Y 26113   0 -8932 -210
Y 26133   0 -8967 -175
Y 26153   0 -9002 -175
Y 26173   0 -9030 -140
Y 26193   0 -9058 -140
Y 26213   0 -9079 -105
Y 26233   0 -9096  -85
Y 26253   0 -9114  -90
Y 26273   0 -9128  -70
Y 26293   0 -9135  -35
Y 26313   0 -9145  -50
Y 26333   0 -9155  -50
Y 26353   0 -9159  -20
Y 26373   0 -9162  -15
Y 26393   0 -9162    0
