L: t_push=    84
usercontrol
DUMP_MONITOR=START
DUMP_MONITOR=MONITOR
D   21 127 -151    0
D   41 127 -150    8
D   61 127 -150    0
D   81 127 -151   -8
D  101 127 -150    8
D  121 127 -150    0
D  141 127 -149    8
D  161 127 -141   66
D  181 127 -133   66
D  201 127 -121  100
D  221 127 -107  116
D  241 127 -101   50
D  261 127  -90   91
D  281 127  -79   91
D  301 127  -63  133
D  321 127  -51  100
D  341 127  -39  100
D  361 127  -28   91
D  381 127  -10  150
D  401 127    6  133
D  421 127   23  141
D  441 127   38  125
D  461 127   56  150
D  481 127   72  133
D  501 127   93  175
D  521 127  113  166
D  541 127  136  191
D  561 127  156  166
D  581 127  176  166
D  601 127  196  166
D  621 127  219  191
D  641 127  243  200
D  661 127  263  166
D  681 127  283  166
D  701 127  307  200
D  721 127  330  191
D  741 127  348  150
D  761 127  370  183
D  781 127  392  183
D  801 127  413  175
D  821 127  435  183
D  841 127  456  175
D  861 127  479  191
D  881 127  501  183
D  901 127  524  191
D  921 127  546  183
D  941 127  568  183
D  961 127  589  175
D  981 127  613  200
D 1001 127  636  191
D 1021 127  661  208
D 1041 127  685  200
D 1061 127  710  208
D 1081 127  733  191
D 1101 127  759  216
D 1121 127  788  241
D 1141 127  816  233
D 1161 127  840  200
D 1181 127  865  208
D 1201 127  895  250
D 1221 127  926  258
D 1241 127  956  250
D 1261 127  986  250
D 1281 127 1016  250
D 1301 127 1051  291
D 1321 127 1088  308
D 1341 127 1123  291
D 1361 127 1163  333
D 1381 127 1198  291
D 1401 127 1234  300
