% grab successu=fully, rotate, dump, didn't mve badk before dump 1
% wheel_reset has error
% also was using mehod 2 due to ss_monitor error
wheel_init
pre_auton
%  batt 7.21v 7.70v
wheel_init
pre_auton
%  batt 7.21v 7.70v
L: t_push=   108
usercontrol
% -- start auto_a
LMK1
K 30134  450    0    0
WHEEL_MONITOR=MONITOR
W   20  450    0    0
R   20    2   -9 1568
W   40  450    0    0
R   40    2   -9 1569
W   60  450    0    0
R   60    2   -9 1570
W   80  450    0    0
R   80    2   -9 1570
W  100  450    0    0
R  100    2   -9 1571
W  120  450    0    0
R  120    2   -9 1572
W  140  450    0    0
R  140    2   -9 1573
W  160  450    0    0
R  160    2   -9 1575
W  180  450    0    0
R  180    2   -9 1576
W  200  450    0   -1
R  200    1   -9 1577
W  220  450    0   -1
R  220    1   -9 1578
W  240  450    0   -1
R  240    1   -9 1578
W  260  450    0   -1
R  260    1   -9 1579
W  280  450    0   -1
R  280    1   -9 1580
W  300  449    0    0
R  300    2   -9 1581
W  320  449    0   -1
R  320    1   -9 1582
W  340  449    0   -1
R  340    1   -9 1583
W  360  449    0   -1
R  360    1   -9 1584
W  380  449    0   -1
R  380    1   -9 1585
W  400  449    0   -1
R  400    1   -9 1586
W  420  449    0   -1
R  420    1   -9 1588
W  440  449    0    0
R  440    2   -9 1589
W  460  449    0    0
R  460    2   -9 1590
W  480  449    0   -1
R  480    1   -9 1591
W  500  449    0   -1
R  500    1   -9 1592
% -- move curve fwd to grab
W  520  449    0   -1
R  520    1   -9 1592
W  540  449    0    0
R  540    2   -9 1593
W  560  449    0   -1
R  560    2   -8 1594
W  580  449    0   -1
R  580    4   -6 1596
W  600  449    2   -1
R  600    8   -2 1596
W  620  449    3   -1
R  620   12    2 1596
W  640  449    5   -4
R  640   16    8 1597
W  660  449    7   -6
R  660   22   15 1597
W  680  449    9   -8
R  680   28   22 1597
W  700  449   12  -11
R  700   35   31 1595
W  720  449   15  -14
R  720   42   40 1593
W  740  449   18  -16
R  740   51   50 1592
W  760  449   22  -21
R  760   60   62 1590
W  780  449   26  -23
R  780   70   73 1588
W  800  449   30  -28
R  800   80   86 1585
W  820  449   34  -33
R  820   90   99 1583
W  840  448   38  -34
R  840  102  112 1580
W  860  448   42  -41
R  860  112  126 1577
W  880  448   47  -44
R  880  124  140 1575
W  900  447   51  -48
R  900  136  154 1572
W  920  447   56  -51
R  920  148  168 1569
W  940  447   61  -58
R  940  160  184 1567
W  960  446   65  -59
R  960  173  198 1565
W  980  446   70  -64
R  980  186  214 1562
W 1000  445   75  -68
R 1000  198  228 1560
W 1020  444   80  -71
R 1020  212  244 1558
W 1040  444   85  -78
R 1040  224  260 1555
W 1060  443   90  -79
R 1060  238  275 1552
W 1080  442   95  -83
R 1080  252  291 1550
W 1100  442  100  -88
R 1100  265  307 1548
W 1120  441  105  -89
R 1120  279  322 1546
W 1140  440  110  -94
R 1140  292  338 1545
W 1160  439  115  -98
R 1160  306  354 1542
W 1180  438  121  -99
R 1180  321  370 1541
W 1200  437  126 -103
R 1200  335  386 1539
W 1220  437  131 -106
R 1220  349  402 1537
W 1240  436  136 -111
R 1240  363  419 1534
W 1260  434  142 -113
R 1260  378  435 1533
W 1280  433  147 -118
R 1280  392  452 1531
W 1300  432  152 -121
R 1300  406  468 1530
W 1320  431  157 -123
R 1320  420  483 1529
W 1340  430  162 -124
R 1340  435  499 1527
W 1360  429  168 -129
R 1360  449  516 1525
W 1380  428  172 -134
R 1380  462  532 1522
W 1400  427  178 -138
R 1400  476  548 1519
W 1420  425  183 -141
R 1420  490  564 1518
W 1440  424  188 -144
R 1440  504  580 1516
W 1460  423  193 -148
R 1460  518  596 1514
W 1480  421  198 -149
R 1480  533  612 1511
W 1500  420  203 -153
R 1500  547  628 1509
W 1520  419  208 -158
R 1520  560  644 1507
W 1540  417  213 -159
R 1540  575  660 1505
W 1560  416  218 -164
R 1560  588  676 1503
W 1580  414  223 -168
R 1580  602  692 1502
W 1600  413  228 -171
R 1600  616  708 1501
W 1620  411  233 -173
R 1620  630  723 1499
W 1640  410  238 -176
R 1640  644  739 1498
LMK2
K 1640  410  238 -176
W 1660  408  243 -178
R 1660  658  754 1496
W 1680  407  247 -178
R 1680  672  768 1496
% -- carry up arm
DUMP_MONITOR=START
DUMP_MONITOR=MONITOR
W 1700  405  251 -178
R 1700  684  780 1496
D   20  75   -9   -8
W 1720  404  255 -179
R 1720  695  792 1497
D   40  75   -7   16
W 1740  403  259 -179
R 1740  706  803 1497
D   60  75   -8   -8
W 1760  402  262 -181
R 1760  716  814 1495
D   80 127   -8    0
W 1780  401  265 -183
R 1780  724  823 1493
D  100 127   -8    0
W 1800  400  267 -186
R 1800  730  831 1492
D  120 127   -7    8
W 1820  400  269 -188
R 1820  735  837 1492
D  140 127   -4   25
W 1840  399  271 -189
R 1840  740  843 1492
D  160 127   -4    0
W 1860  398  273 -189
R 1860  745  848 1492
D  180 127    8  100
W 1880  398  274 -189
R 1880  749  852 1492
D  200 127   21  108
W 1900  398  275 -191
R 1900  752  856 1493
D  220 127   38  141
W 1920  397  277 -191
R 1920  756  860 1493
D  240 127   53  125
W 1940  397  278 -189
R 1940  760  863 1495
D  260 127   65  100
W 1960  396  279 -191
R 1960  762  866 1496
D  280 127   83  150
W 1980  396  279 -188
R 1980  766  868 1498
D  300 127   96  108
W 2000  396  280 -191
R 2000  767  871 1499
D  320 127  118  183
W 2020  396  280 -191
R 2020  768  872 1499
D  340 127  146  233
W 2040  396  281 -188
R 2040  770  872 1500
D  360  75  173  225
W 2060  395  281 -191
R 2060  770  874 1501
D  380  75  200  225
LMK3
K 2074  395  281 -191
% -- rotate_by
W 2080  395  281 -191
R 2080  770  874 1502
D  400   0  231  258
W 2100  395  281 -191
R 2100  770  874 1503
D  420   0  270  325
W 2120  395  281 -191
R 2120  770  874 1504
D  440   0  302  266
W 2140  395  281 -191
R 2140  770  874 1505
D  460   0  328  216
W 2160  395  281 -194
R 2160  769  875 1504
D  480   0  356  233
W 2180  395  281 -204
R 2180  766  878 1502
D  500   0  383  225
W 2200  395  281 -214
R 2200  764  882 1497
D  520   0  416  275
W 2220  395  282 -228
R 2220  761  887 1489
D  540   0  441  208
W 2240  395  282 -244
R 2240  756  892 1480
D  560   0  463  183
W 2260  395  282 -258
R 2260  752  896 1470
D  580   0  489  216
W 2280  395  282 -276
R 2280  747  902 1459
D  600   0  507  150
W 2300  395  282 -294
R 2300  742  908 1447
D  620   0  524  141
W 2320  395  282 -316
R 2320  736  915 1432
D  640   0  536  100
W 2340  395  282 -339
R 2340  729  922 1416
D  660   0  547   91
W 2360  395  282 -363
R 2360  721  928 1398
D  680   0  552   41
W 2380  395  282 -389
R 2380  713  936 1382
D  700   0  556   33
W 2400  395  282 -413
R 2400  705  942 1363
D  720   0  558   16
W 2420  395  282 -438
R 2420  697  949 1342
D  740   0  561   25
W 2440  396  281 -463
R 2440  689  956 1321
D  760   0  562    8
W 2460  396  281 -491
R 2460  680  964 1300
D  780   0  563    8
W 2480  396  281 -518
R 2480  672  972 1277
D  800   0  563    0
W 2500  396  281 -546
R 2500  664  981 1255
D  820   0  563    0
W 2520  396  281 -578
R 2520  654  990 1229
D  840   0  563    0
W 2540  396  281 -606
R 2540  646  999 1203
D  860   0  563    0
W 2560  396  281 -638
R 2560  636 1008 1176
D  880   0  564    8
W 2580  395  281 -668
R 2580  628 1018 1149
D  900   0  563   -8
W 2600  395  281 -701
R 2600  618 1028 1119
D  920   0  563    0
W 2620  395  281 -734
R 2620  608 1038 1090
D  940   0  563    0
W 2640  395  281 -768
R 2640  598 1048 1060
D  960   0  564    8
W 2660  396  281 -803
R 2660  587 1058 1030
D  980   0  565    8
W 2680  395  281 -834
R 2680  578 1068 1001
D 1000   0  563  -16
W 2700  395  282 -869
R 2700  568 1079  972
D 1020   0  565   16
W 2720  395  282 -904
R 2720  558 1090  942
D 1040   0  564   -8
W 2740  395  282 -938
R 2740  548 1100  912
D 1060   0  564    0
W 2760  395  281 -974
R 2760  538 1112  881
D 1080   0  563   -8
W 2780  394  281 -1008
R 2780  530 1124  851
D 1100   0  564    8
W 2800  393  281 -1041
R 2800  522 1136  822
D 1120   0  551 -108
W 2820  393  281 -1074
R 2820  514 1148  794
D 1140   0  534 -141
W 2840  392  281 -1108
R 2840  506 1160  766
D 1160   0  520 -116
W 2860  391  281 -1139
R 2860  499 1172  738
D 1180   0  506 -116
W 2880  390  280 -1171
R 2880  492 1184  711
D 1200   0  496  -83
W 2900  390  280 -1206
R 2900  483 1196  682
D 1220   0  486  -83
W 2920  390  280 -1236
R 2920  475 1206  654
D 1240   0  470 -133
W 2940  389  280 -1271
R 2940  466 1218  624
D 1260   0  461  -75
W 2960  389  279 -1303
R 2960  458 1229  598
D 1280   0  451  -83
W 2980  388  279 -1334
R 2980  450 1240  567
D 1300   0  437 -116
W 3000  388  278 -1368
R 3000  442 1252  538
D 1320   0  429  -66
W 3020  387  278 -1401
R 3020  434 1264  510
D 1340   0  422  -58
W 3040  387  277 -1434
R 3040  426 1276  483
D 1360   0  411  -91
W 3060  387  277 -1468
R 3060  417 1287  454
D 1380   0  403  -66
rotate_by outLMK4
K 3074  387  277 -1468
% -- move_bkwd w acce chk
W 3080  387  277 -1501
R 3080  408 1298  426
D 1400   0  395  -66
W 3100  386  276 -1531
R 3100  400 1308  396
D 1420   0  389  -50
W 3120  386  276 -1553
R 3120  394 1315  370
D 1440   0  383  -50
W 3140  386  277 -1566
R 3140  389 1318  348
D 1460   0  378  -41
W 3160  387  277 -1574
R 3160  384 1318  333
D 1480   0  373  -41
W 3180  387  279 -1584
R 3180  376 1316  321
LMK50  -25
W 3200  388  281 -1594
R 3200  368 1314  311
D 1520 127  370    0
W 3220  389  283 -1608
R 3220  358 1312  301
D 1540 127  366  -33
W 3240  389  284 -1621
R 3240  350 1312  291
D 1560 127  38
D 1620 127  351    0
W 3320  390  287 -1653
R 3320  331 1312  261
D 1640 127  350   -8
W 3340  390  288 -1661
R 3340  326 1312  255
D 1660 127  350    0
W 3360  391  289 -1666
R 3360  322 1311  2400  391  289 -1666
R 3400  320 1309  254
D 1720 127  398  191
W 3420  391  290 -1668
R 3420  318 1308  254
D 1740  75  429  258
W 3440  391  290 -1671
R 3440  316 1308  253
D 1760  75  455  216
W 27  544  233
W 3520  391  290 -1671
R 3520  316 1308  257
D 1840 127  575  258
W 3540  391  290 -1671
R 3540  316 1308  258
D 1860 127  610  291
W 3560  391  290 -1669
R 3560  317 1308  259
D 1880 681  283
W 3600  391  290 -1671
R 3600  318 1310  260
D 1920 127  717  300
W 3620  391  289 -1673
R 3620  318 1311  262
D 1940 127  750  275
W 3640  391  289 -1674
R 3640  318 1312  263
D 1960 127 1674
R 3700  320 1314  266
D 2020 127  903  333
W 3720  391  289 -1674
R 3720  320 1314  266
D 2040 127  943  333
W 3740  391  289 -1674
R 3740  320 1314  267
D 2060 127  983  333
W 3760  391  289 
W 3800  391  289 -1674
R 3800  320 1314  271
D 2120 -127 1096  300
W 3820  391  289 -1674
R 3820  320 1314  272
D 2140 -127 1129  275
W 3840  391  289 -1674
R 3840  320 1314  272
D 2160 -127 1149 6
R 3900  322 1317  277
D 2220 -127 1155  -33
W 3920  390  287 -1678
R 3920  323 1319  279
D 2240 -127 1151  -33
W 3940  390  287 -1678
R 3940  323 1319  281
D 2260 -127 1148  -25
W 3960  390  287 9
R 4100  322 1319  285
D 2420 -127 1034 -108
W 4120  390  287 -1679
R 4120  322 1319  286
D 2440 -127 1021 -108
W 4140  390  287 -1679
R 4140  322 1319  288
D 2460 -127 1005 -133
W 4160  390  287 
W 4440  389  281 -1666
R 4440  346 1335  313
D 2760 -127  548 -391
W 4460  388  279 -1666
R 4460  350 1339  315
D 2780 -127  499 -408
W 4480  388  278 -1666
R 4480  354 1343  316
D 2800 -127  459 
W 4540  388  277 -1668
R 4540  357 1347  318
D 2860 -127  365 -275
W 4560  388  276 -1666
R 4560  359 1348  318
D 2880 -127  326 -325
W 4580  388  275 -1666
R 4580  362 1351  320
D 2900 -127  280 
W 4640  387  275 -1664
R 4640  364 1352  323
D 2960 -127  182 -233
W 4660  387  275 -1666
R 4660  364 1353  325
D 2980 -127  158 -200
W 4680  387  275 -1666
R 4680  364 1353  326
D 3000 -127  136 
W 4740  387  274 -1663
R 4740  366 1353  333
D 3060 -127   88 -108
W 4760  387  274 -1663
R 4760  366 1353  337
D 3080 -127   78  -83
W 4780  387  274 -1663
R 4780  366 1353  341
D 3100 -127   71 
W 4840  387  274 -1661
R 4840  368 1354  343
D 3160 -127   51  -25
W 4860  387  274 -1663
R 4860  368 1355  342
D 3180 -127   48  -25
W 4880  387  273 -1664
R 4880  368 1356  341
D 3200 -127   46 4
R 4920  368 1356  341
D 3240 -127   41  -33
W 4940  387  273 -1664
R 4940  368 1356  341
D 3260 -127   40   -8
W 4960  387  273 -1664
R 4960  368 1356  341
D 3280 -127   40    0
W 4980  387  274 6
R 5020  367 1356  346
D 3340 -127   38    0
W 5040  387  274 -1666
R 5040  367 1356  345
D 3360 -127   37   -8
W 5060  387  274 -1666
R 5060  367 1356  345
D 3380 -127   37    0
W 5080  387  274 6
R 5120  367 1356  349
D 3440 -127   37    0
W 5140  387  274 -1666
R 5140  367 1356  350
D 3460 -127   36   -8
W 5160  387  274 -1666
R 5160  367 1356  351
D 3480 -127   37    8
W 5180  387  274 6
R 5220  367 1356  354
D 3540 -127   36   -8
W 5240  387  274 -1666
R 5240  367 1356  355
D 3560 -127   36    0
W 5260  387  274 -1666
R 5260  367 1356  356
D 3580 -127   36    0
W 5280  387  274 
W 5320  387  274 -1666
R 5320  367 1356  359
D 3640 -127   36    0
W 5340  387  274 -1666
R 5340  367 1356  360
D 3660 -127   36    0
W 5360  387  274 -1666
R 5360  367 1356  360
D 3680 -127   36 
W 5420  387  274 -1666
R 5420  367 1356  363
D 3740 -127   35   -8
W 5440  387  274 -1666
R 5440  367 1356  364
D 3760 -127   36    8
W 5460  387  274 -1666
R 5460  367 1356  365
D 3780 -127   36 
W 5520  387  274 -1666
R 5520  367 1356  368
D 3840 -127   36    8
W 5540  387  274 -1666
R 5540  367 1356  369
D 3860 -127   36    0
W 5560  387  274 -1666
R 5560  367 1356  370
D 3880 -127   36 
W 5620  387  274 -1666
R 5620  367 1356  373
D 3940 -127   35    0
W 5640  387  274 -1666
R 5640  367 1356  374
D 3960 -127   36    8
W 5660  387  274 -1666
R 5660  367 1356  375
D 3980 -127   36 
W 5720  387  274 -1666
R 5720  367 1356  377
D 4040 -127   35    0
W 5740  387  274 -1666
R 5740  367 1356  378
D 4060 -127   35    0
W 5760  387  274 -1666
R 5760  367 1356  379
D 4080 -127   35 
W 5820  387  274 -1666
R 5820  367 1356  382
D 4140 -127   35    0
W 5840  387  274 -1666
R 5840  367 1356  383
D 4160 -127   35    0
W 5860  387  274 -1666
R 5860  367 1356  384
D 4180 -127   35 6
R 5900  367 1356  386
D 4220 -127   35    0
W 5920  387  274 -1666
R 5920  367 1356  387
D 4240 -127   35    0
W 5940  387  274 -1666
R 5940  367 1356  388
D 4260 -127   35    0
W 5960  387  274 6
R 6000  367 1356  390
D 4320 -127   35    0
W 6020  387  274 -1666
R 6020  367 1356  391
D 4340 -127   35    0
W 6040  387  274 -1666
R 6040  367 1356  392
D 4360 -127   35    0
W 6060  387  274 
W 6140  387  274 -1666
R 6140  367 1356  397
D 4460 -127   35    0
W 6160  387  274 -1666
R 6160  367 1356  398
D 4480 -127   35    0
W 6180  387  274 -1666
R 6180  367 1356  399
D 4500 -127   35 
W 6240  387  274 -1666
R 6240  367 1356  402
D 4560 -127   35    8
W 6260  387  274 -1666
R 6260  367 1356  402
D 4580 -127   35    0
W 6280  387  274 -1666
R 6280  367 1356  403
D 4600 -127   34 6
R 6320  367 1356  405
D 4640 -127   35    0
W 6340  387  274 -1666
R 6340  367 1356  406
D 4660 -127   35    0
W 6360  387  274 -1666
R 6360  367 1356  407
D 4680 -127   34   -8
W 6380  387  274 6
R 6420  367 1356  410
D 4740 -127   34    0
W 6440  387  274 -1666
R 6440  367 1356  411
D 4760 -127   34    0
W 6460  387  274 -1666
R 6460  367 1356  412
D 4780 -127   35    8
W 6480  387  274 6
R 6500  367 1356  414
D 4820 -127   33    0
W 6520  387  274 -1666
R 6520  367 1356  415
D 4840 -127   33    0
W 6540  387  274 -1666
R 6540  367 1356  416
D 4860 -127   33    0
W 6560  387  274 6
R 6600  367 1356  419
D 4920 -127   33    0
W 6620  387  274 -1666
R 6620  367 1356  420
D 4940 -127   33    0
W 6640  387  274 -1666
R 6640  367 1356  421
D 4960 -127   32   -8
W 6660  387  274 6
R 6700  367 1356  424
D 5020 -127   32   -8
W 6720  387  274 -1666
R 6720  367 1356  425
D 5040 -127   32    0
W 6740  387  274 -1666
R 6740  367 1356  426
D 5060 -127   32    0
W 6760  387  274 6
R 6800  367 1356  429
D 5120 -127   33    0
W 6820  387  274 -1666
R 6820  367 1356  430
D 5140 -127   31  -16
W 6840  387  274 -1666
R 6840  367 1356  431
D 5160 -127   32    8
W 6860  387  274 6
R 6900  367 1356  434
D 5220 -127   32   -8
W 6920  387  274 -1666
R 6920  367 1356  435
D 5240 -127   32    0
W 6940  387  274 -1666
R 6940  367 1356  436
D 5260 -127   32    0
W 6960  387  274 
W 7000  387  274 -1666
R 7000  367 1356  439
D 5320 -127   31   -8
W 7020  387  274 -1666
R 7020  367 1356  439
D 5340 -127   32    8
W 7040  387  274 -1666
R 7040  367 1356  440
D 5360 -127   32 
W 7100  387  274 -1666
R 7100  367 1356  443
D 5420 -127   31   -8
W 7120  387  274 -1666
R 7120  367 1356  444
D 5440 -127   31    0
W 7140  387  274 -1666
R 7140  367 1356  445
D 5460 -127   31 
W 7200  387  274 -1666
R 7200  367 1356  448
D 5520 -127   31    0
W 7220  387  274 -1666
R 7220  367 1356  449
D 5540 -127   31    0
W 7240  387  274 -1666
R 7240  367 1356  450
D 5560 -127   31 
W 7300  387  274 -1666
R 7300  367 1356  453
D 5620 -127   32    0
W 7320  387  274 -1666
R 7320  367 1356  454
D 5640 -127   31   -8
W 7340  387  274 -1666
R 7340  367 1356  455
D 5660 -127   32 
W 7400  387  274 -1666
R 7400  367 1356  458
D 5720 -127   32    8
W 7420  387  274 -1666
R 7420  367 1356  459
D 5740 -127   32    0
W 7440  387  274 -1666
R 7440  367 1356  460
D 5760 -127   31 6
R 7500  367 1356  463
D 5820 -127   31   -8
W 7520  387  274 -1666
R 7520  367 1356  464
D 5840 -127   31    0
W 7540  387  274 -1666
R 7540  367 1356  465
D 5860 -127   32    8
W 7560  387  274 6
R 7600  367 1356  468
D 5920 -127   32    8
W 7620  387  274 -1666
R 7620  367 1356  469
D 5940 -127   32    0
W 7640  387  274 -1666
R 7640  367 1356  470
D 5960 -127   32    0
W 7660  387  274 
W 7700  387  274 -1666
R 7700  367 1356  473
D 6020 -127   32    8
W 7720  387  274 -1666
R 7720  367 1356  474
D 6040 -127   31   -8
W 7740  387  274 -1666
R 7740  367 1356  475
D 6060 -127   31 
W 7800  387  274 -1666
R 7800  367 1356  478
D 6120 -127   31    0
W 7820  387  274 -1666
R 7820  367 1356  479
D 6140 -127   31    0
W 7840  387  274 -1666
R 7840  367 1356  480
D 6160 -127   32 
W 7900  387  274 -1666
R 7900  367 1356  483
D 6220 -127   31    0
W 7920  387  274 -1666
R 7920  367 1356  484
D 6240 -127   31    0
W 7940  387  274 -1666
R 7940  367 1356  485
D 6260 -127   31 
W 8000  387  274 -1666
R 8000  367 1356  488
D 6320 -127   31    0
W 8020  387  274 -1666
R 8020  367 1356  489
D 6340 -127   31    0
W 8040  387  274 -1666
R 8040  367 1356  489
D 6360 -127   31 
W 8100  387  274 -1666
R 8100  367 1356  492
D 6420 -127   31    0
W 8120  387  274 -1666
R 8120  367 1356  493
D 6440 -127   31    0
W 8140  387  274 -1666
R 8140  367 1356  494
D 6460 -127   31 
W 8200  387  274 -1666
R 8200  367 1356  497
D 6520 -127   31    0
W 8220  387  274 -1666
R 8220  367 1356  498
D 6540 -127   31    0
W 8240  387  274 -1666
R 8240  367 1356  499
D 6560 -127   31 6
R 8280  367 1356  501
D 6600 -127   31   -8
W 8300  387  274 -1666
R 8300  367 1356  502
D 6620 -127   31    0
W 8320  387  274 -1666
R 8320  367 1356  503
D 6640 -127   31    0
W 8340  387  274 6
R 8380  367 1356  506
D 6700 -127   31    0
W 8400  387  274 -1666
R 8400  367 1356  507
D 6720 -127   31    0
W 8420  387  274 -1666
R 8420  367 1356  508
D 6740 -127   31    0
W 8440  387  274 
W 8480  387  274 -1666
R 8480  367 1356  511
D 6800 -127   31    0
W 8500  387  274 -1666
R 8500  367 1356  512
D 6820 -127   31    0
W 8520  387  274 -1666
R 8520  367 1356  513
D 6840 -127   31 
W 8560  387  274 -1666
R 8560  367 1356  515
D 6880 -127   31    0
W 8580  387  274 -1666
R 8580  367 1356  516
D 6900 -127   31    0
W 8600  387  274 -1666
R 8600  367 1356  517
D 6920 -127   31 
W 8660  387  274 -1666
R 8660  367 1356  520
D 6980 -127   31    0
W 8680  387  274 -1666
R 8680  367 1356  521
D 7000 -127   31    0
W 8700  387  274 -1666
R 8700  367 1356  522
D 7020 -127   31 6
R 8740  367 1356  524
D 7060 -127   31    0
W 8760  387  274 -1666
R 8760  367 1356  525
D 7080 -127   32    8
W 8780  387  274 -1666
R 8780  367 1356  526
D 7100 -127   31   -8
W 8800  387  274 8840  367 1356  529
D 7160 -127   31    0
W 8860  387  274 -1666
R 8860  367 1356  530
D 7180 -127   31    0
W 8880  387  274 -1666
R 8880  367 1356  531
D 7200 -127   31    0
W 8900  387  274 -166-1666
R 8980  367 1356  536
D 7300 -127   31    0
W 9000  387  274 -1666
R 9000  367 1356  537
D 7320 -127   31    0
W 9020  387  274 -1666
R 9020  367 1356  538
D 7340 -127   31    0
W 9040  387  80  367 1356  540
D 7400 -127   30   -8
W 9100  387  274 -1666
R 9100  367 1356  541
D 7420 -127   31    8
W 9120  387  274 -1666
R 9120  367 1356  542
D 7440 -127   31    0
W 9140  387  274 -1666
40  387  274 -1666
R 9540  367 1356  563
D 7860 -127   31    0
W 9560  387  274 -1666
R 9560  367 1356  564
D 7880 -127   31    0
W 9580  387  274 -1666
R 9580  367 1356  565
D 7900 -127   31    0
74 -1666
R 9640  367 1356  568
D 7960 -127   31    0
W 9660  387  274 -1666
R 9660  367 1356  569
D 7980 -127   31    0
W 9680  387  274 -1666
R 9680  367 1356  570
D 8000 -127   31    0
W 9700  38 9740  367 1356  573
D 8060 -127   31   -8
W 9760  387  274 -1666
R 9760  367 1356  574
D 8080 -127   31    0
W 9780  387  274 -1666
R 9780  367 1356  575
D 8100 -127   31    0
W 9800  387  274 -1667 1356  577
D 8140 -127   31    0
W 9840  387  274 -1666
R 9840  367 1356  578
D 8160 -127   31    0
W 9860  387  274 -1666
R 9860  367 1356  579
D 8180 -127   31    0
W 9880  387  274 -1666
R 98882
D 8240 -127   31    0
W 9940  387  274 -1666
R 9940  367 1356  583
D 8260 -127   31    0
W 9960  387  274 -1666
R 9960  367 1356  584
D 8280 -127   31    0
W 9980  387  274 -1666
R 9980  367 135340 -127   31    0
W 10040  387  274 -1666
R 10040  367 1356  588
D 8360 -127   31    0
W 10060  387  274 -1666
R 10060  367 1356  589
D 8380 -127   31    0
W 10080  387  274 -1666
R 10080  367 135440 -127   31    0
W 10140  387  274 -1666
R 10140  367 1356  593
D 8460 -127   32    8
W 10160  387  274 -1666
R 10160  367 1356  594
D 8480 -127   31   -8
W 10180  387  274 -1666
R 10180  367 135540 -127   31    0
W 10240  387  274 -1666
R 10240  367 1356  598
D 8560 -127   31    0
W 10260  387  274 -1666
R 10260  367 1356  599
D 8580 -127   31    0
W 10280  387  274 -1666
R 10280  367 135 10320  367 1356  602
D 8640 -127   31    0
W 10340  387  274 -1666
R 10340  367 1356  603
D 8660 -127   31    0
W 10360  387  274 -1666
R 10360  367 1356  604
D 8680 -127   31    0
W 10380  387  2607
D 8740 -127   31    0
W 10440  387  274 -1666
R 10440  367 1356  608
D 8760 -127   31    0
W 10460  387  274 -1666
R 10460  367 1356  609
D 8780 -127   31    0
W 10480  387  274 -1666
R 10480   31    0
W 10520  387  274 -1666
R 10520  367 1356  612
D 8840 -127   31    0
W 10540  387  274 -1666
R 10540  367 1356  613
D 8860 -127   31    0
W 10560  387  274 -1666
R 10560  367 1356  614
D 8 31    0
W 10620  387  274 -1666
R 10620  367 1356  617
D 8940 -127   31    0
W 10640  387  274 -1666
R 10640  367 1356  618
D 8960 -127   31    0
W 10660  387  274 -1666
R 10660  367 1356  619
D 8 31    0
W 10720  387  274 -1666
R 10720  367 1356  622
D 9040 -127   30   -8
W 10740  387  274 -1666
R 10740  367 1356  623
D 9060 -127   31    8
W 10760  387  274 -1666
R 10760  367 1356  624
D 9356  626
D 9120 -127   31    8
W 10820  387  274 -1666
R 10820  367 1356  627
D 9140 -127   31    0
W 10840  387  274 -1666
R 10840  367 1356  628
D 9160 -127   30   -8
W 10860  387  274 -1666
R 10356  631
D 9220 -127   30   -8
W 10920  387  274 -1666
R 10920  367 1356  632
D 9240 -127   31    8
W 10940  387  274 -1666
R 10940  367 1356  633
D 9260 -127   31    0
W 10960  387  274 -1666
R 10356  636
D 9320 -127   31    0
W 11020  387  274 -1666
R 11020  367 1356  637
D 9340 -127   31    0
W 11040  387  274 -1666
R 11040  367 1356  638
D 9360 -127   31    0
W 11060  387  274 -1666
R 11356  641
D 9420 -127   31    0
W 11120  387  274 -1666
R 11120  367 1356  642
D 9440 -127   30   -8
W 11140  387  274 -1666
R 11140  367 1356  643
D 9460 -127   31    8
W 11160  387  274 -1666
R 11356  646
D 9520 -127   31    0
W 11220  387  274 -1666
R 11220  367 1356  647
D 9540 -127   31    0
W 11240  387  274 -1666
R 11240  367 1356  648
D 9560 -127   31    0
W 11260  387  274 -1666
R 1174 -1666
R 11300  367 1356  651
D 9620 -127   31    0
W 11320  387  274 -1666
R 11320  367 1356  652
D 9640 -127   31    0
W 11340  387  274 -1666
R 11340  367 1356  653
D 9660 -127   30   -8
W 113 31    0
W 11400  387  274 -1666
R 11400  367 1356  656
D 9720 -127   31    0
W 11420  387  274 -1666
R 11420  367 1356  657
D 9740 -127   31    0
W 11440  387  274 -1666
R 11440  367 1356  658
D 9   -8
W 11500  387  274 -1666
R 11500  367 1356  661
D 9820   0   30    0
W 11520  387  274 -1666
R 11520  367 1356  663
D 9840   0   31    8
W 11540  387  274 -1666
R 11540  367 1356  664
D 9860  D 9940   0   30   -8
W 11640  387  274 -1663
R 11640  367 1354  672
D 9960   0   30    0
W 11660  387  274 -1664
R 11660  366 1354  673
D 9980   0   31    8
W 11680  387  275 -1664
R 11680  364 1351720  387  275 -1663
R 11720  364 1351  674
D 10040   0   54   66
W 11740  387  274 -1661
R 11740  366 1352  675
D 10060   0   64   83
W 11760  387  274 -1661
R 11760  366 1352  676
D 10080   0   81820  387  274 -1663
R 11820  366 1353  678
D 10140   0  113   58
W 11840  387  274 -1664
R 11840  366 1354  678
D 10160   0  121   66
W 11860  387  274 -1664
R 11860  366 1354  680
D 10180   0  121920  387  274 -1664
R 11920  366 1354  683
D 10240   0  131   25
W 11940  387  274 -1664
R 11940  366 1354  683
D 10260   0  135   33
W 11960  387  274 -1664
R 11960  366 1354  684
D 10280   0  132060  387  274 -1664
R 12060  366 1354  689
D 10380   0  153  -25
W 12080  387  274 -1663
R 12080  366 1353  690
D 10400   0  153    0
W 12100  387  274 -1663
R 12100  366 1353  691
D 10420   0  152160  387  274 -1664
R 12160  366 1354  694
D 10480   0  153    8
W 12180  387  274 -1664
R 12180  366 1354  695
D 10500   0  153    0
W 12200  387  274 -1664
R 12200  366 1354  696
D 10520   0  150560   0  153    0
W 12260  387  274 -1664
R 12260  366 1354  699
D 10580   0  153    0
W 12280  387  274 -1664
R 12280  366 1354  700
D 10600   0  152   -8
W 12300  387  274 -1664
R 12300  366 1350660   0  153    8
W 12360  387  274 -1664
R 12360  366 1354  704
D 10680   0  153    0
W 12380  387  274 -1663
R 12380  366 1353  705
D 10700   0  153    0
W 12400  387  274 -1664
R 12400  366 1350760   0  153    8
W 12460  387  274 -1664
R 12460  366 1354  709
D 10780   0  153    0
W 12480  387  274 -1664
R 12480  366 1354  710
D 10800   0  153    0
W 12500  387  274 -1664
R 12500  366 1350860   0  153    0
W 12560  387  274 -1664
R 12560  366 1354  714
D 10880   0  152   -8
W 12580  387  274 -1664
R 12580  366 1354  715
D 10900   0  153    8
W 12600  387  274 -1664
R 12600  366 1350960   0  153    8
W 12660  387  274 -1664
R 12660  366 1354  719
D 10980   0  153    0
W 12680  387  274 -1664
R 12680  366 1354  721
D 11000   0  153    0
W 12700  387  274 -1664
R 12700  366 1351060   0  152   -8
W 12760  387  274 -1664
R 12760  366 1354  725
D 11080   0  153    8
W 12780  387  274 -1664
R 12780  366 1354  726
D 11100   0  153    0
W 12800  387  274 -1664
R 12800  366 1352840  387  274 -1664
R 12840  366 1354  729
D 11160   0  151   -8
W 12860  387  274 -1664
R 12860  366 1354  730
D 11180   0  153   16
W 12880  387  274 -1664
R 12880  366 1354  731
D 11200   0  152940  387  274 -1664
R 12940  366 1354  734
D 11260   0  152    8
W 12960  387  274 -1664
R 12960  366 1354  735
D 11280   0  153    8
W 12980  387  274 -1664
R 12980  366 1354  736
D 11300   0  15