wheel_init
pre_auton
%  batt 7.62v 7.81v
usercontrol
DUMP_MONITOR=START
DUMP_MONITOR=MONITOR
WHEEL_MONITOR=MONITOR
D   41 -45  105    0
D   81 -45  106    8
W   81  380   80 1250 0
D  121 -45  105    0
D  161 -45  105   -8
W  161  380   80 1250 0
D  201 -45   88 -100
D  241 -45   57 -125
W  241  380   80 1250 0
D  281 -45   30 -166
D  321 -45   -1 -133
W  321  380   80 1250 0
D  361   0  -10    0
D  401   0  -11    0
W  401  380   79 1249 0
D  441   0  -11   -8
D  481   0  -11    0
W  481  380   79 1251 0
D  521   0  -11    0
D  561   0  -11    0
W  561  379   79 1251 62
D  601   0  -10    8
D  641   0  -11    0
W  641  375   85 1258 62
D  681   0  -11    0
D  721   0  -11    0
W  721  369   94 1278 62
D  761   0  -12   -8
D  801   0  -11    0
W  801  359  106 1304 62
D  841   0  -11    0
D  881   0  -12   -8
W  881  348  119 1331 62
D  921   0  -11    0
D  961   0  -12    0
W  961  334  133 1358 62
D 1001 -45  -12    8
D 1041   0  -19  -58
W 1041  319  147 1382 62
D 1081   0  -10    8
D 1121   0  -12    0
W 1121  304  161 1405 62
D 1161   0  -12   -8
D 1201   0  -12    0
W 1201  287  174 1428 62
D 1241   0   -9   33
D 1281   0  -12    0
W 1281  269  187 1450 62
D 1321   0  -12    0
D 1361   0  -13   -8
W 1361  251  199 1470 62
D 1401   0  -12    0
D 1441   0  -12    0
W 1441  233  211 1485 62
D 1481   0  -12    0
D 1521   0  -12    0
W 1521  215  222 1497 62
D 1561   0  -12    0
D 1601   0  -12    0
W 1601  197  232 1508 62
D 1641 127  -11  -33
D 1681 127  -11    0
W 1681  179  242 1512 127
D 1721 127  -11    0
D 1761 127  -11    0
W 1761  162  252 1505 127
D 1801 127   21  166
D 1841 127   78  250
W 1841  145  261 1497 127
D 1881 127  141  275
D 1921 127  177  133
W 1921  128  271 1500 127
D 1961 127  200  133
D 2001 127  228  150
W 2001  108  282 1502 127
D 2041 127  268  141
D 2081 127  315  191
W 2081   89  294 1500 127
D 2121 127  363  225
D 2161   0  411  200
W 2161   68  306 1501 60
D 2201   0  462  183
D 2241   0  500  141
W 2241   48  317 1503 -70
D 2281   0  536  158
D 2321   0  569  150
W 2321   37  323 1549 -127
D 2361   0  596  100
D 2401   0  611   66
W 2401   30  326 1627 -127
D 2441   0  608   50
D 2481   0  608   16
W 2481   29  326 1703 -127
D 2521   0  607    0
D 2561   0  607   -8
W 2561   29  326 1775 -127
D 2601   0  608    8
D 2641   0  591  -91
W 2641   29  326 1853 -127
D 2681   0  561 -125
D 2721   0  532 -133
W 2721   29  326 1950 -127
D 2761   0  505 -108
D 2801   0  481 -100
W 2801   29  326 2048 -127
D 2841   0  457 -108
D 2881   0  443  -41
W 2881   28  326 2149 -127
D 2921   0  437  -50
D 2961   0  427  -58
W 2961   27  325 2262 -127
D 3001   0  420  -41
D 3041   0  413  -33
W 3041   27  325 2387 -127
D 3081   0  407  -25
D 3121   0  404   -8
W 3121   27  325 2496 0
D 3161   0  394  -50
D 3201   0  380  -58
W 3201   27  325 2557 0
D 3241   0  366  -50
D 3281   0  356  -33
W 3281   27  324 2609 -47
D 3321   0  349  -33
D 3361   0  343  -16
W 3361   26  323 2655 -40
D 3401   0  335  -50
D 3441   0  340  -25
W 3441   26  322 2689 -68
D 3481   0  342    8
D 3521   0  338  -16
W 3521   26  322 2724 20
D 3561   0  340    0
D 3601   0  340   58
W 3601   26  323 2720 -70
D 3641   0  340    8
D 3681   0  341    0
W 3681   26  331 2718 -127
D 3721   0  340   -8
D 3761   0  334  -41
W 3761   26  343 2720 -127
D 3801   0  325  -41
D 3841   0  323   16
W 3841   25  359 2722 -127
D 3881   0  319   -8
D 3921   0  320    0
W 3921   24  380 2718 -127
D 3961   0  318   -8
D 4001   0  317   -8
W 4001   24  403 2710 -127
D 4041 127  318    0
D 4081 127  318    0
W 4081   23  427 2707 -127
D 4121 127  321   25
D 4161 127  337   75
W 4161   23  451 2706 -127
D 4201 127  355   75
D 4241 127  385  141
W 4241   23  475 2708 -127
D 4281 127  421  150
D 4321 127  468  216
W 4321   23  499 2710 -127
D 4361 127  509  191
D 4401 127  558  191
W 4401   22  522 2710 -127
D 4441 127  608  216
D 4481 127  662  233
W 4481   22  545 2710 -127
D 4521 127  716  225
D 4561 127  767  208
W 4561   21  567 2712 -127
D 4601 127  823  241
D 4641 127  876  216
W 4641   21  589 2714 -127
D 4681 127  932  225
D 4721 127  993  266
W 4721   20  605 2761 -30
D 4761   0 1074  358
D 4801   0 1156  333
W 4801   20  606 2804 -30
D 4841 -127 1233  308
D 4881 -127 1289  191
W 4881   20  607 2812 100
D 4921 -127 1296    0
D 4961 -127 1290  -25
W 4961   20  609 2827 127
D 5001 -127 1288    0
D 5041 -127 1286    0
W 5041   19  610 2821 127
D 5081 -127 1275  -75
D 5121 -127 1241  -75
W 5121   19  611 2816 127
D 5161 -127 1203 -166
D 5201 -127 1165 -225
W 5201   19  612 2813 127
D 5241 -127 1116 -250
D 5281 -127 1083 -216
W 5281   19  613 2785 127
D 5321 -127 1017 -291
D 5361 -127  944 -308
W 5361   19  612 2708 127
D 5401 -127  886 -241
D 5441 -127  826 -283
W 5441   19  610 2620 127
D 5481 -127  731 -366
D 5521 -127  638 -391
W 5521   18  608 2537 127
D 5561 -127  563 -291
D 5601 -127  473 -400
W 5601   16  602 2459 127
D 5641 -127  358 -475
D 5681 -127  273 -308
W 5681   11  592 2392 127
D 5721 -127  200 -425
D 5761 -45  109 -350
W 5761    3  579 2356 127
D 5801 -45   35 -308
D 5841 -45  -14  -91
W 5841   -7  565 2321 127
D 5881   0  -18   -8
D 5921   0  -18    0
W 5921  -19  549 2323 30
D 5961   0  -17    8
D 6001   0  -18    0
W 6001  -29  535 2340 -100
D 6041   0  -16    8
D 6081   0  -15    0
W 6081  -35  527 2405 -127
D 6121   0  -15  -75
D 6161   0  -15   -8
W 6161  -37  524 2476 -127
D 6201   0  -17   -8
D 6241   0  -18   -8
W 6241  -38  520 2558 40
D 6281   0  -18    0
D 6321   0  -18  -16
W 6321  -39  512 2606 127
D 6361   0  -17    0
D 6401   0  -18    0
W 6401  -42  498 2624 127
D 6441   0  -18    0
D 6481   0  -19    0
W 6481  -43  482 2641 127
D 6521   0  -21   -8
D 6561   0  -20    0
W 6561  -45  461 2648 127
D 6601   0  -19    8
D 6641   0  -24  -16
W 6641  -47  439 2651 127
D 6681   0  -25  -41
D 6721   0  -20    0
W 6721  -49  416 2659 127
D 6761   0  -20    8
D 6801   0  -20    0
W 6801  -51  392 2668 127
D 6841   0  -20    0
D 6881   0  -20    0
W 6881  -52  368 2676 127
D 6921   0  -20    0
D 6961   0  -22   -8
W 6961  -53  344 2681 127
D 7001   0  -20    0
D 7041   0  -20   -8
W 7041  -54  319 2685 127
D 7081   0  -20    0
D 7121   0  -20    0
W 7121  -54  296 2692 0
D 7161   0  -19    8
D 7201  40  -19    0
W 7201  -55  276 2695 0
D 7241  40  -20   -8
D 7281  40   -9   58
W 7281  -55  262 2708 -40
D 7321  40    5  108
D 7361  40   22   50
W 7361  -54  259 2713 -127
D 7401  40   36   66
D 7441  40   66  116
W 7441  -55  268 2714 -127
D 7481  40  101  158
D 7521  40  153  216
W 7521  -55  286 2714 -127
D 7561  40  182   75
D 7601  40  196   50
W 7601  -56  306 2713 -127
D 7641  28  213   83
D 7681  25  230   75
W 7681  -56  327 2715 -127
D 7721  24  245   66
D 7761  24  256   41
W 7761  -57  350 2717 -127
D 7801  31  258   33
D 7841  24  265   16
W 7841  -57  374 2719 -127
D 7881  27  268   16
D 7921  28  270   16
W 7921  -58  398 2720 -127
D 7961 127  275   33
D 8001 127  283   41
W 8001  -59  423 2720 -127
D 8041 127  309  125
D 8081 127  341  141
W 8081  -60  449 2720 -127
D 8121 127  380  175
D 8161 127  430  225
W 8161  -61  474 2718 -127
D 8201 127  486  233
D 8241 127  549  275
W 8241  -62  498 2720 -127
D 8281 127  620  308
D 8321 127  693  308
W 8321  -62  520 2718 -127
D 8361 127  761  275
D 8401 127  834  333
W 8401  -63  543 2718 -127
D 8441 127  906  300
D 8481 127  983  325
W 8481  -64  565 2719 -127
D 8521 127 1051  308
D 8561 127 1123  291
W 8561  -65  588 2719 -127
D 8601 127 1197  308
D 8641   0 1274  316
W 8641  -65  611 2719 -30
D 8681   0 1341  258
D 8721 -127 1413  283
W 8721  -66  624 2788 -30
D 8761 -127 1453    0
D 8801 -127 1450   25
W 8801  -67  628 2854 -30
D 8841 -127 1447  -25
D 8881 -127 1420 -175
W 8881  -68  631 2865 -30
D 8921 -127 1359 -283
D 8961 -127 1293 -258
W 8961  -69  635 2841 -30
D 9001 -127 1233 -250
D 9041 -127 1140 -433
W 9041  -69  637 2824 -40
D 9081 -127 1055 -333
D 9121 -127  976 -291
W 9121  -69  636 2833 -127
D 9161 -127  918 -208
D 9201 -127  860 -258
W 9201  -69  634 2874 -127
D 9241 -127  774 -258
D 9281 -127  696 -308
W 9281  -67  630 2921 -127
D 9321 -127  643 -208
D 9361 -127  573 -308
W 9361  -66  628 2990 -127
D 9401 -127  491 -333
D 9441 -127  416 -316
W 9441  -64  625 3054 0
D 9481 -127  340 -333
D 9521 -127  254 -391
W 9521  -60  619 3122 127
D 9561 -127  163 -366
D 9601 -45   78 -358
W 9601  -50  609 3173 127
D 9641 -45  -13 -350
D 9681   0  -19    0
W 9681  -37  597 3193 127
D 9721   0  -20    0
D 9761   0  -21  -16
W 9761  -21  584 3205 127
D 9801   0  -21   -8
D 9841   0  -16   -8
W 9841   -4  570 3213 127
D 9881   0  -22   -8
D 9921   0  -21    0
W 9921   13  556 3214 127
D 9961   0  -23  -16
D 10001   0  -19   16
W 10001   32  541 3216 127
D 10041   0  -21    0
D 10081   0  -21    0
W 10081   51  525 3218 127
D 10121   0  -22   -8
D 10161   0  -21    0
W 10161   71  510 3219 127
D 10201   0  -15    8
D 10241   0  -20  -25
W 10241   91  494 3221 127
D 10281   0  -22   -8
D 10321   0  -21    0
W 10321  110  479 3222 127
D 10361   0  -22   -8
D 10401   0  -21    0
W 10401  130  464 3224 127
D 10441   0  -22   -8
D 10481   0  -23  -16
W 10481  151  448 3226 127
D 10521   0  -21    0
D 10561   0  -21    0
W 10561  168  435 3223 127
D 10601   0  -20    8
D 10641   0  -17    8
W 10641  177  428 3174 127
D 10681   0  -16    0
D 10721   0  -17   -8
W 10721  182  423 3104 127
D 10761   0  -17    8
D 10801   0  -18  -16
W 10801  184  420 3032 127
D 10841   0  -31 -108
D 10881   0  -18    8
W 10881  185  419 2940 127
D 10921   0  -19   -8
D 10961   0  -21   -8
W 10961  185  418 2839 127
D 11001   0  -20    8
D 11041   0  -23   58
W 11041  186  412 2748 127
D 11081   0  -19    8
D 11121   0  -19    0
W 11121  187  398 2702 127
D 11161   0  -20    0
D 11201   0  -20    8
W 11201  186  381 2684 127
D 11241   0  -21    0
D 11281   0  -21    0
W 11281  186  361 2680 127
D 11321   0  -21    0
D 11361   0  -22   -8
W 11361  185  339 2683 127
D 11401   0  -21    0
D 11441   0  -19    8
W 11441  185  324 2690 127
D 11481   0  -16   16
D 11521   0  -14    8
W 11521  185  317 2705 127
D 11561   0  -21  -50
D 11601   0  -13    0
W 11601  185  316 2706 127
D 11641   0  -13    8
D 11681   0  -13    0
W 11681  185  315 2704 127
D 11721   0  -14    0
D 11761   0  -13    0
W 11761  185  314 2705 127
D 11801   0  -13    0
D 11841  40  -21  -25
W 11841  185  314 2704 0
D 11881  40  -21    0
D 11921  40  -15   50
W 11921  185  318 2714 0
D 11961  40   -3   33
D 12001  40    3   25
W 12001  184  323 2769 0
D 12041  40   24  108
D 12081  40   64  158
W 12081  183  329 2853 -70
D 12121  40  113  225
D 12161  40  145   75
W 12161  181  338 2868 -127
D 12201  40  173  183
D 12241  23  207  166
W 12241  176  352 2869 -127
D 12281  13  259  275
D 12321  16  295  200
W 12321  171  371 2872 -127
D 12361   4  335  158
D 12401  -2  383  200
W 12401  164  391 2877 -60
D 12441  -8  433  208
D 12481   0  461  150
W 12481  158  411 2868 70
D 12521   2  471   25
D 12561   2  482   50
W 12561  155  423 2818 127
D 12601   4  488   33
D 12641   0  503   75
W 12641  153  431 2750 127
D 12681  -2  516   50
D 12721  -1  521    0
W 12721  153  438 2645 127
D 12761   3  520    0
D 12801   3  518  -16
W 12801  153  439 2520 60
D 12841   5  498 -150
D 12881   0  496  -66
W 12881  154  441 2388 -70
D 12921   9  490  -16
D 12961  11  480  -33
W 12961  159  448 2299 -127
D 13001  13  470  -25
D 13041   9  468    0
W 13041  169  458 2243 -127
D 13081   8  468    0
D 13121   9  467    0
W 13121  181  470 2209 -127
D 13161   8  467    0
D 13201   8  468    8
W 13201  197  483 2195 -127
D 13241   4  479   66
D 13281   4  485   25
W 13281  215  498 2201 -127
D 13321   2  493   33
D 13361   2  500   33
W 13361  233  514 2204 -127
D 13401   1  506   16
D 13441   4  507    8
W 13441  252  530 2205 -127
D 13481   4  506   -8
D 13521   4  508   16
W 13521  272  546 2204 -127
D 13561   5  508    8
D 13601   4  508    0
W 13601  291  563 2203 -127
D 13641   4  507   -8
D 13681   3  508    0
W 13681  311  580 2202 -127
D 13721   4  508    0
D 13761   4  508    0
W 13761  331  596 2204 -127
D 13801   4  508    0
D 13841   4  508    0
W 13841  343  607 2231 -127
D 13881   2  510    0
D 13921   4  510    0
W 13921  351  615 2302 -127
D 13961   4  510    0
D 14001   2  515   33
W 14001  355  620 2400 -127
D 14041   3  515    0
D 14081   3  515    0
W 14081  355  621 2535 -127
D 14121 127  515    0
D 14161 127  513   -8
W 14161  355  623 2678 -127
D 14201 127  518   58
D 14241 127  550   75
W 14241  355  629 2798 -127
D 14281 127  602  241
D 14321 127  656  300
W 14321  352  641 2854 -127
D 14361 127  720  283
D 14401 127  782  300
W 14401  348  656 2900 -30
D 14441 127  853  291
D 14481 127  922  300
W 14481  346  661 2931 -30
D 14521 127 1000  308
D 14561   0 1090  408
W 14561  343  666 2959 -30
D 14601   0 1190  433
D 14641 -127 1294  441
W 14641  341  672 2957 -30
D 14681 -127 1348  150
D 14721 -127 1348   -8
W 14721  340  674 2964 -30
D 14761 -127 1347    0
D 14801 -127 1348  -33
W 14801  338  677 2971 -30
D 14841 -127 1323 -208
D 14881 -127 1289 -100
W 14881  335  682 2977 -30
D 14921 -127 1256 -150
D 14961 -127 1230 -108
W 14961  332  688 2978 -30
D 15001 -127 1195 -133
D 15041   0 1160 -116
W 15041  329  694 2980 0
D 15081   0 1136  -41
