pre_auton
%  batt 7.39v 7.55v
L: t_push=    70
usercontrol
move_fwd();
move_by(120,1000);
WHEEL_MONITOR=MONITOR
P   20    0    0    0
M   20    0    0    0
V   20    0    0 
P   40    0    0    0
M   40    0    0    0
V   40    0    0 
P   60    0    0   -1
M   60    0    0   -1
V   60    8  -83 
P   80    0    0   -3
M   80    0    0   -3
V   80   26  -83 
P  100    0    2   -3
M  100    2    0   -3
V  100   69    0 
P  120    0    3   -3
M  120    3    0   -3
V  120   69    0 
P  140    0    5   -3
M  140    5    0   -3
V  140  104    0 
P  160    0    8   -1
M  160    8    0   -1
V  160  130   83 
P  180    0   11   -3
M  180   11    0   -3
V  180  148  -83 
P  200    0   14    0
M  200   14    0    0
V  200  157  166 
P  220    0   17    0
M  220   17    0    0
V  220  174    0 
P  240    0   21    0
M  240   21    0    0
V  240  209    0 
P  260    0   26    0
M  260   26    0    0
V  260  209    0 
P  280    0   30   -1
M  280   30    0   -1
V  280  218  -83 
P  300    0   35   -1
M  300   35    0   -1
V  300  244    0 
P  320    0   40   -1
M  320   40    0   -1
V  320  244    0 
P  340    0   45   -1
M  340   45    0   -1
V  340  261    0 
P  360    0   50    0
M  360   50    0    0
V  360  253   83 
P  380    0   56    0
M  380   56    0    0
V  380  279    0 
P  400    0   61    0
M  400   61    0    0
V  400  261    0 
P  420    0   67    0
M  420   67    0    0
V  420  279    0 
P  440    0   72    0
M  440   72    0    0
V  440  296    0 
P  460    0   78    0
M  460   78    0    0
V  460  279    0 
P  480    0   84    0
M  480   84    0    0
V  480  279    0 
P  500    0   89   -1
M  500   89    0   -1
V  500  287  -83 
P  520    0   95   -3
M  520   95    0   -3
V  520  287  -83 
P  540    0  101    0
M  540  101    0    0
V  540  296  166 
P  560    0  107   -1
M  560  107    0   -1
V  560  287  -83 
P  580    0  113   -3
M  580  113    0   -3
V  580  287  -83 
P  600    0  119   -6
M  600  119   -1   -6
V  600  296 -166 
P  620    0  124   -9
M  620  124   -2   -9
V  620  296 -166 
wheel_refresh();
move_curve(-5);
P  640    0  130  -11
M  640    5    0  -11
V  640  287  -83 
P  660    0  136  -14
M  660   11   -1  -14
V  660  279 -166 
P  680    0  141  -18
M  680   16   -1  -18
V  680  279 -166 
P  700    0  147  -24
M  700   22   -3  -24
V  700  261 -333 
P  720   -1  152  -28
M  720   27   -3  -28
V  720  261 -166 
P  740   -1  157  -31
M  740   32   -4  -31
V  740  261 -166 
P  760   -1  162  -33
M  760   37   -4  -33
V  760  253  -83 
P  780   -1  167  -34
M  780   42   -5  -34
V  780  253  -83 
P  800   -2  172  -39
M  800   47   -6  -39
V  800  253 -249 
P  820   -2  177  -39
M  820   52   -6  -39
V  820  244    0 
P  840   -2  182  -41
M  840   57   -6  -41
V  840  253  -83 
P  860   -3  187  -44
M  860   62   -7  -44
V  860  244 -166 
P  880   -3  192  -48
M  880   67   -8  -48
V  880  244 -166 
P  900   -4  197  -49
M  900   72   -8  -49
V  900  253  -83 
P  920   -4  202  -49
M  920   77   -8  -49
V  920  244    0 
P  940   -4  207  -53
M  940   82   -9  -53
V  940  244 -166 
P  960   -5  212  -56
M  960   87   -9  -56
V  960  244 -166 
P  980   -5  216  -56
M  980   92   -9  -56
V  980  244    0 
P 1000   -6  222  -59
M 1000   97  -10  -59
V 1000  261 -166 
P 1020   -6  226  -59
M 1020  102  -10  -59
V 1020  244    0 
P 1040   -7  231  -59
M 1040  107  -10  -59
V 1040  244    0 
P 1060   -7  236  -63
M 1060  112  -11  -63
V 1060  244 -166 
P 1080   -8  241  -64
M 1080  117  -11  -64
V 1080  253  -83 
P 1100   -9  246  -68
M 1100  121  -12  -68
V 1100  244 -166 
move_stop();
wait1Msec(1000)
P 1120   -9  251  -69
M 1120  127  -12  -69
V 1120  253  -83 
P 1140  -10  256  -66
M 1140  131  -11  -66
V 1140  226  166 
P 1160  -10  260  -66
M 1160  136  -11  -66
V 1160  244    0 
P 1180  -11  265  -66
M 1180  140  -11  -66
V 1180  209    0 
P 1200  -11  269  -64
M 1200  145  -11  -64
V 1200  218   83 
P 1220  -12  273  -63
M 1220  148  -11  -63
V 1220  183   83 
P 1240  -12  277  -63
M 1240  152  -11  -63
V 1240  209    0 
P 1260  -12  280  -63
M 1260  156  -11  -63
V 1260  174    0 
P 1280  -13  284  -61
M 1280  159  -10  -61
V 1280  165   83 
P 1300  -13  286  -61
M 1300  162  -10  -61
V 1300  139    0 
P 1320  -13  289  -61
M 1320  165  -10  -61
V 1320  139    0 
P 1340  -14  292  -58
M 1340  167  -10  -58
V 1340  122  166 
P 1360  -14  294  -58
M 1360  169  -10  -58
V 1360  104    0 
P 1380  -14  296  -56
M 1380  171   -9  -56
V 1380   95   83 
P 1400  -14  297  -58
M 1400  173  -10  -58
V 1400   78  -83 
P 1420  -14  298  -58
M 1420  174  -10  -58
V 1420   69    0 
P 1440  -15  300  -56
M 1440  175   -9  -56
V 1440   61   83 
P 1460  -15  301  -58
M 1460  177  -10  -58
V 1460   61  -83 
P 1480  -15  302  -58
M 1480  177  -10  -58
V 1480   34    0 
P 1500  -15  302  -58
M 1500  178  -10  -58
V 1500   17    0 
P 1520  -15  302  -56
M 1520  178   -9  -56
V 1520   26   83 
P 1540  -15  302  -56
M 1540  178   -9  -56
V 1540    0    0 
P 1560  -15  302  -56
M 1560  178   -9  -56
V 1560    0    0 
P 1580  -15  302  -56
M 1580  178   -9  -56
V 1580    0    0 
P 1600  -15  302  -56
M 1600  178   -9  -56
V 1600    0    0 
P 1620  -15  302  -56
M 1620  178   -9  -56
V 1620    0    0 
P 1640  -15  302  -56
M 1640  178   -9  -56
V 1640    0    0 
P 1660  -15  302  -56
M 1660  178   -9  -56
V 1660    0    0 
P 1680  -15  302  -56
M 1680  178   -9  -56
V 1680    0    0 
P 1700  -15  302  -56
M 1700  178   -9  -56
V 1700    0    0 
P 1720  -15  302  -56
M 1720  178   -9  -56
V 1720    0    0 
P 1740  -15  302  -56
M 1740  178   -9  -56
V 1740    0    0 
P 1760    0 
P 1800  -15  302  -56
M 1800  178   -9  -56
V 1800    0    0 
P 1820  -15  302  -56
M 1820  178   -9  -56
V 1820    0    0 
P 1840  -15  302  -56
M 1840  178   -9  -56
V 1840    0    0 
P 186
M 1920  178   -9  -56
V 1920    0    0 
P 1940  -15  302  -56
M 1940  178   -9  -56
V 1940    0    0 
P 1960  -15  302  -56
M 1960  178   -9  -56
V 1960    0    0 
P 1980  -15  302  -56
M 1980  175  302  -56
M 2040  178   -9  -56
V 2040    0    0 
P 2060  -15  302  -56
M 2060  178   -9  -56
V 2060    0    0 
P 2080  -15  302  -56
M 2080  178   -9  -56
V 2080    0    0 
P 2100  -15  302  -56  178   -9  -56
V 2160    0    0 
D   21 127 -185   -7
P 2180  -15  302  -56
M 2180  178   -9  -56
V 2180    0    0 
D   41 127 -183   16
P 2200  -15  302  -56
M 2200  178   -9  -56
V 2200    0    M 2280    0    0  -58
V 2280   -8  -83 
D  141 127 -136  158
P 2300  -15  302  -59
M 2300    0    0  -59
V 2300   -8  -83 
D  161 127 -119  141
P 2320  -15  302  -59
M 2320    0    0  -59
V 2320   0   -5  -81
V 2380   -8 -583 
D  241 127  -14  291
P 2400  -15  302  -96
M 2400    0   -8  -96
V 2400  -26 -749 
D  261 127   19  275
P 2420  -15  301 -113
M 2420   -1  -11 -113
V 2420  -17 -833 
D
D  321  19  114  283
P 2480  -15  302 -166
M 2480    0  -23 -166
V 2480   17 -833 
D  341  12  148  283
P 2500  -15  302 -184
M 2500    0  -26 -184
V 2500    8 -916 
D  361   9  179  258
P 2520  -   17 -1499 
D  441  19  237   58
P 2600  -16  304 -311
M 2600    1  -53 -311
V 2600   26 -1416 
D  461  25  240   25
P 2620  -16  304 -343
M 2620    2  -60 -343
V 2620    8 -1583 
D  481  28  240 -1749 
D  561  32  236  -16
P 2720  -17  306 -513
M 2720    3  -95 -513
V 2720   17 -1833 
D  581  33  236    0
P 2740  -17  306 -549
M 2740    4 -103 -549
V 2740   17 -1833 
D  601  31  236    0
P 
D  661  32  225  -83
P 2820  -18  307 -703
M 2820    5 -135 -703
V 2820   34 -1999 
D  681  42  206 -158
P 2840  -19  307 -741
M 2840    6 -143 -741
V 2840   26 -1916 
D  701  51  198  -66
P 2860761  21  197    8
P 2920  -21  307 -896
M 2920    8 -175 -896
V 2920   26 -1916 
D  781  19  198    8
P 2940  -22  307 -936
M 2940    9 -184 -936
V 2940   34 -1999 
D  801   0  199    8
P 2960  -221   0  212   50
P 3000  -23  307 -1044
M 3000   10 -206 -1044
V 3000   34 -1666 
D  861   0  215   25
P 3020  -24  307 -1074
M 3020   11 -213 -1074
V 3020   34 -1499 
D  881   0  216    8
P 3040  -25  307 -1103
M 3040   11 -219 -1103
V 3040   26 -1416 
D  901   0  216    0
P 3060  -25  306 -1131
M 3060   12 -225 -1131
V 3060   43 -1416 
D  921   0  215   -8
P 3080  -27  306 -1156
M 3080   13 -230 -1156
V 3080   61 -1249 
D  941   0  216    8
P 3100  -28  305 -1184
M 3100   15 -236 -1184
V 3100   61 -1416 
D  961   0  216    0
P 3120  -28  305 -1209
M 3120   16 -241 -1209
V 3120   43 -1249 
D  981   0  215   -8
P 3140  -29  305 -1233
M 3140   16 -246 -1233
V 3140   17 -1166 
D 1001   0  214   -8
P 3160  -29  304 -1254
M 3160   17 -250 -1254
V 3160   43 -1083 
D 1021   0  210  -33
P 3180  -30  303 -1273
M 3180   18 -254 -1273
V 3180   61 -916 
D 1041   0  203  -58
P 3200  -32  303 -1293
M 3200   19 -259 -1293
V 3200   69 -999 
D 1061   0  194  -75
P 3220  -32  302 -1309
M 3220   20 -262 -1309
V 3220   52 -833 
D 1081   0  186  -66
P 3240  -33  301 -1324
M 3240   22 -265 -1324
V 3240   61 -749 
D 1101   0  180  -50
P 3260  -34  300 -1339
M 3260   23 -268 -1339
V 3260   61 -749 
D 1121   0  172  -66
P 3280  -35  299 -1353
M 3280   24 -271 -1353
V 3280   69 -666 
D 1141   0  171   -8
P 3300  -36  299 -1363
M 3300   25 -273 -1363
V 3300   52 -499 
D 1161   0  163  -66
P 3320  -37  298 -1373
M 3320   26 -275 -1373
V 3320   52 -499 
D 1181   0  160  -25
P 3340  -37  297 -1378
M 3340   28 -276 -1378
V 3340   61 -249 
D 1201   0  156  -33
P 3360  -38  296 -1386
M 3360   28 -278 -1386
V 3360   43 -416 
D 1221   0  152  -33
P 3380  -39  296 -1393
M 3380   30 -279 -1393
V 3380   52 -333 
D 1241   0  150  -16
P 3400  -39  295 -1396
M 3400   30 -280 -1396
V 3400   34 -166 
D 1261   0  140  -83
P 3420  -40  294 -1403
M 3420   31 -282 -1403
V 3420   34 -333 
D 1281   0  145   41
P 3440  -40  294 -1404
M 3440   31 -282 -1404
V 3440   26  -83 
D 1301   0  131 -116
P 3460  -40  294 -1406
M 3460   32 -282 -1406
V 3460   26  -83 
D 1321   0  123  -66
P 3480  -40  294 -1406
M 3480   32 -282 -1406
V 3480    0    0 
D 1341   0  114  -75
P 3500  -40  294 -1408
M 3500   32 -283 -1408
V 3500    8  -83 
D 1361   0  110  -33
P 3520  -41  293 -1409
M 3520   32 -283 -1409
V 3520    8  -83 
D 1381   0   91 -158
P 3540  -41  293 -1409
M 3540   32 -283 -1409
V 3540    0    0 
D 1401   0   78 -108
P 3560  -41  293 -1409
M 3560   32 -283 -1409
V 3560    0    0 
D 1421   0   70  -66
P 3580  -41  293 -1409
M 3580   32 -283 -1409
V 3580    0    0 
D 1441   0   64  -50
P 3600  -41  293 -1409
M 3600   32 -283 -1409
V 3600    0    0 
D 1461   0   63   -8
P 3620  -41  293 -1409
M 3620   32 -283 -1409
V 3620    0    0 
D 1481   0   61  -16
P 3640  -41  293 -1409
M 3640   32 -283 -1409
V 3640    0    0 
D 1501   0   60   -8
P 3660  -41  293 -1409
M 3660   32 -283 -1409
V 3660    0    0 
D 1521   0   59   -8
P 3680  -41  293 -1409
M 3680   32 -283 -1409
V 3680    0    0 
D 1541   0   58   -8
P 3700  -41  293 -1409
M 3700   32 -283 -1409
V 3700    0    0 
D 1561   0   59    8
P 3720  -41  293 -1409
M 3720   32 -283 -1409
V 3720    0    0 
D 1581   0   59    0
P 3740  -41  293 -1409
M 3740   32 -283 -1409
V 3740    0    0 
D 1601   0   58   -8
P 3760  -41  293 -1409
M 3760   32 -283 -1409
V 3760    0    0 
D 1621   0   59    8
P 3780  -41  293 -1409
M 3780   32 -283 -1409
V 3780    0    0 
D 1641   0   59    0
P 3800  -41  293 -1409
M 3800   32 -283 -1409
V 3800    0    0 
D 1661   0   58   -8
P 3820  -41  293 -1409
M 3820   32 -283 -1409
V 3820    0    0 
D 1681   0   58    0
P 3840  -41  293 -1409
M 3840   32 -283 -1409
V 3840    0    0 
D 1701   0   59    8
P 3860  -41  293 -1409
M 3860   32 -283 -1409
V 3860    0    0 
D 1721   0   58   -8
P 3880  -41  293 -1409
M 3880   32 -283 -1409
V 3880    0    0 
D 1741   0   58    0
P 3900  -41  293 -1409
M 3900   32 -283 -1409
V 3900    0    0 
D 1761   0   58    0
P 3920  -41  293 -1409
M 3920   32 -283 -1409
V 3920    0    0 
D 1781   0   58    0
P 3940  -41  293 -1409
M 3940   32 -283 -1409
V 3940    0    0 
