wheel_init
pre_auton
%  batt 7.56v 7.70v
usercontrol
DUMP_MONITOR=START
DUMP_MONITOR=MONITOR
WHEEL_MONITOR=MONITOR
D   40 -45   27    8
D   80 -45   28    8
W   80  380   80 1250 0
D  120 -45   28    0
D  160 -45   27    0
W  160  380   80 1250 0
D  200 -45   13 -150
D  240   0  -11  -66
W  240  380   80 1250 0
D  280   0  -11    0
D  320   0  -11    8
W  320  380   80 1250 0
D  360   0  -13    0
D  400   0  -13    0
W  400  380   80 1249 0
D  440   0  -13    0
D  480   0  -13    0
W  480  380   80 1250 0
D  520   0  -13    0
D  560   0  -13    0
W  560  379   80 1250 62
D  600   0  -11   16
D  640   0  -11    8
W  640  375   86 1259 62
D  680   0  -13   -8
D  720   0  -13    0
W  720  369   94 1280 62
D  760   0  -13    0
D  800   0  -13    0
W  800  360  105 1302 62
D  840   0  -13    0
D  880   0  -13    0
W  880  349  118 1328 62
D  920   0  -14   -8
D  960   0  -13    0
W  960  336  131 1354 62
D 1000   0  -13    8
D 1040   0  -14   -8
W 1040  322  145 1380 62
D 1080   0  -13    0
D 1120   0  -13    0
W 1120  307  158 1404 62
D 1160   0  -14   -8
D 1200   0  -13    0
W 1200  291  171 1426 62
D 1240   0  -13    8
D 1280   0  -13    0
W 1280  274  183 1448 62
D 1320   0  -13    0
D 1360   0  -13    0
W 1360  257  195 1470 62
D 1400   0  -14    0
D 1440   0  -13    0
W 1440  240  205 1484 62
D 1480   0  -13    8
D 1520   0  -13    0
W 1520  223  216 1490 62
D 1560   0  -13    8
D 1600   0  -13    0
W 1600  206  226 1496 62
D 1640   0  -13    0
D 1680 127  -13    0
W 1680  189  236 1503 92
D 1720 127  -11   16
D 1760 127  -13    0
W 1760  171  246 1504 127
D 1800 127  -14   -8
D 1840 127  -11   16
W 1840  154  256 1501 127
D 1880 127   30  225
D 1920 127   85  250
W 1920  138  265 1496 127
D 1960 127  158  275
D 2000 127  200  116
W 2000  122  274 1503 127
D 2040 127  239  200
D 2080 127  270  125
W 2080  102  286 1503 127
D 2120 127  313  166
D 2160 127  360  208
W 2160   82  297 1502 127
D 2200 127  413  225
D 2240   0  468  200
W 2240   62  309 1503 30
D 2280   0  518  191
D 2320   0  559  191
W 2320   42  320 1509 -100
D 2360   0  595  158
D 2400   0  631  141
W 2400   32  325 1570 -127
D 2440   0  653   66
D 2480   0  659   -8
W 2480   26  327 1657 -127
D 2520   0  658    0
D 2560   0  659  -16
W 2560   26  327 1731 -127
D 2600   0  660   16
D 2640   0  659    0
W 2640   27  327 1811 -127
D 2680   0  657  -16
D 2720   0  634 -100
W 2720   28  327 1891 -127
D 2760   0  608 -100
D 2800   0  578 -133
W 2800   28  327 1988 -127
D 2840   0  548 -125
D 2880   0  520 -108
W 2880   28  327 2084 -127
D 2920   0  496 -100
D 2960   0  470 -100
W 2960   26  326 2188 -127
D 3000   0  450  -75
D 3040   0  436  -41
W 3040   25  326 2316 -127
D 3080   0  417  -66
D 3120   0  402  -66
W 3120   25  325 2443 0
D 3160   0  392  -41
D 3200   0  380  -50
W 3200   25  325 2541 0
D 3240   0  361  -83
D 3280   0  346  -41
W 3280   25  324 2594 0
D 3320   0  336  -33
D 3360   0  330  -25
W 3360   25  323 2635 -54
D 3400   0  326  -33
D 3440   0  326    0
W 3440   24  322 2681 -47
D 3480   0  329   25
D 3520   0  326  -16
W 3520   24  322 2713 20
D 3560   0  325    0
D 3600   0  326    8
W 3600   24  322 2720 -40
D 3640   0  326    0
D 3680   0  328    0
W 3680   24  328 2712 -127
D 3720   0  332   33
D 3760   0  328    0
W 3760   24  340 2713 -127
D 3800   0  327   -8
D 3840   0  326    0
W 3840   24  355 2714 -127
D 3880   0  326    0
D 3920   0  326  -33
W 3920   23  374 2715 -127
D 3960   0  326    0
D 4000   0  326    0
W 4000   23  395 2715 -127
D 4040 127  326    0
D 4080 127  326   -8
W 4080   22  418 2716 -127
D 4120 127  331   41
D 4160 127  350   91
W 4160   21  442 2715 -127
D 4200 127  373  100
D 4240 127  391   50
W 4240   21  465 2716 -127
D 4280 127  413  100
D 4320 127  446   83
W 4320   20  488 2716 -127
D 4360 127  484  158
D 4400 127  529  183
W 4400   19  512 2715 -127
D 4440 127  574  200
D 4480 127  618  158
W 4480   19  535 2715 -127
D 4520 127  670  225
D 4560 127  721  216
W 4560   18  558 2716 -127
D 4600 127  768  183
D 4640 127  823  250
W 4640   18  580 2716 -127
D 4680 127  876  233
D 4720 127  928  208
W 4720   17  600 2734 -127
D 4760 127  994  258
D 4800   0 1075  333
W 4800   17  606 2781 -30
D 4840   0 1160  341
D 4880 -127 1238  316
W 4880   17  605 2787 -30
D 4920 -127 1306  283
D 4960 -127 1326   16
W 4960   17  606 2797 -30
D 5000 -127 1326    0
D 5040 -127 1316  -33
W 5040   16  607 2793 -30
D 5080 -127 1315  -25
D 5120 -127 1274 -225
W 5120   16  607 2797 -30
D 5160 -127 1223 -191
D 5200 -127 1188 -141
W 5200   16  610 2798 -30
D 5240 -127 1135 -216
D 5280 -127 1066 -325
W 5280   16  611 2793 -30
D 5320 -127  985 -333
D 5360 -127  906 -325
W 5360   16  611 2792 -30
D 5400 -127  848 -225
D 5440 -127  778 -358
W 5440   16  611 2792 -30
D 5480 -127  674 -450
D 5520 -127  578 -375
W 5520   16  611 2792 -30
D 5560 -127  501 -325
D 5600 -127  398 -525
W 5600   16  611 2789 127
D 5640 -127  300 -375
D 5680 -127  219 -341
W 5680   16  610 2755 127
D 5720 -45  131 -391
D 5760 -45   41 -366
W 5760   16  606 2715 127
D 5800 -45   -8 -116
D 5840   0  -11  -16
W 5840   16  603 2662 127
D 5880   0  -12    8
D 5920 -45  -10   16
W 5920   16  600 2591 127
D 5960   0  -14  -16
D 6000   0  -15    0
W 6000   14  594 2505 127
D 6040   0  -16    0
D 6080   0  -11   41
W 6080   10  585 2421 127
D 6120   0  -16    0
D 6160   0  -16    0
W 6160    3  572 2368 127
D 6200   0  -17   -8
D 6240   0  -16  -41
W 6240   -7  557 2339 127
D 6280   0  -16    0
D 6320   0  -16    0
W 6320  -20  540 2332 30
D 6360   0  -16    0
D 6400   0  -14   33
W 6400  -32  523 2338 -100
D 6440   0  -13   16
D 6480   0  -13    0
W 6480  -38  515 2395 -127
D 6520   0  -11    0
D 6560   0  -22  -91
W 6560  -40  510 2464 -60
D 6600   0  -12   33
D 6640   0  -16    0
W 6640  -42  506 2531 70
D 6680   0  -16   -8
D 6720   0  -16    0
W 6720  -44  496 2595 127
D 6760   0  -15    0
D 6800   0  -16    0
W 6800  -46  481 2636 127
D 6840   0  -16    0
D 6880   0  -17   -8
W 6880  -48  462 2660 127
D 6920   0  -17    0
D 6960   0  -17    0
W 6960  -50  441 2668 127
D 7000   0  -18   -8
D 7040   0  -18    0
W 7040  -51  418 2670 127
D 7080   0  -17    0
D 7120   0  -18    0
W 7120  -52  394 2672 127
D 7160   0  -18    0
D 7200   0  -18   -8
W 7200  -53  370 2675 127
D 7240   0  -18    0
D 7280   0  -18    0
W 7280  -54  346 2677 127
D 7320   0  -18    0
D 7360   0  -17    0
W 7360  -55  322 2678 127
D 7400   0  -18    0
D 7440   0  -18    0
W 7440  -56  297 2679 127
D 7480  40  -17    8
D 7520  40  -17    0
W 7520  -57  275 2680 0
D 7560  40  -17    0
D 7600  40   -3  116
W 7600  -57  258 2685 0
D 7640  40   43  216
D 7680  40   80  141
W 7680  -58  245 2693 0
D 7720  40   89   50
D 7760  40   88   16
W 7760  -58  240 2712 -40
D 7800  40   88    8
D 7840  40  100   75
W 7840  -58  244 2717 -127
D 7880  40  125  116
D 7920  40  156  116
W 7920  -58  259 2714 -127
D 7960  40  186  125
D 8000  25  212  133
W 8000  -59  277 2710 -127
D 8040  16  250  183
D 8080  12  273   41
W 8080  -59  298 2709 -127
D 8120  17  293   83
D 8160  13  311   50
W 8160  -59  321 2711 -127
D 8200  13  330   75
D 8240  13  345   50
W 8240  -60  345 2712 -127
D 8280  14  353   16
D 8320  18  354    0
W 8320  -60  369 2711 -127
D 8360  19  354    0
D 8400  20  353    0
W 8400  -61  394 2711 -127
D 8440 127  355   16
D 8480 127  354    0
W 8480  -61  419 2712 -127
D 8520 127  360   41
D 8560 127  385  116
W 8560  -62  444 2713 -127
D 8600 127  410  116
D 8640 127  451  191
W 8640  -62  469 2713 -127
D 8680 127  496  208
D 8720 127  549  233
W 8720  -63  493 2714 -127
D 8760 127  609  258
D 8800 127  676  283
W 8800  -63  516 2713 -127
D 8840 127  743  275
D 8880 127  811  316
W 8880  -64  539 2713 -127
D 8920 127  878  300
D 8960 127  946  275
W 8960  -64  561 2713 -127
D 9000 127 1016  275
D 9040 127 1086  291
W 9040  -65  583 2714 -127
D 9080 127 1156  291
D 9120   0 1235  350
W 9120  -65  603 2744 -60
D 9160   0 1333  491
D 9200   0 1426  333
W 9200  -66  608 2782 -30
D 9240 -127 1445   16
D 9280 -127 1441  -16
W 9280  -66  608 2795 -30
D 9320 -127 1451  -25
D 9360 -127 1429 -133
W 9360  -66  608 2792 -30
D 9400 -127 1391 -166
D 9440 -127 1346 -183
W 9440  -67  613 2780 -30
D 9480 -127 1303 -175
D 9520 -127 1245 -258
W 9520  -67  615 2785 -30
D 9560 -127 1168 -341
D 9600 -127 1090 -316
W 9600  -67  615 2785 -70
D 9640 -127 1015 -291
D 9680 -127  958 -241
W 9680  -67  614 2800 -127
D 9720 -127  872 -458
D 9760 -127  786 -408
W 9760  -66  611 2834 -127
D 9800 -127  711 -291
D 9840 -127  643 -291
W 9840  -65  607 2882 -127
D 9880 -127  556 -375
D 9920 -127  474 -325
W 9920  -64  605 2950 -127
D 9960 -127  403 -358
D 10000 -127  321 -350
W 10000  -63  603 3023 -127
D 10040 -127  241 -283
D 10080 -127  155 -341
W 10080  -60  599 3107 40
D 10120 -45   72 -350
D 10160   0  -10 -325
W 10160  -52  590 3164 127
D 10200 -45   -6   41
D 10240   0  -16    0
W 10240  -41  580 3197 127
D 10280   0  -16    8
D 10320   0  -16    0
W 10320  -27  569 3220 127
D 10360   0  -17    0
D 10400   0  -16    8
W 10400  -10  556 3231 127
D 10440   0  -17    0
D 10480   0  -16    0
W 10480    7  542 3234 127
D 10520   0  -16    8
D 10560   0  -17  -16
W 10560   27  528 3234 127
D 10600   0  -17   -8
D 10640   0  -18  -16
W 10640   46  513 3236 127
D 10680   0  -26  -66
D 10720   0  -14    8
W 10720   67  498 3237 127
D 10760   0  -17    8
D 10800   0  -17    0
W 10800   86  484 3237 127
D 10840   0  -18    0
D 10880   0  -17    8
W 10880  107  469 3238 127
D 10920   0  -17    8
D 10960   0  -17    0
W 10960  123  457 3228 127
D 11000   0  -14    8
D 11040   0  -11   16
W 11040  131  450 3160 127
D 11080   0  -10    8
D 11120 -45   -1   75
W 11120  136  446 3093 127
D 11160   0  -13    0
D 11200   0  -10    0
W 11200  137  444 3024 127
D 11240   0  -12   -8
D 11280   0  -11    0
W 11280  138  442 2932 127
D 11320   0  -14  -25
D 11360   0  -13    0
W 11360  139  439 2841 127
D 11400   0  -13    0
D 11440   0  -12  -16
W 11440  140  430 2795 127
D 11480   0  -11   41
D 11520   0  -12   -8
W 11520  143  417 2793 127
D 11560   0  -13    0
D 11600   0  -14   -8
W 11600  145  400 2801 127
D 11640   0  -13    0
D 11680   0  -15   -8
W 11680  149  380 2803 127
D 11720   0  -11   33
D 11760   0  -15    0
W 11760  153  360 2801 127
D 11800   0  -15    0
D 11840   0  -15    0
W 11840  156  342 2792 127
D 11880   0  -14    8
D 11920   0  -13    8
W 11920  158  328 2766 127
D 11960   0  -13    8
D 12000   0  -13    0
W 12000  159  316 2717 127
D 12040   0  -12   16
D 12080   0  -11    8
W 12080  159  306 2667 127
D 12120   0  -12   -8
D 12160  40  -17  -16
W 12160  159  300 2665 0
D 12200  40  -15    8
D 12240  40  -16  -50
W 12240  159  303 2666 0
D 12280  40  -16   -8
D 12320  40  -17  -50
W 12320  159  310 2664 0
D 12360  40  -16   -8
D 12400  40   -8   66
W 12400  160  317 2663 -40
D 12440  40   20  216
D 12480  40   63  166
W 12480  160  328 2664 -127
D 12520  40  118  233
D 12560  40  163  191
W 12560  161  346 2666 -127
D 12600  40  165    8
D 12640  40  180   75
W 12640  162  366 2669 -127
D 12680  40  196  108
D 12720  20  222   91
W 12720  164  388 2672 -60
D 12760  16  256  150
D 12800  29  259   25
W 12800  165  409 2671 70
D 12840  20  270   16
D 12880  26  278   58
W 12880  165  419 2629 127
D 12920  17  299  100
D 12960  16  312   33
W 12960  167  427 2570 127
D 13000  26  310    8
D 13040  24  309    0
W 13040  168  432 2491 127
D 13080  24  306  -25
D 13120  23  308    8
W 13120  169  435 2390 0
D 13160  23  310    8
D 13200  22  314   25
W 13200  174  441 2304 -127
D 13240  22  316    8
D 13280  23  316    0
W 13280  182  451 2254 -127
D 13320  23  320   33
D 13360  22  322   16
W 13360  194  462 2214 -127
D 13400  19  329   33
D 13440  13  341   25
W 13440  210  476 2189 -127
D 13480  18  345   16
D 13520  19  350   33
W 13520  228  490 2180 -127
D 13560  16  356   25
D 13600  15  362   16
W 13600  246  504 2178 -127
D 13640  15  370   41
D 13680  13  378   33
W 13680  266  519 2177 -127
D 13720  14  384   25
D 13760  12  393   41
W 13760  286  535 2178 -127
D 13800  14  395    8
D 13840  12  400   16
W 13840  306  550 2181 -127
D 13880  12  405   16
D 13920  12  409   16
W 13920  326  566 2181 -127
D 13960  12  413   16
D 14000  13  415   16
W 14000  346  582 2182 -127
D 14040  13  415    0
D 14080  13  415    0
W 14080  362  595 2194 -127
D 14120  11  418    8
D 14160  13  418    0
W 14160  370  602 2253 -127
D 14200  12  420    8
D 14240  10  426   33
W 14240  376  608 2340 -127
D 14280   5  435   16
D 14320 127  436    8
W 14320  378  611 2461 -127
D 14360 127  454  116
D 14400 127  483  141
W 14400  380  617 2570 -127
D 14440 127  521  166
D 14480 127  571  258
W 14480  382  628 2637 -30
D 14520 127  635  266
D 14560 127  703  275
W 14560  382  636 2685 -30
D 14600 127  771  300
D 14640 127  855  350
W 14640  382  641 2729 -30
D 14680 127  941  341
D 14720   0 1028  358
W 14720  382  645 2757 -30
D 14760   0 1119  366
D 14800   0 1223  366
W 14800  382  648 2756 -30
D 14840 -127 1308  308
D 14880 -127 1368  116
W 14880  382  650 2752 -30
D 14920 -127 1370    0
D 14960 -127 1371    8
W 14960  382  650 2728 -30
D 15000 -127 1371    0
D 15040 -127 1368  -16
W 15040  382  650 2725 -30
D 15080 -127 1308 -291
D 15120 -127 1238 -250
W 15120  381  652 2727 -30
D 15160 -127 1163 -358
D 15200   0 1087 -308
W 15200  381  653 2734 0
D 15240   0 1015 -275
