THIS IS A GOOD ONE

wheel_init
pre_auton
%  batt 7.80v 8.19v
L: t_push=    70
usercontrol
% -- Start auto_a
DUMP_MONITOR=START
DUMP_MONITOR=MONITOR
WHEEL_MONITOR=MONITOR
D   20 -45   85   16
W   20 -380   80  550
R   20    0    2    0
D   40 -45   84   -8
W   40 -380   80  550
R   40    0    2    0
D   60 -45   85    8
W   60 -380   80  550
R   60    0    2    0
D   80 -45   85    0
W   80 -380   80  550
R   80    0    2    0
D  100 -45   85    0
W  100 -380   80  550
R  100    0    2    0
D  120 -45   85    0
W  120 -380   80  550
R  120    0    2    0
D  140 -45   85    0
W  140 -380   80  550
R  140    0    2    0
D  160 -45   84   -8
W  160 -380   80  550
R  160    0    2    0
D  180 -45   86   16
W  180 -380   80  550
R  180    0    2    0
D  200 -45   83  -25
W  200 -380   80  550
R  200    0    2    0
D  220 -45   68 -125
W  220 -380   80  550
R  220    0    2    0
D  240 -45   52 -133
W  240 -380   80  550
R  240    0    2    0
D  260 -45   33 -158
W  260 -380   80  550
R  260    0    2    0
D  280 -45   14 -158
W  280 -380   80  550
R  280    0    2    0
D  300 -45   -3 -141
W  300 -380   80  550
R  300    0    2    0
D  320   0  -15 -100
W  320 -380   79  550
R  320   -2    2    0
D  340   0  -15    0
W  340 -380   79  550
R  340   -2    2    0
D  360   0  -16   -8
W  360 -380   79  550
R  360   -2    2    0
D  380   0  -15    8
W  380 -380   79  550
R  380   -2    2    0
D  400   0  -17  -16
W  400 -380   79  550
R  400   -2    2    0
D  420   0  -18   -8
W  420 -380   79  550
R  420   -1    2    0
D  440   0  -18    0
W  440 -380   79  550
R  440   -1    2    0
D  460   0  -18    0
W  460 -380   79  550
R  460   -1    2    0
D  480   0  -18    0
W  480 -380   79  550
R  480   -1    2    0
K1  499 -380   79  550
% -- Curved motion to grab cube
D  500   0  -18    0
W  500 -380   79  550
R  500   -1    2    0
D  520   0  -18    0
W  520 -380   79  550
R  520   -1    2    0
D  540   0  -18    0
W  540 -380   80  550
R  540    0    2    0
D  560   0  -18    0
W  560 -379   80  550
R  560    2    5    0
D  580   0  -21  -25
W  580 -378   82  550
R  580    6   10    0
D  600   0  -17   33
W  600 -377   83  548
R  600   10   18   -2
D  620   0  -18   -8
W  620 -375   85  546
R  620   16   26   -4
D  640   0  -18    0
W  640 -374   87  543
R  640   20   34   -7
D  660   0  -18    0
W  660 -373   89  539
R  660   26   45  -11
D  680   0  -18    0
W  680 -371   91  534
R  680   32   54  -16
D  700   0  -18    0
W  700 -369   94  529
R  700   40   66  -21
D  720   0  -17    8
W  720 -367   97  524
R  720   48   77  -26
D  740   0  -17    0
W  740 -365  100  518
R  740   57   90  -32
D  760   0  -18   -8
W  760 -362  103  513
R  760   66  103  -37
D  780   0  -18    0
W  780 -359  106  507
R  780   77  117  -43
D  800   0  -18    0
W  800 -357  110  502
R  800   88  131  -48
D  820   0  -18    0
W  820 -354  113  496
R  820   98  146  -54
D  840   0  -17    8
W  840 -351  116  489
R  840  109  160  -61
D  860   0  -18   -8
W  860 -348  120  483
R  860  120  176  -67
D  880   0  -18    0
W  880 -345  124  478
R  880  132  192  -72
D  900   0  -18    0
W  900 -342  127  472
R  900  144  207  -78
D  920   0  -18    0
W  920 -338  131  467
R  920  156  223  -83
D  940   0  -18    0
W  940 -335  134  462
R  940  170  239  -88
D  960   0  -18    0
W  960 -331  138  457
R  960  182  256  -93
D  980   0  -18    0
W  980 -328  142  453
R  980  196  272  -97
D 1000   0  -18    0
W 1000 -324  145  448
R 1000  208  288 -102
D 1020   0  -18    0
W 1020 -320  149  443
R 1020  222  305 -107
D 1040   0  -18    0
W 1040 -316  153  439
R 1040  236  322 -111
D 1060   0  -18    0
W 1060 -313  157  435
R 1060  250  338 -115
D 1080   0  -18    0
W 1080 -309  160  431
R 1080  264  356 -119
D 1100   0  -18    0
W 1100 -305  164  426
R 1100  278  373 -124
D 1120   0  -18    0
W 1120 -301  168  422
R 1120  292  390 -128
D 1140   0  -18    0
W 1140 -297  171  417
R 1140  306  406 -133
D 1160   0  -18    0
W 1160 -293  175  413
R 1160  320  424 -137
D 1180   0  -18    0
W 1180 -288  179  409
R 1180  335  441 -141
D 1200   0  -18    0
W 1200 -284  182  405
R 1200  350  458 -145
D 1220   0  -18    0
W 1220 -280  186  401
R 1220  365  476 -149
D 1240   0  -18    0
W 1240 -275  190  397
R 1240  380  494 -153
D 1260   0  -18    0
W 1260 -271  193  393
R 1260  394  511 -157
D 1280   0  -18    0
W 1280 -267  197  389
R 1280  408  528 -161
D 1300   0  -18    0
W 1300 -263  200  385
R 1300  423  545 -165
D 1320   0  -18    0
W 1320 -258  204  381
R 1320  438  562 -169
D 1340   0  -18    0
W 1340 -254  207  378
R 1340  452  580 -172
D 1360   0  -18    0
W 1360 -249  211  375
R 1360  467  597 -175
D 1380   0  -18    0
W 1380 -245  214  372
R 1380  482  614 -178
D 1400   0  -18    0
W 1400 -241  217  369
R 1400  496  630 -181
D 1420   0  -18    0
W 1420 -237  220  366
363
R 1440  524  664 -187
D 1460   0  -18    0
W 1460 -228  227  361
R 1460  539  680 -189
D 1480   0  -18    0
W 1480 -224  230  359
R 1480  553  696 -191
D 1500   0  -18    0
W 1500 -219  233    354
R 1540  596  744 -196
D 1560   0  -18    8
W 1560 -206  242  353
R 1560  611  759 -197
D 1580   0  -18    0
W 1580 -202  245  352
R 1580  625  774 -198
D 1600   0  -17    8
W 1600 -198  248  4  814 -203
D 1660 127  -17    8
W 1660 -188  255  347
R 1660  676  826 -203
D 1680 127  -18   -8
W 1680 -185  257  347
R 1680  686  837 -203
D 1700 127  -18    0
W 1700 -182  259  348
D 1740 127  -18   -8
W 1740 -177  263  347
R 1740  712  862 -203
D 1760 127  -18    0
W 1760 -175  264  345
R 1760  718  869 -205
D 1780 127  -14   33
W 1780 -174  265  343
R 1780  724  876207
D 1820 127    7   75
W 1820 -171  267  344
R 1820  734  886 -206
D 1840 127   19  100
W 1840 -169  268  344
R 1840  738  890 -206
D 1860 127   32  108
W 1860 -168  269  344
R 1860  742  894 -20D 1900 127   53  100
W 1900 -166  270  344
R 1900  750  902 -206
D 1920 127   73  166
W 1920 -165  271  344
R 1920  752  905 -206
D 1940 127   93  166
W 1940 -165  271  344
R 1940  754  907 -206
R 2020  758  912 -207
D 2040 127  226  250
W 2040 -163  272  343
R 2040  758  912 -207
K2 2055 -163  272  343
% -- rotate with cube
D 2060   0  258  266
W 2060 -163  272  343
R 2100  758  912 -207
D 2120   0  361  225
W 2120 -163  272  343
R 2120  756  914 -207
D 2140   0  393  266
W 2140 -163  272  339
R 2140  752  918 -211
D 2160   0  423  250
W 2160 -163 272  306
R 2200  736  936 -244
D 2220   0  511  233
W 2220 -163  272  293
R 2220  730  940 -257
D 2240   0  536  208
W 2240 -163  272  280
R 2240  724  946 -270
D 2260   0  558  183
W 2260 -164  272
R 2320  692  974 -328
D 2340   0  618   83
W 2340 -164  272  204
R 2340  683  982 -346
D 2360   0  623   41
W 2360 -164  272  183
R 2360  675  990 -367
D 2380   0  628   41
W 2380 -164  272  161
R5
R 2460  630 1035 -495
D 2480   0  630    0
W 2480 -164  272   26
R 2480  620 1046 -524
D 2500   0  630    0
W 2500 -164  272   -5
R 2500  610 1056 -555
D 2520   0  630    0
W 2520 -164  272  -36
2540  590 1078 -620
D 2560   0  630    0
W 2560 -164  272 -104
R 2560  579 1089 -654
D 2580   0  630    0
W 2580 -164  272 -138
R 2580  568 1101 -688
D 2600   0  630    0
W 2600 -163  272 -173
D 2640   0  630    0
W 2640 -163  271 -244
R 2640  535 1138 -794
D 2660   0  629   -8
W 2660 -163  271 -282
R 2660  524 1150 -832
D 2680   0  629    0
W 2680 -163  271 -317
D 2720   0  630    0
W 2720 -162  271 -381
R 2720  492 1188 -931
D 2740   0  629   -8
W 2740 -162  271 -413
R 2740  482 1200 -963
D 2760   0  629    0
W 2760 -161  270 -443
D 2800   0  613 -116
W 2800 -160  269 -505
R 2800  454 1240 -1055
D 2820   0  595 -150
W 2820 -160  268 -535
R 2820  446 1253 -1085
D 2840   0  576 -158
W 2840 -159  268 -565
R 2840  438 18
W 2880 -158  266 -622
R 2880  424 1290 -1172
D 2900   0  539  -75
W 2900 -158  266 -650
R 2900  416 1299 -1200
D 2920   0  528  -91
W 2920 -158  266 -675
R 2920  407 1306 -1225
D 2940   0  518  - 1312 -1274
D 2980   0  501  -75
W 2980 -159  270 -743
R 2980  381 1310 -1293
D 3000   0  490  -91
W 3000 -160  272 -757
R 3000  372 1308 -1307
D 3020   0  480  -83
W 3020 -161  274 -772
D 3080   0  448  -66
W 3080 -163  284 -812
R 3080  322 1286 -1362
D 3100   0  437  -91
W 3100 -163  288 -824
R 3100  307 1278 -1374
D 3120   0  432  -41
W 3120 -164  292 -835
R 3120  2939 -1413
D 3200   0  389  -75
W 3200 -165  310 -871
R 3200  231 1228 -1421
D 3220   0  378  -91
W 3220 -165  315 -879
R 3220  216 1217 -1429
D 3240   0  372  -50
W 3240 -166  319 -887
R 3240  200 11444
D 3280   0  356  -83
W 3280 -166  330 -900
R 3280  166 1181 -1450
D 3300   0  350  -50
W 3300 -166  335 -909
R 3300  148 1168 -1459
D 3320   0  348  -16
W 3320 -166  341 -918
R 3320  128 1153
D 3360   0  348    0
W 3360 -165  354 -920
R 3360   90 1116 -1470
D 3380   0  348    0
W 3380 -165  360 -918
R 3380   73 1098 -1468
D 3400   0  348    0
W 3400 -165  366 -916
R 3400   56 1080 -14640   20 1042 -1464
D 3460   0  348    0
W 3460 -164  386 -913
R 3460    2 1024 -1463
D 3480   0  348    0
W 3480 -164  392 -911
R 3480  -16 1005 -1461
D 3500   0  348    0
W 3500 -164  398 -909
W 3540 -164  411 -904
R 3540  -70  948 -1454
D 3560   0  348    0
W 3560 -164  418 -902
R 3560  -88  929 -1452
D 3580   0  347   -8
W 3580 -164  424 -900
R 3580 -106  910 -1450
K4 3581
W 3620 -164  437 -897
R 3620 -142  872 -1447
D 3640 127  343  -25
W 3640 -164  443 -896
R 3640 -160  854 -1446
D 3660 127  340  -25
W 3660 -164  450 -896
R 3660 -178  835 -1446
D 3680 127  337  -25720 127  337    0
W 3720 -164  469 -896
R 3720 -234  780 -1446
D 3740 127  336   -8
W 3740 -164  476 -895
R 3740 -252  761 -1445
D 3760 127  340   33
W 3760 -164  482 -895
R 3760 -270  742 -1445
D 4  500 -895
R 3820 -322  690 -1445
D 3840 127  397  158
W 3840 -164  506 -894
R 3840 -338  673 -1444
D 3860 127  420  191
W 3860 -164  512 -893
R 3860 -354  656 -1443
D 3880 127  444  200
W 3880 -1 3920 127  501  250
W 3920 -165  530 -893
R 3920 -404  605 -1443
D 3940 127  530  241
W 3940 -165  535 -892
R 3940 -421  588 -1442
D 3960 127  563  275
W 3960 -165  541 -892
R 3960 -438  572 -1442
127  696  283
W 4040 -165  564 -892
R 4040 -503  507 -1442
D 4060 127  731  291
W 4060 -165  569 -892
R 4060 -518  491 -1442
D 4080 127  760  241
W 4080 -165  575 -891
R 4080 -534  475 -1441
K5 408
R 4100 -550  459 -1441
D 4120 127  834  300
W 4120 -165  586 -891
R 4120 -566  444 -1441
D 4140 127  873  325
W 4140 -166  591 -892
R 4140 -579  430 -1442
D 4160 127  904  258
W 4160 -166  595 -89220 -624  386 -1442
D 4240   0 1060  375
W 4240 -166  610 -892
R 4240 -634  376 -1442
D 4260   0 1101  341
W 4260 -166  612 -892
R 4260 -640  368 -1442
D 4280   0 1144  358
W 4280 -166  614 -891
D 4320 -127 1237  391
W 4320 -166  618 -891
R 4320 -656  352 -1441
D 4340 -127 1288  425
W 4340 -166  620 -891
R 4340 -662  347 -1441
D 4360 -127 1332  366
W 4360 -166  621 -891
D 4420 -127 1366   -8
W 4420 -166  622 -890
R 4420 -668  340 -1440
D 4440 -127 1369   25
W 4440 -166  622 -889
R 4440 -668  340 -1439
D 4460 -127 1360  -75
W 4460 -166  622 -887
R 4500 -668  340 -1435
D 4520 -127 1344  -91
W 4520 -166  622 -885
R 4520 -668  340 -1435
D 4540 -127 1321 -191
W 4540 -166  622 -885
R 4540 -668  340 -1435
D 4560 -127 1290 -258
W 4560 -166  622 -884
R 4600 -668  340 -1434
D 4620 -127 1214 -166
W 4620 -166  622 -884
R 4620 -668  340 -1434
D 4640 -127 1198 -133
W 4640 -166  622 -882
R 4640 -668  340 -1432
D 4660 -127 1176 -183
W 4940 -166  622 -895
R 4940 -668  340 -1445
D 4960 -127  951  -83
W 4960 -166  622 -894
R 4960 -669  339 -1444
D 4980 -127  931 -166
W 4980 -166  623 -891
R 4980 -669  337 -1441
D 5000 -127  853 -441
W 5020 -166  620 -891
R 5020 -664  344 -1441
D 5040 -127  802 -425
W 5040 -166  619 -896
R 5040 -660  348 -1446
D 5060 -127  762 -333
W 5060 -166  618 -897
R 5060 -656  352 -1447
% -- mo99
R 5100 -646  365 -1449
D 5120 -127  631 -450
W 5120 -166  612 -899
R 5120 -640  370 -1449
D 5140 -127  573 -483
W 5140 -166  609 -900
R 5140 -634  378 -1450
D 5160 -127  519 -450
W 5160 -166  608
W 5200 -166  600 -896
R 5200 -602  402 -1446
D 5220 -127  396 -300
W 5220 -166  596 -891
R 5220 -590  409 -1441
D 5240 -127  365 -258
W 5240 -166  594 -887
R 5240 -580  414 -1437
W 5320 -165  577 -872
R 5320 -527  457 -1422
D 5340 -127  186 -266
W 5340 -165  572 -866
R 5340 -512  468 -1416
D 5360 -127  153 -275
W 5360 -165  568 -860
R 5360 -498  478 -1410
D 5380 -45  76 -308
W 5400 -164  558 -846
R 5400 -466  502 -1396
D 5420 -45   36 -333
W 5420 -164  553 -840
R 5420 -448  514 -1390
D 5440 -45   -3 -325
W 5440 -163  548 -834
R 5440 -432  528 -1384
D 5460   0 -18   -8
W 5520 -161  529 -820
R 5520 -371  577 -1370
D 5540   0  -21  -25
W 5540 -160  524 -814
R 5540 -355  588 -1364
D 5560   0  -21    0
W 5560 -159  519 -808
R 5560 -339  600 -1358
D 5580   0 -21    0
W 5600 -158  510 -797
R 5600 -308  624 -1347
D 5620   0  -22   -8
W 5620 -157  505 -793
R 5620 -294  636 -1343
D 5640   0  -22    0
W 5640 -156  501 -788
R 5640 -278  649 -1338
D 5660   0 -22    0
W 5680 -154  491 -774
R 5680 -245  673 -1324
D 5700   0  -23   -8
W 5700 -153  486 -767
R 5700 -228  686 -1317
D 5720   0  -23    0
W 5720 -152  481 -761
R 5720 -212  698 -1311
D 5740   0 -23    0
W 5820 -145  455 -735
R 5820 -128  766 -1285
D 5840   0  -23    0
W 5840 -143  451 -729
R 5840 -112  778 -1279
D 5860   0  -23    0
W 5860 -142  445 -724
R 5860  -95  792 -1274
D 5880   0 -23    0
W 5920 -137  430 -710
R 5920  -44  834 -1260
D 5940   0  -23    0
W 5940 -135  425 -705
R 5940  -27  848 -1255
D 5960   0  -23    0
W 5960 -133  420 -700
R 5960  -10  862 -1250
D 5980   0 -24   -8
W 6000 -129  410 -691
R 6000   24  890 -1241
D 6020   0  -23    8
W 6020 -128  405 -687
R 6020   41  904 -1237
D 6040   0  -23    0
W 6040 -126  400 -682
R 6040   58  918 -1232
D 6060   0 -23    0
W 6100 -119  385 -670
R 6100  108  960 -1220
D 6120   0  -23    0
W 6120 -117  380 -664
R 6120  126  974 -1214
D 6140   0  -23    0
W 6140 -115  375 -660
R 6140  142  988 -1210
D 6160   0 -24   -8
W 6180 -111  365 -650
R 6180  176 1017 -1200
D 6200   0  -24    0
W 6200 -108  360 -645
R 6200  194 1030 -1195
D 6220   0  -23    8
W 6220 -106  355 -639
R 6220  210 1044 -1189
D 6240   0 -24   -8
W 6260 -101  345 -631
R 6260  244 1073 -1181
D 6280   0  -24    0
W 6280  -99  341 -628
R 6280  260 1087 -1178
D 6300   0  -23    8
W 6300  -96  336 -624
R 6300  276 1102 -1174
D 6320   0-91  326 -619
% -- move curve bkwd a bit
D 6360  40  -23    0
W 6360  -89  322 -617
R 6360  324 1145 -1167
D 6380  40  -23    0
W 6380  -87  317 -617
R 6380  338 1159 -1167
D 6400  40  -22    8
W 6420  -82  310 -620
R 6420  362 1186 -1170
D 6440  40  -22    8
W 6440  -81  306 -621
R 6440  374 1198 -1171
D 6460  40  -23   -8
W 6460  -79  302 -624
R 6460  384 1211 -1174
D 6480  40  -21   16
W 6520  -77  299 -626
R 6520  394 1224 -1176
D 6540  40   28  175
W 6540  -77  299 -626
R 6540  392 1223 -1176
D 6560  40   48  166
W 6560  -77  300 -625
R 6560  391 1222 -1175
D 6580  40   63  125
R 6620  376 1211 -1179
D 6640  40   85   58
W 6640  -80  305 -630
R 6640  369 1206 -1180
D 6660  19  100  125
W 6660  -81  307 -632
R 6660  362 1201 -1182
D 6680  12  103   25
R 6700  344 1186 -1182
D 6720  10  132  133
W 6720  -86  316 -630
R 6720  334 1174 -1180
D 6740   7  142   83
W 6740  -87  320 -630
R 6740  322 1162 -1180
D 6760  11  156  116
R 6800  284 1130 -1188
D 6820  11  189  108
W 6820  -95  335 -642
R 6820  270 1118 -1192
D 6840   4  198   75
W 6840  -97  339 -646
R 6840  256 1106 -1196
D 6860   7  198    0
R 6880  227 1082 -1202
D 6900   0  209   25
W 6900 -103  351 -655
R 6900  212 1069 -1205
D 6920   0  213   33
W 6920 -105  356 -660
R 6920  196 1057 -1210
D 6940  10  215   16
R 6960  164 1032 -1222
D 6980  12  216    0
W 6980 -111  370 -677
R 6980  149 1018 -1227
D 7000  13  216    0
W 7000 -113  374 -681
R 7000  133 1006 -1231
D 7020  13  216    0
W 7080 -120  393 -701
R 7080   69  953 -1251
D 7100  12  215   -8
W 7100 -122  398 -707
R 7100   52  940 -1257
D 7120  14  216    8
W 7120 -124  403 -713
R 7120   36  927 -1263
D 7140  12  215   -8
D 7200  18  201  -50
W 7200 -130  423 -736
R 7200  -32  873 -1286
D 7220  20  195  -50
W 7220 -132  429 -742
R 7220  -50  859 -1292
D 7240  20  191  -33
W 7240 -133  434 -747
R 7240  -67  846 7340  21  173   -8
W 7340 -140  460 -768
R 7340 -152  776 -1318
D 7360  18  173    0
W 7360 -141  465 -772
R 7360 -170  761 -1322
D 7380  17  172   -8
W 7380 -142  471 -776
R 7380 -186  746 -1326
0  17  173    0
W 7420 -145  482 -782
R 7420 -220  716 -1332
D 7440  17  173    0
W 7440 -146  487 -787
R 7440 -238  702 -1337
D 7460  17  172   -8
W 7460 -147  493 -792
R 7460 -255  687 -1342
D 74rt to dump
D 7500 127  172    0
W 7500 -149  503 -799
R 7500 -288  658 -1349
D 7520 127  171   -8
W 7520 -150  509 -802
R 7520 -305  643 -1352
D 7540 127  172    8
W 7540 -151  514 -806
R 7540 -322  83
W 7580 -153  525 -811
R 7580 -356  597 -1361
D 7600   0  200   41
W 7600 -154  531 -814
R 7600 -373  582 -1364
D 7620   0  218  150
W 7620 -154  537 -816
R 7620 -390  566 -1366
D 7640 127  237
W 7660 -156  548 -820
R 7660 -424  536 -1370
D 7680 127  283  216
W 7680 -157  553 -822
R 7680 -440  521 -1372
D 7700 127  311  233
W 7700 -158  558 -823
R 7700 -456  506 -1373
D 7720 127  338  22740 -159  569 -826
R 7740 -488  476 -1376
D 7760 127  399  266
W 7760 -160  574 -827
R 7760 -504  462 -1377
D 7780 127  433  283
W 7780 -160  579 -828
R 7780 -519  448 -1378
D 7800 127  468  291
W -162  590 -836
R 7820 -552  420 -1386
D 7840 127  541  308
W 7840 -162  595 -838
R 7840 -567  407 -1388
D 7860 127  575  283
W 7860 -163  600 -840
R 7860 -582  394 -1390
D 7880 127  610  291
W 7880618 -849
R 7940 -639  342 -1399
D 7960 127  753  266
W 7960 -165  623 -851
R 7960 -653  330 -1401
D 7980 127  790  308
W 7980 -165  628 -854
R 7980 -667  318 -1404
D 8000 127  833  358
R 8020 -692  298 -1410
D 8040 127  902  341
W 8040 -166  637 -865
R 8040 -700  294 -1415
D 8060 127  958  466
W 8060 -166  639 -868
R 8060 -708  292 -1418
D 8080 127 1000  350
W 8080 -166  9
R 8140 -720  290 -1429
D 8160 127 1192  375
W 8160 -166  642 -881
R 8160 -721  290 -1431
D 8180   0 1235  358
W 8180 -166  643 -883
R 8180 -724  288 -1433
D 8200   0 1280  375
W 8200 -166  643 -88220 -731  287 -1436
D 8240   0 1371  375
W 8240 -166  645 -885
R 8240 -738  286 -1435
D 8260   0 1408  308
W 8260 -166  647 -885
R 8260 -746  285 -1435
K8 8262 -166  647 -885
% -- Dump 2
D 8280   5   41
W 8300 -167  649 -884
R 8300 -754  284 -1434
D 8320   0 1445    0
W 8320 -167  648 -885
R 8320 -753  286 -1435
D 8340   0 1455   83
W 8340 -166  648 -885
R 8340 -752  287 -1435
D 8360   0 14  0
W 8380 -166  646 -882
R 8380 -748  292 -1432
D 8400 -127 1466    8
W 8400 -166  646 -881
R 8400 -746  293 -1431
D 8420 -127 1465   -8
W 8420 -166  646 -880
R 8420 -746  293 -1430
D 8440 -127 14-66
W 8520 -166  645 -882
R 8520 -745  293 -1432
D 8540 -127 1438  -41
W 8540 -166  645 -881
R 8540 -745  293 -1431
D 8560 -127 1423 -125
W 8560 -166  645 -880
R 8560 -745  293 -1430
D 8580 -127 14258
W 8620 -166  645 -883
R 8620 -745  293 -1433
D 8640 -127 1322 -225
W 8640 -166  645 -885
R 8640 -745  293 -1435
D 8660 -127 1301 -175
W 8660 -166  645 -887
R 8660 -745  293 -1437
D 8680 -127 12233
W 8720 -166  645 -890
R 8720 -745  293 -1440
D 8740 -127 1191 -225
W 8740 -166  645 -890
R 8740 -745  293 -1440
D 8760 -127 1160 -258
W 8760 -166  645 -888
R 8760 -745  294 -1438
D 8780 -127 11275
W 8800 -166  645 -887
R 8800 -745  294 -1437
D 8820 -127 1075 -216
W 8820 -166  644 -885
R 8820 -741  296 -1435
D 8840 -127 1030 -375
W 8840 -166  643 -882
R 8840 -736  299 -1432
D 8860 -127  938 -883
R 8920 -724  314 -1433
D 8940 -127  832 -283
W 8940 -166  637 -884
R 8940 -720  318 -1434
D 8960 -127  795 -308
W 8960 -166  636 -884
R 8960 -716  321 -1434
D 8980 -127  753 -350
W 8980 -1600 -710  326 -1433
D 9020 -127  670 -341
W 9020 -166  632 -883
R 9020 -706  330 -1433
D 9040 -127  633 -308
W 9040 -166  631 -883
R 9040 -702  334 -1433
D 9060 -127  599 -283
W 9060 -166  630 -883
58  577 -1431
D 9560 -127  -32    0
W 9560 -163  540 -882
R 9560 -442  592 -1432
D 9580 -127  -40  -66
W 9580 -163  535 -882
R 9580 -428  608 -1432
D 9600 -127  -33   58
W 9600 -163  530 -882
R 960-1432
D 9640 -127  -31    0
W 9640 -162  519 -883
R 9640 -380  655 -1433
D 9660 -127  -33  -16
W 9660 -162  513 -883
R 9660 -364  671 -1433
D 9680 -127  -35  -16
W 9680 -162  507 -883
R 9680 -348  9720 -162  496 -883
R 9720 -316  720 -1433
D 9740 -127  -34    0
W 9740 -162  491 -883
R 9740 -300  736 -1433
D 9760 -127  -33    8
W 9760 -161  485 -883
R 9760 -284  753 -1433
D 9780 -127  -35  -1 -35   -8
W 9820 -161  467 -884
R 9820 -234  804 -1434
D 9840 -127  -36   -8
W 9840 -161  461 -885
R 9840 -216  820 -1435
D 9860 -127  -34   16
W 9860 -161  455 -885
R 9860 -200  837 -1435
D 9880 -W 9920 -160  439 -886
R 9920 -152  886 -1436
D 9940 -127  -34   -8
W 9940 -160  433 -886
R 9940 -135  903 -1436
D 9960 -127  -36  -16
W 9960 -160  427 -886
R 9960 -118  920 -1436
D 9980 -127  -34  40 -159  403 -887
R 10040  -52  987 -1437
D 10060 -127  -34    8
W 10060 -159  397 -887
R 10060  -34 1004 -1437
D 10080 -127  -34    0
W 10080 -159  392 -887
R 10080  -18 1021 -1437
D 10100 -127  - 10120 -159  380 -886
R 10120   16 1054 -1436
D 10140 -127  -35   -8
W 10140 -159  374 -886
R 10140   32 1070 -1436
D 10160 -127  -35    0
W 10160 -159  368 -887
R 10160   48 1088 -1437
D 10180 -12   0
W 10240 -158  345 -889
R 10240  114 1154 -1439
D 10260 -127  -34    8
W 10260 -158  340 -890
R 10260  129 1170 -1440
D 10280 -127  -34    0
W 10280 -158  334 -891
R 10280  145 1187 -1441
D 103-36  -16
W 10320 -158  323 -892
R 10320  176 1220 -1442
D 10340 -127  -35    8
W 10340 -158  317 -893
R 10340  193 1237 -1443
D 10360 -127  -35    0
W 10360 -157  312 -893
R 10360  209 1253 -1443
D27  -35    0
W 10400 -157  300 -894
R 10400  241 1286 -1444
D 10420 -127  -34    8
W 10420 -157  295 -894
R 10420  257 1302 -1444
D 10440 -127  -34    0
W 10440 -157  289 -895
R 10440  272 1318 -140 -127  -34    0
W 10480 -157  278 -896
R 10480  304 1350 -1446
D 10500 -127  -35   -8
W 10500 -157  273 -897
R 10500  319 1366 -1447
D 10520 -127  -28   58
W 10520 -157  268 -891
R 10520  334 13780560  40  -36  -25
W 10560 -157  261 -889
R 10560  356 1398 -1439
D 10580  40  -36    0
W 10580 -157  258 -890
R 10580  363 1406 -1440
D 10600  40  -36    0
W 10600 -157  256 -891
R 10600  368 14100660  40  -35    0
W 10660 -157  254 -899
R 10660  374 1418 -1449
D 10680  40  -34    8
W 10680 -157  254 -893
R 10680  374 1418 -1443
D 10700  40  -36  -16
W 10700 -157  255 -889
R 10700  370 14140740  40   -1  141
W 10740 -157  259 -876
R 10740  362 1400 -1426
D 10760  40   12  108
W 10760 -157  262 -868
R 10760  357 1390 -1418
D 10780   0   31  158
W 10780 -157  265 -859
R 10780  352 13780880  13  108  183
W 10880 -159  283 -830
R 10880  310 1317 -1380
D 10900   3  131  191
W 10900 -159  287 -826
R 10900  300 1304 -1376
D 10920   0  158  225
W 10920 -160  291 -824
R 10920  288 12900960   1  195  166
W 10960 -161  300 -819
R 10960  264 1262 -1369
D 10980  -2  211  133
W 10980 -162  304 -816
R 10980  252 1249 -1366
D 11000   0  228  141
W 11000 -162  309 -811
R 11000  240 12341080 -12  311  175
W 11080 -166  329 -791
R 11080  190 1170 -1341
D 11100 -13  315   33
W 11100 -167  334 -787
R 11100  176 1154 -1337
D 11120   0  326   91
W 11120 -168  339 -782
R 11120  164 11381160  -6  342   58
W 11160 -170  349 -771
R 11160  138 1106 -1321
D 11180   0  346   33
W 11180 -171  354 -767
R 11180  124 1089 -1317
D 11200   0  352   50
W 11200 -172  359 -762
R 11200  110 1072
D 11240  -4  360   25
W 11240 -175  369 -752
R 11240   83 1038 -1302
D 11260  -3  360    0
W 11260 -176  375 -746
R 11260   69 1020 -1296
D 11280  -1  360    0
W 11280 -178  380 -741
R 11280   56 1285
D 11320  -1  360   -8
W 11320 -181  390 -730
R 11320   28  968 -1280
D 11340   0  360    0
W 11340 -182  396 -725
R 11340   14  951 -1275
D 11360  -1  360    0
W 11360 -184  401 -719
R 11360  17 -1264
D 11400 127  360    0
W 11400 -187  411 -709
R 11400  -28  900 -1259
D 11420 127  360    0
W 11420 -189  416 -703
R 11420  -42  882 -1253
D 11440 127  357  -25
W 11440 -191  421 -697
R 114 -1232
D 11520   0  350    0
W 11520 -199  442 -678
R 11520 -114  796 -1228
D 11540   0  351    8
W 11540 -201  448 -673
R 11540 -130  778 -1223
D 11560   0  353   16
W 11560 -203  452 -669
R 1156017
D 11600 127  403  250
W 11600 -208  463 -664
R 11600 -174  728 -1214
D 11620 127  435  266
W 11620 -210  468 -661
R 11620 -188  711 -1211
D 11640 127  478  358
W 11640 -212  472 -659
R 11640 -2060 127  775  416
W 11760 -224  499 -649
R 11760 -281  607 -1199
D 11780 127  831  466
W 11780 -226  503 -646
R 11780 -293  592 -1196
D 11800 127  885  450
W 11800 -228  507 -642
R 11800 -304  578 -  341
W 11980 -248  545 -582
R 11980 -410  438 -1132
D 12000   0 1369  350
W 12000 -251  549 -573
R 12000 -422  420 -1123
D 12020   0 1400  258
W 12020 -254  554 -563
R 12020 -434  403 -1113
D 12040   0 1432  266
W 12040 -256  558 -555
R 12040 -446  386 -1105
D 12060   0 1441   75
W 12060 -259  562 -546
R 12060 -456  370 -1096
D 12080   0 1445   33
W 12080 -261  565 -537
R 12080 -466  356 -1087
D 12100   0 1451   50
W 12100 -264  568 -528
R 12100 -476  342 -1078
D 12120   0 1459   66
W 12120 -267  572 -521
R 12120 -486  324 -1071
D 12140   0 1455  -33
W 12140 -270  576 -512
R 12140 -497  306 -1062
D 12160   0 1453  -16
W 12160 -274  581 -504
R 12160 -510  286 -1054
D 12180   0 1456   25
W 12180 -277  585 -497
R 12180 -522  266 -1047
D 12200   0 1453  -25
W 12200 -281  590 -490
R 12200 -536  246 -1040
D 12220   0 1453    0
W 12220 -285  594 -483
R 12220 -548  226 -1033
D 12240   0 1453    0
W 12240 -288  598 -476
R 12240 -560  209 -1026
D 12260   0 1453    0
W 12260 -291  601 -469
R 12260 -570  194 -1019
D 12280   0 1453    0
W 12280 -293  603 -462
R 12280 -577  181 -1012
D 12300   0 1454    8
W 12300 -296  606 -454
R 12300 -583  167 -1004
D 12320   0 1455    8
W 12320 -298  608 -447
R 12320 -590  157 -997
D 12340   0 1455    0
W 12340 -300  610 -441
R 12340 -594  148 -991
D 12360   0 1455    0
W 12360 -301  611 -436
R 12360 -596  142 -986
D 12380   0 1450  -41
W 12380 -301  611 -431
R 12380 -596  136 -981
D 12400   0 1438 -100
W 12400 -302  612 -427
R 12400 -596  132 -977
D 12420   0 1421 -141
W 12420 -302  612 -424
R 12420 -596  130 -974
D 12440   0 1410  -91
W 12440 -302  612 -422
R 12440 -596  128 -972
D 12460   0 1402  -66
W 12460 -302  612 -422
R 12460 -596  128 -972
D 12480   0 1389 -108
W 12480 -302  612 -424
R 12480 -597  128 -974
D 12500   0 1368 -175
W 12500 -302  612 -427
R 12500 -597  128 -977
D 12520   0 1342 -216
W 12520 -302  612 -430
R 12520 -597  128 -980
D 12540   0 1316 -216
W 12540 -302  612 -434
R 12540 -597  128 -984
D 12560   0 1289 -225
W 12560 -302  612 -439
R 12560 -597  128 -989
D 12580 -127 1258 -258
W 12580 -302  612 -444
R 12580 -597  128 -994
D 12600 -127 1232 -216
W 12600 -302  612 -449
R 12600 -597  128 -999
D 12620 -127 1204 -233
W 12620 -302  612 -454
R 12620 -597  128 -1004
D 12640 -127 1176 -233
W 12640 -302  612 -459
R 12640 -597  128 -1009
D 12660 -127 1150 -216
W 12660 -302  612 -464
R 12660 -597  128 -1014
D 12680 -127 1128 -183
W 12680 -302  612 -469
R 12680 -597  128 -1019
D 12700 -127 1106 -183
W 12700 -302  612 -475
R 12700 -597  128 -1025
D 12720 -127 1086 -166
W 12720 -302  612 -481
R 12720 -597  128 -1031
D 12740 -127 1064 -183
W 12740 -302  612 -488
R 12740 -597  128 -1038
D 12760 -127 1043 -175
W 12760 -302  612 -495
R 12760 -597  128 -1045
D 12780 -127 1022 -175
W 12780 -302  612 -504
R 12780 -597  128 -1054
D 12800 -127 1000 -183
W 12800 -302  612 -513
R 12800 -597  128 -1063
D 12820 -127  980 -166
W 12820 -302  612 -523
R 12820 -597  128 -1073
D 12840 -127  956 -200
W 12840 -302  612 -534
R 12840 -597  128 -1084
D 12860 -127  930 -216
W 12860 -302  612 -544
R 12860 -597  128 -1094
D 12880 -127  905 -208
W 12880 -302  612 -554
R 12880 -597  128 -1104
D 12900 -127  883 -183
W 12900 -302  612 -563
R 12900 -597  128 -1113
D 12920 -127  864 -158
W 12920 -302  612 -572
R 12920 -597  128 -1122
D 12940 -127  843 -175
W 12940 -302  612 -582
R 12940 -597  128 -1132
D 12960 -127  822 -175
W 12960 -302  612 -591
R 12960 -597  128 -1141
D 12980 -127  798 -200
W 12980 -302  612 -602
R 12980 -597  128 -1152
D 13000 -127  771 -225
W 13000 -302  612 -614
R 13000 -597  128 -1164
D 13020 -127  748 -191
W 13020 -302  612 -626
R 13020 -597  128 -1176
D 13040 -127  721 -225
W 13040 -302  612 -639
R 13040 -597  128 -1189
D 13060 -127  698 -191
W 13060 -302  612 -652
R 13060 -597  128 -1202
D 13080 -127  676 -183
W 13080 -302  612 -666
R 13080 -597  128 -1216
D 13100 -127  652 -200
W 13100 -302  612 -680
R 13100 -597  128 -1230
D 13120 -127  632 -166
W 13120 -302  612 -696
R 13120 -597  128 -1246
