usercontrol
DUMP_MONITOR=START
DUMP_MONITOR=MONITOR
WHEEL_MONITOR=MONITOR
D   40   0  -18   -8
D   80   0  -18    0
W   80  380   80 1250 0
D  120   0  -17    0
D  160   0  -17    0
W  160  380   80 1250 0
D  200   0  -18   -8
D  240   0  -18   -8
W  240  380   80 1250 0
D  280   0  -18    0
D  320   0  -18  -16
W  320  380   80 1250 0
D  360   0  -18    0
D  400   0  -17    0
W  400  380   80 1250 0
D  440   0  -18   -8
D  480   0  -18    0
W  480  380   80 1249 0
D  520   0  -17    8
D  560   0  -16   16
W  560  380   80 1250 62
D  600   0  -17    0
D  640   0  -16    0
W  640  376   85 1259 62
D  680   0  -16    0
D  720   0  -16    8
W  720  370   93 1278 62
D  760   0  -17    8
D  800   0  -17   -8
W  800  361  104 1299 62
D  840   0  -17    0
D  880   0  -17    0
W  880  350  117 1323 62
D  920   0  -16    8
D  960   0  -17    0
W  960  338  130 1349 62
D 1000   0  -17    8
D 1040   0  -17    0
W 1040  323  144 1371 62
D 1080   0  -17   -8
D 1120   0  -17    0
W 1120  308  158 1394 62
D 1160   0  -18    0
D 1200   0  -17    0
W 1200  292  171 1414 62
D 1240   0  -18   -8
D 1280   0  -17    8
W 1280  275  184 1432 62
D 1320   0  -17    8
D 1360   0  -17    8
W 1360  258  196 1449 62
D 1400   0  -17    0
D 1440   0  -18   -8
W 1440  242  208 1462 62
D 1480   0  -17    0
D 1520   0  -18   -8
W 1520  224  219 1469 62
D 1560   0  -17    0
D 1600   0  -17    8
W 1600  208  230 1477 62
D 1640   0  -17    0
D 1680 127  -16    8
W 1680  192  240 1484 92
D 1720 127  -16    0
D 1760 127  -17   -8
W 1760  175  250 1485 127
D 1800 127  -10   50
D 1840 127   26  216
W 1840  159  260 1486 127
D 1880 127   81  258
D 1920 127  145  241
W 1920  144  269 1490 127
D 1960 127  178  100
D 2000 127  201  108
W 2000  126  280 1491 127
D 2040 127  240  166
D 2080 127  277  166
W 2080  106  292 1492 127
D 2120 127  323  166
D 2160 127  375  241
W 2160   86  304 1491 127
D 2200   0  425  208
D 2240   0  468  175
W 2240   65  316 1495 -40
D 2280   0  503  158
D 2320   0  540  150
W 2320   51  324 1526 -127
D 2360   0  575  125
D 2400   0  590   58
W 2400   45  327 1597 -127
D 2440   0  591  -16
D 2480   0  591    0
W 2480   41  329 1683 -127
D 2520   0  593   16
D 2560   0  592   -8
W 2560   42  328 1746 -127
D 2600   0  590   -8
D 2640   0  575  -83
W 2640   42  328 1823 -127
D 2680   0  549 -108
D 2720   0  521 -125
W 2720   42  328 1907 -127
D 2760   0  493 -125
D 2800   0  468  -91
W 2800   42  328 2004 -127
D 2840   0  446 -100
D 2880   0  438  -33
W 2880   41  328 2095 -127
D 2920   0  430  -25
D 2960   0  420  -33
W 2960   40  328 2192 -127
D 3000   0  412  -33
D 3040   0  407  -16
W 3040   41  328 2307 -127
D 3080   0  404  -16
D 3120   0  396  -33
W 3120   41  328 2414 -127
D 3160   0  385  -50
D 3200   0  372  -50
W 3200   40  327 2496 0
D 3240   0  360  -41
D 3280   0  351  -33
W 3280   40  326 2556 0
D 3320   0  344  -33
D 3360   0  340   -8
W 3360   39  323 2598 -47
D 3400   0  340    0
D 3440   0  336  -25
W 3440   39  321 2652 0
D 3480   0  336    8
D 3520   0  339   25
W 3520   39  320 2671 -124
D 3560   0  335  -16
D 3600   0  335    0
W 3600   39  319 2701 20
D 3640   0  335    0
D 3680   0  334    0
W 3680   39  320 2696 -70
D 3720   0  336    8
D 3760   0  337    8
W 3760   39  328 2694 -127
D 3800   0  336    0
D 3840   0  336    8
W 3840   39  341 2691 -127
D 3880   0  333  -16
D 3920   0  331   -8
W 3920   40  357 2683 -127
D 3960   0  331    0
D 4000   0  333   16
W 4000   40  378 2679 -127
D 4040   0  332    8
D 4080   0  331   -8
W 4080   41  400 2676 -127
D 4120 127  331  -16
D 4160 127  332    0
W 4160   42  423 2672 -127
D 4200 127  351  100
D 4240 127  377  116
W 4240   43  448 2669 -127
D 4280 127  399   91
D 4320 127  425  125
W 4320   45  471 2666 -127
D 4360 127  463  183
D 4400 127  506  183
W 4400   46  495 2665 -127
D 4440 127  550  183
D 4480 127  601  208
W 4480   47  517 2666 -127
D 4520 127  650  216
D 4560 127  703  216
W 4560   49  540 2668 -127
D 4600 127  754  200
D 4640 127  809  233
W 4640   50  562 2669 -127
D 4680 127  863  225
D 4720 127  918  225
W 4720   51  583 2665 -127
D 4760 127  981  275
D 4800   0 1043  283
W 4800   53  605 2665 -60
D 4840   0 1097  216
D 4880   0 1151  250
W 4880   53  618 2715 -30
D 4920 -127 1240  375
D 4960 -127 1256  -33
W 4960   53  620 2774 127
D 5000 -127 1261  -16
D 5040 -127 1255   -8
W 5040   53  623 2792 127
D 5080 -127 1255    0
D 5120 -127 1233 -150
W 5120   52  625 2794 127
D 5160 -127 1193 -150
D 5200 -127 1161 -125
W 5200   52  627 2781 127
D 5240 -127 1118 -208
D 5280 -127 1064 -241
W 5280   51  635 2764 127
D 5320 -127 1019 -183
D 5360 -127  944 -375
W 5360   51  636 2687 127
D 5400 -127  866 -275
D 5440 -127  799 -283
W 5440   50  633 2591 127
D 5480 -127  740 -275
D 5520 -127  637 -441
W 5520   49  629 2499 127
D 5560 -127  528 -433
D 5600 -127  443 -366
W 5600   44  618 2441 127
D 5640 -127  333 -458
D 5680 -127  238 -391
W 5680   37  603 2415 127
D 5720 -127  156 -341
D 5760 -45   62 -383
W 5760   26  584 2378 127
D 5800 -45   -9 -300
D 5840   0  -12    0
W 5840   15  567 2361 127
D 5880   0  -15  -16
D 5920   0  -16   16
W 5920    3  549 2368 -40
D 5960   0  -16    0
D 6000   0  -12    8
W 6000   -4  537 2401 -127
D 6040   0  -12    0
D 6080   0  -13  -16
W 6080   -7  530 2470 -127
D 6120   0  -16   -8
D 6160   0  -16    0
W 6160   -9  527 2542 40
D 6200   0  -16    0
D 6240   0  -15    0
W 6240  -11  518 2604 127
D 6280   0  -15    8
D 6320   0  -16   -8
W 6320  -13  503 2639 127
D 6360   0  -16    0
D 6400   0  -17    0
W 6400  -14  486 2660 127
D 6440   0  -17    0
D 6480   0  -17    0
W 6480  -16  464 2673 127
D 6520   0  -18   -8
D 6560   0  -17    0
W 6560  -17  442 2677 127
D 6600   0  -17   -8
D 6640   0  -17    0
W 6640  -17  419 2683 127
D 6680   0  -18   -8
D 6720   0  -17    0
W 6720  -18  395 2697 127
D 6760   0  -16    8
D 6800   0  -18   -8
W 6800  -18  371 2706 127
D 6840   0  -17    8
D 6880   0  -18   -8
W 6880  -18  347 2715 127
D 6920   0  -17    0
D 6960   0  -17    0
W 6960  -17  324 2724 127
D 7000  40  -16    8
D 7040  40  -17    0
W 7040  -16  302 2726 0
D 7080  40  -17   -8
D 7120  40  -16   16
W 7120  -15  287 2726 0
D 7160  40    1   83
D 7200  40   20   75
W 7200  -15  280 2716 0
D 7240  40   26    8
D 7280  40   27    0
W 7280  -15  280 2704 0
D 7320  40   35   50
D 7360  40   53   58
W 7360  -15  285 2712 -127
D 7400  40   80  116
D 7440  40  116  125
W 7440  -15  299 2714 -127
D 7480  40  167  241
D 7520   8  227  258
W 7520  -16  319 2713 -127
D 7560   4  269  108
D 7600  27  276   58
W 7600  -16  341 2700 -127
D 7640  12  310  166
D 7680   7  341  125
W 7680  -16  364 2683 -127
D 7720   8  366  108
D 7760   4  383   25
W 7760  -15  389 2688 -127
D 7800  -4  415   83
D 7840 127  431   66
W 7840  -15  414 2695 -127
D 7880 127  444   75
D 7920 127  475  108
W 7920  -15  439 2697 -127
D 7960 127  509  150
D 8000 127  548  175
W 8000  -14  464 2696 -127
D 8040 127  606  250
D 8080 127  678  325
W 8080  -14  488 2698 -127
D 8120 127  755  325
D 8160 127  839  383
W 8160  -14  510 2699 -127
D 8200 127  927  358
D 8240 127 1016  341
W 8240  -14  533 2700 -127
D 8280 127 1105  366
D 8320 127 1195  391
W 8320  -14  555 2702 -127
D 8360   0 1285  375
D 8400   0 1363  275
W 8400  -14  578 2706 -127
D 8440   0 1412  158
D 8480   0 1432   50
W 8480  -15  602 2709 -127
D 8520   0 1465  158
D 8560   0 1471   25
W 8560  -15  622 2716 -30
D 8600 -127 1468    0
D 8640 -127 1465  -66
W 8640  -16  634 2747 -30
D 8680 -127 1460  -25
D 8720 -127 1446  -58
W 8720  -17  644 2785 -30
D 8760 -127 1419 -158
D 8800 -127 1370 -233
W 8800  -18  651 2810 -30
D 8840 -127 1303 -275
D 8880 -127 1245 -233
W 8880  -18  653 2811 -30
D 8920 -127 1161 -408
D 8960 -127 1073 -350
W 8960  -18  653 2814 -70
D 9000 -127  998 -283
D 9040 -127  940 -275
W 9040  -18  652 2835 -127
D 9080 -127  846 -400
D 9120 -127  754 -350
W 9120  -18  652 2892 -127
D 9160 -127  690 -233
D 9200 -127  619 -341
W 9200  -17  650 2949 -127
D 9240 -127  530 -383
D 9280 -127  460 -266
W 9280  -17  649 3033 -60
D 9320 -127  387 -300
D 9360 -127  305 -341
W 9360  -14  646 3110 70
D 9400 -127  221 -341
D 9440 -127  146 -308
W 9440   -6  638 3186 127
D 9480 -45   55 -375
D 9520   0  -14 -133
W 9520    5  628 3232 127
D 9560   0  -14    8
D 9600   0  -17   -8
W 9600   21  616 3249 127
D 9640   0  -17   -8
D 9680   0  -18    0
W 9680   37  605 3256 127
D 9720   0  -18    0
D 9760   0  -18    0
W 9760   57  592 3259 127
D 9800   0  -18    0
D 9840   0  -18    0
W 9840   76  578 3261 127
D 9880   0  -18    0
D 9920   0  -18   -8
W 9920   96  565 3266 127
D 9960   0  -19   -8
D 10000   0  -18    0
W 10000  117  552 3272 127
D 10040   0  -18    0
D 10080   0  -18    0
W 10080  138  538 3276 127
D 10120   0  -18    0
D 10160   0  -18    8
W 10160  158  525 3278 127
D 10200   0  -18   -8
D 10240   0  -16   58
W 10240  172  516 3252 127
D 10280   0  -10   33
D 10320 -45   -6    8
W 10320  179  511 3180 127
D 10360 -45   -6    0
D 10400   0   -8  -58
W 10400  182  508 3123 127
D 10440 -45   -5  108
D 10480   0   -9  -25
W 10480  184  506 3045 127
D 10520 -45   -8    8
D 10560   0  -10  -16
W 10560  185  504 2940 127
D 10600   0  -13   -8
D 10640   0  -15  -16
W 10640  186  500 2823 127
D 10680   0  -13    8
D 10720   0  -11   16
W 10720  188  489 2722 127
D 10760   0  -13  -16
D 10800   0  -13    0
W 10800  188  473 2669 127
D 10840   0  -14   -8
D 10880   0  -14    0
W 10880  186  455 2643 127
D 10920   0  -14    0
D 10960   0  -14    0
W 10960  184  433 2641 127
D 11000   0  -14    0
D 11040   0  -14    8
W 11040  182  411 2642 127
D 11080   0  -14    8
D 11120   0  -15    0
W 11120  180  388 2643 127
D 11160   0  -15    0
D 11200   0  -15    0
W 11200  177  364 2640 127
D 11240   0  -10   41
D 11280   0  -18  -25
W 11280  175  342 2618 127
D 11320   0  -15   16
D 11360   0  -14   16
W 11360  173  331 2628 127
D 11400   0  -11    8
D 11440   0  -11    0
W 11440  173  329 2623 127
D 11480  40  -18    0
D 11520  40  -19   -8
W 11520  174  334 2620 0
D 11560  40  -19    8
D 11600  40  -20   -8
W 11600  175  341 2616 0
D 11640  40  -19    8
D 11680  40  -18   16
W 11680  176  348 2606 0
D 11720  40    7  125
D 11760  40   52  200
W 11760  177  354 2595 -127
D 11800  40  101  216
D 11840  40  140  133
W 11840  179  369 2576 -127
D 11880  40  181  183
D 11920  21  210  116
W 11920  184  385 2540 -127
D 11960  22  242  175
D 12000  12  274  116
W 12000  190  405 2514 -127
D 12040  13  304  133
D 12080  14  323   75
W 12080  197  426 2506 0
D 12120  14  338   58
D 12160  13  352   50
W 12160  203  442 2487 127
D 12200  13  362   33
D 12240  12  373   41
W 12240  206  450 2421 127
D 12280   9  389   66
D 12320   6  408   83
W 12320  211  458 2341 127
D 12360   7  421   50
D 12400   9  424   -8
W 12400  213  461 2239 127
D 12440  11  424   -8
D 12480  12  425    8
W 12480  215  462 2106 0
D 12520  16  426   50
D 12560  12  427    8
W 12560  220  464 1985 -127
D 12600  11  428    0
D 12640  12  428    0
W 12640  231  468 1905 -127
D 12680  13  426   -8
D 12720  11  425  -16
W 12720  247  470 1856 -127
D 12760  11  426    0
D 12800  10  425  -25
W 12800  267  471 1830 -127
D 12840  12  426    8
D 12880  12  428   16
W 12880  289  472 1826 -127
D 12920  11  431   16
D 12960  11  432    8
W 12960  312  473 1820 -127
D 13000   9  434    0
D 13040  10  436    8
W 13040  337  474 1819 -127
D 13080  11  436    0
D 13120   9  438    0
W 13120  362  475 1827 -127
D 13160  11  438    0
D 13200  10  440    8
W 13200  387  476 1831 -127
D 13240  10  441    8
D 13280  11  440   -8
W 13280  413  478 1831 -127
D 13320  11  440    0
D 13360  10  440   -8
W 13360  438  479 1832 -127
D 13400  10  440   -8
D 13440  10  441    8
W 13440  461  480 1838 -127
D 13480  10  441    0
D 13520   9  443    8
W 13520  471  482 1896 -127
D 13560  10  443    0
D 13600   9  445    8
W 13600  480  483 1979 -127
D 13640  -2  463   41
D 13680   6  468   25
W 13680  483  484 2096 -127
D 13720   8  468    0
D 13760 127  468    8
W 13760  483  485 2238 -127
D 13800 127  470   25
D 13840 127  496  108
W 13840  485  487 2374 -127
D 13880 127  527  141
D 13920 127  571  225
W 13920  490  496 2461 -127
D 13960 127  632  200
D 14000 127  703  275
W 14000  496  510 2509 -127
D 14040 127  768  266
D 14080 127  843  316
W 14080  500  525 2553 -127
D 14120 127  915  250
D 14160 127  988  291
W 14160  504  539 2562 -127
D 14200 127 1058  308
D 14240 127 1138  333
W 14240  508  556 2567 -127
D 14280   0 1228  391
D 14320   0 1324  391
W 14320  513  578 2562 -127
D 14360   0 1403  300
D 14400   0 1439   91
W 14400  519  600 2559 -60
D 14440   0 1446   50
D 14480   0 1459  -33
W 14480  523  617 2569 -30
D 14520 -127 1464  -16
D 14560 -127 1451  -58
W 14560  525  628 2589 -30
D 14600 -127 1415 -166
D 14640 -127 1396 -158
W 14640  527  638 2620 -30
D 14680 -127 1358 -133
D 14720 -127 1341  -66
W 14720  528  647 2643 -30
D 14760 -127 1315 -125
D 14800 -127 1267 -225
W 14800  529  655 2635 -30
D 14840 -127 1211 -258
D 14880   0 1166 -208
W 14880  530  662 2628 0
D 14920   0 1126 -141
D 14960   0 1119    0
W 14960  530  666 2632 0
