1/5/17: perfect grab and dump; 
jeff messed up one_dump code
joce video taped the move
wheel_init
pre_auton
%  batt 8.15v 8.15v
L: t_push=   200
usercontrol
% -- Start auto_a
K1 1087  360  100  550
% -- Curved motion to grab cube
WHEEL_MONITOR=MONITOR
W   20  360  100  548
R   20    1    1   -2
W   40  360  100  549
R   40    1    1   -1
W   60  360  100  550
R   60    2    1    0
W   80  360  101  551
R   80    5    3    1
W  100  361  102  552
R  100    9    6    2
W  120  362  103  553
R  120   14   10    3
W  140  363  104  553
R  140   19   16    3
W  160  364  106  553
R  160   25   23    3
W  180  366  109  552
R  180   33   31    2
W  200  368  111  550
R  200   42   42    0
W  220  370  114  549
R  220   51   53   -1
W  240  372  117  545
R  240   61   65   -5
W  260  374  121  541
R  260   71   78   -9
W  280  377  124  536
R  280   82   92  -14
W  300  380  128  532
R  300   93  107  -18
W  320  383  132  528
R  320  107  122  -22
W  340  385  136  525
R  340  119  137  -25
W  360  389  140  521
R  360  132  153  -29
W  380  392  144  517
R  380  145  169  -33
W  400  395  148  513
R  400  159  186  -37
W  420  398  152  509
R  420  173  203  -41
W  440  402  156  505
R  440  187  220  -45
W  460  406  161  501
R  460  203  238  -49
W  480  409  165  496
R  480  217  256  -54
W  500  413  170  492
R  500  233  275  -58
W  520  417  174  488
R  520  248  293  -62
W  540  421  179  484
R  540  263  311  -66
W  560  425  183  481
R  560  279  329  -69
W  580  429  187  477
R  580  295  347  -73
W  600  433  192  473
R  600  311  366  -77
W  620  437  197  469
R  620  328  385  -81
W  640  441  201  465
R  640  344  403  -85
W  660  445  205  461
R  660  361  422  -89
W  680  450  210  457
R  680  377  441  -93
W  700  454  214  454
R  700  394  461  -96
W  720  458  219  450
R  720  411  479 -100
W  740  463  223  447
R  740  427  498 -103
W  760  467  227  444
R  760  443  517 -106
W  780  471  232  440
R  780  459  536 -110
W  800  476  236  436
R  800  475  555 -114
W  820  480  240  432
R  820  492  574 -118
W  840  485  244  429
R  840  508  593 -121
W  860  489  249  426
R  860  525  611 -124
W  880  494  253  423
R  880  541  630 -127
W  900  498  257  421
R  900  557  648 -129
W  920  503  261  418
R  920  573  667 -132
W  940  507  265  415
R  940  590  685 -135
W  960  512  269  413
R  960  607  703 -137
W  980  516  273  410
R  980  623  722 -140
W 1000  521  277  407
R 1000  639  739 -143
W 1020  525  281  406
R 1020  655  757 -144
W 1040  529  284  404
R 1040  671  773 -146
% -- Lifting up arm
W 1060  533  287  402
R 1060  685  787 -148
W 1080  537  290  400
R 1080  697  800 -150
W 1100  540  293  397
R 1100  708  813 -153
W 1120  543  296  394
R 1120  719  825 -156
W 1140  546  298  387
R 1140  727  837 -163
W 1160  548  300  382
R 1160  734  847 -168
W 1180  550  301  379
R 1180  741  856 -171
W 1200  552  303  378
R 1200  747  864 -172
W 1220  554  304  378
R 1220  755  871 -172
W 1240  556  306  378
R 1240  760  877 -172
W 1260  557  307  377
R 1260  765  883 -173
W 1280  559  308  378
R 1280  771  888 -172
W 1300  560  309  378
R 1300  775  893 -172
W 1320  561  310  379
R 1320  779  898 -171
W 1340  562  311  379
R 1340  782  902 -171
W 1360  563  311  378
R 1360  785  905 -172
W 1380  563  312  378
R 1380  787  907 -172
K2 1398  563  312  378
% -- rotate_by
W 1400  564  312  378
R 1400  789  910 -172
W 1420  564  313  378
R 1420  791  911 -172
W 1440  565  313  378
R 1440  793  913 -172
W 1460  565  313  378
R 1460  794  915 -172
W 1480  566  314  377
R 1480  793  918 -173
W 1500  566  314  373
R 1500  791  923 -177
W 1520  566  314  367
R 1520  787  927 -183
W 1540  566  314  359
R 1540  783  933 -191
W 1560  566  314  349
R 1560  777  939 -201
W 1580  567  314  337
R 1580  772  945 -213
W 1600  567  314  323
R 1600  767  951 -227
W 1620  567  314  308
R 1620  759  959 -242
W 1640  566  314  296
R 1640  748  966 -254
W 1660  566  314  283
R 1660  735  975 -267
W 1680  566  314  268
R 1680  725  985 -282
W 1700  565  313  247
R 1700  715  994 -303
W 1720  566  314  225
R 1720  707 1003 -325
W 1740  565  313  202
R 1740  697 1011 -348
W 1760  565  313  178
R 1760  689 1020 -372
W 1780  566  313  154
R 1780  679 1031 -396
W 1800  566  314  127
R 1800  671 1041 -423
W 1820  566  314  102
R 1820  663 1051 -448
W 1840  566  314   73
R 1840  653 1062 -477
W 1860  567  314   42
R 1860  643 1073 -508
W 1880  567  314    9
R 1880  633 1083 -541
W 1900  567  314  -23
R 1900  621 1095 -573
W 1920  567  314  -55
R 1920  611 1107 -605
W 1940  567  314  -90
R 1940  599 1119 -640
W 1960  567  314 -125
R 1960  589 1131 -675
W 1980  567  314 -162
R 1980  577 1144 -712
W 2000  568  314 -200
R 2000  565 1157 -750
W 2020  568  314 -236
R 2020  553 1170 -786
W 2040  568  313 -273
R 2040  541 1183 -823
W 2060  568  313 -311
R 2060  529 1196 -861
W 2080  568  313 -348
R 2080  517 1209 -898
W 2100  568  313 -384
R 2100  505 1223 -934
W 2120  569  313 -419
R 2120  494 1235 -969
W 2140  569  313 -455
R 2140  483 1249 -1005
W 2160  570  312 -491
R 2160  473 1263 -1041
W 2180  570  311 -526
R 2180  463 1278 -1076
W 2200  571  311 -557
R 2200  454 1292 -1107
W 2220  571  310 -590
R 2220  447 1306 -1140
W 2240  572  309 -622
R 2240  439 1319 -1172
W 2260  572  308 -653
R 2260  431 1332 -1203
W 2280  573  307 -687
R 2280  423 1345 -1237
W 2300  573  307 -721
R 2300  413 1359 -1271
W 2320  573  306 -757
R 2320  403 1371 -1307
K3 2320  573  306 -757
% -- Move backwards for a certain distance or until we hit a wall
W 2340  573  306 -791
R 2340  395 1384 -1341
W 2360  573  305 -823
R 2360  387 1395 -1373
W 2380  573  305 -851
R 2380  383 1400 -1401
W 2400  573  305 -874
R 2400  379 1403 -1424
W 2420  573  306 -893
R 2420  373 1403 -1443
W 2440  573  308 -908
R 2440  365 1403 -1458
W 2460  573  310 -923
R 2460  355 1401 -1473
W 2480  573  312 -938
R 2480  343 1398 -1488
W 2500  573  315 -950
R 2500  330 1393 -1500
W 2520  574  319 -962
R 2520  317 1386 -1512
W 2540  574  323 -974
R 2540  303 1379 -1524
W 2560  575  326 -985
R 2560  289 1371 -1535
W 2580  575  330 -995
R 2580  275 1361 -1545
W 2600  576  335 -1004
R 2600  259 1351 -1554
W 2620  577  340 -1013
R 2620  243 1340 -1563
W 2640  578  344 -1022
R 2640  227 1329 -1572
W 2660  579  349 -1031
R 2660  211 1318 -1581
W 2680  580  354 -1039
R 2680  195 1306 -1589
W 2700  581  358 -1046
R 2700  179 1294 -1596
W 2720  582  363 -1051
R 2720  163 1281 -1601
W 2740  584  368 -1056
R 2740  147 1268 -1606
W 2760  585  374 -1063
R 2760  127 1253 -1613
W 2780  587  380 -1067
R 2780  107 1235 -1617
W 2800  589  387 -1066
R 2800   88 1216 -1616
W 2820  591  393 -1064
R 2820   71 1197 -1614
W 2840  593  399 -1062
R 2840   52 1177 -1612
W 2860  595  405 -1060
R 2860   34 1159 -1610
W 2880  596  412 -1059
R 2880   15 1140 -1609
W 2900  598  418 -1059
R 2900   -3 1121 -1609
W 2920  600  424 -1057
R 2920  -21 1102 -1607
W 2940  602  430 -1055
R 2940  -39 1083 -1605
W 2960  603  436 -1053
R 2960  -55 1064 -1603
W 2980  605  442 -1049
R 2980  -72 1046 -1599
W 3000  606  448 -1046
R 3000  -88 1027 -1596
W 3020  608  454 -1043
R 3020 -105 1009 -1593
W 3040  610  460 -1038
R 3040 -121  991 -1588
W 3060  611  465 -1036
R 3060 -137  974 -1586
W 3080  612  471 -1037
R 3080 -154  958 -1587
W 3100  614  477 -1036
R 3100 -171  939 -1586
W 3120  615  483 -1035
R 3120 -189  921 -1585
W 3140  617  489 -1036
R 3140 -206  903 -1586
W 3160  618  495 -1036
R 3160 -223  887 -1586
W 3180  619  501 -1037
R 3180 -241  870 -1587
W 3200  621  506 -1037
R 3200 -257  851 -1587
W 3220  622  513 -1036
R 3220 -276  833 -1586
W 3240  624  519 -1036
R 3240 -293  815 -1586
W 3260  625  525 -1036
R 3260 -312  797 -1586
W 3280  627  531 -1036
R 3280 -330  778 -1586
W 3300  628  537 -1036
R 3300 -348  760 -1586
W 3320  630  543 -1037
R 3320 -366  743 -1587
W 3340  631  550 -1036
R 3340 -384  724 -1586
W 3360  633  556 -1035
R 3360 -402  706 -1585
W 3380  634  562 -1036
R 3380 -419  688 -1586
W 3400  636  568 -1036
R 3400 -437  671 -1586
W 3420  637  573 -1036
R 3420 -453  654 -1586
W 3440  638  579 -1036
R 3440 -469  637 -1586
W 3460  640  584 -1038
R 3460 -487  621 -1588
W 3480  641  590 -1038
R 3480 -502  606 -1588
W 3500  642  595 -1038
R 3500 -517  591 -1588
W 3520  644  600 -1037
R 3520 -533  575 -1587
W 3540  645  605 -1037
R 3540 -547  561 -1587
W 3560  646  610 -1037
R 3560 -563  545 -1587
W 3580  647  615 -1036
R 3580 -577  531 -1586
W 3600  648  620 -1036
R 3600 -592  515 -1586
W 3620  650  625 -1039
R 3620 -607  501 -1589
K4 3621  650  625 -1039
% -- Dump 1
W 3640  651  630 -1052
R 3640 -623  487 -1602
W 3660  652  634 -1063
R 3660 -637  479 -1613
W 3680  653  636 -1070
R 3680 -647  475 -1620
W 3700  653  638 -1075
R 3700 -653  473 -1625
W 3720  653  638 -1078
R 3720 -657  474 -1628
W 3740  653  638 -1082
R 3740 -657  475 -1632
W 3760  653  637 -1082
R 3760 -655  478 -1632
W 3780  653  636 -1083
R 3780 -653  480 -1633
W 3800  652  635 -1083
R 3800 -649  483 -1633
W 3820  652  634 -1084
R 3820 -647  487 -1634
W 3840  652  633 -1085
R 3840 -644  491 -1635
W 3860  651  632 -1086
R 3860 -641  494 -1636
W 3880  651  631 -1086
R 3880 -639  497 -1636
W 3900  651  631 -1086
R 3900 -637  499 -1636
W 3920  651  630 -1086
R 3920 -635  499 -1636
W 3940  650  630 -1085
R 3940 -632  501 -1635
W 3960  650  628 -1084
R 3960 -629  506 -1634
W 3980  650  628 -1086
R 3980 -628  508 -1636
W 4000  650  628 -1087
R 4000 -628  508 -1637
W 4020  650  627 -1088
R 4020 -627  509 -1638
W 4040  650  627 -1087
R 4040 -627  509 -1637
W 4060  650  627 -1087
R 4060 -627  509 -1637
W 4080  650  627 -1086
R 4080 -627  509 -1636
W 4100  650  627 -1086
R 4100 -627  509 -1636
W 4120  650  627 -1085
R 4120 -627  509 -1635
W 4140  650  627 -1086
R 4140 -627  509 -1636
W 4160  650  627 -1086
R 4160 -627  509 -1636
W 4180  650  627 -1087
R 4180 -627  509 -1637
W 4200  650  627 -1087
R 4200 -627  509 -1637
W 4220  650  627 -1087
R 4220 -627  509 -1637
W 4240  650  627 -1087
R 4240 -627  509 -1637
W 4260  650  627 -1087
R 4260 -627  509 -1637
W 4280  650  627 -1087
R 4280 -627  509 -1637
W 4300  650  627 -1087
R 4300 -627  509 -1637
W 4320  650  627 -1087
R 4320 -627  509 -1637
W 4340  650  628 -1087
R 4340 -628  509 -1637
W 4360  650  628 -1086
R 4360 -628  509 -1636
W 4380  650  628 -1086
R 4380 -628  509 -1636
W 4400  650  628 -1086
R 4400 -628  509 -1636
W 4420  650  628 -1086
R 4420 -628  508 -1636
W 4440  650  628 -1087
R 4440 -627  508 -1637
W 4460  649  627 -1086
R 4460 -625  509 -1636
W 4480  649  626 -1086
R 4480 -622  511 -1636
W 4500  649  625 -1085
R 4500 -619  513 -1635
W 4520  649  625 -1084
R 4520 -617  516 -1634
W 4540  648  624 -1084
R 4540 -615  519 -1634
W 4560  648  622 -1085
R 4560 -611  523 -1635
W 4580  648  622 -1085
R 4580 -609  526 -1635
W 4600  648  621 -1085
R 4600 -607  527 -1635
W 4620  648  621 -1084
R 4620 -607  527 -1634
W 4640  647  621 -1083
R 4640 -606  527 -1633
W 4660  647  621 -1083
R 4660 -606  527 -1633
W 4680  647  621 -1083
R 4680 -606  527 -1633
W 4700  647  621 -1083
R 4700 -605  527 -1633
W 4720  647  621 -1083
R 4720 -605  527 -1633
W 4740  647  621 -1083
R 4740 -605  527 -1633
W 4760  647  621 -1083
R 4760 -606  527 -1633
W 4780  648  621 -1083
R 4780 -607  527 -1633
W 4800  648  621 -1083
R 4800 -607  527 -1633
W 4820  648  621 -1083
R 4820 -607  527 -1633
W 4840  648  621 -1083
R 4840 -607  527 -1633
W 4860  648  621 -1082
R 4860 -607  527 -1632
W 4880  647  621 -1080
R 4880 -605  527 -1630
W 4900  647  621 -1079
R 4900 -605  527 -1629
W 4920  647  621 -1078
R 4920 -605  527 -1628
W 4940  647  621 -1078
R 4940 -605  527 -1628
W 4960  647  621 -1078
R 4960 -605  527 -1628
W 4980  647  621 -1078
R 4980 -605  527 -1628
W 5000  647  621 -1077
R 5000 -605  526 -1627
W 5020  648  621 -1077
R 5020 -606  525 -1627
W 5040  648  621 -1077
R 5040 -607  525 -1627
W 5060  648  621 -1077
R 5060 -607  525 -1627
W 5080  648  621 -1077
R 5080 -607  525 -1627
W 5100  648  621 -1077
R 5100 -607  525 -1627
W 5120  648  621 -1077
R 5120 -607  525 -1627
W 5140  648  621 -1077
R 5140 -607  525 -1627
W 5160  648  621 -1077
R 5160 -607  525 -1627
W 5180  648  621 -1077
R 5180 -607  525 -1627
W 5200  648  622 -1077
R 5200 -607  524 -1627
W 5220  648  622 -1077
R 5220 -608  524 -1627
W 5240  648  622 -1078
R 5240 -608  523 -1628
W 5260  648  622 -1079
R 5260 -609  523 -1629
W 5280  648  622 -1079
R 5280 -607  523 -1629
W 5300  647  620 -1079
R 5300 -603  527 -1629
W 5320  647  619 -1079
R 5320 -600  531 -1629
W 5340  647  618 -1079
R 5340 -596  534 -1629
W 5360  646  618 -1078
R 5360 -595  536 -1628
W 5380  646  617 -1078
R 5380 -593  537 -1628
W 5400  646  617 -1079
R 5400 -592  539 -1629
W 5420  646  616 -1079
R 5420 -591  541 -1629
W 5440  646  615 -1079
R 5440 -589  543 -1629
W 5460  645  615 -1079
R 5460 -587  546 -1629
W 5480  645  614 -1079
R 5480 -585  547 -1629
W 5500  645  614 -1078
R 5500 -584  547 -1628
W 5520  645  614 -1078
R 5520 -584  547 -1628
W 5540  645  614 -1078
R 5540 -583  548 -1628
W 5560  645  613 -1078
R 5560 -583  549 -1628
W 5580  645  613 -1078
R 5580 -583  549 -1628
W 5600  645  613 -1077
R 5600 -582  549 -1627
W 5620  645  613 -1077
R 5620 -582  549 -1627
W 5640  645  613 -1077
R 5640 -583  549 -1627
W 5660  645  613 -1077
R 5660 -583  549 -1627
W 5680  645  613 -1077
R 5680 -583  549 -1627
W 5700  645  613 -1077
R 5700 -582  549 -1627
W 5720  645  614 -1080
R 5720 -587  547 -1630
W 5740  645  615 -1078
R 5740 -587  545 -1628
W 5760  645  615 -1078
R 5760 -587  545 -1628
W 5780  645  615 -1078
R 5780 -587  545 -1628
W 5800  645  615 -1078
R 5800 -587  545 -1628
W 5820  646  615 -1078
R 5820 -588  545 -1628
W 5840  646  615 -1079
R 5840 -588  545 -1629
W 5860  646  615 -1080
R 5860 -588  545 -1630
W 5880  646  615 -1080
R 5880 -589  545 -1630
W 5900  646  615 -1080
R 5900 -589  544 -1630
W 5920  646  615 -1080
R 5920 -589  544 -1630
W 5940  646  615 -1080
R 5940 -589  544 -1630
W 5960  646  615 -1080
R 5960 -589  544 -1630
W 5980  646  615 -1080
R 5980 -589  544 -1630
W 6000  646  615 -1080
R 6000 -589  544 -1630
W 6020  646  615 -1080
R 6020 -589  544 -1630
W 6040  646  615 -1080
R 6040 -589  544 -1630
W 6060  646  615 -1080
R 6060 -589  544 -1630
W 6080  646  615 -1080
R 6080 -589  544 -1630
W 6100  646  615 -1080
R 6100 -589  544 -1630
W 6120  646  615 -1080
R 6120 -589  544 -1630
W 6140  646  615 -1080
R 6140 -589  544 -1630
W 6160  646  615 -1080
R 6160 -589  544 -1630
W 6180  646  615 -1080
R 6180 -589  544 -1630
W 6200  646  615 -1080
R 6200 -589  544 -1630
W 6220  646  615 -1080
R 6220 -589  544 -1630
W 6240  646  615 -1080
R 6240 -589  544 -1630
W 6260  646  615 -1080
R 6260 -589  544 -1630
W 6280  646  615 -1080
R 6280 -589  544 -1630
W 6300  646  615 -1080
R 6300 -589  544 -1630
W 6320  646  615 -1080
R 6320 -589  544 -1630
W 6340  646  615 -1080
R 6340 -589  544 -1630
W 6360  646  615 -1080
R 6360 -589  544 -1630
W 6380  646  615 -1080
R 6380 -589  544 -1630
W 6400  646  615 -1080
R 6400 -589  544 -1630
W 6420  646  615 -1080
R 6420 -589  544 -1630
W 6440  646  615 -1080
R 6440 -589  544 -1630
W 6460  646  615 -1080
R 6460 -589  544 -1630
W 6480  646  615 -1080
R 6480 -589  544 -1630
W 6500  646  615 -1080
R 6500 -589  544 -1630
W 6520  646  615 -1080
R 6520 -589  544 -1630
W 6540  646  615 -1080
R 6540 -589  544 -1630
W 6560  646  615 -1080
R 6560 -589  544 -1630
W 6580  646  615 -1080
R 6580 -589  544 -1630
W 6600  646  615 -1080
R 6600 -589  544 -1630
W 6620  646  615 -1080
R 6620 -589  544 -1630
W 6640  646  615 -1080
R 6640 -589  544 -1630
W 6660  646  615 -1080
R 6660 -589  544 -1630
W 6680  646  615 -1080
R 6680 -589  544 -1630
W 6700  646  615 -1080
R 6700 -589  544 -1630
W 6720  646  615 -1080
R 6720 -589  544 -1630
W 6740  646  615 -1080
R 6740 -589  544 -1630
W 6760  646  615 -1080
R 6760 -589  544 -1630
W 6780  646  615 -1080
R 6780 -589  544 -1630
W 6800  646  615 -1080
R 6800 -589  544 -1630
W 6820  646  615 -1080
R 6820 -589  544 -1630
W 6840  646  615 -1080
R 6840 -589  544 -1630
W 6860  646  615 -1080
R 6860 -589  544 -1630
W 6880  646  615 -1080
R 6880 -589  544 -1630
W 6900  646  615 -1080
R 6900 -589  544 -1630
W 6920  646  615 -1080
R 6920 -589  544 -1630
W 6940  646  615 -1080
R 6940 -589  544 -1630
W 6960  646  615 -1080
R 6960 -589  544 -1630
W 6980  646  615 -1080
R 6980 -589  544 -1630
W 7000  646  615 -1080
R 7000 -589  544 -1630
W 7020  646  615 -1080
R 7020 -589  544 -1630
W 7040  646  615 -1080
R 7040 -589  544 -1630
W 7060  646  615 -1080
R 7060 -589  544 -1630
W 7080  646  615 -1080
R 7080 -589  544 -1630
W 7100  646  615 -1080
R 7100 -589  544 -1630
W 7120  646  615 -1080
R 7120 -589  544 -1630
W 7140  646  615 -1080
R 7140 -589  544 -1630
W 7160  646  615 -1080
R 7160 -589  544 -1630
W 7180  646  615 -1080
R 7180 -589  544 -1630
W 7200  646  615 -1080
R 7200 -589  544 -1630
W 7220  646  615 -1080
R 7220 -589  544 -1630
W 7240  646  615 -1080
R 7240 -589  544 -1630
W 7260  646  615 -1080
R 7260 -589  544 -1630
W 7280  646  615 -1080
R 7280 -589  544 -1630
W 7300  646  615 -1080
R 7300 -589  544 -1630
W 7320  646  615 -1080
R 7320 -589  544 -1630
W 7340  646  615 -1080
R 7340 -589  544 -1630
W 7360  646  615 -1080
R 7360 -589  544 -1630
W 7380  646  615 -1080
R 7380 -589  544 -1630
W 7400  646  615 -1080
R 7400 -589  544 -1630
W 7420  646  615 -1080
R 7420 -589  544 -1630
W 7440  646  615 -1080
R 7440 -589  544 -1630
W 7460  646  615 -1080
R 7460 -589  544 -1630
W 7480  646  615 -1080
R 7480 -589  544 -1630
W 7500  646  615 -1080
R 7500 -589  544 -1630
W 7520  646  615 -1080
R 7520 -589  544 -1630
W 7540  646  615 -1080
R 7540 -589  544 -1630
W 7560  646  615 -1080
R 7560 -589  544 -1630
W 7580  646  615 -1080
R 7580 -589  544 -1630
W 7600  646  615 -1080
R 7600 -589  544 -1630
W 7620  646  615 -1080
R 7620 -589  544 -1630
W 7640  646  615 -1080
R 7640 -589  544 -1630
W 7660  646  615 -1080
R 7660 -589  544 -1630
W 7680  646  615 -1080
R 7680 -589  544 -1630
W 7700  646  615 -1080
R 7700 -589  544 -1630
W 7720  646  615 -1080
R 7720 -589  544 -1630
W 7740  646  615 -1080
R 7740 -589  544 -1630
W 7760  646  615 -1080
R 7760 -589  544 -1630
W 7780  646  615 -1080
R 7780 -589  544 -1630
W 7800  646  615 -1080
R 7800 -589  544 -1630
W 7820  646  615 -1080
R 7820 -589  544 -1630
W 7840  646  615 -1080
R 7840 -589  544 -1630
W 7860  646  615 -1080
R 7860 -589  544 -1630
W 7880  646  615 -1080
R 7880 -589  544 -1630
W 7900  646  615 -1080
R 7900 -589  544 -1630
W 7920  646  615 -1080
R 7920 -589  544 -1630
W 7940  646  615 -1080
R 7940 -589  544 -1630
W 7960  646  615 -1080
R 7960 -589  544 -1630
W 7980  646  615 -1080
R 7980 -589  544 -1630
W 8000  646  615 -1080
R 8000 -589  544 -1630
W 8020  646  615 -1080
R 8020 -589  544 -1630
W 8040  646  615 -1080
R 8040 -589  544 -1630
W 8060  646  615 -1080
R 8060 -589  544 -1630
W 8080  646  615 -1080
R 8080 -589  544 -1630
W 8100  646  615 -1080
R 8100 -589  544 -1630
W 8120  646  615 -1080
R 8120 -589  544 -1630
W 8140  646  615 -1080
R 8140 -589  544 -1630
W 8160  646  615 -1080
R 8160 -589  544 -1630
W 8180  646  615 -1080
R 8180 -589  544 -1630
W 8200  646  615 -1080
R 8200 -589  544 -1630
W 8220  646  615 -1080
R 8220 -589  544 -1630
W 8240  646  615 -1080
R 8240 -589  544 -1630
W 8260  646  615 -1080
R 8260 -589  544 -1630
W 8280  646  615 -1080
R 8280 -589  544 -1630
W 8300  646  615 -1080
R 8300 -589  544 -1630
W 8320  646  615 -1080
R 8320 -589  544 -1630
W 8340  646  615 -1080
R 8340 -589  544 -1630
W 8360  646  615 -1080
R 8360 -589  544 -1630
W 8380  646  615 -1080
R 8380 -589  544 -1630
W 8400  646  615 -1080
R 8400 -589  544 -1630
W 8420  646  615 -1080
R 8420 -589  544 -1630
W 8440  646  615 -1080
R 8440 -589  544 -1630
W 8460  646  615 -1080
R 8460 -589  544 -1630
W 8480  646  615 -1080
R 8480 -589  544 -1630
W 8500  646  615 -1080
R 8500 -589  544 -1630
W 8520  646  615 -1080
R 8520 -589  544 -1630
W 8540  646  615 -1080
R 8540 -589  544 -1630
W 8560  646  615 -1080
R 8560 -589  544 -1630
W 8580  646  615 -1080
R 8580 -589  544 -1630
W 8600  646  615 -1080
R 8600 -589  544 -1630
W 8620  646  615 -1080
R 8620 -589  544 -1630
W 8640  646  615 -1080
R 8640 -589  544 -1630
W 8660  646  615 -1080
R 8660 -589  544 -1630
W 8680  646  615 -1080
R 8680 -589  544 -1630
W 8700  646  615 -1080
R 8700 -589  544 -1630
W 8720  646  615 -1080
R 8720 -589  544 -1630
W 8740  646  615 -1080
R 8740 -589  544 -1630
W 8760  646  615 -1080
R 8760 -589  544 -1630
W 8780  646  615 -1080
R 8780 -589  544 -1630
W 8800  646  615 -1080
R 8800 -589  544 -1630
W 8820  646  615 -1080
R 8820 -589  544 -1630
W 8840  646  615 -1080
R 8840 -589  544 -1630
W 8860  646  615 -1080
R 8860 -589  544 -1630
W 8880  646  615 -1080
R 8880 -589  544 -1630
W 8900  646  615 -1080
R 8900 -589  544 -1630
W 8920  646  615 -1080
R 8920 -589  544 -1630
W 8940  646  615 -1080
R 8940 -589  544 -1630
W 8960  646  615 -1080
R 8960 -589  544 -1630
W 8980  646  615 -1080
R 8980 -589  544 -1630
W 9000  646  615 -1080
R 9000 -589  544 -1630
W 9020  646  615 -1080
R 9020 -589  544 -1630
W 9040  646  615 -1080
R 9040 -589  544 -1630
W 9060  646  615 -1080
R 9060 -589  544 -1630
W 9080  646  615 -1080
R 9080 -589  544 -1630
W 9100  646  615 -1080
R 9100 -589  544 -1630
W 9120  646  615 -1080
R 9120 -589  544 -1630
W 9140  646  615 -1080
R 9140 -589  544 -1630
W 9160  646  615 -1080
R 9160 -589  544 -1630
W 9180  646  615 -1080
R 9180 -589  544 -1630
W 9200  646  615 -1080
R 9200 -589  544 -1630
W 9220  646  615 -1080
R 9220 -589  544 -1630
W 9240  646  615 -1080
R 9240 -589  544 -1630
W 9260  646  615 -1080
R 9260 -589  544 -1630
W 9280  646  615 -1080
R 9280 -589  544 -1630
W 9300  646  615 -1080
R 9300 -589  544 -1630
W 9320  646  615 -1080
R 9320 -589  544 -1630
W 9340  646  615 -1080
R 9340 -589  544 -1630
W 9360  646  615 -1080
R 9360 -589  544 -1630
W 9380  646  615 -1080
R 9380 -589  544 -1630
W 9400  646  615 -1080
R 9400 -589  544 -1630
W 9420  646  615 -1080
R 9420 -589  544 -1630
W 9440  646  615 -1080
R 9440 -589  544 -1630
W 9460  646  615 -1080
R 9460 -589  544 -1630
W 9480  646  615 -1080
R 9480 -589  544 -1630
W 9500  646  615 -1080
R 9500 -589  544 -1630
W 9520  646  615 -1080
R 9520 -589  544 -1630
W 9540  646  615 -1080
R 9540 -589  544 -1630
W 9560  646  615 -1080
R 9560 -589  544 -1630
W 9580  646  615 -1080
R 9580 -589  544 -1630
W 9600  646  615 -1080
R 9600 -589  544 -1630
W 9620  646  615 -1080
R 9620 -589  544 -1630
W 9640  646  615 -1080
R 9640 -589  544 -1630
W 9660  646  615 -1080
R 9660 -589  544 -1630
W 9680  646  615 -1080
R 9680 -589  544 -1630
W 9700  646  615 -1080
R 9700 -589  544 -1630
W 9720  646  615 -1080
R 9720 -589  544 -1630
W 9740  646  615 -1080
R 9740 -589  544 -1630
W 9760  646  615 -1080
R 9760 -589  544 -1630
W 9780  646  615 -1080
R 9780 -589  544 -1630
W 9800  646  615 -1080
R 9800 -589  544 -1630
W 9820  646  615 -1080
R 9820 -589  544 -1630
W 9840  646  615 -1080
R 9840 -589  544 -1630
W 9860  646  615 -1080
R 9860 -589  544 -1630
W 9880  646  615 -1080
R 9880 -589  544 -1630
W 9900  646  615 -1080
R 9900 -589  544 -1630
W 9920  646  615 -1080
R 9920 -589  544 -1630
W 9940  646  615 -1080
R 9940 -589  544 -1630
W 9960  646  615 -1080
R 9960 -589  544 -1630
W 9980  646  615 -1080
R 9980 -589  544 -1630
W 10000  646  615 -1080
R 10000 -589  544 -1630
W 10020  646  615 -1080
R 10020 -589  544 -1630
W 10040  646  615 -1080
R 10040 -589  544 -1630
W 10060  646  615 -1080
R 10060 -589  544 -1630
W 10080  646  615 -1080
R 10080 -589  544 -1630
W 10100  646  615 -1080
R 10100 -589  544 -1630
W 10120  646  615 -1080
R 10120 -589  544 -1630
W 10140  646  615 -1080
R 10140 -589  544 -1630
W 10160  646  615 -1080
R 10160 -589  544 -1630
W 10180  646  615 -1080
R 10180 -589  544 -1630
W 10200  646  615 -1080
R 10200 -589  544 -1630
W 10220  646  615 -1080
R 10220 -589  544 -1630
W 10240  646  615 -1080
R 10240 -589  544 -1630
W 10260  646  615 -1080
R 10260 -589  544 -1630
W 10280  646  615 -1080
R 10280 -589  544 -1630
W 10300  646  615 -1080
R 10300 -589  544 -1630
W 10320  646  615 -1080
R 10320 -589  544 -1630
W 10340  646  615 -1080
R 10340 -589  544 589  544 -1630
W 10380  646  615 -1080
R 10380 -589  544 -1630
W 10400  646  615 -1080
R 10400 -589  544 -1630
W 10420  646  615 -1080
R 10420 -589  544 -1630
W 10440  646  615 -1080
R 10440 -589  544 -1630
W 10460  646  615 -1080
R 10460 -589  544 -1630
W 10480  646  615 -1080
R 10480 -589  544 -1630
W 10500  646  615 -1080
R 10500 -589  544 -1630
W 10520  646  615 -1080
R 10520 -589  544 -589  544 -1630
W 10600  646  615 -1080
R 10600 -589  544 -1630
W 10620  646  615 -1080
R 10620 -589  544 -1630
W 10640  646  615 -1080
R 10640 -589  544 -1630
W 10660  646  615 -1080
R 10660 -589  544 -1630
W 10680  646  615 -1080
R 10680 -589  544 -1630
W 10700  646  615 -1080
R 10700 -589  544 -1630
W 10720  646  615 -1080
R 10720 -589  544 -1630
W 10740  646  615 -1080
R 10740 -589  544 -1630
W 10760  646  615 -1080
R 10760 -589  544 -1630
W 10780  646  615 -1080
R 10780 -589  544 -1630
W 10800  646  615 -1080
R 10800 -589  544 -1630
W 10820  646  615 -1080
R 10820 -589  544 -1630
W 10840  646  615 -1080
R 10840 -589  544 -1630
W 10860  646  615 -1080
R 10860 -589  544 -1630
W 10880  646  615 -1080
R 10880 -589  544 -1630
W 10900  646  615 -1080
R 10900 -589  544 -1630
W 109589  544 -1630
W 10960  646  615 -1080
R 10960 -589  544 -1630
W 10980  646  615 -1080
R 10980 -589  544 -1630
W 11000  646  615 -1080
R 11000 -589  544 -1630
W 11020  646  615 -1080
R 11020 -589  544 -1630
W 11040  646  615 -1080
R 11040 -589  544 -1630
W 11060  646  615 -1080
R 11060 -589  544 -1630
W 11080  646  615 -1080
R 11080 -589  544 -1630
W 11100  646  615 -1080
R 11100 -589  544 -589  544 -1630
W 11160  646  615 -1080
R 11160 -589  544 -1630
W 11180  646  615 -1080
R 11180 -589  544 -1630
W 11200  646  615 -1080
R 11200 -589  544 -1630
W 11220  646  615 -1080
R 11220 -589  589  544 -1630
W 11260  646  615 -1080
R 11260 -589  544 -1630
W 11280  646  615 -1080
R 11280 -589  544 -1630
W 11300  646  615 -1080
R 11300 -589  544 -1630
W 11320  646  615 -1080
R 11320 -589  544 -1630
W 11340  646  615 -1080
R 11340 -589  544 -1630
W 11360  646  615 -1080
R 11360 -589  544 -1630
W 11380  646  615 -1080
R 11380 -589  544 -1630
W 11400  646  615 -1080
R 11400 -589  544 -1630
W 11420  646  615 -1080
R 11420 -589  544 -1630
W 11440  646  615 -1080
R 11440 -589  544 -1630
W 11460  646  615 -1080
R 11460 -589  544 -1630
W 11480  646  615 -1080
R 11480 -589  544 -1630
W 11500  646  615 -1080
R 11500 -589  544 -1630
W 11520  646  615 -1080
R 11520 -589  544 -1630
W 11540  646  615 -1080
R 11540 -589  544 -1630
W 11560  646  615 -1080
R 11560 -589  544 -1630
W 11580  646  615 -1080
R 11580 -589  544 -1630
W 11600  646  615 -1080
R 11600 -589  544 -1630
W 11620  646  615 -1080
R 11620 -589  544 -1630
W 11640  646  615 -1080
R 11640 -589  544 -1630
W 11680  646  615 -1080
R 11680 -589  544 -1630
W 11700  646  615 -1080
R 11700 -589  544 -1630
W 11720  646  615 -1080
R 11720 -589  544 -1630
W 11740  646  615 -1080
R 11740 -589  544 -1630
W 11760  646  615 -1080
R 11760 -589  544 -1630
W 11780  646  615 -1080
R 11780 -589  544 -1630
W 11800  646  615 -1080
R 11800 -589  544 -1630
W 11820  646  615 -1080
R 11820 -589  544 -1630
W 11840  646  615 -1080
R 11840 -589  544 -1630
W 11860  646  615 -1080
R 11860 -589  544 -1630
W 11880  646  615 -1080
R 11880 -589  544 -1630
W 11900  646  615 -1080
R 11900 -589  544 -1630
W 11920  646  615 -1080
R 11920 -589  544 -1630
W 11940  646  615 -1080
R 11940 -589  544 -1630
W 11960  646  615 -1080
R 11960 -589  544 -1630
W 11980  646  615 -1080
R 11980 -589  544 -1630
W 12000  646  615 -1080
R 12000 -589  544 -1630
W 12020  646  615 -1080
R 12020 -589  544 -1630
W 12040  646  615 -1080
R 12040 -589  544 -1630
W 12060  646  615 -1080
R 12060 -589  544 -1630
W 12100  646  615 -1080
R 12100 -589  544 -1630
W 12120  646  615 -1080
R 12120 -589  544 -1630
W 12140  646  615 -1080
R 12140 -589  544 -1630
W 12160  646  615 -1080
R 12160 -589  544 -1630
W 12180  646  615 -1080
R 12180 -589  544 -1630
W 12200  646  615 -1080
R 12200 -589  544 -1630
W 12220  646  615 -1080
R 12220 -589  544 -1630
W 12240  646  615 -1080
R 12240 -589  544 -1630
W 12260  646  615 -1080
R 12260 -589  544 -1630
W 12280  646  615 -1080
R 12280 -589  544 -1630
W 12300  646  615 -1080
R 12300 -589  544 -1630
W 12320  646  615 -1080
R 12320 -589  544 -1630
W 12340  646  615 -1080
R 12340 -589  544 -1630
W 12360  646  615 -1080
R 12360 -589  544 -1630
W 12380  646  615 -1080
R 12380 -589  544 -1630
W 12400  646  615 -1080
R 12400 -589  544 -1630
W 12420  646  615 -1080
R 12420 -589  544 -1630
W 12440  646  615 -1080
R 12440 -589  544 -1630
W 12460  646  615 -1080
R 12460 -589  544 -1630
W 12480  646  615 -1080
R 12480 -589  544 -1630
W 12540  646  615 -1080
R 12540 -589  544 -1630
W 12560  646  615 -1080
R 12560 -589  544 -1630
W 12580  646  615 -1080
R 12580 -589  544 -1630
W 12600  646  615 -1080
R 12600 -589  544 -1630
W 12620  646  615 -1080
R 12620 -589  544 -1630
W 12640  646  615 -1080
R 12640 -589  544 -1630
W 12660  646  615 -1080
R 12660 -589  544 -1630
W 12680  646  615 -1080
R 12680 -589  544 -589  544 -1630
W 12740  646  615 -1080
R 12740 -589  544 -1630
W 12760  646  615 -1080
R 12760 -589  544 -1630
W 12780  646  615 -1080
R 12780 -589  544 -1630
W 12800  646  615 -1080
R 12800 -589  544 -1630
W 12820  646  615 -1080
R 12820 -589  544 -1630
W 12840  646  615 -1080
R 12840 -589  544 -1630
W 12860  646  615 -1080
R 12860 -589  544 -1630
W 12880  646  615 -1080
R 12880 -589  544 -589  544 -1630
W 12940  646  615 -1080
R 12940 -589  544 -1630
W 12960  646  615 -1080
R 12960 -589  544 -1630
W 12980  646  615 -1080
R 12980 -589  544 -1630
W 13000  646  615 -1080
R 13000 -589  544 -1630
W 13020  646  615 -1080
R 13020 -589  544 -1630
W 13040  646  615 -1080
R 13040 -589  544 -1630
W 13060  646  615 -1080
R 13060 -589  544 -1630
W 13080  646  615 -1080
R 13080 -589  544 -589  544 -1630
W 13120  646  615 -1080
R 13120 -589  544 -1630
W 13140  646  615 -1080
R 13140 -589  544 -1630
W 13160  646  615 -1080
R 13160 -589  544 -1630
W 13180  646  615 -1080
R 13180 -589  589  544 -1630
W 13220  646  615 -1080
R 13220 -589  544 -1630
W 13240  646  615 -1080
R 13240 -589  544 -1630
W 13260  646  615 -1080
R 13260 -589  544 -1630
W 13280  646  615 -1080
R 13280 -589  589  544 -1630
W 13320  646  615 -1080
R 13320 -589  544 -1630
W 13340  646  615 -1080
R 13340 -589  544 -1630
W 13360  646  615 -1080
R 13360 -589  544 -1630
W 13380  646  615 -1080
R 13380 -589  544 -1630
W 13400  646  615 -1080
R 13400 -589  544 -1630
W 13420  646  615 -1080
R 13420 -589  544 -1630
W 13440  646  615 -1080
R 13440 -589  544 -1630
W 13460  646  615 -1080
R 13460 -589  544 -589  544 -1630
W 13520  646  615 -1080
R 13520 -589  544 -1630
W 13540  646  615 -1080
R 13540 -589  544 -1630
W 13560  646  615 -1080
R 13560 -589  544 -1630
W 13580  646  615 -1080
R 13580 -589  544 -1630
W 13600  646  615 -1080
R 13600 -589  544 -1630
W 13620  646  615 -1080
R 13620 -589  544 -1630
W 13640  646  615 -1080
R 13640 -589  544 -1630
W 13660  646  615 -1080
R 13660 -589  544 -589  544 -1630
W 13720  646  615 -1080
R 13720 -589  544 -1630
W 13740  646  615 -1080
R 13740 -589  544 -1630
W 13760  646  615 -1080
R 13760 -589  544 -1630
W 13780  646  615 -1080
R 13780 -589  544 -1630
W 13800  646  615 -1080
R 13800 -589  544 -1630
W 13820  646  615 -1080
R 13820 -589  544 -1630
W 13840  646  615 -1080
R 13840 -589  544 -1630
W 13860  646  615 -1080
R 13860 -589  544 -589  544 -1630
W 13920  646  615 -1080
R 13920 -589  544 -1630
W 13940  646  615 -1080
R 13940 -589  544 -1630
W 13960  646  615 -1080
R 13960 -589  544 -1630
W 13980  646  615 -1080
R 13980 -589  544 -1630
W 14000  646  615 -1080
R 14000 -589  544 -1630
W 14020  646  615 -1080
R 14020 -589  544 -1630
W 14040  646  615 -1080
R 14040 -589  544 -1630
W 14060  646  615 -1080
R 14060 -589  544 -589  544 -1630
W 14100  646  615 -1080
R 14100 -589  544 -1630
W 14120  646  615 -1080
R 14120 -589  544 -1630
W 14140  646  615 -1080
R 14140 -589  544 -1630
W 14160  646  615 -1080
R 14160 -589  589  544 -1630
W 14200  646  615 -1080
R 14200 -589  544 -1630
W 14220  646  615 -1080
R 14220 -589  544 -1630
W 14240  646  615 -1080
R 14240 -589  544 -1630
W 14260  646  615 -1080
R 14260 -589  589  544 -1630
W 14300  646  615 -1080
R 14300 -589  544 -1630
W 14320  646  615 -1080
R 14320 -589  544 -1630
W 14340  646  615 -1080
R 14340 -589  544 -1630
W 14360  646  615 -1080
R 14360 -589  544 -1630
W 14380  646  615 -1080
R 14380 -589  544 -1630
W 14400  646  615 -1080
R 14400 -589  544 -1630
W 14420  646  615 -1080
R 14420 -589  544 -1630
W 14440  646  615 -1080
R 14440 -589  544 -589  544 -1630
W 14480  646  615 -1080
R 14480 -589  544 -1630
W 14500  646  615 -1080
R 14500 -589  544 -1630
W 14520  646  615 -1080
R 14520 -589  544 -1630
W 14540  646  615 -1080
R 14540 -589  589  544 -1630
W 14580  646  615 -1080
R 14580 -589  544 -1630
W 14600  646  615 -1080
R 14600 -589  544 -1630
W 14620  646  615 -1080
R 14620 -589  544 -1630
W 14640  646  615 -1080
R 14640 -589  544 -1630
W 14660  646  615 -1080
R 14660 -589  544 -1630
W 14680  646  615 -1080
R 14680 -589  544 -1630
W 14700  646  615 -1080
R 14700 -589  544 -1630
W 14720  646  615 -1080
R 14720 -589  544 -1630
W 14740  646  615 -1080
R 14740 -589  544 -1630
W 14760  646  615 -1080
R 14760 -589  544 -1630
W 14780  646  615 -1080
R 14780 -589  544 -1630
W 14800  646  615 -1080
R 14800 -589  544 -1630
W 14820  646  615 -1080
R 14820 -589  544 -1630
W 14840  646  615 -1080
R 14840 -589  544 -1630
W 14860  646  615 -1080
R 14860 -589  544 -1630
W 14880  646  615 -1080
R 14880 -589  544 -1630
W 14900  646  615 -1080
R 14900 -589  544 -1630
W 14920  646  615 -1080
R 14920 -589  544 -1630
W 14940  646  615 -1080
R 14940 -589  544 -1630
W 14960  646  615 -1080
R 14960 -589  544 -1630
W 14980  646  615 -1080
R 14980 -589  544 -1630
W 15000  646  615 -1080
R 15000 -589  544 -1630
W 15020  646  615 -1080
R 15020 -589  544 -1630
W 15040  646  615 -1080
R 15040 -589  544 -1630
W 15060  646  6589  544 -1630
W 15100  646  615 -1080
R 15100 -589  544 -1630
W 15120  646  615 -1080
R 15120 -589  544 -1630
W 15140  646  615 -1080
R 15140 -589  544 -1630
W 15160  646  615 -1080
R 15160 -589  544 -1630
W 15180  646  615 -1080
R 15180 -589  544 -1630
W 15200  646  615 -1080
R 15200 -589  544 -1630
W 15220  646  615 -1080
R 15220 -589  544 -1630
W 15240  646  615 -1080
R 15240 -589  544 -589  544 -1630
W 15300  646  615 -1080
R 15300 -589  544 -1630
W 15320  646  615 -1080
R 15320 -589  544 -1630
W 15340  646  615 -1080
R 15340 -589  544 -1630
W 15360  646  615 -1080
R 15360 -589  544 -1630
W 15380  646  615 -1080
R 15380 -589  544 -1630
W 15400  646  615 -1080
R 15400 -589  544 -1630
W 15420  646  615 -1080
R 15420 -589  544 -1630
W 15440  646  615 -1080
R 15440 -589  544 -589  544 -1630
W 15520  646  615 -1080
R 15520 -589  544 -1630
W 15540  646  615 -1080
R 15540 -589  544 -1630
W 15560  646  615 -1080
R 15560 -589  544 -1630
W 15580  646  615 -1080
R 15580 -589  544 -1630
W 15600  646  615 -1080
R 15600 -589  544 -1630
W 15620  646  615 -1080
R 15620 -589  544 -1630
W 15640  646  615 -1080
R 15640 -589  544 -1630
W 15660  646  615 -1080
R 15660 -589  544 -589  544 -1630
W 15700  646  615 -1080
R 15700 -589  544 -1630
W 15720  646  615 -1080
R 15720 -589  544 -1630
W 15740  646  615 -1080
R 15740 -589  544 -1630
W 15760  646  615 -1080
R 15760 -589  544 -1630
W 15780  646  615 -1080
R 15780 -589  544 -1630
W 15800  646  615 -1080
R 15800 -589  544 -1630
W 15820  646  615 -1080
R 15820 -589  544 -1630
W 15840  646  615 -1080
R 15840 -589  544 -589  544 -1630
W 15880  646  615 -1080
R 15880 -589  544 -1630
W 15900  646  615 -1080
R 15900 -589  544 -1630
W 15920  646  615 -1080
R 15920 -589  544 -1630
W 15940  646  615 -1080
R 15940 -589  544 -1630
W 15960  646  615 -1080
R 15960 -589  544 -1630
W 15980  646  615 -1080
R 15980 -589  544 -1630
W 16000  646  615 -1080
R 16000 -589  544 -1630
W 16020  646  615 -1080
R 16020 -589  544 -589  544 -1630
W 16080  646  615 -1080
R 16080 -589  544 -1630
W 16100  646  615 -1080
R 16100 -589  544 -1630
W 16120  646  615 -1080
R 16120 -589  544 -1630
W 16140  646  615 -1080
R 16140 -589  544 -1630
W 16160  646  615 -1080
R 16160 -589  544 -1630
W 16180  646  615 -1080
R 16180 -589  544 -1630
W 16200  646  615 -1080
R 16200 -589  544 -1630
W 16220  646  615 -1080
R 16220 -589  544 -589  544 -1630
W 16280  646  615 -1080
R 16280 -589  544 -1630
W 16300  646  615 -1080
R 16300 -589  544 -1630
W 16320  646  615 -1080
R 16320 -589  544 -1630
W 16340  646  615 -1080
R 16340 -589  544 -1630
W 16360  646  615 -1080
R 16360 -589  544 -1630
W 16380  646  615 -1080
R 16380 -589  544 -1630
W 16400  646  615 -1080
R 16400 -589  544 -1630
W 16420  646  615 -1080
R 16420 -589  544 -589  544 -1630
W 16480  646  615 -1080
R 16480 -589  544 -1630
W 16500  646  615 -1080
R 16500 -589  544 -1630
W 16520  646  615 -1080
R 16520 -589  544 -1630
W 16540  646  615 -1080
R 16540 -589  544 -1630
W 16560  646  615 -1080
R 16560 -589  544 -1630
W 16580  646  615 -1080
R 16580 -589  544 -1630
W 16600  646  615 -1080
R 16600 -589  544 -1630
W 16620  646  615 -1080
R 16620 -589  544 -589  544 -1630
W 16700  646  615 -1080
R 16700 -589  544 -1630
W 16720  646  615 -1080
R 16720 -589  544 -1630
W 16740  646  615 -1080
R 16740 -589  544 -1630
W 16760  646  615 -1080
R 16760 -589  544 -1630
W 16780  646  615 -1080
R 16780 -589  544 -1630
W 16800  646  615 -1080
R 16800 -589  544 -1630
W 16820  646  615 -1080
R 16820 -589  544 -1630
W 16840  646  615 -1080
R 16840 -589  544 -1630
W 16860  646  615 -1080
R 16860 -589  544 -1630
W 16880  646  615 -1080
R 16880 -589  544 -1630
W 16900  646  615 -1080
R 16900 -589  544 -1630
W 16920  646  615 -1080
R 16920 -589  544 -1630
589  544 -1630
W 16980  646  615 -1080
R 16980 -589  544 -1630
W 17000  646  615 -1080
R 17000 -589  544 -1630
W 17020  646  615 -1080
R 17020 -589  544 -1630
W 17040  646  615 -1080
R 17040 -589  544 -1630
W 17060  646  615 -1080
R 17060 -589  544 -1630
W 17080  646  615 -1080
R 17080 -589  544 -1630
W 17100  646  615 -1080
R 17100 -589  544 -1630
W 17120  646  615 -1080
R 17120 -589  544 -1630
W 17140  646  615 -1080
R 17140 -589  544 -1630
W 17160  646  615 -1080
R 17160 -589  544 -1630
W 17180  646  615 -1080
R 17180 -589  544 -1630
W 17200  646  615 -1080
R 17200 -589  544 -1630
589  544 -1630
W 17260  646  615 -1080
R 17260 -589  544 -1630
W 17280  646  615 -1080
R 17280 -589  544 -1630
W 17300  646  615 -1080
R 17300 -589  544 -1630
W 17320  646  615 -1080
R 17320 -589  544 -1630
W 17340  646  615 -1080
R 17340 -589  544 -1630
W 17360  646  615 -1080
R 17360 -589  544 -1630
W 17380  646  615 -1080
R 17380 -589  544 -1630
W 17400  646  615 -1080
R 17400 -589  544 -589  544 -1630
W 17460  646  615 -1080
R 17460 -589  544 -1630
W 17480  646  615 -1080
R 17480 -589  544 -1630
W 17500  646  615 -1080
R 17500 -589  544 -1630
W 17520  646  615 -1080
R 17520 -589  544 -1630
W 17540  646  615 -1080
R 17540 -589  544 -1630
W 17560  646  615 -1080
R 17560 -589  544 -1630
W 17580  646  615 -1080
R 17580 -589  544 -1630
W 17600  646  615 -1080
R 17600 -589  544 -589  544 -1630
W 17640  646  615 -1080
R 17640 -589  544 -1630
W 17660  646  615 -1080
R 17660 -589  544 -1630
W 17680  646  615 -1080
R 17680 -589  544 -1630
W 17700  646  615 -1080
R 17700 -589  589  544 -1630
W 17740  646  615 -1080
R 17740 -589  544 -1630
W 17760  646  615 -1080
R 17760 -589  544 -1630
W 17780  646  615 -1080
R 17780 -589  544 -1630
W 17800  646  615 -1080
R 17800 -589  589  544 -1630
W 17840  646  615 -1080
R 17840 -589  544 -1630
W 17860  646  615 -1080
R 17860 -589  544 -1630
W 17880  646  615 -1080
R 17880 -589  544 -1630
W 17900  646  615 -1080
R 17900 -589  589  544 -1630
W 17940  646  615 -1080
R 17940 -589  544 -1630
W 17960  646  615 -1080
R 17960 -589  544 -1630
W 17980  646  615 -1080
R 17980 -589  544 -1630
W 18000  646  615 -1080
R 18000 -589  589  544 -1630
W 18040  646  615 -1080
R 18040 -589  544 -1630
W 18060  646  615 -1080
R 18060 -589  544 -1630
W 18080  646  615 -1080
R 18080 -589  544 -1630
W 18100  646  615 -1080
R 18100 -589  544 -1630
W 18120  646  615 -1080
R 18120 -589  544 -1630
W 18140  646  615 -1080
R 18140 -589  544 -1630
W 18160  646  615 -1080
R 18160 -589  544 -1630
W 18180  646  615 -1080
R 18180 -589  544 -589  544 -1630
W 18580  646  615 -1080
R 18580 -589  544 -1630
W 18600  646  615 -1080
R 18600 -589  544 -1630
W 18620  646  615 -1080
R 18620 -589  544 -1630
W 18640  646  615 -1080
R 18640 -589  544 -1630
W 18660  646  615 -1080
R 18660 -589  544 -1630
W 18680  646  615 -1080
R 18680 -589  544 -1630
W 18700  646  615 -1080
R 18700 -589  544 -1630
W 18720  646  615 -1080
R 18720 -589  544 -1630
W 18740  646  615 -1080
R 18740 -589  544 -1630
W 18760  646  615 -1080
R 18760 -589  544 -1630
W 18780  646  615 -1080
R 18780 -589  544 -1630
W 18800  646  615 -1080
R 18800 -589  544 -1630
W 18820  646  615 -1080
R 18820 -589  544 -1630
W 18840  646  615 -1080
R 18840 -589  544 -1630
W 18860  646  615 -1080
R 18860 -589  544 -1630
W 18880  646  615 -1080
R 18880 -589  544 -1630
W 189589  544 -1630
W 18920  646  615 -1080
R 18920 -589  544 -1630
W 18940  646  615 -1080
R 18940 -589  544 -1630
W 18960  646  615 -1080
R 18960 -589  544 -1630
W 18980  646  615 -1080
R 18980 -589  589  544 -1630
W 19020  646  615 -1080
R 19020 -589  544 -1630
W 19040  646  615 -1080
R 19040 -589  544 -1630
W 19060  646  615 -1080
R 19060 -589  544 -1630
W 19080  646  615 -1080
R 19080 -589  589  544 -1630
W 19140  646  615 -1080
R 19140 -589  544 -1630
W 19160  646  615 -1080
R 19160 -589  544 -1630
W 19180  646  615 -1080
R 19180 -589  544 -1630
W 19200  646  615 -1080
R 19200 -589  544 -1630
W 19220  646  615 -1080
R 19220 -589  544 -1630
W 19240  646  615 -1080
R 19240 -589  544 -1630
W 19260  646  615 -1080
R 19260 -589  544 -1630
W 19280  646  615 -1080
R 19280 -589  544 -589  544 -1630
W 19320  646  615 -1080
R 19320 -589  544 -1630
W 19340  646  615 -1080
R 19340 -589  544 -1630
W 19360  646  615 -1080
R 19360 -589  544 -1630
W 19380  646  615 -1080
R 19380 -589  544 -1630
W 19400  646  615 -1080
R 19400 -589  544 -1630
W 19420  646  615 -1080
R 19420 -589  544 -1630
W 19440  646  615 -1080
R 19440 -589  544 -1630
W 19460  646  615 -1080
R 19460 -589  544 -589  544 -1630
W 19500  646  615 -1080
R 19500 -589  544 -1630
W 19520  646  615 -1080
R 19520 -589  544 -1630
W 19540  646  615 -1080
R 19540 -589  544 -1630
W 19560  646  615 -1080
R 19560 -589  589  544 -1630
W 19620  646  615 -1080
R 19620 -589  544 -1630
W 19640  646  615 -1080
R 19640 -589  544 -1630
W 19660  646  615 -1080
R 19660 -589  544 -1630
W 19680  646  615 -1080
R 19680 -589  544 -1630
W 19700  646  615 -1080
R 19700 -589  544 -1630
W 19720  646  615 -1080
R 19720 -589  544 -1630
W 19740  646  615 -1080
R 19740 -589  544 -1630
W 19760  646  615 -1080
R 19760 -589  544 -589  544 -1630
W 19840  646  615 -1080
R 19840 -589  544 -1630
W 19860  646  615 -1080
R 19860 -589  544 -1630
W 19880  646  615 -1080
R 19880 -589  544 -1630
W 19900  646  615 -1080
R 19900 -589  589  544 -1630
W 19940  646  615 -1080
R 19940 -589  544 -1630
W 19960  646  615 -1080
R 19960 -589  544 -1630
W 19980  646  615 -1080
R 19980 -589  544 -1630
W 20000  646  615 -1080
R 20000 -589  589  544 -1630
W 20040  646  615 -1080
R 20040 -589  544 -1630
W 20060  646  615 -1080
R 20060 -589  544 -1630
W 20080  646  615 -1080
R 20080 -589  544 -1630
W 20100  646  615 -1080
R 20100 -589  544 -1630
W 20120  646  615 -1080
R 20120 -589  544 -1630
W 20140  646  615 -1080
R 20140 -589  544 -1630
W 20160  646  615 -1080
R 20160 -589  544 -1630
W 20180  646  615 -1080
R 20180 -589  544 -1630
W 20200  646  615 -1080
R 20200 -589  544 -1630
W 20220  646  615 -1080
R 20220 -589  544 -1630
W 20240  646  615 -1080
R 20240 -589  544 -1630
W 20260  646  615 -1080
R 20260 -589  544 -1630
W 20280  646  615 -1080
R 20280 -589  544 -1630
W 20300  646  615 -1080
R 20300 -589  544 -1630
W 20320  646  615 -1080
R 20320 -589  544 -1630
W 20340  646  615 -1080
R 20340 -589  544 -1630
W 203589  544 -1630
W 20420  646  615 -1080
R 20420 -589  544 -1630
W 20440  646  615 -1080
R 20440 -589  544 -1630
W 20460  646  615 -1080
R 20460 -589  544 -1630
W 20480  646  615 -1080
R 20480 -589  544 -1630
W 20500  646  615 -1080
R 20500 -589  544 -1630
W 20520  646  615 -1080
R 20520 -589  544 -1630
W 20540  646  615 -1080
R 20540 -589  544 -1630
W 20560  646  615 -1080
R 20560 -589  544 -1630
W 20580  646  615 -1080
R 20580 -589  544 -1630
W 20600  646  615 -1080
R 20600 -589  544 -1630
W 20620  646  615 -1080
R 20620 -589  544 -1630
W 20640  646  615 -1080
R 20640 -589  544 -1630
589  544 -1630
W 20680  646  615 -1080
R 20680 -589  544 -1630
W 20700  646  615 -1080
R 20700 -589  544 -1630
W 20720  646  615 -1080
R 20720 -589  544 -1630
W 20740  646  615 -1080
R 20740 -589  589  544 -1630
W 20780  646  615 -1080
R 20780 -589  544 -1630
W 20800  646  615 -1080
R 20800 -589  544 -1630
W 20820  646  615 -1080
R 20820 -589  544 -1630
W 20840  646  615 -1080
R 20840 -589  589  544 -1630
W 20880  646  615 -1080
R 20880 -589  544 -1630
W 20900  646  615 -1080
R 20900 -589  544 -1630
W 20920  646  615 -1080
R 20920 -589  544 -1630
W 20940  646  615 -1080
R 20940 -589  589  544 -1630
W 20980  646  615 -1080
R 20980 -589  544 -1630
W 21000  646  615 -1080
R 21000 -589  544 -1630
W 21020  646  615 -1080
R 21020 -589  544 -1630
W 21040  646  615 -1080
R 21040 -589  589  544 -1630
W 21080  646  615 -1080
R 21080 -589  544 -1630
W 21100  646  615 -1080
R 21100 -589  544 -1630
W 21120  646  615 -1080
R 21120 -589  544 -1630
W 21140  646  615 -1080
R 21140 -589  544 -1630
W 21160  646  615 -1080
R 21160 -589  544 -1630
W 21180  646  615 -1080
R 21180 -589  544 -1630
W 21200  646  615 -1080
R 21200 -589  544 -1630
W 21220  646  615 -1080
R 21220 -589  544 -589  544 -1630
W 21260  646  615 -1080
R 21260 -589  544 -1630
W 21280  646  615 -1080
R 21280 -589  544 -1630
W 21300  646  615 -1080
R 21300 -589  544 -1630
W 21320  646  615 -1080
R 21320 -589  589  544 -1630
W 21380  646  615 -1080
R 21380 -589  544 -1630
W 21400  646  615 -1080
R 21400 -589  544 -1630
W 21420  646  615 -1080
R 21420 -589  544 -1630
W 21440  646  615 -1080
R 21440 -589  589  544 -1630
W 21480  646  615 -1080
R 21480 -589  544 -1630
W 21500  646  615 -1080
R 21500 -589  544 -1630
W 21520  646  615 -1080
R 21520 -589  544 -1630
W 21540  646  615 -1080
R 21540 -589  544 -1630
W 21560  646  615 -1080
R 21560 -589  544 -1630
W 21580  646  615 -1080
R 21580 -589  544 -1630
W 21600  646  615 -1080
R 21600 -589  544 -1630
W 21620  646  615 -1080
R 21620 -589  544 -589  544 -1630
W 21660  646  615 -1080
R 21660 -589  544 -1630
W 21680  646  615 -1080
R 21680 -589  544 -1630
W 21700  646  615 -1080
R 21700 -589  544 -1630
W 21720  646  615 -1080
R 21720 -589  589  544 -1630
W 21800  646  615 -1080
R 21800 -589  544 -1630
W 21820  646  615 -1080
R 21820 -589  544 -1630
W 21840  646  615 -1080
R 21840 -589  544 -1630
W 21860  646  615 -1080
R 21860 -589  589  544 -1630
W 21900  646  615 -1080
R 21900 -589  544 -1630
W 21920  646  615 -1080
R 21920 -589  544 -1630
W 21940  646  615 -1080
R 21940 -589  544 -1630
W 21960  646  615 -1080
R 21960 -589  544 -1630
W 21980  646  615 -1080
R 21980 -589  544 -1630
W 22000  646  615 -1080
R 22000 -589  544 -1630
W 22020  646  615 -1080
R 22020 -589  544 -1630
W 22040  646  615 -1080
R 22040 -589  544 -589  544 -1630
W 22080  646  615 -1080
R 22080 -589  544 -1630
W 22100  646  615 -1080
R 22100 -589  544 -1630
W 22120  646  615 -1080
R 22120 -589  544 -1630
W 22140  646  615 -1080
R 22140 -589  544 -1630
W 22160  646  615 -1080
R 22160 -589  544 -1630
W 22180  646  615 -1080
R 22180 -589  544 -1630
W 22200  646  615 -1080
R 22200 -589  544 -1630
W 22220  646  615 -1080
R 22220 -589  544 -589  544 -1630
W 22260  646  615 -1080
R 22260 -589  544 -1630
W 22280  646  615 -1080
R 22280 -589  544 -1630
W 22300  646  615 -1080
R 22300 -589  544 -1630
W 22320  646  615 -1080
R 22320 -589  544 -1630
W 22340  646  615 -1080
R 22340 -589  544 -1630
W 22360  646  615 -1080
R 22360 -589  544 -1630
W 22380  646  615 -1080
R 22380 -589  544 -1630
W 22400  646  615 -1080
R 22400 -589  544 -589  544 -1630
W 22460  646  615 -1080
R 22460 -589  544 -1630
W 22480  646  615 -1080
R 22480 -589  544 -1630
W 22500  646  615 -1080
R 22500 -589  544 -1630
W 22520  646  615 -1080
R 22520 -589  544 -1630
W 22540  646  615 -1080
R 22540 -589  544 -1630
W 22560  646  615 -1080
R 22560 -589  544 -1630
W 22580  646  615 -1080
R 22580 -589  544 -1630
W 22600  646  615 -1080
R 22600 -589  544 -1630
W 22620  646  615 -1080
R 22620 -589  544 -1630
W 22640  646  615 -1080
R 22640 -589  544 -1630
W 22660  646  615 -1080
R 22660 -589  544 -1630
W 22680  646  615 -1080
R 22680 -589  544 -1630
W 22700  646  615 -1080
R 22700 -589  544 -1630
W 22720  646  615 -1080
R 22720 -589  544 -1630
W 22740  646  615 -1080
R 22740 -589  544 -1630
W 22760  646  615 -1080
R 22760 -589  544 -1630
W 22780  646  615 -1080
R 22780 -589  544 -1630
W 22800  646  615 -1080
R 22800 -589  544 -1630
W 22820  646  615 -1080
R 22820 -589  544 -1630
W 22840  646  615 -1080
R 22840 -589  544 -1630
W 22860  646  615 -1080
R 22860 -589  544 -1630
W 22880  646  615 -1080
R 22880 -589  544 -1630
W 22900  646  615 -1080
R 22900 -589  544 -1630
W 22920  646  615 -1080
R 22920 -589  544 -1630
W 22940  646  615 -1080
R 22940 -589  544 -1630
W 22960  646  615 -1080
R 22960 -589  544 -1630
W 22980  646  615 -1080
R 22980 -589  544 -1630
W 23000  646  615 -1080
R 23000 -589  544 -1630
W 23020  646  615 -1080
R 23020 -589  544 -1630
W 23040  646  615 -1080
R 23040 -589  544 -1630
W 23060  646  615 -1080
R 23060 -589  544 -1630
W 23080  646  615 -1080
R 23080 -589  544 -1630
W 23100  646  615 -1080
R 23100 -589  544 -1630
W 23120  646  615 -1080
R 23120 -589  544 -1630
W 23140  646  615 -1080
R 23140 -589  544 -1630
W 23160  646  615 -1080
R 23160 -589  544 -1630
W 23180  646  615 -1080
R 23180 -589  544 -1630
W 23200  646  615 -1080
R 23200 -589  544 -1630
W 23220  646  615 -1080
R 23220 -589  544 -1630
W 23240  646  615 -1080
R 23240 -589  544 -1630
W 23260  646  615 -1080
R 23260 -589  544 -1630
W 23280  646  615 -1080
R 23280 -589  544 -1630
W 23300  646  615 -1080
R 23300 -589  544 -1630
W 23320  646  615 -1080
R 23320 -589  544 -1630
W 23340  646  615 -1080
R 23340 -589  544 -1630
W 23360  646  615 -1080
R 23360 -589  544 -1630
W 23380  646  615 -1080
R 23380 -589  544 -1630
W 23400  646  615 -1080
R 23400 -589  544 -1630
W 23420  646  615 -1080
R 23420 -589  544 -1630
W 23440  646  615 -1080
R 23440 -589  544 -1630
W 23460  646  615 -1080
R 23460 -589  544 -1630
W 23480  646  615 -1080
R 23480 -589  544 -1630
W 23500  646  615 -1080
R 23500 -589  544 -1630
W 23520  646  615 -1080
R 23520 -589  544 -1630
W 23540  646  615 -1080
R 23540 -589  544 -1630
W 23560  646  615 -1080
R 23560 -589  544 -1630
W 23580  646  615 -1080
R 23580 -589  544 -1630
W 23600  646  615 -1080
R 23600 -589  544 -1630
W 23620  646  615 -1080
R 23620 -589  544 -1630
W 23640  646  615 -1080
R 23640 -589  544 -1630
W 23660  646  615 -1080
R 23660 -589  544 -1630
W 23680  646  615 -1080
R 23680 -589  544 -1630
W 23700  646  615 -1080
R 23700 -589  544 -1630
W 23720  646  615 -1080
R 23720 -589  544 -1630
W 23740  646  615 -1080
R 23740 -589  544 -1630
W 23760  646  615 -1080
R 23760 -589  544 -1630
W 23780  646  615 -1080
R 23780 -589  544 -1630
W 23800  646  615 -1080
R 23800 -589  544 -1630
W 23820  646  615 -1080
R 23820 -589  544 -1630
W 23840  646  615 -1080
R 23840 -589  544 -1630
W 23860  646  615 -1080
R 23860 -589  544 -1630
W 23880  646  615 -1080
R 23880 -589  544 -1630
W 23900  646  615 -1080
R 23900 -589  544 -1630
W 23920  646  615 -1080
R 23920 -589  544 -1630
W 23940  646  615 -1080
R 23940 -589  544 -1630
W 23960  646  615 -1080
R 23960 -589  544 -1630
W 23980  646  615 -1080
R 23980 -589  544 -1630
W 24000  646  615 -1080
R 24000 -589  544 -1630
W 24020  646  615 -1080
R 24020 -589  544 -1630
W 24040  646  615 -1080
R 24040 -589  544 -1630
W 24060  646  615 -1080
R 24060 -589  544 -1630
W 24080  646  615 -1080
R 24080 -589  544 -1630
W 24100  646  615 -1080
R 24100 -589  544 -1630
