M 44720  3    0   75
M 44720  4    0   75
M 44720  5    0   75
M 44721  6    0   75
M 44741  3    0   75
M 44741  4    0   75
M 44741  5    0   75
M 44742  6    0   75
M 44762  3    0   75
M 44762  4    0   75
M 44762  5    0   75
M 44763  6    0   75
M 44783  3    0   75
M 44783  4    0   75
M 44783  5    0   75
M 44785  6    0   75
M 44805  3    0   75
M 44805  4    0   75
M 44806  5    0   75
M 44806  6    0   75
M 44826  3    0   75
M 44826  4    0   75
M 44826  5    0   75
M 44827  6    0   75
M 44847  3    0   75
M 44847  4    0   75
M 44847  5    0   75
M 44848  6    0   75
M 44868  3    0   75
M 44868  4    0   75
M 44868  5    0   75
M 44869  6    0   75
M 44890  3    0   75
M 44890  4    0   75
M 44891  5    0   75
M 44891  6    0   75
M 44911  3    0   75
M 44911  4    0   75
M 44911  5    0   75
M 44912  6    0   75
M 44932  3    0   75
M 44932  4    0   75
M 44932  5    0   75
M 44933  6    0   75
M 44953  3    0   75
M 44953  4    0   75
M 44953  5    0   75
M 44954  6    0   75
M 44974  3    0   75
M 44974  4    0   75
M 44974  5    0   75
M 44975  6    0   75
M 44995  3    0   75
M 44995  4    0   75
M 44996  5    0   75
M 44996  6    0   75
M 45016  3    0   75
M 45016  4    0   75
M 45016  5    0   75
M 45017  6    0   75
M 45037  3    0   75
M 45037  4    0   75
M 45037  5    0   75
M 45038  6    0   75
M 45058  3    0   75
M 45058  4    0   75
M 45058  5    0   75
M 45059  6    0   75
M 45079  3    0   75
M 45079  4    0   75
M 45079  5    0   75
M 45080  6    0   75
M 45100  3    0   75
M 45100  4    0   75
M 45100  5    0   75
M 45101  6    0   75
M 45121  3    0   75
M 45121  4    0   75
M 45121  5    0   75
M 45122  6    0   75
M 45142  3    0   75
M 45142  4    0   75
M 45142  5    0   75
M 45143  6    0   75
M 45163  3    0   75
M 45163  4    0   75
M 45163  5    0   75
M 45164  6    0   75
M 45184  3    0   75
M 45184  4    0   75
M 45184  5    0   75
M 45185  6    0   75
M 45205  3    0   75
M 45205  4    0   75
M 45206  5    0   75
M 45206  6    0   75
M 45226  3    0   75
M 45226  4    0   75
M 45226  5    0   75
M 45227  6    0   75
M 45247  3    0   75
M 45247  4    0   75
M 45247  5    0   75
M 45248  6    0   75
M 45268  3    0   75
M 45268  4    0   75
M 45268  5    0   75
M 45269  6    0   75
M 45289  3    0   75
M 45289  4    0   75
M 45289  5    0   75
M 45290  6    0   75
M 45310  3    0   75
M 45310  4    0   75
M 45310  5    0   75
M 45311  6    0   75
M 45331  3    0   75
M 45331  4    0   75
M 45331  5    0   75
M 45332  6    0   75
M 45352  3    0   75
M 45352  4    0   75
M 45352  5    0   75
M 45353  6    0   75
M 45375  3    0   75
M 45375  4    0   75
M 45376  5    0   75
M 45376  6    0   75
M 45396  3    0   75
M 45396  4    0   75
M 45396  5    0   75
M 45397  6    0   75
M 45417  3    0   75
M 45417  4    0   75
M 45417  5    0   75
M 45418  6    0   75
M 45438  3    0   75
M 45438  4    0   75
M 45438  5    0   75
M 45439  6    0   75
M 45460  3    0   75
M 45460  4    0   75
M 45460  5    0   75
M 45461  6    0   75
M 45481  3    0   75
M 45481  4    0   75
M 45481  5    0   75
M 45482  6    0   75
M 45502  3    0   75
M 45502  4    0   75
M 45502  5    0   75
M 45503  6    0   75
M 45523  3    0   75
M 45523  4    0   75
M 45523  5    0   75
M 45524  6    0   75
M 45544  3    0   75
M 45544  4    0   75
M 45544  5    0   75
M 45545  6    0   75
M 45565  3    0   75
M 45565  4    0   75
M 45566  5    0   75
M 45566  6    0   75
M 45586  3    0   75
M 45586  4    0   75
M 45586  5    0   75
M 45587  6    0   75
M 45607  3    0   75
M 45607  4    0   75
M 45607  5    0   75
M 45608  6    0   75
M 45628  3    0   75
M 45628  4    0   75
M 45628  5    0   75
M 45629  6    0   75
M 45649  3    0   75
M 45649  4    0   75
M 45649  5    0   75
M 45650  6    0   75
M 45670  3    0   75
M 45670  4    0   75
M 45671  5    0   75
M 45671  6    0   75
M 45691  3    0   75
M 45691  4    0   75
M 45691  5    0   75
M 45692  6    0   75
M 45712  3    0   75
M 45712  4    0   75
M 45712  5    0   75
M 45713  6    0   75
M 45733  3    0   75
M 45733  4    0   75
M 45733  5    0   75
M 45734  6    0   75
M 45754  3    0   75
M 45754  4    0   75
M 45754  5    0   75
M 45755  6    0   75
M 45775  3    0   75
M 45775  4    0   75
M 45776  5    0   75
M 45776  6    0   75
M 45796  3    0   75
M 45796  4    0   75
M 45796  5    0   75
M 45797  6    0   75
M 45817  3    0   75
M 45817  4    0   75
M 45817  5    0   75
M 45818  6    0   75
M 45838  3    0   75
M 45838  4    0   75
M 45838  5    0   75
M 45839  6    0   75
M 45859  3    0   75
M 45859  4    0   75
M 45859  5    0   75
M 45860  6    0   75
M 45880  3    0   75
M 45880  4    0   75
M 45881  5    0   75
M 45881  6    0   75
M 45901  3    0   75
M 45901  4    0   75
M 45901  5    0   75
M 45902  6    0   75
M 45922  3    0   75
M 45922  4    0   75
M 45922  5    0   75
M 45923  6    0   75
M 45943  3    0   75
M 45943  4    0   75
M 45943  5    0   75
M 45944  6    0   75
