  0    0
D 2700   0    0    0
D 2720   0    0    0
D 2740   0    0    0
D 2760   0    0    0
D 2780   0    0    0
D 2800   0    0    0
D 2820   0    0    0
D 2840   0    0    0
D 2860   0    0    0
D 2880   0    0    0
D 2900   0    0    0
D 2920   0    0    0
D 2940   0    0    0
D 2960   0    0    0
D 2980   0    0    0
D 3000   0    0    0
D 3020   0    0    0
D 3040   0    0    0
D 3060   0    0    0
D 3080   0    0    0
D 3100   0    0    0
D 3120   0    0    0
D 3140   0    0    0
D 3160   0    0    0
D 3180   0    1    8
D 3200   0    0   -8
D 3220   0    0    0
D 3240   0    0    0
D 3260   0    0    0
D 3280   0    0    0
D 3300   0    0    0
D 3320   0    0    0
D 3340   0    0    0
D 3360   0    0    0
D 3380   0    0    0
D 3400   0    0    0
D 3420   0    0    0
D 3440   0    0    0
D 3460   0    0    0
D 3480   0    0    0
D 3500   0    0    0
D 3520   0    0    0
D 3540   0    0    0
D 3560   0    0    0
D 3580   0    0    0
D 3600   0    0    0
D 3620   0    0    0
D 3640   0    0    0
D 3660   0    0    0
D 3680   0    0    0
D 3700   0    1    8
D 3720   0    0   -8
D 3740   0    0    0
D 3760   0    0    0
D 3780   0    0    0
D 3800   0    0    0
D 3820   0    0    0
D 3840   0    0    0
D 3860   0    0    0
D 3880   0    0    0
D 3900   0    0    0
D 3920   0    0    0
D 3940   0    0    0
D 3960   0    0    0
D 3980   0    0    0
D 4000   0    0    0
D 4020   0    0    0
D 4040   0    1    8
D 4060   0    0   -8
D 4080   0    0    0
D 4100   0    0    0
D 4120   0    0    0
D 4140   0    0    0
D 4160   0    0    0
D 4180   0    0    0
D 4200   0    0    0
D 4220   0    0    0
D 4240   0    0    0
D 4260   0    0    0
D 4280   0    0    0
D 4300   0    0    0
D 4320   0    0    0
D 4340   0    0    0
D 4360   0    0    0
D 4380   0    0    0
D 4400   0    0    0
D 4420   0    0    0
D 4440   0    0    0
D 4460   0    0    0
D 4480   0    0    0
D 4500   0    0    0
D 4520   0    0    0
D 4540   0    0    0
D 4560   0    0    0
D 4580   0    0    0
D 4600   0    0    0
D 4620   0    0    0
D 4640   0    0    0
D 4660   0    0    0
D 4680   0    0    0
D 4700   0    0    0
D 4720   0    0    0
D 4740   0    0    0
D 4760   0    0    0
D 4780   0    0    0
D 4800   0    0    0
D 4820   0    0    0
D 4840   0    0    0
D 4860   0    0    0
D 4880   0    0    0
D 4900   0    0    0
D 4920   0    0    0
D 4940   0    0    0
D 4960   0    0    0
D 4980   0    0    0
D 5000   0    0    0
D 5020   0    0    0
D 5040   0    0    0
D 5060   0    1    8
D 5080   0    0   -8
D 5100   0    0    0
D 5120   0    0    0
D 5140   0    0    0
D 5160   0    0    0
D 5180   0    0    0
D 5200   0    0    0
D 5220   0    0    0
D 5240   0    1    8
D 5260   0    0   -8
D 5280   0    0    0
D 5300   0    0    0
D 5320   0    0    0
D 5340   0    0    0
D 5360   0    0    0
D 5380   0    0    0
D 5400   0    0    0
D 5420   0    0    0
D 5440   0    0    0
D 5460   0    0    0
D 5480   0    0    0
D 5500   0    0    0
D 5520   0    0    0
D 5540   0    0    0
D 5560   0    0    0
D 5580   0    0    0
D 5600   0    0    0
D 5620   0    1    8
D 5640   0    0   -8
D 5660   0    0    0
D 5680   0    1    8
D 5700   0    0   -8
D 5720   0    0    0
D 5740   0    0    0
D 5760   0    0    0
D 5780   0    0    0
D 5800   0    0    0
D 5820   0    0    0
D 5840   0    0    0
D 5860   0    0    0
D 5880   0    0    0
D 5900   0    0    0
D 5920   0    0    0
D 5940   0    0    0
D 5960   0    0    0
D 5980   0    0    0
D 6000   0    0    0
D 6020   0    0    0
D 6040   0    0    0
D 6060   0    0    0
D 6080   0    0    0
D 6100   0    1    8
D 6120   0    0   -8
D 6140   0    0    0
D 6160   0    0    0
D 6180   0    0    0
D 6200   0    0    0
D 6220   0    0    0
D 6240   0    0    0
D 6260   0    0    0
D 6280   0    1    8
D 6300   0    0   -8
D 6320   0    0    0
D 6340   0    0    0
D 6360   0    0    0
D 6380   0    0    0
D 6400   0    0    0
D 6420   0    0    0
D 6440   0    0    0
D 6460   0    0    0
D 6480   0    0    0
D 6500   0    0    0
D 6520   0    0    0
D 6540   0    0    0
D 6560   0    0    0
D 6580   0    0    0
D 6600   0    0    0
D 6620   0    0    0
D 6640   0    0    0
D 6660   0    0    0
D 6680   0    0    0
D 6700   0    0    0
D 6720   0    0    0
D 6740   0    0    0
D 6760   0    0    0
D 6780   0    0    0
D 6800   0    0    0
D 6820   0    0    0
D 6840   0    0    0
D 6860   0    0    0
D 6880   0    0    0
D 6900   0    0    0
D 6920   0    0    0
D 6940   0    0    0
D 6960   0    0    0
D 6980   0    0    0
D 7000   0    0    0
D 7020   0    0    0
D 7040   0    0    0
D 7060   0    0    0
D 7080   0    0    0
D 7100   0    0    0
D 7120   0    0    0
D 7140   0    0    0
D 7160   0    0    0
D 7180   0    0    0
D 7200   0    1    8
D 7220   0    0   -8
D 7240   0    0    0
D 7260   0    0    0
D 7280   0    0    0
D 7300   0    0    0
D 7320   0    0    0
D 7340   0    0    0
D 7360   0    0    0
D 7380   0    0    0
D 7400   0    0    0
D 7420   0    0    0
D 7440   0    0    0
D 7460   0    0    0
D 7480   0    0    0
D 7500   0    0    0
D 7520   0    0    0
D 7540   0    0    0
D 7560   0    0    0
D 7580   0    0    0
D 7600   0    0    0
D 7620   0    1    8
D 7640   0    0   -8
D 7660   0    0    0
D 7680   0    0    0
D 7700   0    0    0
D 7720   0    1    8
D 7740   0    0   -8
D 7760   0    0    0
D 7780   0    0    0
D 7800   0    0    0
D 7820   0    0    0
D 7840   0    0    0
D 7860   0    0    0
D 7880   0    1    8
D 7900   0    1    0
D 7920   0    0   -8
D 7940   0    0    0
D 7960   0    0    0
D 7980   0    0    0
D 8000   0    0    0
D 8020   0    0    0
D 8040   0    0    0
D 8060   0    0    0
D 8080   0    0    0
D 8100   0    0    0
D 8120   0    0    0
D 8140   0    0    0
D 8160   0    0    0
D 8180   0    0    0
D 8200   0    0    0
D 8220   0    1    8
D 8240   0    1    0
D 8260   0    1    0
D 8280   0    1    0
D 8300   0    1    0
D 8320   0    1    0
D 8340   0    2    8
D 8360   0    2    0
D 8380   0    1   -8
D 8400   0    1    0
D 8420   0    1    0
D 8440   0    0   -8
D 8460   0    3   25
D 8480   0    1  -16
D 8500   0    1    0
D 8520   0    1    0
D 8540   0    1    0
D 8560   0    1    0
D 8580   0    1    0
D 8600   0    1    0
D 8620   0    1    0
D 8640   0    1    0
D 8660   0    2    8
D 8680   0    1   -8
D 8700   0    1    0
D 8720   0    1    0
D 8740   0    2    8
D 8760   0    1   -8
D 8780   0    1    0
D 8800   0    1    0
D 8820   0    0   -8
D 8840   0    1    8
D 8860   0    0   -8
D 8880   0    0    0
D 8900   0    1    8
D 8920   0    1    0
D 8940   0    0   -8
D 8960   0    1    8
D 8980   0    1    0
D 9000   0    1    0
D 9020   0    1    0
D 9040   0    1    0
D 9060   0    1    0
D 9080   0    1    0
D 9100   0    1    0
D 9120   0    1    0
D 9140   0    0   -8
D 9160   0    1    8
D 9180   0    1    0
D 9200   0    1    0
D 9220   0    1    0
D 9240   0    0   -8
D 9260   0    1    8
D 9280   0    1    0
D 9300   0    0   -8
D 9320   0    1    8
D 9340   0    0   -8
D 9360   0    1    8
D 9380   0    0   -8
D 9400   0    1    8
D 9420   0    1    0
D 9440   0    0   -8
D 9460   0    0    0
D 9480   0    1    8
D 9500   0    0   -8
D 9520   0    1    8
D 9540   0    0   -8
D 9560   0    0    0
D 9580   0    0    0
D 9600   0    0    0
D 9620   0    0    0
D 9640   0    0    0
D 9660   0    1    8
D 9680   0    1    0
D 9700   0    1    0
D 9720   0    1    0
D 9740   0    0   -8
D 9760   0    0    0
D 9780   0    0    0
D 9800   0    0    0
D 9820   0    1    8
D 9840   0    1    0
D 9860   0    1    0
D 9880   0    0   -8
D 9900   0    0    0
D 9920   0    1    8
D 9940   0    1    0
D 9960   0    0   -8
D 9980   0    0    0
D 10000   0    0    0
D 10020   0    0    0
D 10040   0    0    0
D 10060   0    0    0
D 10080   0    0    0
D 10100   0    0    0
D 10120   0    0    0
D 10140   0    1    8
D 10160   0    1    0
D 10180   0    1    0
D 10200   0    1    0
D 10220   0    0   -8
D 10240   0    0    0
D 10260   0    0    0
D 10280   0    0    0
D 10300   0    0    0
D 10320   0    0    0
D 10340   0    0    0
D 10360   0    0    0
D 10380   0    0    0
D 10400   0    1    8
D 10420   0    0   -8
D 10440   0    1    8
D 10460   0    1    0
D 10480   0    1    0
D 10500   0    0   -8
D 10520   0    1    8
D 10540   0    0   -8
D 10560   0    1    8
D 10580   0    0   -8
D 10600   0    0    0
D 10620   0    0    0
D 10640 127    1    8
M 12647  3    0   75
M 12647  4    0   75
M 12647  5    0   75
M 12648  6    0   75
D 10660 127    1    0
M 12668  3    0   75
M 12668  4    0   75
M 12668  5    0   75
M 12670  6    0   75
D 10680 127    1    0
M 12690  3    0   75
M 12690  4    0   75
M 12690  5    0   75
M 12691  6    0   75
D 10700 127    1    0
M 12711  3    0   75
M 12711  4    0   75
M 12711  5    0   75
M 12712  6    0   75
D 10720 127    1    0
M 12732  3    0   75
M 12732  4    0   75
M 12732  5    0   75
M 12733  6    0   75
D 10740 127    1    0
M 12753  3    0   75
M 12753  4    0   75
M 12754  5    0   75
M 12754  6    0   75
D 10760 127    1    0
M 12775  3    0   75
M 12775  4    0   75
M 12776  5    0   75
M 12776  6    0   75
D 10780 127    0   -8
M 12796  3    0   75
M 12796  4    0   75
M 12796  5    0   75
M 12797  6    0   75
D 10800 127    1    8
M 12817  3    0   75
M 12817  4    0   75
M 12817  5    0   75
M 12818  6    0   75
D 10820 127    4   25
M 12838  3    0   75
M 12838  4    0   75
M 12838  5    0   75
M 12839  6    0   75
D 10840 127   23  158
M 12859  3    0   75
M 12859  4    0   75
M 12859  5    0   75
M 12860  6    0   75
D 10860 127   31   66
M 12880  3    0   75
M 12880  4    0   75
M 12880  5    0   75
M 12881  6    0   75
D 10880 127   49  150
M 12901  3    0   75
M 12901  4    0   75
M 12901  5    0   75
M 12902  6    0   75
D 10900 127   68  158
M 12922  3    0   75
M 12922  4    0   75
M 12922  5    0   75
M 12923  6    0   75
D 10920 127   91  191
M 12943  3    0   75
M 12943  4    0   75
M 12943  5    0   75
M 12944  6    0   75
D 10940 127  102   91
M 12964  3    0   75
M 12964  4    0   75
M 12964  5    0   75
M 12965  6    0   75
D 10960 127  123  175
M 12985  3    0   75
M 12985  4    0   75
M 12986  5    0   75
D 10980 127  142  158
M 12986  6    0   75
M 13006  3    0   75
D 11000  75  163  175
M 13006  4    0   75
M 13007  5    0   75
M 13007  6    0   75
D 11020 127  186  191
M 13027  3    0   75
M 13027  4    0   75
M 13027  5    0   75
M 13028  6    0   75
D 11040 127  205  158
M 13048  3    0   75
M 13048  4    0   75
M 13048  5    0   75
M 13049  6    0   75
D 11060 127  229  200
M 13069  3    0   75
M 13069  4    0   75
M 13069  5    0   75
M 13070  6    0   75
D 11080 127  253  200
M 13090  3    0   75
M 13090  4    0   75
M 13090  5    0   75
M 13091  6    0   75
D 11100 127  277  200
M 13111  3    0   75
M 13111  4    0   75
M 13111  5    0   75
M 13112  6    0   75
D 11120 127  298  175
M 13132  3    0   75
M 13132  4    0   75
M 13132  5    0   75
M 13133  6    0   75
D 11140 127  322  200
M 13153  3    0   75
M 13153  4    0   75
M 13153  5    0   75
M 13154  6    0   75
D 11160 127  344  183
M 13174  3    0   755    0   75
M 13175  6    0   75
D 11180 127  372  233
M 13195  3    0   75
M 13195  4    0   75
M 13196  5    0   75
M 13196  6    0   75
D 11200 127  398  216
M 13216  3    0   75
M 13216  4    0    0   75
D 11260 127  481  225
M 13279  3    0   75
M 13279  4    0   75
M 13279  5    0   75
M 13280  6    0   75
D 11280 127  500  158
M 13300  3    0   75
M 13300  4    0   75
M 13301  5    0     0   75
D 11360 127  599  200
M 13384  3    0   75
M 13384  4    0   75
M 13384  5    0   75
M 13385  6    0   75
D 11380 127  619  166
M 13405  3    0   75
M 13405  4    0   75
M 13406  5    0 5    0   75
M 13448  6    0   75
D 11460 127  711  200
M 13468  3    0   75
M 13468  4    0   75
M 13468  5    0   75
M 13469  6    0   75
D 11480 127  731  166
M 13489  3    0   75
M 13489  4    05    0   75
M 13511  6    0   75
D 11520 127  773  166
M 13531  3    0   75
M 13531  4    0   75
M 13531  5    0   75
M 13532  6    0   75
D 11540 127  796  191
M 13552  3    0   75
M 13552  4    0   75
M 13552  5    0   75
M 13553  6    0   75
D 11560 127  814  150
M 13573  3    0   75
M 13573  4    0   75
M 13573  5    0   75
M 13574  6    0   75
D 11580 127  834  166
M 13594  3    0   75
M 13594  4    0   75
M 13594  5    0   75
M 13595  6    0   75
D 11600 127  859  208
M 13615  3    0   75
M 13615  4    0   75
M 13616  5    0   75
M 13616  6    0   75
D 11620 127  878  158
M 13636  3    0   75
M 13636  4    0   75
M 13636  5    0   75
M 13637  6    0   75
D 11640 127  898  166
M 13657  3    0   75
M 13657  4    0   75
M 13657  5    0   75
M 13658  6    0   75
D 11660 127  921  191
M 13678  3    0   75
M 13678  4    0   75
M 13678  5    0   75
M 13679  6    0   75
D 11680 127  941  166
M 13699  3    0   75
M 13699  4    0   75
M 13699  5    0   75
M 13700  6    0   75
D 11700 127  962  175
M 13720  3    0   75
M 13720  4    0   75
M 13720  5    0   75
M 13721  6    0   75
D 11720 127  983  175
M 13741  3    0   75
M 13741  4    0   75
M 13741  5    0   75
M 13742  6    0   75
D 11740 127 1004  175
M 13762  3    0   75
M 13762  4    0   75
M 13762  5    0   75
M 13763  6    0   75
D 11760 127 1024  166
M 13783  3    0   75
M 13783  4    0   75
M 13783  5    0   75
M 13784  6    0   75
D 11780 127 1046  183
M 13804  3    0   75
M 13804  4    0   75
M 13804  5    0   75
M 13805  6    0   75
D 11800 127 1066  166
M 13825  3    0   75
M 13825  4    0   75
M 13826  5    0   75
D 11820 127 1090  200
M 13826  6    0   75
M 13846  3    0   75
D 11840  75 1111  175
M 13846  4    0   75
M 13846  5    0   75
M 13847  6    0   75
D 11860 127 1136  208
M 13867  3    0   75
M 13867  4    0   75
M 13867  5    0   75
M 13868  6    0   75
D 11880 127 1161  208
M 13888  3    0   75
M 13888  4    0   75
M 13888  5    0   75
M 13889  6    0   75
D 11900 127 1186  208
M 13909  3    0   75
M 13909  4    0   75
M 13909  5    0   75
M 13910  6    0   75
D 11920 127 1206  166
M 13930  3    0   75
M 13930  4    0   75
M 13930  5    0   75
M 13931  6    0   75
D 11940 127 1234  233
M 13951  3    0   75
M 13951  4    0   75
M 13951  5    0   75
M 13952  6    0   75
D 11960 127 1261  225
M 13972  3    0   75
M 13972  4    0   75
M 13972  5    0   75
M 13973  6    0   75
D 11980 127 1282  175
M 13993  3    0   75
M 13993  4    0   75
M 13993  5    0   75
M 13994  6    0   75
D 12000 127 1306  200
M 14014  3    0   75
M 14014  4    0   75
M 14014  5    0   75
M 14015  6    0   75
D 12020 127 1333  225
M 14035  3    0   75
M 14035  4    0   75
M 14036  5    0   75
M 14036  6    0   75
D 12040 127 1365  266
M 14056  3    0   75
M 14056  4    0   75
M 14056  5    0   75
M 14057  6    0   75
D 12060 127 1393  233
M 14077  3    0   75
M 14077  4    0   75
M 14077  5    0   75
M 14078  6    0   75
D 12080 127 1419  216
M 14098  3    0   75
M 14098  4    0   75
M 14098  5    0   75
M 14099  6    0   75
D 12100 127 1445  216
M 14119  3    0   75
M 14119  4    0   75
M 14119  5    0   75
M 14120  6    0   75
D 12120 127 1475  250
M 14140  3    0   75
M 14140  4    0   75
M 14141  5    0   75
M 14141  6    0   75
D 12140 127 1505  250
M 14161  3    0   75
M 14161  4    0   75
M 14161  5    0   75
M 14162  6    0   75
D 12160 127 1535  250
M 14182  3    0   75
M 14182  4    0   75
M 14182  5    0   75
M 14183  6    0   75
D 12180 127 1569  283
M 14203  3    0   75
M 14203  4    0   75
M 14203  5    0   75
M 14204  6    0   75
D 12200 127 1599  250
M 14224  3    0   75
M 14224  4    0   75
M 14224  5    0   75
M 14225  6    0   75
D 12220 127 1633  283
M 14245  3    0   75
M 14245  4    0   75
M 14246  5    0   75
D 12240 127 1667  283
M 14246  6    0   75
M 14266  3    0   75
D 12260  75 1707  333
M 14266  4    0   75
M 14266  5    0   75
M 14267  6    0   75
D 12280 127 1744  308
M 14287  3    0   75
M 14287  4    0   75
M 14287  5    0   75
M 14288  6    0   75
