
wheel_init
pre_auton
%  batt 7.68v 7.85v
L: t_push=   166
usercontrol
move_fwd();
WHEEL_MONITOR=MONITOR
P   20    0    0    0
M   20    0    0    0
V   20    0    0 
P   40    0    0    0
M   40    0    0    0
V   40    0    0 
P   60    0    0    0
M   60    0    0    0
V   60    0    0 
P   80    0    0    1
M   80    0    0    1
V   80    8   83 
P  100    0    0    1
M  100    0    0    1
V  100   34    0 
P  120    0    1    4
M  120    1    1    4
V  120   52  166 
P  140    0    2    8
M  140    2    1    8
V  140   52  166 
P  160    0    4   14
M  160    4    3   14
V  160   69  333 
P  180    0    5   23
M  180    5    4   23
V  180   61  416 
P  200    0    6   29
M  200    6    6   29
V  200   69  333 
P  220    0    8   41
M  220    8    8   41
V  220   61  583 
P  240    0    9   53
M  240    9   11   53
V  240   61  583 
P  260    0   10   66
M  260   10   13   66
V  260   69  666 
P  280    0   12   81
M  280   12   17   81
V  280   78  749 
P  300    0   13   96
M  300   13   20   96
V  300   78  749 
P  320    1   15  113
M  320   15   23  113
V  320   87  833 
P  340    1   17  128
M  340   17   26  128
V  340   78  749 
P  360    1   19  146
M  360   19   30  146
V  360   95  916 
P  380    2   20  164
M  380   21   34  164
V  380   95  916 
P  400    2   22  183
M  400   23   38  183
V  400   95  916 
P  420    3   24  204
M  420   25   42  204
V  420  113 1083 
P  440    4   26  224
M  440   27   47  224
V  440  104  999 
P  460    5   28  246
M  460   29   51  246
V  460  113 1083 
P  480    6   30  266
M  480   31   55  266
V  480  104  999 
P  500    7   33  289
M  500   34   60  289
V  500  122 1166 
P  520    8   35  311
M  520   36   65  311
V  520  113 1083 
P  540    9   36  333
M  540   38   69  333
V  540  113 1083 
P  560   10   39  356
M  560   41   74  356
V  560  122 1166 
P  580   12   40  378
M  580   43   79  378
V  580  113 1083 
P  600   13   42  399
M  600   45   83  399
V  600  113 1083 
P  620   15   44  423
M  620   48   88  423
V  620  122 1166 
P  640   16   46  446
M  640   50   93  446
V  640  122 1166 
P  660   18   48  469
M  660   53   98  469
V  660  122 1166 
P  680   20   49  493
M  680   55  103  493
V  680  122 1166 
P  700   21   51  514
M  700   57  107  514
V  700  113 1083 
P  720   23   52  534
M  720   59  112  534
V  720  104  999 
P  740   25   53  553
M  740   61  115  553
V  740   95  916 
P  760   26   54  571
M  760   63  119  571
V  760   95  916 
P  780   28   55  588
M  780   65  123  588
V  780   87  833 
P  800   29   56  606
M  800   67  127  606
V  800   95  916 
P  820   31   57  623
M  820   69  130  623
V  820   87  833 
P  840   32   58  639
M  840   70  134  639
V  840   87  833 
P  860   34   59  658
M  860   72  137  658
V  860   95  916 
P  880   36   59  676
M  880   74  141  676
V  880   95  916 
P  900   38   60  694
M  900   76  145  694
V  900   95  916 
P  920   39   61  713
M  920   78  149  713
V  920   95  916 
P  940   41   62  733
M  940   80  153  733
V  940  104  999 
P  960   43   62  753
M  960   82  157  753
V  960  104  999 
P  980   45   63  773
M  980   84  161  773
V  980  104  999 
P 1000   48   63  794
M 1000   87  166  794
V 1000  113 1083 
P 1020   50   64  816
M 1020   89  171  816
V 1020  113 1083 
P 1040   52   64  836
M 1040   91  175  836
V 1040  104  999 
P 1060   54   64  856
M 1060   93  179  856
V 1060  104  999 
P 1080   56   64  876
M 1080   95  183  876
V 1080  104  999 
P 1100   58   64  896
M 1100   97  187  896
V 1100  104  999 
P 1120   60   64  916
M 1120   99  191  916
V 1120  104  999 
P 1140   62   64  931
M 1140  101  195  931
V 1140   95  749 
P 1160   64   64  944
M 1160  103  197  944
V 1160   69  666 
P 1180   65   64  954
M 1180  104  200  954
V 1180   52  499 
P 1200   66   64  964
M 1200  105  202  964
V 1200   52  499 
P 1220   67   64  974
M 1220  106  204  974
V 1220   52  499 
P 1240   68   64  984
M 1240  107  206  984
V 1240   52  499 
P 1260   69   64  994
M 1260  108  208  994
V 1260   52  499 
P 1280   70   63 1004
M 1280  109  210 1004
V 1280   52  499 
P 1300   71   63 1011
M 1300  110  211 1011
V 1300   34  333 
P 1320   72   63 1021
M 1320  111  213 1021
V 1320   52  499 
P 1340   73   63 1031
M 1340  112  216 1031
V 1340   52  499 
P 1360   73   63 1039
M 1360  113  217 1039
V 1360   43  416 
P 1380   74   63 1048
M 1380  113  219 1048
V 1380   43  416 
P 1400   75   62 1056
M 1400  114  221 1056
V 1400   43  416 
P 1420   76   62 1063
M 1420  115  222 1063
V 1420   34  333 
P 1440   76   62 1068
M 1440  116  223 1068
V 1440   26  249 
P 1460   77   62 1074
M 1460  116  225 1074
V 1460   34  333 
P 1480   77   62 1078
M 1480  117  225 1078
V 1480   17  166 
P 1500   78   62 1081
M 1500  117  226 1081
V 1500   17  166 
P 1520   78   61 1083
M 1520  117  226 1083
V 1520   26   83 
P 1540   79   61 1088
M 1540  118  227 1088
V 1540   26  249 
P 1560   79   61 1093
M 1560  119  228 1093
V 1560   26  249 
P 1580   79   61 1096
M 1580  119  229 1096
V 1580   17  166 
P 1600   80   61 1101
M 1600  119  230 1101
V 1600   26  249 
P 1620   80   61 1106
M 1620  120  231 1106
V 1620   26  249 
P 1640   81   60 1109
M 1640  120  232 1109
V 1640   17  166 
P 1660   81   60 1116
M 1660  121  233 1116
V 1660   34  333 
P 1680   82   60 1121
M 1680  121  234 1121
V 1680   26  249 
P 1700   82   60 1126
M 1700  122  235 1126
V 1700   26  249 
P 1720   83   59 1136
M 1720  123  238 1136
V 1720   52  499 
P 1740   84   59 1144
M 1740  124  239 1144
V 1740   43  416 
P 1760   85   59 1153
M 1760  125  241 1153
V 1760   43  416 
P 1780   86   58 1163
M 1780  126  243 1163
V 1780   52  499 
P 1800   87   58 1173
M 1800  127  245 1173
V 1800   52  499 
P 1820   88   57 1184
M 1820  128  248 1184
V 1820   43  583 
P 1840   89   57 1196
M 1840  129  250 1196
V 1840   78  583 
P 1860   90   56 1208
M 1860  131  253 1208
V 1860   61  583 
P 1880   91   55 1219
M 1880  132  255 1219
V 1880   61  583 
P 1900   92   55 1233
M 1900  133  258 1233
V 1900   69  666 
P 1920   93   54 1246
M 1920  135  261 1246
V 1920   69  666 
P 1940   94   53 1256
M 1940  136  263 1256
V 1940   52  499 
P 1960   95   53 1263
M 1960  136  264 1263
V 1960   34  333 
P 1980   95   52 1269
M 1980  137  265 1269
V 1980   34  333 
move_by outP 2000   96   52 1273
M 2000  137  266 1273
V 2000   17  166 
P 2020   96   52 1274
M 2020  138  267 1274
V 2020    8   83 
P 2040   95   53 1271
M 2040  137  266 1271
V 2040  -34 -166 
P 2060   94   53 1269
M 2060  136  265 1269
V 2060  -61  -83 
P 2080   93   54 1266
M 2080  134  265 1266
V 2080  -87 -166 
P 2100   92   55 1259
M 2100  132  263 1259
V 2100  -69 -333 
P 2120   91   56 1256
M 2120  131  263 1256
V 2120  -52 -166 
P 2140   90   57 1248
M 2140  130  261 1248
V 2140  -61 -416 
P 2160   89   57 1246
M 2160  129  261 1246
V 2160  -61  -83 
P 2180   88   58 1241
M 2180  128  260 1241
V 2180  -43 -249 
P 2200   88   58 1236
M 2200  127  259 1236
V 2200  -43 -249 
P 2220   87   59 1236
M 2220  127  259 1236
V 2220  -34    0 
P 2240   86   59 1229
M 2240  126  257 1229
V 2240  -34 -333 
P 2260   86   59 1226
M 2260  126  256 1226
V 2260  -17 -166 
P 2280   86   59 1226
M 2280  125  256 1226
V 2280  -17    0 
P 2300   86   59 1226
M 2300  125  256 1226
V 2300    0    0 
P 2320   86   59 1224
M 2320  125  256 1224
V 2320   -8  -83 
P 2340   86   59 1226
M 2340  125  256 1226
V 2340    8   83 
P 2360   86   59 1226
M 2360  125  256 1226
V 2360    0    0 
P 2380   86   59 1226
M 2380  125  256 1226
V 2380    0    0 
P 2400   86   59 1226
M 2400  125  256 1226
V 2400    0    0 
P 2420   86   59 1226
M 2420  125  256 1226
V 2420    0    0 
P 2440   86   59 1226
M 2440  125  256 1226
V 2440    0    0 
P 2460   86   59 1226
M 2460  125  256 1226
V 2460    0    0 
P 2480   86   59 1226
M 2480  125  256 1226
V 2480    0    0 
P 2500   86   59 1226
M 2500  125  256 1226
V 2500    0    0 
P 2520   86   59 1226
M 2520  125  256 1226
V 2520    0    0 
P 2540   86   59 1226
M 2540  125  256 1226
V 2540    0    0 
P 2560   86   59 1226
M 2560  125  256 1226
V 2560    0    0 
P 2580   86   59 1226
M 2580  125  256 1226
V 2580    0    0 
P 2600   86   59 1226
M 2600  125  256 1226
V 2600    0    0 
P 2620   86   59 1226
M 2620  125  256 1226
V 2620    0    0 
P 2640   86   59 1226
M 2640  125  256 1226
V 2640    0    0 
P 2660   86   59 1226
M 2660  125  256 1226
V 2660    0    0 
P 2680   86   59 1226
M 2680  125  256 1226
V 2680    0    0 
P 2700   86   59 1226
M 2700  125  256 1226
V 2700    0    0 
P 2720   86   59 1226
M 2720  125  256 1226
V 2720    0    0 
P 2740   86   59 1226
M 2740  125  256 1226
V 2740    0    0 
P 2760   86   59 25  256 1226
V 2800    0    0 
P 2820   86   59 1226
M 2820  125  256 1226
V 2820    0    0 
P 2840   86   59 1226
M 2840  125  256 1226
V 2840    0    0 
P 2860   86   59 1226
M 2860  125  256 12225  256 1226
V 2880    0    0 
P 2900   86   59 1226
M 2900  125  256 1226
V 2900    0    0 
P 2920   86   59 1226
M 2920  125  256 1226
V 2920    0    0 
P 2940   86   59 1226
M 2940  125  256 12225  256 1226
V 3020    0    0 
P 3040   86   59 1226
M 3040  125  256 1226
V 3040    0    0 
P 3060   86   59 1226
M 3060  125  256 1226
V 3060    0    0 
P 3080   86   59 1226
M 3080  125  256 12225  256 1226
V 3100    0    0 
P 3120   86   59 1226
M 3120  125  256 1226
V 3120    0    0 
P 3140   86   59 1226
M 3140  125  256 1226
V 3140    0    0 
P 3160   86   59 1226
M 3160  125  256 122 0    0 
P 3200   86   59 1226
M 3200  125  256 1226
V 3200    0    0 
P 3220   86   59 1226
M 3220  125  256 1226
V 3220    0    0 
P 3240   86   59 1226
M 3240  125  256 1226
V 3240    0    0 
P 25  256 1226
V 3280    0    0 
P 3300   86   59 1226
M 3300  125  256 1226
V 3300    0    0 
P 3320   86   59 1226
M 3320  125  256 1226
V 3320    0    0 
P 3340   86   59 1226
M 3340  125  256 12225  256 1226
V 3380    0    0 
P 3400   86   59 1226
M 3400  125  256 1226
V 3400    0    0 
P 3420   86   59 1226
M 3420  125  256 1226
V 3420    0    0 
P 3440   86   59 1226
M 3440  125  256 122 0    0 
P 3480   86   59 1226
M 3480  125  256 1226
V 3480    0    0 
P 3500   86   59 1226
M 3500  125  256 1226
V 3500    0    0 
P 3520   86   59 1226
M 3520  125  256 1226
V 3520    0    0 
P 25  256 1226
V 3580    0    0 
P 3600   86   59 1226
M 3600  125  256 1226
V 3600    0    0 
P 3620   86   59 1226
M 3620  125  256 1226
V 3620    0    0 
P 3640   86   59 1226
M 3640  125  256 12225  256 1226
V 3660    0    0 
P 3680   86   59 1226
M 3680  125  256 1226
V 3680    0    0 
P 3700   86   59 1226
M 3700  125  256 1226
V 3700    0    0 
P 3720   86   59 1226
M 3720  125  256 12225  256 1226
V 3780    0    0 
P 3800   86   59 1226
M 3800  125  256 1226
V 3800    0    0 
P 3820   86   59 1226
M 3820  125  256 1226
V 3820    0    0 
P 3840   86   59 1226
M 3840  125  256 12225  256 1226
V 3860    0    0 
P 3880   86   59 1226
M 3880  125  256 1226
V 3880    0    0 
P 3900   86   59 1226
M 3900  125  256 1226
V 3900    0    0 
P 3920   86   59 1226
M 3920  125  256 12225  256 1226
V 3980    0    0 
P 4000   86   59 1226
M 4000  125  256 1226
V 4000    0    0 
P 4020   86   59 1226
M 4020  125  256 1226
V 4020    0    0 
P 4040   86   59 1226
M 4040  125  256 12225  256 1226
V 4060    0    0 
P 4080   86   59 1226
M 4080  125  256 1226
V 4080    0    0 
P 4100   86   59 1226
M 4100  125  256 1226
V 4100    0    0 
P 4120   86   59 1226
M 4120  125  256 12225  256 1226
V 4140    0    0 
P 4160   86   59 1226
M 4160  125  256 1226
V 4160    0    0 
P 4180   86   59 1226
M 4180  125  256 1226
V 4180    0    0 
P 4200   86   59 1226
M 4200  125  256 12225  256 1226
V 4220    0    0 
P 4240   86   59 1226
M 4240  125  256 1226
V 4240    0    0 
P 4260   86   59 1226
M 4260  125  256 1226
V 4260    0    0 
P 4280   86   59 1226
M 4280  125  256 12225  256 1226
V 4300    0    0 
P 4320   86   59 1226
M 4320  125  256 1226
V 4320    0    0 
P 4340   86   59 1226
M 4340  125  256 1226
V 4340    0    0 
P 4360   86   59 1226
M 4360  125  256 12225  256 1226
V 4400    0    0 
P 4420   86   59 1226
M 4420  125  256 1226
V 4420    0    0 
P 4440   86   59 1226
M 4440  125  256 1226
V 4440    0    0 
P 4460   86   59 1226
M 4460  125  256 12225  256 1226
V 4480    0    0 
P 4500   86   59 1226
M 4500  125  256 1226
V 4500    0    0 
P 4520   86   59 1226
M 4520  125  256 1226
V 4520    0    0 
P 4540   86   59 1226
M 4540  125  256 12225  256 1226
V 4560    0    0 
P 4580   86   59 1226
M 4580  125  256 1226
V 4580    0    0 
P 4600   86   59 1226
M 4600  125  256 1226
V 4600    0    0 
P 4620   86   59 1226
M 4620  125  256 12225  256 1226
V 4640    0    0 
P 4660   86   59 1226
M 4660  125  256 1226
V 4660    0    0 
P 4680   86   59 1226
M 4680  125  256 1226
V 4680    0    0 
P 4700   86   59 1226
M 4700  125  256 12225  256 1226
V 4760    0    0 
P 4780   86   59 1226
M 4780  125  256 1226
V 4780    0    0 
P 4800   86   59 1226
M 4800  125  256 1226
V 4800    0    0 
P 4820   86   59 1226
M 4820  125  256 12225  256 1226
V 5020    0    0 
P 5040   86   59 1226
M 5040  125  256 1226
V 5040    0    0 
P 5060   86   59 1226
M 5060  125  256 1226
V 5060    0    0 
P 5080   86   59 1226
M 5080  125  256 12225  256 1226
V 5100    0    0 
P 5120   86   59 1226
M 5120  125  256 1226
V 5120    0    0 
P 5140   86   59 1226
M 5140  125  256 1226
V 5140    0    0 
P 5160   86   59 1226
M 5160  125  256 12225  256 1226
V 5200    0    0 
P 5220   86   59 1226
M 5220  125  256 1226
V 5220    0    0 
P 5240   86   59 1226
M 5240  125  256 1226
V 5240    0    0 
P 5260   86   59 1226
M 5260  125  256 12225  256 1226
V 5300    0    0 
P 5320   86   59 1226
M 5320  125  256 1226
V 5320    0    0 
P 5340   86   59 1226
M 5340  125  256 1226
V 5340    0    0 
P 5360   86   59 1226
M 5360  125  256 12225  256 1226
V 5380    0    0 
P 5400   86   59 1226
M 5400  125  256 1226
V 5400    0    0 
P 5420   86   59 1226
M 5420  125  256 1226
V 5420    0    0 
P 5440   86   59 1226
M 5440  125  256 12225  256 1226
V 5480    0    0 
P 5500   86   59 1226
M 5500  125  256 1226
V 5500    0    0 
P 5520   86   59 1226
M 5520  125  256 1226
V 5520    0    0 
P 5540   86   59 1226
M 5540  125  256 12225  256 1226
V 5560    0    0 
P 5580   86   59 1226
M 5580  125  256 1226
V 5580    0    0 
P 5600   86   59 1226
M 5600  125  256 1226
V 5600    0    0 
P 5620   86   59 1226
M 5620  125  256 12225  256 1226
V 5640    0    0 
P 5660   86   59 1226
M 5660  125  256 1226
V 5660    0    0 
P 5680   86   59 1226
M 5680  125  256 1226
V 5680    0    0 
P 5700   86   59 1226
M 5700  125  256 122V 5760    0    0 
P 5780   86   59 1226
M 5780  125  256 1226
V 5780    0    0 
P 5800   86   59 1226
M 5800  125  256 1226
V 5800    0    0 
P 5820   86   59 1226
M 5820  125  256 1226
V 5820    0V 5840    0    0 
P 5860   86   59 1226
M 5860  125  256 1226
V 5860    0    0 
P 5880   86   59 1226
M 5880  125  256 1226
V 5880    0    0 
P 5900   86   59 1226
M 5900  125  256 1226
V 5900    0V 5920    0    0 
P 5940   86   59 1226
M 5940  125  256 1226
V 5940    0    0 
P 5960   86   59 1226
M 5960  125  256 1226
V 5960    0    0 
P 5980   86   59 1226
M 5980  125  256 1226
V 5980    0V 6000    0    0 
P 6020   86   59 1226
M 6020  125  256 1226
V 6020    0    0 
P 6040   86   59 1226
M 6040  125  256 1226
V 6040    0    0 
P 6060   86   59 1226
M 6060  125  256 1226
V 6060    0V 6100    0    0 
P 6120   86   59 1226
M 6120  125  256 1226
V 6120    0    0 
P 6140   86   59 1226
M 6140  125  256 1226
V 6140    0    0 
P 6160   86   59 1226
M 6160  125  256 1226
V 6160    0V 6180    0    0 
P 6200   86   59 1226
M 6200  125  256 1226
V 6200    0    0 
P 6220   86   59 1226
M 6220  125  256 1226
V 6220    0    0 
P 6240   86   59 1226
M 6240  125  256 1226
V 6240    0V 6260    0    0 
P 6280   86   59 1226
M 6280  125  256 1226
V 6280    0    0 
P 6300   86   59 1226
M 6300  125  256 1226
V 6300    0    0 
P 6320   86   59 1226
M 6320  125  256 1226
V 6320    0V 6380    0    0 
P 6400   86   59 1226
M 6400  125  256 1226
V 6400    0    0 
P 6420   86   59 1226
M 6420  125  256 1226
V 6420    0    0 
P 6440   86   59 1226
M 6440  125  256 1226
V 6440    0V 6460    0    0 
P 6480   86   59 1226
M 6480  125  256 1226
V 6480    0    0 
P 6500   86   59 1226
M 6500  125  256 1226
V 6500    0    0 
P 6520   86   59 1226
M 6520  125  256 1226
V 6520    0V 6540    0    0 
P 6560   86   59 1226
M 6560  125  256 1226
V 6560    0    0 
P 6580   86   59 1226
M 6580  125  256 1226
V 6580    0    0 
P 6600   86   59 1226
M 6600  125  256 1226
V 6600    0V 6640    0    0 
P 6660   86   59 1226
M 6660  125  256 1226
V 6660    0    0 
P 6680   86   59 1226
M 6680  125  256 1226
V 6680    0    0 
P 6700   86   59 1226
M 6700  125  256 1226
V 6700    0V 6720    0    0 
P 6740   86   59 1226
M 6740  125  256 1226
V 6740    0    0 
P 6760   86   59 1226
M 6760  125  256 1226
V 6760    0    0 
P 6780   86   59 1226
M 6780  125  256 1226
V 6780    0V 6820    0    0 
P 6840   86   59 1226
M 6840  125  256 1226
V 6840    0    0 
P 6860   86   59 1226
M 6860  125  256 1226
V 6860    0    0 
P 6880   86   59 1226
M 6880  125  256 1226
V 6880    0V 6920    0    0 
P 6940   86   59 1226
M 6940  125  256 1226
V 6940    0    0 
P 6960   86   59 1226
M 6960  125  256 1226
V 6960    0    0 
P 6980   86   59 1226
M 6980  125  256 1226
V 6980    025  256 1226
V 7020    0    0 
P 7040   86   59 1226
M 7040  125  256 1226
V 7040    0    0 
P 7060   86   59 1226
M 7060  125  256 1226
V 7060    0    0 
P 7080   86   59 1226
M 7080  125  256 12225  257 1228
V 7160    0    0 
P 7180   86   59 1228
M 7180  125  257 1228
V 7180    0    0 
P 7200   86   59 1228
M 7200  125  257 1228
V 7200    0    0 
P 7220   86   59 1228
M 7220  125  257 12225  257 1228
V 7240    0    0 
P 7260   86   59 1228
M 7260  125  257 1228
V 7260    0    0 
P 7280   86   59 1228
M 7280  125  257 1228
V 7280    0    0 
P 7300   86   59 1228
M 7300  125  257 12225  257 1228
V 7320    0    0 
P 7340   86   59 1228
M 7340  125  257 1228
V 7340    0    0 
P 7360   86   59 1228
M 7360  125  257 1228
V 7360    0    0 
P 7380   86   59 1228
M 7380  125  257 12225  257 1228
V 7400    0    0 
P 7420   86   59 1228
M 7420  125  257 1228
V 7420    0    0 
P 7440   86   59 1228
M 7440  125  257 1228
V 7440    0    0 
P 7460   86   59 1228
M 7460  125  257 12225  257 1228
V 7520    0    0 
P 7540   86   59 1228
M 7540  125  257 1228
V 7540    0    0 
P 7560   86   59 1228
M 7560  125  257 1228
V 7560    0    0 
P 7580   86   59 1228
M 7580  125  257 12225  257 1228
V 7600    0    0 
P 7620   86   59 1228
M 7620  125  257 1228
V 7620    0    0 
P 7640   86   59 1228
M 7640  125  257 1228
V 7640    0    0 
P 7660   86   59 1228
M 7660  125  257 12225  257 1228
V 7720    0    0 
P 7740   86   59 1228
M 7740  125  257 1228
V 7740    0    0 
P 7760   86   59 1228
M 7760  125  257 1228
V 7760    0    0 
P 7780   86   59 1228
M 7780  125  257 12225  257 1228
V 7800    0    0 
P 7820   86   59 1228
M 7820  125  257 1228
V 7820    0    0 
P 7840   86   59 1228
M 7840  125  257 1228
V 7840    0    0 
P 7860   86   59 1228
M 7860  125  257 12225  257 1228
V 7900    0    0 
P 7920   86   59 1228
M 7920  125  257 1228
V 7920    0    0 
P 7940   86   59 1228
M 7940  125  257 1228
V 7940    0    0 
P 7960   86   59 1228
M 7960  125  257 12225  257 1228
V 8000    0    0 
P 8020   86   59 1228
M 8020  125  257 1228
V 8020    0    0 
P 8040   86   59 1228
M 8040  125  257 1228
V 8040    0    0 
P 8060   86   59 1228
M 8060  125  257 12225  257 1228
V 8100    0    0 
P 8120   86   59 1228
M 8120  125  257 1228
V 8120    0    0 
P 8140   86   59 1228
M 8140  125  257 1228
V 8140    0    0 
P 8160   86   59 1228
M 8160  125  257 12225  257 1228
V 8180    0    0 
P 8200   86   59 1228
M 8200  125  257 1228
V 8200    0    0 
P 8220   86   59 1228
M 8220  125  257 1228
V 8220    0    0 
P 8240   86   59 1228
M 8240  125  257 12225  257 1228
V 8300    0    0 
P 8320   86   59 1228
M 8320  125  257 1228
V 8320    0    0 
P 8340   86   59 1228
M 8340  125  257 1228
V 8340    0    0 
P 8360   86   59 1228
M 8360  125  257 12225  257 1228
V 8380    0    0 
P 8400   86   59 1228
M 8400  125  257 1228
V 8400    0    0 
P 8420   86   59 1228
M 8420  125  257 1228
V 8420    0    0 
P 8440   86   59 1228
M 8440  125  257 12225  257 1228
V 8500    0    0 
P 8520   86   59 1228
M 8520  125  257 1228
V 8520    0    0 
P 8540   86   59 1228
M 8540  125  257 1228
V 8540    0    0 
P 8560   86   59 1228
M 8560  125  257 122