DUMP_MONITOR=START
DUMP_MONITOR=MONITOR
WHEEL_MONITOR=MONITOR
D  100   0  223    8
W  100  400  654 -900 127
D  200   0  223    8
W  200  400  639 -898 127
D  300   0  221    0
W  300  400  616 -895 127
D  400   0  221    0
W  400  400  588 -893 127
D  500   0  220   -8
W  500  400  557 -889 127
D  600 -127  224   25
W  600  401  527 -889 127
D  700 -127  223  -25
W  700  401  515 -954 127
D  800 -45  102 -216
W  800  400  509 -1034 127
D  900 -45    0  -33
W  900  399  504 -1137 127
D 1000 -45   -2    0
W 1000  398  503 -1262 127
D 1100 -45   -6    0
W 1100  397  503 -1415 127
D 1200 -45   -8   -8
W 1200  396  502 -1585 127
D 1300   0  -10    8
W 1300  395  501 -1749 -50
D 1400   0  -10    0
W 1400  395  501 -1756 -80
D 1500 -45   -5    8
W 1500  402  502 -1745 -127
D 1600 -45   -8   -8
W 1600  419  504 -1744 -127
D 1700   0  -11   -8
W 1700  444  506 -1740 -127
D 1800   0  -10    8
W 1800  472  509 -1736 -127
D 1900   0  -10  -33
W 1900  502  513 -1732 -127
D 2000 -45   -8   16
W 2000  530  516 -1731 70
D 2100 -45   -6   -8
W 2100  526  516 -1735 127
D 2200 -45   -4   33
W 2200  509  514 -1734 127
D 2300 -45   -8   -8
W 2300  495  512 -1732 127
D 2400 -45   -8    0
W 2400  472  509 -1731 127
D 2500   0  -11   -8
W 2500  445  506 -1729 127
D 2600   0  -10    8
W 2600  417  502 -1728 127
D 2700   0  -11    0
W 2700  387  499 -1726 127
D 2800   0  -10    0
W 2800  357  495 -1725 127
D 2900   0  -10    0
W 2900  327  491 -1725 127
D 3000   0  -14    0
W 3000  298  487 -1710 127
D 3100   0  -12    8
W 3100  284  484 -1640 127
D 3200   0  -10    0
W 3200  279  482 -1632 127
D 3300 -45   -8    8
W 3300  279  482 -1632 127
D 3400   0   -9  -25
W 3400  279  482 -1632 127
D 3500   0  -10   16
W 3500  279  482 -1632 127
D 3600   0  -10    0
W 3600  279  482 -1632 127
D 3700 -45   -8    8
W 3700  279  482 -1632 127
D 3800   0  -10   -8
W 3800  279  482 -1632 127
D 3900   0  -10    0
W 3900  279  482 -1632 127
D 4000   0  -11   -8
W 4000  279  482 -1632 127
D 4100   0  -11   -8
W 4100  279  482 -1632 127
D 4200   0  -11    0
W 4200  279  482 -1632 127
D 4300   0  -11    0
W 4300  279  482 -1632 127
D 4400   0  -11   -8
W 4400  279  482 -1632 127
D 4500  40  -20    0
W 4500  280  483 -1632 40
D 4600   0  -15    0
W 4600  285  484 -1652 127
D 4700  40  -13    8
W 4700  290  485 -1698 127
D 4800  40   23  100
W 4800  297  486 -1751 127
D 4900  40   49   33
W 4900  302  487 -1776 127
D 5000  40   81   66
W 5000  307  487 -1793 127
D 5100  40  111   41
W 5100  312  487 -1811 127
D 5200  40  139   25
W 5200  317  487 -1840 127
D 5300  40  160   16
W 5300  321  486 -1875 127
D 5400  40  168   41
W 5400  325  486 -1902 127
D 5500  40  169   -8
W 5500  329  485 -1934 82
D 5600  40  178    8
W 5600  332  484 -1963 82
D 5700  40  186   -8
W 5700  336  483 -1997 82
D 5800  40  196    8
W 5800  339  482 -2031 75
D 5900  29  218   25
W 5900  342  480 -2059 82
D 6000  29  232   25
W 6000  345  479 -2084 89
D 6100  24  286  108
W 6100  347  478 -2124 54
D 6200   5  360  125
W 6200  348  477 -2207 0
D 6300   4  419   66
W 6300  348  477 -2258 47
D 6400   0  447   16
W 6400  349  476 -2307 75
D 6500  10  446    0
W 6500  350  474 -2366 0
D 6600   8  448    0
W 6600  353  470 -2388 -127
D 6700 127  449    0
W 6700  360  457 -2393 -127
D 6800 127  540  216
W 6800  372  439 -2390 -127
D 6900 127  723  350
W 6900  384  418 -2391 -127
D 7000 127  937  375
W 7000  396  398 -2392 -127
D 7100   0 1151  350
W 7100  409  375 -2394 -127
D 7200   0 1349  283
W 7200  423  352 -2393 -60
D 7300 -127 1428  100
W 7300  436  331 -2390 30
D 7400 -127 1439  -50
W 7400  434  334 -2390 30
D 7500 -127 1356 -166
W 7500  430  341 -2387 30
D 7600 -127 1227 -216
W 7600  425  348 -2383 30
D 7700 -127 1097 -216
W 7700  420  356 -2391 30
D 7800 -127  969 -200
W 7800  415  365 -2404 30
D 7900 -127  840 -208
W 7900  411  373 -2425 30
D 8000 -127  755    0
W 8000  406  382 -2437 30
D 8100 -127  766   66
W 8100  405  377 2626 100
D 8200 -127  754  -25
W 8200  400  353 2543 127
D 8300 -127  743    0
W 8300  390  325 2461 127
D 8400 -127  738  -16
W 8400  378  299 2405 127
D 8500 -14  721   25
W 8500  366  280 2356 0
D 8600   0  696  -50
W 8600  360  272 2327 -100
D 8700 -13  695    0
W 8700  375  290 2311 -127
D 8800 -15  693    0
W 8800  395  315 2278 -127
D 8900 -14  693    0
W 8900  419  340 2234 -127
D 9000 -14  692   -8
W 9000  444  362 2199 -127
D 9100 -14  693    0
W 9100  471  384 2149 -127
D 9200 -15  692   -8
W 9200  500  401 2074 -127
D 9300 127  693    8
W 9300  531  414 1949 -127
D 9400 127  732  158
W 9400  563  423 1965 -127
D 9500 127  935  408
W 9500  594  432 1974 -127
D 9600 127 1088  258
W 9600  626  443 1990 -127
D 9700   0 1251  275
W 9700  658  454 1981 -127
D 9800   0 1390  116
W 9800  689  463 1963 -127
D 9900   0 1396    0
W 9900  720  472 1945 0
D 10000   0 1396    0
W 10000  730  476 2712 0
D 10100   0 1398   16
W 10100  730  476 2734 0
D 10200   0 1406    0
W 10200  730  476 2735 0
D 10300   0 1406    0
W 10300  730  476 2746 0
D 10400   0 1406    0
W 10400  730  476 2745 0
wheel_init
pre_auton
%  batt 7.80v 7.97v
wheel_init
pre_auton
%  batt 7.62v 7.80v
usercontrol
DUMP_MONITOR=START
DUMP_MONITOR=MONITOR
WHEEL_MONITOR=MONITOR
D  100   0    7    8
W  100  359  204 2701 -127
D  200   0    5    0
W  200  359  219 2701 -127
D  300   0    5    0
W  300  359  243 2702 -127
D  400   0    5    0
W  400  359  272 2705 -127
D  500   0    6    8
W  500  359  304 2701 -127
D  600   0  103  183
W  600  359  334 2711 -127
D  700   0  231  191
W  700  358  359 2730 -127
D  800   0  275    0
W  800  357  376 2750 -127
D  900   0  271    0
W  900  355  395 2761 -127
D 1000 -127  251  -58
W 1000  352  419 2782 0
D 1100 -127  156 -291
W 1100  350  436 2796 0
D 1200 -45    8 -291
W 1200  347  450 2806 0
D 1300   0  -13   -8
W 1300  345  460 2807 0
D 1400   0  -13    0
W 1400  344  467 2804 0
D 1500   0  -14   -8
W 1500  344  469 2809 0
D 1600   0  -14   -8
W 1600  344  469 2809 0
D 1700   0  -14   -8
W 1700  344  469 2809 0
D 1800   0  -14    0
W 1800  344  469 2809 0
D 1900   0  -13    8
W 1900  344  469 2809 0
D 2000   0  -14    0
W 2000  344  469 2809 40
D 2100   0  -11    0
W 2100  345  461 2811 127
D 2200   0  -13   -8
W 2200  348  445 2814 127
D 2300   0  -13    0
W 2300  353  424 2809 127
D 2400   0  -13    0
W 2400  358  397 2804 127
D 2500   0  -14   -8
W 2500  363  369 2803 127
D 2600   0  -14   -8
W 2600  368  341 2803 127
D 2700   0  -15    0
W 2700  372  315 2780 127
D 2800   0  -11  -25
W 2800  374  303 2741 127
D 2900 -45   -6  -33
W 2900  374  298 2722 127
D 3000  40  -11  -33
W 3000  374  297 2722 0
D 3100  40  -15    0
W 3100  374  303 2725 -40
D 3200  40  -15    0
W 3200  373  319 2733 -127
D 3300  40   76  191
W 3300  372  341 2737 -127
D 3400  40  141   41
W 3400  370  368 2737 -127
D 3500  40  160   16
W 3500  368  395 2744 -127
D 3600  40  165   -8
W 3600  366  424 2747 -127
D 3700  40  166    0
W 3700  363  454 2749 -127
D 3800 127  165    8
W 3800  361  485 2752 -127
D 3900 127  166    8
W 3900  358  516 2751 -127
D 4000 127  194   66
W 4000  355  547 2754 -127
D 4100 127  250  108
W 4100  352  578 2757 -127
D 4200 127  310  133
W 4200  349  608 2756 -60
D 4300 127  376  125
W 4300  346  635 2755 30
D 4400 127  438  183
W 4400  346  640 2756 30
D 4500 127  537  175
W 4500  346  637 2757 30
D 4600 127  618  125
W 4600  347  631 2758 30
D 4700   0  709  150
W 4700  348  623 2759 30
D 4800 127  801  150
W 4800  348  615 2758 30
D 4900 127  910  208
W 4900  349  606 2758 30
D 5000   0 1030  183
W 5000  350  596 2759 30
D 5100 -127 1109  108
W 5100  352  585 2759 0
D 5200 -127 1126  -16
W 5200  352  578 2762 0
D 5300 -127 1059 -141
W 5300  352  578 2704 0
D 5400 -127  933 -216
W 5400  352  580 2702 0
D 5500 -127  786 -291
W 5500  352  582 2711 0
D 5600 -127  630 -225
W 5600  352  578 2712 0
D 5700 -127  383 -541
W 5700  352  575 2712 0
D 5800 -45  132 -508
W 5800  352  573 2712 0
D 5900   0  -13    0
W 5900  352  574 2712 0
D 6000   0  -12    8
W 6000  352  577 2709 0
D 6100   0  -13    8
W 6100  352  577 2710 0
D 6200   0  -14    0
W 6200  352  577 2710 0
D 6300   0  -14   -8
W 6300  352  577 2710 100
D 6400   0  -12   -8
W 6400  353  566 2710 127
D 6500   0  -14    0
W 6500  353  548 2715 127
D 6600   0  -13    8
W 6600  354  524 2717 127
D 6700   0  -14    0
W 6700  354  497 2718 127
D 6800   0  -14    8
W 6800  355  467 2720 127
D 6900   0  -14    0
W 6900  356  437 2721 127
D 7000   0  -14   -8
W 7000  357  409 2717 127
D 7100   0  -14    0
W 7100  358  381 2716 127
D 7200   0  -15   -8
W 7200  359  351 2718 127
D 7300  40  -14    0
W 7300  360  325 2720 0
D 7400  40   -9   33
W 7400  360  310 2725 -100
D 7500  40   13  100
W 7500  360  318 2727 -127
D 7600  40  130  191
W 7600  359  339 2729 -127
D 7700  40  163   41
W 7700  358  364 2730 -127
D 7800  40  185   25
W 7800  356  392 2732 -127
D 7900  40  199   25
W 7900  355  421 2736 -127
D 8000  30  217   25
W 8000  353  452 2736 -127
D 8100  29  230   33
W 8100  351  484 2736 -127
D 8200 127  251   -8
W 8200  349  515 2739 -127
D 8300 127  305  100
W 8300  346  546 2740 -127
D 8400 127  388  158
W 8400  344  576 2740 -127
D 8500 127  501  175
W 8500  342  606 2740 -60
D 8600 127  618  200
W 8600  341  631 2741 30
D 8700 127  748  266
W 8700  340  635 2744 30
D 8800 127  925  291
W 8800  341  628 2747 30
D 8900   0 1076  250
W 8900  342  617 2751 30
D 9000 -127 1202  133
W 9000  343  606 2754 0
D 9100 -127 1203  -83
W 9100  344  597 2758 0
D 9200 -127 1137 -216
W 9200  344  598 2701 0
D 9300 -127 1029 -183
W 9300  344  599 2694 0
D 9400 -127  885 -291
W 9400  344  600 2696 0
D 9500 -127  735 -191
W 9500  344  595 2695 0
D 9600 -127  489 -408
W 9600  344  593 2698 0
D 9700 -127  248 -391
W 9700  344  591 2697 0
D 9800 -45   26 -300
W 9800  344  591 2696 0
D 9900   0  -13    0
W 9900  344  593 2693 0
D 10000   0  -13    8
W 10000  344  595 2695 0
D 10100   0  -15    0
W 10100  344  595 2696 0
D 10200   0  -13    8
W 10200  344  592 2697 127
D 10300   0  -13    0
W 10300  344  579 2698 127
D 10400   0  -15   -8
W 10400  343  560 2699 127
D 10500   0  -14    8
W 10500  343  533 2699 127
D 10600   0  -14    0
W 10600  343  505 2699 127
D 10700   0  -15   -8
W 10700  343  475 2700 127
D 10800   0  -15    0
W 10800  343  445 2701 127
D 10900   0  -15   -8
W 10900  343  414 2698 127
D 11000   0  -15    0
W 11000  343  383 2693 127
D 11100   0  -15    0
W 11100  343  354 2692 127
D 11200  40  -13    0
W 11200  342  328 2693 0
D 11300  40    3  133
W 11300  342  315 2699 -127
D 11400  40  110  158
W 11400  342  322 2699 -127
D 11500  40  143   25
W 11500  342  342 2702 -127
D 11600  40  160   16
W 11600  342  368 2703 -127
D 11700  40  171   25
W 11700  342  395 2705 -127
D 11800  40  186   33
W 11800  342  426 2708 -127
D 11900  34  200   33
W 11900  341  457 2709 -127
D 12000 127  218   25
W 12000  341  488 2709 -127
D 12100 127  252   16
W 12100  340  520 2711 -127
D 12200 127  316  100
W 12200  339  551 2715 -127
D 12300 127  403  191
W 12300  339  582 2713 -127
D 12400 127  508  158
W 12400  338  611 2714 -30
D 12500   0  616  133
W 12500  337  632 2717 30
D 12600 127  771  316
W 12600  337  633 2723 30
D 12700 127  930  225
W 12700  338  623 2725 30
D 12800   0 1075  241
W 12800  338  612 2731 30
D 12900 -127 1186  125
W 12900  338  602 2702 0
D 13000 -127 1167 -133
W 13000  338  595 2704 0
D 13100 -127 1095 -233
W 13100  338  595 2706 0
D 13200 -127  971 -191
W 13200  338  596 2709 0
D 13300 -127  817 -325
W 13300  338  596 2712 0
D 13400 -127  655 -266
W 13400  338  592 2714 0
D 13500 -127  376 -433
W 13500  339  589 2716 0
D 13600 -45  116 -458
W 13600  339  587 2714 0
D 13700   0  -14   -8
W 13700  339  587 2709 0
D 13800   0  -13    0
W 13800  339  590 2712 0
D 13900   0  -15    0
W 13900  339  590 2713 0
D 14000   0  -15    0
W 14000  339  590 2713 0
D 14100   0  -13    0
W 14100  339  590 2713 0
D 14200   0  -15    0
W 14200  339  590 2713 0
D 14300   0  -15    0
W 14300  339  590 2713 0
D 14400   0  -15    0
W 14400  339  590 2713 0
D 14500   0  -15    0
W 14500  339  590 2713 0
D 14600   0  -15    0
W 14600  339  590 2713 0
D 14700   0  -15    0
W 14700  339  590 2713 0
D 14800   0  -15    8
W 14800  339  590 2713 0
D 14900   0  -15    0
W 14900  339  590 2713 0
D 15000   0  -15    0
W 15000  339  590 2713 0
D 15100   0  -15    0
W 15100  339  590 2713 0
D 15200   0  -15    0
W 15200  339  590 2713 0
D 15300   0  -15    0
W 15300  339  590 2713 0
D 15400   0  -15    8
W 15400  339  590 2713 0
D 15500   0  -15    0
W 15500  339  590 2713 0
D 15600   0  -16    0
W 15600  339  590 2713 0
D 15700   0  -16    0
W 15700  339  590 2713 0
D 15800   0  -15    0
W 15800  339  590 2713 0
D 15900   0  -16   -8
W 15900  339  590 2713 0
D 16000   0  -15    8
W 16000  339  590 2713 0
D 16100   0  -15    0
W 16100  339  590 2713 0
D 16200   0  -15    0
W 16200  339  590 2713 0
D 16300   0  -15    8
W 16300  339  590 2713 0
D 16400   0  -15    0
W 16400  339  590 2713 0
D 16500   0  -16   -8
W 16500  339  590 2713 0
D 16600   0  -16   -8
W 16600  339  590 2713 0
D 16700   0  -16    0
W 16700  339  590 2713 0
D 16800   0  -16    0
W 16800  339  590 2713 0
D 16900   0  -16   -8
W 16900  339  590 2713 0
D 17000   0  -16    0
W 17000  339  590 2713 0
D 17100   0  -16    0
W 17100  339  590 2713 0
D 17200   0  -16    0
W 17200  339  590 2713 0
D 17300   0  -16    0
W 17300  339  590 2713 0
D 17400   0  -16    0
W 17400  339  590 2713 0
D 17500   0  -16    0
W 17500  339  590 2713 0
D 17600   0  -16    0
W 17600  339  590 2713 0
D 17700   0  -16    0
W 17700  339  590 2713 0
D 17800   0  -16    0
W 17800  339  590 2713 0
D 17900   0  -16    0
W 17900  339  590 2713 0
D 18000   0  -16   -8
W 18000  339  590 2713 0
D 18100   0  -16    0
W 18100  339  590 2713 0
D 18200   0  -16    0
W 18200  339  590 2713 0
D 18300   0  -16    0
W 18300  339  590 2713 0
D 18400   0  -16    0
W 18400  339  590 2713 0
D 18500   0  -16    0
W 18500  339  590 2713 0
D 18600   0  -16    0
W 18600  339  590 2713 0
D 18700   0  -16    0
W 18700  339  590 2713 0
D 18800   0  -16    0
W 18800  339  590 2713 0
D 18900   0  -16    0
W 18900  339  590 2713 0
D 19000   0  -16    0
W 19000  339  590 2713 0
D 19100   0  -16    0
W 19100  339  590 2713 0
D 19200   0  -16    0
W 19200  339  590 2713 0
D 19300   0  -16    0
W 19300  339  590 2713 0
D 19400   0  -16    0
W 19400  339  590 2713 0
D 19500   0  -16    0
W 19500  339  590 2713 0
D 19600   0  -16    0
W 19600  339  590 2713 0
D 19700   0  -16    0
W 19700  339  590 2713 0
D 19800   0  -16    0
W 19800  339  590 2713 0
D 19900   0  -16    0
W 19900  339  590 2713 0
D 20000   0  -16    0
W 20000  339  590 2713 0
D 20100   0  -16    0
W 20100  339  590 2713 0
D 20200   0  -16    0
W 20200  339  590 2713 0
D 20300   0  -16    0
W 20300  339  590 2713 0
D 20400   0  -16    0
W 20400  339  590 2713 0
D 20500   0  -16    0
W 20500  339  590 2713 0
D 20600   0  -16    0
W 20600  339  590 2713 0
D 20700   0  -16    0
W 20700  339  590 2713 0
D 20800   0  -16   -8
W 20800  339  590 2713 0
D 20900   0  -16    0
W 20900  339  590 2713 0
D 21000   0  -16    0
W 21000  339  590 2713 0
D 21100   0  -16    0
W 21100  339  590 2713 0
D 21200   0  -18  -16
W 21200  339  590 2713 0
D 21300   0  -16    0
W 21300  339  590 2713 0
D 21400   0  -16    0
W 21400  339  590 2713 0
D 21500   0  -16    8
W 21500  339  590 2713 0
D 21600   0  -16    0
W 21600  339  590 2713 0
D 21700   0  -16    0
W 21700  339  590 2713 0
D 21800   0  -16    0
W 21800  339  590 2713 0
D 21900   0  -16    0
W 21900  339  590 2713 0
D 22000   0  -16    0
W 22000  339  590 2713 0
D 22100   0  -16    0
W 22100  339  590 2713 0
D 22200   0  -16    0
W 22200  339  590 2713 0
D 22300   0  -16    0
W 22300  339  590 2713 0
D 22400   0  -16    0
W 22400  339  590 2713 0
D 22500   0  -16    0
W 22500  339  590 2713 0
D 22600   0  -16    0
W 22600  339  590 2713 0
D 22700   0  -16    0
W 22700  339  590 2713 0
D 22800   0  -16    0
W 22800  339  590 2713 0
D 22900   0  -16    0
W 22900  339  590 2713 0
D 23000   0  -16    0
W 23000  339  590 2713 0
D 23100   0  -16    0
W 23100  339  590 2713 0
D 23200   0  -16    0
W 23200  339  590 2713 0
D 23300   0  -16    0
W 23300  339  590 2713 0
D 23400   0  -16    0
W 23400  339  590 2713 0
D 23500   0  -16    0
W 23500  339  590 2713 0
D 23600   0  -16    0
W 23600  339  590 2713 0
D 23700   0  -16    0
W 23700  339  590 2713 0
D 23800   0  -16    0
W 23800  339  590 2713 0
D 23900   0  -16    0
W 23900  339  590 2713 0
D 24000   0  -16    0
W 24000  339  590 2713 0
D 24100   0  -16    0
W 24100  339  590 2713 0
D 24200   0  -16    0
W 24200  339  590 2713 0
D 24300   0  -16    0
W 24300  339  590 2713 0
D 24400   0  -16    0
W 24400  339  590 2713 0
D 24500   0  -16    0
W 24500  339  590 2713 0
D 24600   0  -16    0
W 24600  339  590 2713 0
D 24700   0  -16    0
W 24700  339  590 2713 0
D 24800   0  -16    0
W 24800  339  590 2713 0
D 24900   0  -16    0
W 24900  339  590 2713 0
D 25000   0  -16    8
W 25000  339  590 2713 0
D 25100   0  -16    0
W 25100  339  590 2713 0
D 25200   0  -16    0
W 25200  339  590 2713 0
D 25300   0  -16    0
W 25300  339  590 2713 0
D 25400   0  -16    0
W 25400  339  590 2713 0
D 25500   0  -16    0
W 25500  339  590 2713 0
D 25600   0  -16    0
W 25600  339  590 2713 0
D 25700   0  -16    0
W 25700  339  590 2713 0
D 25800   0  -16    0
W 25800  339  590 2713 0
D 25900   0  -16    0
W 25900  339  590 2713 0
D 26000   0  -16    0
W 26000  339  590 2713 0
D 26100   0  -16    0
W 26100  339  590 2713 0
D 26200   0  -16    0
W 26200  339  590 2713 0
D 26300   0  -16    0
W 26300  339  590 2713 0
D 26400   0  -16    8
W 26400  339  590 2713 0
D 26500   0  -16    0
W 26500  339  590 2713 0
D 26600   0  -16    0
W 26600  339  590 2713 0
D 26700   0  -16    0
W 26700  339  590 2713 0
D 26800   0  -16    0
W 26800  339  590 2713 0
D 26900   0  -16    0
W 26900  339  590 2713 0
D 27000   0  -16    0
W 27000  339  590 2713 0
D 27100   0  -16    8
W 27100  339  590 2713 0
D 27200   0  -16    0
W 27200  339  590 2713 0
D 27300   0  -16    0
W 27300  339  590 2713 0
D 27400   0  -16    0
W 27400  339  590 2713 0
D 27500   0  -16    0
W 27500  339  590 2713 0
D 27600   0  -16    0
W 27600  339  590 2713 0
D 27700   0  -16    0
W 27700  339  590 2713 0
D 27800   0  -16    0
W 27800  339  590 2713 0
D 27900   0  -16    0
W 27900  339  590 2713 0
D 28000   0  -16    0
W 28000  339  590 2713 0
D 28100   0  -16    0
W 28100  339  590 2713 0
D 28200   0  -16    0
W 28200  339  590 2713 0
D 28300   0  -16    0
W 28300  339  590 2713 0
D 28400   0  -16    0
W 28400  339  590 2713 0
D 28500   0  -16    0
W 28500  339  590 2713 0
D 28600   0  -16    0
W 28600  339  590 2713 0
D 28700   0  -16    0
W 28700  339  590 2713 0
D 28800   0  -16    0
W 28800  339  590 2713 0
D 28900   0  -16    0
W 28900  339  590 2713 0
D 29000   0  -16    0
W 29000  339  590 2713 0
D 29100   0  -16    0
W 29100  339  590 2713 0
D 29200   0  -16    0
W 29200  339  590 2713 0
D 29300   0  -16    0
W 29300  339  590 2713 0
D 29400   0  -16    0
W 29400  339  590 2713 0
D 29500   0  -16    0
W 29500  339  590 2713 0
D 29600   0  -16    0
W 29600  339  590 2713 0
D 29700   0  -16    0
W 29700  339  590 2713 0
D 29800   0  -16    0
W 29800  339  590 2713 0
D 29900   0  -16    0
W 29900  339  590 2713 0
D 30000   0  -16    0
W 30000  339  590 2713 0
D 30100   0  -16    8
W 30100  339  590 2713 0
D 30200   0  -16    0
W 30200  339  590 2713 0
D 30300   0  -17   -8
W 30300  339  590 2713 0
D 30400   0  -16    0
W 30400  339  590 2713 0
D 30500   0  -16    0
W 30500  339  590 2713 0
D 30600   0  -16    8
W 30600  339  590 2713 0
D 30700   0  -16    0
W 30700  339  590 2713 0
D 30800   0  -16    0
W 30800  339  590 2713 0
D 30900   0  -16    0
W 30900  339  590 2713 0
D 31000   0  -16    0
W 31000  339  590 2713 0
D 31100   0  -16    0
W 31100  339  590 2713 0
D 31200   0  -16    0
W 31200  339  590 2713 0
D 31300   0  -16    0
W 31300  339  590 2713 0
D 31400   0  -16    0
W 31400  339  590 2713 0
D 31500   0  -16    0
W 31500  339  590 2713 0
D 31600   0  -16    0
W 31600  339  590 2713 0
D 31700   0  -16    0
W 31700  339  590 2713 0
D 31800   0  -16    8
W 31800  339  590 2713 0
D 31900   0  -16    0
W 31900  339  590 2713 0
D 32000   0  -16    0
W 32000  339  590 2713 0
D 32100   0  -16    0
W 32100  339  590 2713 0
D 32200   0  -16    0
W 32200  339  590 2713 0
D 32300   0  -16    0
W 32300  339  590 2713 0
D 32400   0  -16    0
W 32400  339  590 2713 0
D 32500   0  -16    0
W 32500  339  590 2713 0
D 32600   0  -16    0
W 32600  339  590 2713 0
D 32700   0  -16    0
W 32700  339  590 2713 0
D 32800   0  -16    0
W 32800  339  590 2713 0
D 32900   0  -16    0
W 32900  339  590 2713 0
D 33000   0  -16    0
W 33000  339  590 2713 0
D 33100   0  -16    0
W 33100  339  590 2713 0
D 33200   0  -16    0
W 33200  339  590 2713 0
D 33300   0  -16    0
W 33300  339  590 2713 0
D 33400   0  -16    0
W 33400  339  590 2713 0
D 33500   0  -16    0
W 33500  339  590 2713 0
D 33600   0  -16    0
W 33600  339  590 2713 0
D 33700   0  -16    0
W 33700  339  590 2713 0
D 33800   0  -16    0
W 33800  339  590 2713 0
D 33900   0  -16    8
W 33900  339  590 2713 0
D 34000   0  -16    0
W 34000  339  590 2713 0
D 34100   0  -16    0
W 34100  339  590 2713 0
D 34200   0  -16    0
W 34200  339  590 2713 0
D 34300   0  -16    0
W 34300  339  590 2713 0
D 34400   0  -16    0
W 34400  339  590 2713 0
D 34500   0  -15    8
W 34500  339  590 2713 0
D 34600   0  -16    0
W 34600  339  590 2713 0
D 34700   0  -16    0
W 34700  339  590 2713 0
D 34800   0  -16    0
W 34800  339  590 2713 0
D 34900   0  -16    0
W 34900  339  590 2713 0
D 35000   0  -16    0
W 35000  339  590 2713 0
D 35100   0  -16    0
W 35100  339  590 2713 0
D 35200   0  -16    0
W 35200  339  590 2713 0
D 35300   0  -16    0
W 35300  339  590 2713 0
D 35400   0  -16    0
W 35400  339  590 2713 0
D 35500   0  -16    0
W 35500  339  590 2713 0
D 35600   0  -16    0
W 35600  339  590 2713 0
D 35700   0  -16    0
W 35700  339  590 2713 0
D 35800   0  -16    0
W 35800  339  590 2713 0
D 35900   0  -17   -8
W 35900  339  590 2713 0
D 36000   0  -16    0
W 36000  339  590 2713 0
D 36100   0  -17   -8
W 36100  339  590 2713 0
D 36200   0  -16    0
W 36200  339  590 2713 0
D 36300   0  -16    0
W 36300  339  590 2713 0
D 36400   0  -16    0
W 36400  339  590 2713 0
D 36500   0  -16    0
W 36500  339  590 2713 0
D 36600   0  -16    0
W 36600  339  590 2713 0
D 36700   0  -16    0
W 36700  339  590 2713 0
D 36800   0  -16    0
W 36800  339  590 2713 0
D 36900   0  -16    0
W 36900  339  590 2713 0
D 37000   0  -16    0
W 37000  339  590 2713 0
D 37100   0  -16    0
W 37100  339  590 2713 0
D 37200   0  -16    0
W 37200  339  590 2713 0
D 37300   0  -16    0
W 37300  339  590 2713 0
D 37400   0  -16    0
W 37400  339  590 2713 0
D 37500   0  -16    0
W 37500  339  590 2713 0
D 37600   0  -16    0
W 37600  339  590 2713 0
D 37700   0  -16    0
W 37700  339  590 2713 0
D 37800   0  -16    8
W 37800  339  590 2713 0
D 37900   0  -16    0
W 37900  339  590 2713 0
D 38000   0  -16    0
W 38000  339  590 2713 0
D 38100   0  -16    0
W 38100  339  590 2713 0
D 38200   0  -16    0
W 38200  339  590 2713 0
D 38300   0  -16    0
W 38300  339  590 2713 0
D 38400   0  -16    0
W 38400  339  590 2713 0
D 38500   0  -16    0
W 38500  339  590 2713 0
D 38600   0  -16    0
W 38600  339  590 2713 0
D 38700   0  -16    0
W 38700  339  590 2713 0
D 38800   0  -16    0
W 38800  339  590 2713 0
D 38900   0  -16    0
W 38900  339  590 2713 0
D 39000   0  -16    0
W 39000  339  590 2713 0
D 39100   0  -16    0
W 39100  339  590 2713 0
D 39200   0  -16    0
W 39200  339  590 2713 0
D 39300   0  -16    0
W 39300  339  590 2713 0
D 39400   0  -16    0
W 39400  339  590 2713 0
D 39500   0  -16    0
W 39500  339  590 2713 0
D 39600   0  -16    0
W 39600  339  590 2713 0
D 39700   0  -16    0
W 39700  339  590 2713 0
D 39800   0  -16    0
W 39800  339  590 2713 0
D 39900   0  -16    0
W 39900  339  590 2713 0
D 40000   0  -16    0
W 40000  339  590 2713 0
D 40100   0  -17   -8
W 40100  339  590 2713 0
D 40200   0  -16    0
W 40200  339  590 2713 0
D 40300   0  -16    0
W 40300  339  590 2713 0
D 40400   0  -16    0
W 40400  339  590 2713 0
D 40500   0  -16    0
W 40500  339  590 2713 0
D 40600   0  -16    0
W 40600  339  590 2713 0
D 40700   0  -16    0
W 40700  339  590 2713 0
D 40800   0  -16    0
W 40800  339  590 2713 0
D 40900   0  -16    0
W 40900  339  590 2713 0
D 41000   0  -16    0
W 41000  339  590 2713 0
D 41100   0  -16    0
W 41100  339  590 2713 0
D 41200   0  -16    0
W 41200  339  590 2713 0
D 41300   0  -16    0
W 41300  339  590 2713 0
D 41400   0  -16    0
W 41400  339  590 2713 0
D 41500   0  -17   -8
W 41500  339  590 2713 0
D 41600   0  -16    0
W 41600  339  590 2713 0
D 41700   0  -16    0
W 41700  339  590 2713 0
D 41800   0  -17    0
W 41800  339  590 2713 0
D 41900   0  -16    0
W 41900  339  590 2713 0
D 42000   0  -16    0
W 42000  339  590 2713 0
D 42100   0  -16    0
W 42100  339  590 2713 0
D 42200   0  -16    0
W 42200  339  590 2713 0
D 42300   0  -16    0
W 42300  339  590 2713 0
D 42400   0  -16    0
W 42400  339  590 2713 0
D 42500   0  -16    0
W 42500  339  590 2713 0
D 42600   0  -16    0
W 42600  339  590 2713 0
D 42700   0  -16    0
W 42700  339  590 2713 0
D 42800   0  -16    0
W 42800  339  590 2713 0
D 42900   0  -16    0
W 42900  339  590 2713 0
D 43000   0  -16    0
W 43000  339  590 2713 0
D 43100   0  -16    0
W 43100  339  590 2713 0
D 43200   0  -16    0
W 43200  339  590 2713 0
D 43300   0  -16    0
W 43300  339  590 2713 0
D 43400   0  -16    0
W 43400  339  590 2713 0
D 43500   0  -16    0
W 43500  339  590 2713 0
D 43600   0  -16    0
W 43600  339  590 2713 0
D 43700   0  -16    0
W 43700  339  590 2713 0
D 43800   0  -16    0
W 43800  339  590 2713 0
D 43900   0  -16    0
W 43900  339  590 2713 0
D 44000   0  -16    0
W 44000  339  590 2713 0
D 44100   0  -16    0
W 44100  339  590 2713 0
D 44200   0  -16    0
W 44200  339  590 2713 0
D 44300   0  -17   -8
W 44300  339  590 2713 0
D 44400   0  -16    0
W 44400  339  590 2713 0
D 44500   0  -16    0
W 44500  339  590 2713 0
D 44600   0  -16    0
W 44600  339  590 2713 0
D 44700   0  -16    0
W 44700  339  590 2713 0
D 44800   0  -16    0
W 44800  339  590 2713 0
D 44900   0  -16    0
W 44900  339  590 2713 0
D 45000   0  -16    0
W 45000  339  590 2713 0
D 45100   0  -16    0
W 45100  339  590 2713 0
D 45200   0  -16    0
W 45200  339  590 2713 0
D 45300   0  -16    0
W 45300  339  590 2713 0
D 45400   0  -16    0
W 45400  339  590 2713 0
D 45500   0  -16    0
W 45500  339  590 2713 0
D 45600   0  -16    0
W 45600  339  590 2713 0
D 45700   0  -16    8
W 45700  339  590 2713 0
