

wheel_init
pre_auton
%  batt 7.62v 7.79v
usercontrol
DUMP_MONITOR=START
DUMP_MONITOR=MONITOR
WHEEL_MONITOR=MONITOR
D  100   0   28   25
W  100 -360  655 2699 127
D  200 -45   -2   -8
W  200 -360  641 2699 127
D  300   0  -10    0
W  300 -359  622 2702 127
D  400   0  -11   -8
W  400 -359  596 2704 127
D  500   0  -11    0
W  500 -359  568 2707 127
D  600   0  -11    0
W  600 -359  537 2707 127
D  700   0  -11    0
W  700 -358  506 2713 127
D  800   0  -12   -8
W  800 -357  475 2715 127
D  900   0  -11   -8
W  900 -357  446 2712 127
D 1000 -45   -8    0
W 1000 -357  433 2635 127
D 1100   0   -9   16
W 1100 -358  429 2561 127
D 1200   0  -11  -16
W 1200 -359  424 2454 127
D 1300   0  -11    0
W 1300 -360  422 2310 127
D 1400   0  -12    0
W 1400 -362  420 2140 127
D 1500   0  -15  -16
W 1500 -365  419 1959 -50
D 1600   0  -13    0
W 1600 -366  418 1867 -33
D 1700 -45   -1    0
W 1700 -367  418 1871 37
D 1800 -45   -3   -8
W 1800 -368  418 1847 10
D 1900   0   -5   16
W 1900 -375  418 1856 127
D 2000 -45   -8  -16
W 2000 -390  416 1877 127
D 2100   0  -11    0
W 2100 -411  413 1890 127
D 2200   0  -13  -16
W 2200 -437  409 1888 127
D 2300   0  -13    0
W 2300 -466  404 1886 127
D 2400   0  -13    0
W 2400 -496  400 1886 127
D 2500  40  -13    0
W 2500 -526  395 1884 127
D 2600  40  -13    0
W 2600 -556  391 1885 127
D 2700  40   74  175
W 2700 -585  386 1888 127
D 2800  40  150  141
W 2800 -615  382 1887 127
D 2900  11  255  166
W 2900 -646  377 1888 127
D 3000   1  362  183
W 3000 -678  372 1889 127
D 3100  -6  452   91
W 3100 -711  367 1888 127
D 3200   0  479   -8
W 3200 -744  362 1888 127
D 3300   7  478    0
W 3300 -776  357 1890 127
D 3400   8  476   -8
W 3400 -809  352 1890 127
D 3500  12  448  -58
W 3500 -841  346 1886 127
D 3600   0  430   -8
W 3600 -874  342 1887 127
D 3700  13  424    0
W 3700 -906  337 1886 127
D 3800  12  424    8
W 3800 -939  332 1887 127
D 3900  11  424    0
W 3900 -971  327 1886 127
D 4000   0  438   33
W 4000 -1003  322 1887 127
D 4100   8  446   25
W 4100 -1035  317 1889 -127
D 4200   3  462    8
W 4200 -1050  314 1946 -127
D 4300   9  461    0
W 4300 -1058  312 2063 -127
D 4400   9  460    0
W 4400 -1058  311 2188 -127
D 4500   9  459   -8
W 4500 -1058  311 2328 -127
D 4600   9  458   -8
W 4600 -1059  311 2503 -127
D 4700   9  458   -8
W 4700 -1059  310 2691 50
D 4800   8  454  -58
W 4800 -1059  309 2771 -10
D 4900   8  471   41
W 4900 -1060  315 2836 -127
D 5000  10  461  -75
W 5000 -1063  326 2852 -127
D 5100   9  467    8
W 5100 -1069  346 2856 -127
D 5200   9  466    0
W 5200 -1076  373 2846 -127
D 5300   0  466    0
W 5300 -1083  401 2847 -127
D 5400   8  466    0
W 5400 -1091  431 2854 -127
D 5500   8  466    0
W 5500 -1100  462 2860 -127
D 5600 127  466   -8
W 5600 -1109  492 2860 -127
D 5700   0  502  116
W 5700 -1117  523 2861 -127
D 5800 127  626  275
W 5800 -1126  553 2862 -127
D 5900 127  830  391
W 5900 -1134  580 2864 -127
D 6000   0 1047  366
W 6000 -1142  606 2866 -30
D 6100 -127 1241  241
W 6100 -1147  624 2865 30
D 6200 -127 1254    0
W 6200 -1146  621 2865 30
D 6300 -127 1255    0
W 6300 -1144  614 2868 30
D 6400 -127 1146 -125
W 6400 -1141  605 2861 30
D 6500 -127 1066 -175
W 6500 -1139  596 2849 30
D 6600 -127  988 -108
W 6600 -1136  586 2829 30
D 6700 -127  889 -158
W 6700 -1134  576 2794 30
D 6800 -127  821 -125
W 6800 -1133  566 2755 30
D 6900   0  715 -175
W 6900 -1133  551 2673 127
D 7000   0  631 -208
W 7000 -1135  523 2657 127
D 7100   0  443 -425
W 7100 -1137  501 2655 127
D 7200   0  195 -641
W 7200 -1139  466 2682 127
D 7300   0  -23   16
W 7300 -1139  431 2704 127
D 7400   0  -23   -8
W 7400 -1139  401 2698 127
D 7500   0  -24  -41
W 7500 -1139  370 2691 127
D 7600   0  -24    8
W 7600 -1140  339 2691 127
D 7700   0  -26   -8
W 7700 -1140  318 2644 127
D 7800   0  -26  -16
W 7800 -1142  304 2586 127
D 7900  40  -25   41
W 7900 -1143  301 2578 -70
D 8000  40  -25  -41
W 8000 -1140  314 2575 -127
D 8100   0   90  200
W 8100 -1136  336 2611 -127
D 8200  40  196  175
W 8200 -1132  362 2628 -127
D 8300   0  321  133
W 8300 -1129  391 2626 -127
D 8400  -3  435  200
W 8400 -1125  421 2631 -127
D 8500  -2  496   50
W 8500 -1121  452 2642 -127
D 8600   0  520    0
W 8600 -1118  484 2643 -127
D 8700 127  528   25
W 8700 -1115  516 2648 -127
D 8800 127  580  133
W 8800 -1112  547 2657 -127
D 8900 127  728  291
W 8900 -1110  577 2660 -127
D 9000 127  934  366
W 9000 -1108  604 2662 -60
D 9100   0 1146  350
W 9100 -1107  627 2662 30
D 9200   0 1349  341
W 9200 -1107  633 2705 0
D 9300   0 1449  108
W 9300 -1107  635 2710 0
D 9400   0 1448 -108
W 9400 -1107  635 2718 0
D 9500   0 1447    8
W 9500 -1107  635 2721 0
D 9600   0 1455   66
W 9600 -1107  635 2720 0
D 9700   0 1419 -133
W 9700 -1107  634 2722 0
D 9800   0 1384  -25
W 9800 -1107  631 2721 0
D 9900   0 1341  -16
W 9900 -1107  629 2725 0
D 10000   0 1342    0
W 10000 -1106  628 2724 0
D 10100   0 1342    0
W 10100 -1107  629 2724 0
D 10200   0 1366   25
W 10200 -1107  629 2727 0
D 10300   0 1370   16
W 10300 -1107  629 2728 0
D 10400   0 1371    0
W 10400 -1107  630 2734 0
D 10500   0 1370    0
W 10500 -1107  630 2734 0
D 10600   0 1370    0
W 10600 -1107  630 2734 0
D 10700   0 1370    0
W 10700 -1107  630 2734 0
D 10800   0 1370   -8
W 10800 -1107  630 2734 0
D 10900   0 1370    0
W 10900 -1107  630 2734 0
D 11000   0 1370    0
W 11000 -1107  630 2734 0
D 11100   0 1370    0
W 11100 -1107  630 2734 0
D 11200   0 1370    0
W 11200 -1107  630 2734 0
D 11300   0 1370   -8
W 11300 -1107  630 2734 0
D 11400   0 1370    0
W 11400 -1107  630 2734 0
D 11500   0 1370    0
W 11500 -1107  630 2734 0
D 11600   0 1370    0
W 11600 -1107  630 2734 0
D 11700   0 1371    8
W 11700 -1107  630 2734 0
D 11800   0 1370    0
W 11800 -1107  630 2734 0
D 11900   0 1370    0
W 11900 -1107  630 2734 0
D 12000   0 1370    0
W 12000 -1107  630 2734 0
D 12100   0 1370    0
W 12100 -1107  630 2734 0
D 12200   0 1370    0
W 12200 -1107  630 2734 0
D 12300   0 1370    0
W 12300 -1107  630 2734 0
D 12400   0 1370    0
W 12400 -1107  630 2734 0
D 12500   0 1370    0
W 12500 -1107  630 2734 0
D 12600   0 1370    0
W 12600 -1107  630 2734 0
D 12700   0 1370   -8
W 12700 -1107  630 2734 0
D 12800   0 1370    0
W 12800 -1107  630 2734 0
D 12900   0 1370    0
W 12900 -1107  630 2734 0
D 13000   0 1370    0
W 13000 -1107  630 2734 0
D 13100   0 1370    0
W 13100 -1107  630 2734 0
D 13200   0 1371    8
W 13200 -1107  630 2734 0
D 13300   0 1370    0
W 13300 -1107  630 2734 0
D 13400   0 1371    8
W 13400 -1107  630 2734 0
D 13500   0 1370   -8
W 13500 -1107  630 2734 0
D 13600   0 1370    0
W 13600 -1107  630 2734 0
D 13700   0 1370    0
W 13700 -1107  630 2734 0
D 13800   0 1370    0
W 13800 -1107  630 2734 0
D 13900   0 1370   -8
W 13900 -1107  630 2734 0
D 14000   0 1371    0
W 14000 -1107  630 2734 0
D 14100   0 1370   -8
W 14100 -1107  630 2734 0
D 14200   0 1370    0
W 14200 -1107  630 2734 0
D 14300   0 1371    8
W 14300 -1107  630 2734 0
D 14400   0 1370    0
W 14400 -1107  630 2734 0
D 14500   0 1370    0
W 14500 -1107  630 2734 0
D 14600   0 1370    0
W 14600 -1107  630 2734 0
D 14700   0 1370   -8
W 14700 -1107  630 2734 0
D 14800   0 1370    0
W 14800 -1107  630 2734 0
D 14900   0 1370    0
W 14900 -1107  630 2734 0
D 15000   0 1370    0
W 15000 -1107  630 2734 0
D 15100   0 1370    0
W 15100 -1107  630 2734 0
D 15200   0 1370   -8
W 15200 -1107  630 2734 0
D 15300   0 1370    0
W 15300 -1107  630 2734 0
D 15400   0 1370    0
W 15400 -1107  630 2734 0
D 15500   0 1371    8
W 15500 -1107  630 2734 0
D 15600   0 1370    0
W 15600 -1107  630 2734 0
D 15700   0 1371    8
W 15700 -1107  630 2734 0
