

wheel_init
pre_auton
%  batt 7.45v 7.74v
usercontrol
DUMP_MONITOR=START
DUMP_MONITOR=MONITOR
WHEEL_MONITOR=MONITOR
D  100 -127  202  -50
W  100 -359  655 2706 127
D  200   0   80 -216
W  200 -359  639 2718 127
D  300 -45   -7    0
W  300 -358  620 2722 127
D  400   0  -11   -8
W  400 -357  594 2732 127
D  500   0  -12    0
W  500 -356  568 2735 127
D  600   0  -11    0
W  600 -354  540 2745 127
D  700   0  -12    0
W  700 -351  510 2752 127
D  800   0  -12    0
W  800 -349  480 2757 127
D  900   0  -12    0
W  900 -345  451 2762 127
D 1000 -45   -8    8
W 1000 -344  437 2716 127
D 1100 -45   -8   -8
W 1100 -344  428 2643 127
D 1200 -45   -8   -8
W 1200 -345  424 2557 127
D 1300   0   -9   -8
W 1300 -346  421 2437 127
D 1400   0  -12    0
W 1400 -347  420 2281 127
D 1500   0  -12    0
W 1500 -348  419 2104 127
D 1600   0  -13    0
W 1600 -350  418 1937 -50
D 1700   0  -13   -8
W 1700 -351  418 1920 44
D 1800   0  -12   -8
W 1800 -352  417 1903 -20
D 1900   0  -10   16
W 1900 -354  417 1909 100
D 2000 -45   -9   -8
W 2000 -367  414 1931 127
D 2100   0  -13  -16
W 2100 -385  410 1939 127
D 2200   0  -12    8
W 2200 -410  404 1952 127
D 2300   0  -13    0
W 2300 -436  396 1959 127
D 2400   0  -14   -8
W 2400 -464  388 1966 127
D 2500   0  -13    0
W 2500 -492  380 1969 127
D 2600  40  -12    8
W 2600 -520  371 1974 127
D 2700   0   27  150
W 2700 -548  362 1981 127
D 2800  40  103   66
W 2800 -576  353 1988 127
D 2900  40  198  116
W 2900 -604  343 1991 127
D 3000   4  313  183
W 3000 -634  333 1998 127
D 3100  -7  428  183
W 3100 -664  322 2002 127
D 3200   0  483   33
W 3200 -694  310 2010 127
D 3300   0  489    8
W 3300 -724  299 2015 127
D 3400   5  488   -8
W 3400 -754  287 2017 127
D 3500   1  481  -33
W 3500 -784  275 2023 127
D 3600  10  463   -8
W 3600 -814  263 2028 127
D 3700   0  462    0
W 3700 -843  250 2032 127
D 3800   9  462    0
W 3800 -873  237 2035 127
D 3900   8  462    0
W 3900 -902  225 2040 127
D 4000   9  461    0
W 4000 -931  211 2047 127
D 4100   8  461   -8
W 4100 -960  198 2049 127
D 4200   5  463  -16
W 4200 -987  185 2054 -127
D 4300   0  468   16
W 4300 -998  180 2138 -127
D 4400   8  466    0
W 4400 -1003  176 2269 -127
D 4500  11  465   33
W 4500 -1003  176 2398 -127
D 4600   0  464    0
W 4600 -1003  177 2542 -127
D 4700   8  463   -8
W 4700 -1003  176 2715 -127
D 4800   8  463    0
W 4800 -1003  175 2871 50
D 4900   5  468    0
W 4900 -1003  176 2919 20
D 5000   0  475   16
W 5000 -1003  175 2955 -100
D 5100   8  479   -8
W 5100 -1007  184 2960 -127
D 5200   6  480   -8
W 5200 -1015  201 2955 -127
D 5300   7  480    0
W 5300 -1026  224 2956 -127
D 5400   6  482    8
W 5400 -1039  250 2960 -127
D 5500   0  474  -58
W 5500 -1052  277 2967 -127
D 5600   6  481    0
W 5600 -1066  305 2974 -127
D 5700   6  482    8
W 5700 -1081  333 2980 -127
D 5800   6  481    0
W 5800 -1096  361 2984 -127
D 5900   0  481    0
W 5900 -1111  389 2991 -127
D 6000   6  481    0
W 6000 -1127  418 2999 -127
D 6100   6  481    0
W 6100 -1143  445 3004 -127
D 6200 127  482    8
W 6200 -1159  473 3008 -127
D 6300   0  559  266
W 6300 -1176  500 3014 -127
D 6400 127  717  366
W 6400 -1188  520 2997 -127
D 6500 127  923  291
W 6500 -1189  521 2970 -127
D 6600 127 1118  333
W 6600 -1192  527 2936 -127
D 6700   0 1310  333
W 6700 -1194  533 2927 -127
D 6800   0 1436  125
W 6800 -1195  535 2896 -127
D 6900   0 1460    0
W 6900 -1196  537 2885 -127
D 7000   0 1435  -25
W 7000 -1196  539 2870 -127
D 7100   0 1432   -8
W 7100 -1197  543 2845 -127
D 7200   0 1430    0
W 7200 -1198  545 2828 -127
D 7300   0 1430    0
W 7300 -1199  548 2816 -127
D 7400   0 1423  -25
W 7400 -1199  548 2815 30
D 7500 -127 1412  -25
W 7500 -1197  539 2818 30
D 7600 -127 1345 -183
W 7600 -1194  529 2828 30
D 7700 -127 1217 -233
W 7700 -1193  524 2824 30
D 7800 -127 1080 -225
W 7800 -1193  523 2831 30
D 7900 -127  910 -350
W 7900 -1192  520 2833 30
D 8000 -127  753 -241
W 8000 -1191  514 2838 30
D 8100 -127  541 -350
W 8100 -1189  506 2846 30
D 8200   0  324 -375
W 8200 -1188  496 2703 100
D 8300 -45   98 -383
W 8300 -1188  479 2707 127
D 8400   0  -13   -8
W 8400 -1188  456 2704 127
D 8500   0  -15  -16
W 8500 -1187  431 2716 127
D 8600   0  -14   -8
W 8600 -1186  403 2721 127
D 8700   0  -15   -8
W 8700 -1185  374 2726 127
D 8800   0  -14   -8
W 8800 -1184  344 2730 127
D 8900   0  -14    0
W 8900 -1182  314 2736 127
D 9000  40  -13    0
W 9000 -1180  284 2740 0
D 9100  40   13  158
W 9100 -1179  267 2747 -127
D 9200  40  165  116
W 9200 -1180  275 2752 -127
D 9300  11  276  208
W 9300 -1181  290 2756 -127
D 9400 -11  391  233
W 9400 -1184  315 2765 -127
D 9500  -8  498  108
W 9500 -1187  342 2767 -127
D 9600   1  517   16
W 9600 -1190  371 2777 -127
D 9700  -5  532    8
W 9700 -1195  403 2784 -127
D 9800   0  536   -8
W 9800 -1200  435 2790 -127
D 9900   3  530  -25
W 9900 -1205  466 2794 -127
D 10000 127  516  -16
W 10000 -1210  496 2802 -127
D 10100   0  526  116
W 10100 -1216  528 2806 -127
D 10200 127  680  341
W 10200 -1221  554 2815 -127
D 10300 127  885  325
W 10300 -1221  556 2822 -127
D 10400 127 1081  325
W 10400 -1221  556 2824 -127
D 10500   0 1270  316
W 10500 -1221  556 2829 -127
D 10600   0 1410  133
W 10600 -1221  557 2834 -127
D 10700   0 1463   -8
W 10700 -1222  561 2842 -127
D 10800   0 1433  -66
W 10800 -1224  566 2832 -127
D 10900   0 1421    0
W 10900 -1224  567 2833 -127
D 11000   0 1420    0
W 11000 -1224  568 2838 -127
D 11100   0 1417    0
W 11100 -1224  568 2842 -127
D 11200   0 1416  -16
W 11200 -1224  568 2846 0
D 11300 -127 1413   -8
W 11300 -1222  560 2838 30
D 11400 -127 1402  -58
W 11400 -1219  550 2840 30
D 11500 -127 1300 -216
W 11500 -1217  540 2843 30
D 11600   0 1136 -258
W 11600 -1216  532 2702 0
D 11700   0 1021 -116
W 11700 -1216  527 2709 0
D 11800   0  921 -241
W 11800 -1216  524 2714 0
D 11900   0  890  -25
W 11900 -1216  522 2719 0
D 12000   0  890    0
W 12000 -1216  522 2722 0
D 12100   0  924   66
W 12100 -1216  522 2729 0
D 12200   0  971   66
W 12200 -1216  522 2733 0
D 12300   0  985    8
W 12300 -1216  522 2739 0
D 12400   0  991    8
W 12400 -1216  523 2745 0
D 12500   0  991    0
W 12500 -1216  523 2750 0
D 12600   0  991    0
W 12600 -1216  523 2755 0
D 12700   0  991    0
W 12700 -1216  523 2760 0
D 12800   0  992    8
W 12800 -1216  523 2765 0
D 12900   0  992    8
W 12900 -1216  523 2771 0
D 13000   0  992    0
W 13000 -1216  523 2774 0
D 13100   0  991    0
W 13100 -1216  523 2779 0
D 13200   0  992    0
W 13200 -1216  523 2784 0
D 13300   0  991   -8
W 13300 -1216  523 2789 0
D 13400   0  992    0
W 13400 -1216  523 2795 0
D 13500   0  992    0
W 13500 -1216  523 2800 0
D 13600   0  991   -8
W 13600 -1216  523 2805 0
D 13700   0  991   -8
W 13700 -1216  523 2810 0
D 13800   0  991    0
W 13800 -1216  523 2815 0
D 13900   0  992    8
W 13900 -1216  523 2821 0
D 14000   0  991   -8
W 14000 -1216  523 2824 0
D 14100   0  992    8
W 14100 -1216  523 2829 0
D 14200   0  992    0
W 14200 -1216  523 2834 0
D 14300   0  991    0
W 14300 -1216  523 2839 0
D 14400   0  992    0
W 14400 -1216  523 2845 0
D 14500   0  992    0
W 14500 -1216  523 2850 0
D 14600   0  991    0
W 14600 -1216  523 2855 0
D 14700   0  991   -8
W 14700 -1216  523 2860 0
D 14800   0  992    8
W 14800 -1216  523 2865 0
D 14900   0  992    0
W 14900 -1216  523 2870 0
D 15000   0  992    0
W 15000 -1216  523 2875 0
D 15100   0  992    0
W 15100 -1216  523 2878 0
D 15200   0  992    8
W 15200 -1216  523 2884 0
D 15300   0  991   -8
W 15300 -1216  523 2889 0
D 15400   0  991   -8
W 15400 -1216  523 2894 0
D 15500   0  992    8
W 15500 -1216  523 2899 0
D 15600   0  992    8
W 15600 -1216  523 2904 0
D 15700   0  992    8
W 15700 -1216  523 2910 0
D 15800   0  992    0
W 15800 -1216  523 2915 0
D 15900   0  991   -8
W 15900 -1216  523 2920 0
D 16000   0  991    0
W 16000 -1216  523 2925 0
D 16100   0  991   -8
W 16100 -1216  523 2928 0
D 16200   0  992    8
W 16200 -1216  523 2933 0
D 16300   0  992    8
W 16300 -1216  523 2939 0
D 16400   0  991    0
W 16400 -1216  523 2944 0
D 16500   0  992    0
W 16500 -1216  523 2949 0
D 16600   0  991   -8
W 16600 -1216  523 2954 0
D 16700   0  992    0
W 16700 -1216  523 2959 0
D 16800   0  992    0
W 16800 -1216  523 2965 0
D 16900   0  992    0
W 16900 -1216  523 2970 0
D 17000   0  992    8
W 17000 -1216  523 2975 0
D 17100   0  992    8
W 17100 -1216  523 2978 0
D 17200   0  991    0
W 17200 -1216  523 2983 0
D 17300   0  991    0
W 17300 -1216  523 2989 0
D 17400   0  991   -8
W 17400 -1216  523 2994 0
D 17500   0  991    0
W 17500 -1216  523 2999 0
D 17600   0  992    0
W 17600 -1216  523 3004 0
D 17700   0  991    0
W 17700 -1216  523 3009 0
D 17800   0  992    0
W 17800 -1216  523 3015 0
D 17900   0  991   -8
W 17900 -1216  523 3020 0
D 18000   0  992    0
W 18000 -1216  523 3025 0
D 18100   0  991   -8
W 18100 -1216  523 3028 0
D 18200   0  992    8
W 18200 -1216  523 3033 0
D 18300   0  991   -8
W 18300 -1216  523 3039 0
D 18400   0  991    0
W 18400 -1216  523 3044 0
D 18500   0  992    0
W 18500 -1216  523 3049 0
D 18600   0  992    0
W 18600 -1216  523 3054 0
D 18700   0  992    8
W 18700 -1216  523 3060 0
D 18800   0  991    0
W 18800 -1216  523 3065 0
D 18900   0  991    0
W 18900 -1216  523 3070 0
D 19000   0  992    0
W 19000 -1216  523 3075 0
D 19100   0  991    0
W 19100 -1216  523 3080 0
D 19200   0  992    8
W 19200 -1216  523 3084 0
D 19300   0  991    0
W 19300 -1216  523 3089 0
D 19400   0  992    8
W 19400 -1216  523 3094 0
D 19500   0  991    0
W 19500 -1216  523 3099 0
D 19600   0  992    8
W 19600 -1216  523 3105 0
D 19700   0  991   -8
W 19700 -1216  523 3110 0
D 19800   0  992    8
W 19800 -1216  523 3115 0
D 19900   0  992    0
W 19900 -1216  523 3120 0
D 20000   0  992    0
W 20000 -1216  523 3125 0
D 20100   0  992    8
W 20100 -1216  523 3131 0
D 20200   0  991   -8
W 20200 -1216  523 3134 0
D 20300   0  991    0
W 20300 -1216  523 3139 0
D 20400   0  991   -8
W 20400 -1216  523 3144 0
D 20500   0  991    0
W 20500 -1216  523 3150 0
D 20600   0  991   -8
W 20600 -1216  523 3155 0
D 20700   0  992    0
W 20700 -1216  523 3160 0
D 20800   0  992    8
W 20800 -1216  523 3165 0
D 20900   0  992    0
W 20900 -1216  523 3170 0
D 21000   0  992    8
W 21000 -1216  523 3175 0
D 21100   0  992    0
W 21100 -1216  523 3180 0
D 21200   0  992    0
W 21200 -1216  523 3184 0
D 21300   0  991   -8
W 21300 -1216  523 3189 0
D 21400   0  991    0
W 21400 -1216  523 3194 0
D 21500   0  992    0
W 21500 -1216  523 3199 0
D 21600   0  992    8
W 21600 -1216  523 3204 0
D 21700   0  992    0
W 21700 -1216  523 3209 0
D 21800   0  991   -8
W 21800 -1216  523 3215 0
D 21900   0  992    8
W 21900 -1216  523 3220 0
D 22000   0  991   -8
W 22000 -1216  523 3225 0
D 22100   0  991    0
W 22100 -1216  523 3230 0
D 22200   0  991   -8
W 22200 -1216  523 3233 0
D 22300   0  992    8
W 22300 -1216  523 3239 0
D 22400   0  991   -8
W 22400 -1216  523 3244 0
D 22500   0  991    0
W 22500 -1216  523 3249 0
D 22600   0  992    8
W 22600 -1216  523 3254 0
D 22700   0  992    0
W 22700 -1216  523 3259 0
D 22800   0  991   -8
W 22800 -1216  523 3264 0
D 22900   0  991   -8
W 22900 -1216  523 3270 0
D 23000   0  992    0
W 23000 -1216  523 3275 0
D 23100   0  991   -8
W 23100 -1216  523 3280 0
D 23200   0  992    8
W 23200 -1216  523 3285 0
D 23300   0  991   -8
W 23300 -1216  523 3288 0
D 23400   0  991    0
W 23400 -1216  523 3294 0
D 23500   0  992    8
W 23500 -1216  523 3299 0
D 23600   0  991   -8
W 23600 -1216  523 3304 0
D 23700   0  992    0
W 23700 -1216  523 3309 0
D 23800   0  992    0
W 23800 -1216  523 3314 0
D 23900   0  991   -8
W 23900 -1216  523 3320 0
D 24000   0  992    0
W 24000 -1216  523 3325 0
D 24100   0  991    0
W 24100 -1216  523 3330 0
D 24200   0  991   -8
W 24200 -1216  523 3335 0
D 24300   0  991    0
W 24300 -1216  523 3338 0
D 24400   0  992    8
W 24400 -1216  523 3344 0
D 24500   0  991   -8
W 24500 -1216  523 3349 0
D 24600   0  991    0
W 24600 -1216  523 3354 0
D 24700   0  992    0
W 24700 -1216  523 3359 0
D 24800   0  992    0
W 24800 -1216  523 3364 0
D 24900   0  991   -8
W 24900 -1216  523 3370 0
D 25000   0  992    0
W 25000 -1216  523 3375 0
D 25100   0  991    0
W 25100 -1216  523 3380 0
D 25200   0  992    8
W 25200 -1216  523 3385 0
D 25300   0  991    0
W 25300 -1216  523 3389 0
D 25400   0  992    8
W 25400 -1216  523 3394 0
D 25500   0  991    0
W 25500 -1216  523 3399 0
D 25600   0  992    8
W 25600 -1216  523 3404 0
D 25700   0  991    0
W 25700 -1216  523 3409 0
D 25800   0  991   -8
W 25800 -1216  523 3415 0
D 25900   0  991   -8
W 25900 -1216  523 3420 0
D 26000   0  991    0
W 26000 -1216  523 3425 0
D 26100   0  991    0
W 26100 -1216  523 3430 0
D 26200   0  991    0
W 26200 -1216  523 3435 0
D 26300   0  992    0
W 26300 -1216  523 3438 0
D 26400   0  991   -8
W 26400 -1216  523 3443 0
D 26500   0  991    0
W 26500 -1216  523 3448 0
D 26600   0  992    8
W 26600 -1216  523 3454 0
D 26700   0  991   -8
W 26700 -1216  523 3459 0
D 26800   0  991   -8
W 26800 -1216  523 3464 0
D 26900   0  992    8
W 26900 -1216  523 3469 0
D 27000   0  992    8
W 27000 -1216  523 3474 0
D 27100   0  992    0
W 27100 -1216  523 3479 0
D 27200   0  991   -8
W 27200 -1216  523 3484 0
D 27300   0  992    8
W 27300 -1216  523 3490 0
D 27400   0  991   -8
W 27400 -1216  523 3493 0
D 27500   0  991    0
W 27500 -1216  523 3498 0
D 27600   0  992    8
W 27600 -1216  523 3504 0
D 27700   0  992    8
W 27700 -1216  523 3509 0
D 27800   0  992    8
W 27800 -1216  523 3514 0
D 27900   0  991   -8
W 27900 -1216  523 3519 0
