DUMP_MONITOR=START
DUMP_MONITOR=MONITOR
WHEEL_MONITOR=MONITOR
L   20    0    0
L   40    0    0
D   40   0 1433    0
W   40  360  200 2700 0
L   60    0    0
L   80    0    0
D   80   0 1433    0
W   80  360  200 2700 0
L  100    0    0
L  120    0    0
D  120   0 1433    0
W  120  360  200 2700 0
L  140    0    0
L  160    0    0
D  160   0 1433    0
W  160  360  200 2700 0
L  180    0    0
L  200    0    0
D  200   0 1433    0
W  200  360  200 2700 0
L  220    0    0
L  240    0    0
D  240   0 1433   -8
W  240  360  200 2700 0
L  260    0    0
L  280    0    0
D  280   0 1433    0
W  280  360  200 2700 0
L  300    0    0
L  320    0    0
D  320   0 1433   -8
W  320  360  200 2700 0
L  340    0    0
L  360    0    0
D  360   0 1433    0
W  360  360  200 2700 0
L  380    0    0
L  400    0    0
D  400   0 1433    0
W  400  360  200 2700 0
L  420    0    0
L  440    0    0
D  440   0 1433    0
W  440  360  200 2700 0
L  460    0    0
L  480    0    0
D  480   0 1433    0
W  480  360  200 2700 0
L  500    0    0
L  520   -2  100
D  520   0 1433    0
W  520  360  200 2700 0
L  540    1  150
L  560    1    0
D  560   0 1433    0
W  560  360  200 2700 0
L  580    1    0
L  600    1    0
D  600   0 1433    0
W  600  360  200 2700 0
L  620    3  100
L  640    5  100
D  640   0 1433    0
W  640  360  200 2700 0
L  660    8  150
L  680   15  350
D  680   0 1433    0
W  680  360  200 2700 0
L  700   23  400
L  720   35  600
D  720   0 1433    0
W  720  360  200 2700 0
L  740   53  900
L  760   76 1150
D  760   0 1433    0
W  760  360  200 2700 0
L  780  105 1450
L  800  142 1850
D  800   0 1433    0
W  800  360  200 2700 0
L  820  188 2300
L  840  243 2750
D  840   0 1433    0
W  840  360  200 2700 0
L  860  308 3250
L  880  388 4000
D  880   0 1433    0
W  880  360  200 2700 0
L  900  479 4550
L  920  584 5250
D  920   0 1433    0
W  920  360  200 2700 0
L  940  703 5950
L  960  832 6450
D  960   0 1433    0
W  960  360  200 2700 0
L  980  961 6450
L 1000 1000 1950
D 1000   0 1435   16
W 1000  360  200 2700 0
L 1020 1000    0
L 1040 1000    0
D 1040 127 1451   -8
W 1040  360  200 2700 0
L 1060 1000    0
L 1080 1000    0
D 1080 127 1444  -33
W 1080  360  200 2700 0
L 1100 1000    0
L 1120 1000    0
D 1120 127 1443    0
W 1120  360  200 2699 0
L 1140 1000    0
L 1160 1000    0
D 1160 127 1443    0
W 1160  360  200 2699 0
L 1180  992  400
L 1200  944 2400
D 1200 127 1435  -25
W 1200  360  200 2699 0
L 1220  885 2950
L 1240  818 3350
D 1240 127 1433  -16
W 1240  360  200 2700 0
L 1260  746 3600
L 1280  666 4000
D 1280 127 1435    8
W 1280  360  199 2700 0
L 1300  576 4500
L 1320  480 4800
D 1320 127 1435    0
W 1320  360  200 2700 0
L 1340  384 4800
L 1360  274 5500
D 1360 127 1434   -8
W 1360  360  200 2700 0
L 1380  160 5700
L 1400   41 5950
D 1400 127 1435    0
W 1400  360  200 2698 0
L 1420  -61 5100
L 1440   -5 2800
D 1440 127 1445   58
W 1440  359  200 2698 0
L 1460   23 1400
L 1480   26  150
D 1480 127 1445   -8
W 1480  359  199 2699 0
L 1500   32  300
L 1520   35  150
D 1520 127 1445    0
W 1520  359  199 2700 0
L 1540   34   50
L 1560   30  200
D 1560 127 1445    0
W 1560  359  199 2700 0
L 1580   29   50
L 1600   29    0
D 1600 127 1444    0
W 1600  359  199 2700 0
L 1620   29    0
L 1640   29    0
D 1640 127 1445    0
W 1640  359  200 2700 0
L 1660   29    0
L 1680   29    0
D 1680 127 1445    0
W 1680  359  200 2700 0
L 1700   29    0
L 1720   29    0
D 1720 127 1444   -8
W 1720  359  200 2700 0
L 1740   29    0
L 1760   29    0
D 1760 127 1443   -8
W 1760  359  200 2700 0
L 1780   29    0
L 1800   28   50
D 1800 127 1443    0
W 1800  359  200 2700 0
L 1820   28    0
L 1840   28    0
D 1840 127 1441  -16
W 1840  359  200 2700 0
L 1860   29   50
L 1880   28   50
D 1880 127 1438   -8
W 1880  359  199 2700 0
L 1900   29   50
L 1920   29    0
D 1920 127 1438    0
W 1920  359  199 2700 0
L 1940   29    0
L 1960   28   50
D 1960 127 1438    0
W 1960  359  199 2700 0
L 1980   29   50
L 2000   28   50
D 2000 127 1439    8
W 2000  359  200 2700 0
L 2020   28    0
L 2040   29   50
D 2040 127 1440    0
W 2040  359  200 2700 30
L 2060   28   50
L 2080   28    0
D 2080 127 1440    0
W 2080  360  202 2688 30
L 2100   27   50
L 2120   27    0
D 2120 127 1440    0
W 2120  360  204 2664 30
L 2140   28   50
L 2160   27   50
D 2160 127 1439    0
W 2160  360  207 2636 30
L 2180   27    0
L 2200   27    0
D 2200 127 1438   -8
W 2200  360  209 2605 30
L 2220   27    0
L 2240   28   50
D 2240 127 1438    0
W 2240  361  213 2570 30
L 2260   27   50
L 2280   27    0
D 2280 127 1438    0
W 2280  362  216 2533 30
L 2300   27    0
L 2320   27    0
D 2320 127 1439    8
W 2320  363  220 2491 -90
L 2340   28   50
L 2360   26  100
D 2360 127 1439    8
W 2360  364  222 2452 -90
L 2380   26    0
L 2400   25   50
D 2400 127 1438   -8
W 2400  365  225 2447 -90
L 2420   23  100
L 2440   19  200
D 2440 127 1436   -8
W 2440  366  228 2471 -90
L 2460   16  150
L 2480   12  200
D 2480 127 1436    0
W 2480  367  230 2499 -90
L 2500   10  100
L 2520   10    0
D 2520 127 1436    0
W 2520  369  233 2530 -90
L 2540    1  450
L 2560    0   50
D 2560 127 1436    0
W 2560  369  237 2570 -90
L 2580    1   50
L 2600    0   50
D 2600 127 1436    0
W 2600  370  240 2611 -90
L 2620    0    0
L 2640    2  100
D 2640 127 1435    0
W 2640  371  243 2659 -90
L 2660    2    0
L 2680    1   50
D 2680 127 1436    0
W 2680  371  247 2711 -90
L 2700    1    0
L 2720    1    0
D 2720 127 1436    0
W 2720  370  252 2762 -90
L 2740    0   50
L 2760   -3  150
D 2760 127 1436    0
W 2760  370  256 2821 -90
L 2780   -3    0
L 2800   -3    0
D 2800 127 1436   -8
W 2800  369  260 2880 -90
L 2820   -3    0
L 2840   -4   50
D 2840 127 1436    0
W 2840  367  264 2941 -90
L 2860   -4    0
L 2880   -3   50
D 2880 127 1436    0
W 2880  366  267 3002 -90
L 2900   -4   50
L 2920   -4    0
D 2920 127 1436    0
W 2920  364  270 3060 -90
L 2940   -3   50
L 2960   -3    0
D 2960 127 1436    0
W 2960  362  273 3120 -90
L 2980   -3    0
L 3000   -3    0
D 3000 127 1436    0
W 3000  359  275 3181 -90
L 3020   -3    0
L 3040   -4   50
D 3040 127 1437   -8
W 3040  356  278 3240 -90
L 3060   -3   50
L 3080   -3    0
D 3080 127 1438    0
W 3080  353  280 3299 -90
L 3100   -3    0
L 3120   -2   50
D 3120 127 1438    8
W 3120  349  282 3358 -90
L 3140   -2    0
L 3160   -3   50
D 3160 127 1437    0
W 3160  345  284 3417 -90
L 3180   -3    0
L 3200   -2   50
D 3200 127 1439    8
W 3200  340  285 3477 -90
L 3220   -3   50
L 3240   -2   50
D 3240 127 1438   -8
W 3240  335  286 3538 -90
L 3260   -2    0
L 3280   -3   50
D 3280 127 1438    0
W 3280  331  286 3599 -90
L 3300   -2   50
L 3320   -3   50
D 3320 127 1438    0
W 3320  326  286 3660 -90
L 3340   -2   50
L 3360   -2    0
D 3360 127 1440   16
W 3360  321  285 3718 -90
L 3380   -2    0
L 3400   -3   50
D 3400 127 1440    0
W 3400  317  284 3780 -90
L 3420   -3    0
L 3440   -3    0
D 3440 127 1440    8
W 3440  313  283 3844 -90
L 3460   -5  100
L 3480   -5    0
D 3480 127 1440    0
W 3480  308  280 3907 -90
L 3500   -5    0
L 3520   -4   50
D 3520 127 1439   -8
W 3520  304  278 3969 -90
L 3540   -4    0
L 3560   -5   50
D 3560 127 1439    0
W 3560  300  275 4031 -90
L 3580   -5    0
L 3600   -5    0
D 3600 127 1438    0
W 3600  297  272 4094 -90
L 3620   -6   50
L 3640   -6    0
D 3640 127 1439    8
W 3640  295  269 4156 30
L 3660   -9  150
L 3680  -13  200
D 3680 127 1439    8
W 3680  294  266 4191 30
L 3700  -16  150
L 3720  -23  350
D 3720 127 1440    0
W 3720  293  265 4178 30
L 3740  -26  150
L 3760  -27   50
D 3760 127 1440    8
W 3760  291  263 4151 30
L 3780  -29  100
L 3800  -30   50
D 3800 127 1440    0
W 3800  290  260 4125 30
L 3820  -32  100
L 3840  -32    0
D 3840 127 1440    0
W 3840  288  258 4088 30
L 3860  -35  150
L 3880  -35    0
D 3880 127 1438  -16
W 3880  286  256 4055 30
L 3900  -36   50
L 3920  -36    0
D 3920 127 1437    0
W 3920  283  254 4018 -90
L 3940  -37   50
L 3960  -38   50
D 3960 127 1438    8
W 3960  281  252 3976 -90
L 3980  -39   50
L 4000  -40   50
D 4000 127 1438    0
W 4000  279  250 3964 -90
L 4020  -41   50
L 4040  -41    0
D 4040 127 1437    0
W 4040  277  249 3982 -90
L 4060  -41    0
L 4080  -41    0
D 4080 127 1437   -8
W 4080  276  248 3997 -90
L 4100  -41    0
L 4120  -41    0
D 4120 127 1438    0
W 4120  274  246 4012 -90
L 4140  -41    0
L 4160  -42   50
D 4160 127 1438    0
W 4160  273  245 4033 -90
L 4180  -42    0
L 4200  -43   50
D 4200 127 1438    0
W 4200  271  244 4063 -90
L 4220  -43    0
L 4240  -43    0
D 4240 127 1437   -8
W 4240  269  241 4102 -90
L 4260  -43    0
L 4280  -43    0
D 4280 127 1437   -8
W 4280  267  238 4151 -90
L 4300  -43    0
L 4320  -43    0
D 4320 127 1437    0
W 4320  265  235 4200 -90
L 4340  -43    0
L 4360  -45  100
D 4360 127 1437   -8
W 4360  263  231 4250 -90
L 4380  -44   50
L 4400  -44    0
D 4400 127 1437    0
W 4400  261  228 4304 -90
L 4420  -45   50
L 4440  -45    0
D 4440 127 1436    0
W 4440  260  225 4361 -90
L 4460  -45    0
L 4480  -44   50
D 4480 127 1436    0
W 4480  260  222 4420 -90
L 4500  -45   50
L 4520  -45    0
D 4520 127 1436   -8
W 4520  259  218 4477 -90
L 4540  -45    0
L 4560  -45    0
D 4560 127 1436    0
W 4560  259  216 4532 -90
L 4580  -45    0
L 4600  -45    0
D 4600 127 1436    0
W 4600  260  212 4585 -90
L 4620  -45    0
L 4640  -46   50
D 4640 127 1436    0
W 4640  260  209 4636 -90
L 4660  -45   50
L 4680  -46   50
D 4680 127 1436    0
W 4680  261  206 4688 -90
L 4700  -46    0
