  

pre_auton
%  batt 7.80v 8.00v
usercontrol
DUMP_MONITOR=START
DUMP_MONITOR=MONITOR
WHEEL_MONITOR=MONITOR
L   20   -3    0
L   41   -3    0
D   41   0  -20    0
W   41  360  200 2700 0
L   61   -3    0
L   81   -3    0
D   81   0  -20    0
W   81  360  200 2700 0
L  101   -3    0
L  121   -3    0
D  121   0  -20    0
W  121  360  200 2700 0
L  141   -3    0
L  161   -3    0
D  161   0  -20    8
W  161  360  200 2700 0
L  181   -3    0
L  201   -3    0
D  201   0  -19    8
W  201  360  200 2700 0
L  221   -3    0
L  241   -3    0
D  241   0  -20    0
W  241  360  200 2700 0
L  261   -3    0
L  281   -3    0
D  281   0  -20    0
W  281  360  200 2700 0
L  301   -3    0
L  321   -3    0
D  321   0  -20    0
W  321  360  200 2700 0
L  341   -3    0
L  361   -3    0
D  361   0  -20   -8
W  361  360  200 2700 0
L  381   -3    0
L  401   -3    0
D  401   0  -20    0
W  401  360  200 2700 0
L  421   -3    0
L  441   -3    0
D  441   0  -20    0
W  441  360  200 2700 0
L  461   -3    0
L  481   -3    0
D  481   0  -19    8
W  481  360  200 2700 0
L  501   -3    0
L  521   -3    0
D  521   0  -19    8
W  521  360  200 2700 0
L  541    0  150
L  561    0    0
D  561   0  -20   -8
W  561  360  200 2700 0
L  581    0    0
L  601    0    0
D  601   0  -20    0
W  601  360  200 2700 0
L  621    0    0
L  641    0    0
D  641   0  -20    0
W  641  360  200 2700 0
L  661    0    0
L  681    0    0
D  681   0  -20    0
W  681  360  200 2700 0
L  701    3  150
L  721    4   50
D  721   0  -20    8
W  721  360  200 2700 0
L  741    7  150
L  761   11  200
D  761   0  -20    0
W  761  360  200 2700 0
L  781   17  300
L  801   22  250
D  801   0  -20    0
W  801  360  200 2700 0
L  821   32  500
L  841   43  550
D  841   0  -19    8
W  841  360  200 2700 0
L  861   58  750
L  881   77  950
D  881   0  -20    0
W  881  360  200 2700 0
L  901   98 1050
L  921  129 1550
D  921   0  -20    0
W  921  360  200 2700 0
L  941  158 1450
L  961  194 1800
D  961   0  -20    0
W  961  360  200 2700 0
L  981  235 2050
L 1001  280 2250
L 1021  333 2650
L 1041  394 3050
L 1061  465 3550
L 1081  541 3800
L 1101  626 4250
L 1121  714 4400
L 1141  810 4800
L 1161  911 5050
L 1181  997 4300
L 1201 1000  150
L 1221 1000    0
L 1241 1000    0
L 1261 1000    0
L 1281 1000    0
L 1301 1000    0
L 1321 1000    0
L 1341 1000    0
L 1361 1000    0
L 1381 1000    0
L 1401 1000    0
L 1421 1000    0
L 1441 1000    0
L 1461 1000    0
L 1481 1000    0
L 1501 1000    0
L 1521 1000    0
L 1541 1000    0
L 1561 1000    0
L 1581 1000    0
L 1601 1000    0
L 1621 1000    0
L 1641 1000    0
L 1661 1000    0
L 1681 1000    0
L 1701 1000    0
L 1721 1000    0
L 1741 1000    0
L 1761 1000    0
L 1781 1000    0
L 1801 1000    0
L 1821 1000    0
L 1841 1000    0
L 1861 1000    0
L 1881 1000    0
L 1901 1000    0
L 1921 1000    0
L 1941 1000    0
L 1961 1000    0
L 1981 1000    0
L 2001 1000    0
L 2021 1000    0
L 2041 1000    0
L 2061 1000    0
L 2081 1000    0
L 2101 1000    0
L 2121 1000    0
L 2141 1000    0
L 2161 1000    0
L 2181 1000    0
L 2201 1000    0
L 2221 1000    0
L 2241 1000    0
L 2261 1000    0
L 2281 1000    0
L 2301 1000    0
L 2321 1000    0
L 2341 1000    0
L 2361 1000    0
L 2381 1000    0
L 2401 1000    0
L 2421 1000    0
L 2441 1000    0
L 2461 1000    0
L 2481 1000    0
L 2501 1000    0
L 2521 1000    0
L 2541 1000    0
L 2561 1000    0
L 2581 1000    0
L 2601 1000    0
L 2621 1000    0
L 2641 1000    0
L 2661 1000    0
L 2681 1000    0
L 2701 1000    0
L 2721 1000    0
L 2741 1000    0
L 2761 1000    0
L 2781 1000    0
L 2801 1000    0
L 2821 1000    0
L 2841 1000    0
L 2861 1000    0
L 2881 1000    0
L 2901 1000    0
L 2921 1000    0
L 2941 1000    0
L 2961 1000    0
L 2981 1000    0
L 3001 1000    0
L 3021 1000    0
L 3041 1000    0
L 3061 1000    0
L 3081 1000    0
L 3101 1000    0
L 3121 1000    0
L 3141 1000    0
L 3161 1000    0
L 3181 1000    0
L 3201 1000    0
L 3221 1000    0
L 3241 1000    0
L 3261 1000    0
L 3281 1000    0
L 3301 1000    0
L 3321 1000    0
L 3341 1000    0
L 3361 1000    0
L 3381 1000    0
L 3401 1000    0
L 3421 1000    0
L 3441 1000    0
L 3461 1000    0
L 3481 1000    0
L 3501 1000    0
L 3521 1000    0
L 3541 1000    0
L 3561 1000    0
L 3581 1000    0
L 3601 1000    0
L 3621 1000    0
L 3641 1000    0
L 3661 1000    0
L 3681 1000    0
L 3701 1000    0
L 3721 1000    0
L 3741 1000    0
L 3761 1000    0
L 3781 1000    0
L 3801 1000    0
L 3821 1000    0
L 3841 1000    0
L 3861 1000    0
L 3881 1000    0
L 3901 1000    0
L 3921 1000    0
L 3941 1000    0
L 3961 1000    0
L 3981 1000    0
L 4001 1000    0
L 4021 1000    0
L 4041 1000    0
L 4061 1000    0
L 4081 1000    0
L 4101 1000    0
L 4121 1000    0
L 4141 1000    0
L 4161 1000    0
L 4181 1000    0
L 4201 1000    0
L 4221 1000    0
L 4241 1000    0
L 4261 1000    0
L 4281 1000    0
L 4301 1000    0
L 4321 1000    0
L 4341 1000    0
L 4361 1000    0
L 4381 1000    0
L 4401 1000    0
L 4421 1000    0
L 4441 1000    0
L 4461 1000    0
L 4481 1000    0
L 4501 1000    0
L 4521 1000    0
L 4541 1000    0
L 4561 1000    0
L 4581 1000    0
L 4601 1000    0
L 4621 1000    0
L 4641 1000    0
L 4661 1000    0
L 4681 1000    0
L 4701 1000    0
L 4721 1000    0
L 4741 1000    0
L 4761 1000    0
L 4781 1000    0
L 4801 1000    0
L 4821 1000    0
L 4841 1000    0
L 4861 1000    0
L 4881 1000    0
L 4901 1000    0
L 4921 1000    0
L 4941 1000    0
L 4961 1000    0
L 4981 1000    0
L 5001 1000    0
L 5021 1000    0
L 5041 1000    0
L 5061 1000    0
L 5081 1000    0
L 5101 1000    0
L 5121 1000    0
L 5141 1000    0
L 5161 1000    0
L 5181 1000    0
L 5201 1000    0
L 5221 1000    0
L 5241 1000    0
L 5261 1000    0
L 5281 1000    0
L 5301 1000    0
L 5321 1000    0
L 5341 1000    0
L 5361 1000    0
L 5381 1000    0
L 5401 1000    0
L 5421 1000    0
L 5441 1000    0
L 5461 1000    0
L 5481 1000    0
L 5501 1000    0
L 5521 1000    0
L 5541 1000    0
L 5561 1000    0
L 5581 1000    0
L 5601 1000    0
L 5621 1000    0
L 5641 1000    0
L 5661 1000    0
L 5681 1000    0
L 5701 1000    0
L 5721 1000    0
L 5741 1000    0
L 5761 1000    0
L 5781 1000    0
L 5801 1000    0
L 5821 1000    0
L 5841 1000    0
L 5861 1000    0
L 5881 1000    0
L 5901 1000    0
L 5921 1000    0
L 5941 1000    0
L 5961 1000    0
L 5981 1000    0
L 6001 1000    0
L 6021 1000    0
L 6041 1000    0
L 6061 1000    0
L 6081 1000    0
L 6101 1000    0
L 6121 1000    0
L 6141 1000    0
L 6161 1000    0
L 6181 1000    0
L 6201 1000    0
L 6221 1000    0
L 6241 1000    0
L 6261 1000    0
L 6281 1000    0
L 6301 1000    0
L 6321 1000    0
L 6341 1000    0
L 6361 1000    0
L 6381 1000    0
L 6401 1000    0
L 6421 1000    0
L 6441 1000    0
L 6461 1000    0
L 6481 1000    0
L 6501 1000    0
L 6521 1000    0
L 6541 1000    0
L 6561 1000    0
L 6581 1000    0
L 6601 1000    0
L 6621 1000    0
L 6641 1000    0
L 6661 1000    0
L 6681 1000    0
L 6701 1000    0
L 6721 1000    0
L 6741 1000    0
L 6761 1000    0
L 6781 1000    0
L 6801 1000    0
L 6821 1000    0
L 6841 1000    0
L 6861 1000    0
L 6881 1000    0
L 6901 1000    0
L 6921 1000    0
L 6941 1000    0
L 6961 1000    0
L 6981 1000    0
L 7001 1000    0
L 7021 1000    0
L 7041 1000    0
L 7061 1000    0
L 7081 1000    0
L 7101 1000    0
L 7121 1000    0
L 7141 1000    0
L 7161 1000    0
L 7181 1000    0
L 7201 1000    0
L 7221 1000    0
L 7241 1000    0
L 7261 1000    0
L 7281 1000    0
L 7301 1000    0
L 7321 1000    0
L 7341 1000    0
L 7361 1000    0
L 7381 1000    0
L 7401 1000    0
L 7421 1000    0
L 7441 1000    0
L 7461 1000    0
L 7481 1000    0
L 7501 1000    0
L 7521 1000    0
L 7541 1000    0
L 7561 1000    0
L 7581 1000    0
L 7601 1000    0
L 7621 1000    0
L 7641 1000    0
L 7661 1000    0
L 7681 1000    0
L 7701 1000    0
L 7721 1000    0
L 7741 1000    0
L 7761 1000    0
L 7781 1000    0
L 7801 1000    0
L 7821 1000    0
L 7841 1000    0
L 7861 1000    0
L 7881 1000    0
L 7901 1000    0
L 7921 1000    0
L 7941 1000    0
L 7961 1000    0
L 7981 1000    0
L 8001 1000    0
L 8021 1000    0
L 8041 1000    0
L 8061 1000    0
L 8081 1000    0
L 8101 1000    0
L 8121 1000    0
L 8141 1000    0
L 8161 1000    0
L 8181 1000    0
L 8201 1000    0
L 8221 1000    0
L 8241 1000    0
L 8261 1000    0
L 8281 1000    0
L 8301 1000    0
L 8321 1000    0
L 8341 1000    0
L 8361 1000    0
L 8381 1000    0
L 8401 1000    0
L 8421 1000    0
L 8441 1000    0
L 8461 1000    0
L 8481 1000    0
L 8501 1000    0
L 8521 1000    0
L 8541 1000    0
L 8561 1000    0
L 8581 1000    0
L 8601 1000    0
L 8621 1000    0
L 8641 1000    0
L 8661 1000    0
L 8681 1000    0
L 8701 1000    0
L 8721 1000    0
L 8741 1000    0
L 8761 1000    0
L 8781 1000    0
L 8801 1000    0
L 8821 1000    0
L 8841 1000    0
L 8861 1000    0
L 8881 1000    0
L 8901 1000    0
L 8921 1000    0
L 8941 1000    0
L 8961 1000    0
L 8981 1000    0
L 9001 1000    0
L 9021 1000    0
L 9041 1000    0
L 9061 1000    0
L 9081 1000    0
L 9101 1000    0
L 9121 1000    0
L 9141 1000    0
L 9161 1000    0
L 9181 1000    0
L 9201 1000    0
L 9221 1000    0
L 9241 1000    0
L 9261 1000    0
L 9281 1000    0
L 9301 1000    0
L 9321 1000    0
L 9341 1000    0
L 9361 1000    0
L 9381 1000    0
L 9401 1000    0
L 9421 1000    0
L 9441 1000    0
L 9461 1000    0
L 9481 1000    0
L 9501 1000    0
L 9521 1000    0
L 9541 1000    0
L 9561 1000    0
L 9581 1000    0
L 9601 1000    0
L 9621 1000    0
L 9641 1000    0
L 9661 1000    0
L 9681 1000    0
L 9701 1000    0
L 9721 1000    0
L 9741 1000    0
L 9761 1000    0
L 9781 1000    0
L 9801 1000    0
L 9821  999   50
L 9841 1000   50
L 9861 1000    0
L 9881 1000    0
L 9901 1000    0
L 9921 1000    0
L 9941 1000    0
L 9961 1000    0
L 9981 1000    0
L 10001 1000    0
L 10021 1000    0
L 10041 1000    0
L 10061 1000    0
L 10081 1000    0
L 10101 1000    0
L 10121 1000    0
L 10141 1000    0
L 10161 1000    0
L 10181 1000    0
L 10201 1000    0
L 10221 1000    0
L 10241 1000    0
L 10261 1000    0
L 10281 1000    0
L 10301 1000    0
L 10321 1000    0
L 10341 1000    0
L 10361 1000    0
L 10381 1000    0
L 10401 1000    0
L 10421 1000    0
L 10441 1000    0
L 10461 1000    0
L 10481 1000    0
L 10501 1000    0
L 10521 1000    0
L 10541 1000    0
L 10561 1000    0
L 10581 1000    0
L 10601 1000    0
L 10621 1000    0
L 10641 1000    0
L 10661 1000    0
L 10681 1000    0
L 10701 1000    0
L 10721 1000    0
L 10741 1000    0
L 10761 1000    0
L 10781 1000    0
L 10801 1000    0
L 10821 1000    0
L 10841 1000    0
L 10861 1000    0
L 10881 1000    0
L 10901 1000    0
L 10921 1000    0
L 10941 1000    0
L 10961 1000    0
L 10981 1000    0
L 11001 1000    0
L 11021 1000    0
L 11041 1000    0
L 11061 1000    0
L 11081 1000    0
L 11101 1000    0
L 11121 1000    0
L 11141 1000    0
L 11161 1000    0
L 11181 1000    0
L 11201 1000    0
L 11221 1000    0
L 11241 1000    0
L 11261 1000    0
L 11281 1000    0
L 11301 1000    0
L 11321 1000    0
L 11341 1000    0
L 11361 1000    0
L 11381 1000    0
L 11401 1000    0
L 11421 1000    0
L 11441 1000    0
L 11461 1000    0
L 11481 1000    0
L 11501 1000    0
L 11521 1000    0
L 11541 1000    0
L 11561 1000    0
L 11581 1000    0
L 11601 1000    0
L 11621 1000    0
L 11641 1000    0
L 11661 1000    0
L 11681 1000    0
L 11701 1000    0
L 11721 1000    0
L 11741 1000    0
L 11761 1000    0
L 11781 1000    0
L 11801 1000    0
L 11821 1000    0
L 11841 1000    0
L 11861 1000    0
L 11881 1000    0
L 11901 1000    0
L 11921 1000    0
L 11941 1000    0
L 11961 1000    0
L 11981 1000    0
L 12001 1000    0
L 12021 1000    0
L 12041 1000    0
L 12061 1000    0
L 12081 1000    0
L 12101 1000    0
L 12121 1000    0
L 12141 1000    0
L 12161 1000    0
L 12181 1000    0
L 12201 1000    0
L 12221 1000    0
L 12241 1000    0
L 12261 1000    0
L 12281 1000    0
L 12301 1000    0
L 12321 1000    0
L 12341 1000    0
L 12361 1000    0
L 12381 1000    0
L 12401 1000    0
L 12421 1000    0
L 12441 1000    0
L 12461 1000    0
L 12481 1000    0
L 12501 1000    0
L 12521 1000    0
L 12541 1000    0
L 12561 1000    0
L 12581 1000    0
L 12601 1000    0
L 12621 1000    0
L 12641 1000    0
L 12661 1000    0
L 12681 1000    0
L 12701 1000    0
L 12721 1000    0
L 12741 1000    0
L 12761 1000    0
L 12781 1000    0
L 12801 1000    0
L 12821 1000    0
L 12841 1000    0
L 12861 1000    0
L 12881 1000    0
L 12901 1000    0
L 12921 1000    0
L 12941 1000    0
L 12961 1000    0
L 12981 1000    0
L 13001 1000    0
L 13021 1000    0
L 13041 1000    0
L 13061 1000    0
L 13081 1000    0
L 13101 1000    0
L 13121 1000    0
L 13141 1000    0
L 13161 1000    0
L 13181 1000    0
L 13201 1000    0
L 13221 1000    0
L 13241 1000    0
L 13261 1000    0
L 13281 1000    0
L 13301 1000    0
L 13321 1000    0
L 13341 1000    0
L 13361 1000    0
L 13381 1000    0
L 13401 1000    0
L 13421 1000    0
L 13441 1000    0
L 13461 1000    0
L 13481 1000    0
L 13501 1000    0
L 13521 1000    0
L 13541 1000    0
L 13561 1000    0
L 13581 1000    0
L 13601 1000    0
L 13621 1000    0
L 13641 1000    0
L 13661 1000    0
L 13681 1000    0
L 13701 1000    0
L 13721 1000    0
L 13741 1000    0
L 13761 1000    0
L 13781 1000    0
L 13801 1000    0
L 13821 1000    0
L 13841 1000    0
L 13861 1000    0
L 13881 1000    0
L 13901 1000    0
L 13921 1000    0
L 13941 1000    0
L 13961 1000    0
L 13981 1000    0
L 14001 1000    0
L 14021 1000    0
L 14041 1000    0
L 14061 1000    0
L 14081 1000    0
L 14101 1000    0
L 14121 1000    0
L 14141 1000    0
L 14161 1000    0
L 14181 1000    0
L 14201 1000    0
L 14221 1000    0
L 14241 1000    0
L 14261 1000    0
L 14281 1000    0
L 14301 1000    0
L 14321 1000    0
L 14341 1000    0
L 14361 1000    0
L 14381 1000    0
L 14401 1000    0
L 14421 1000    0
L 14441 1000    0
L 14461 1000    0
L 14481 1000    0
L 14501 1000    0
L 14521 1000    0
L 14541 1000    0
L 14561 1000    0
L 14581 1000    0
L 14601 1000    0
L 14621 1000    0
L 14641 1000    0
L 14661 1000    0
L 14681 1000    0
L 14701 1000    0
L 14721 1000    0
L 14741 1000    0
L 14761 1000    0
L 14781 1000    0
L 14801 1000    0
L 14821 1000    0
L 14841 1000    0
L 14861 1000    0
L 14881 1000    0
L 14901 1000    0
L 14921 1000    0
L 14941 1000    0
L 14961 1000    0
L 14981 1000    0
L 15001 1000    0
L 15021 1000    0
L 15041 1000    0
L 15061 1000    0
L 15081 1000    0
L 15101 1000    0
L 15121 1000    0
L 15141 1000    0
L 15161 1000    0
L 15181 1000    0
L 15201 1000    0
L 15221 1000    0
L 15241 1000    0
L 15261 1000    0
L 15281 1000    0
L 15301 1000    0
L 15321 1000    0
L 15341 1000    0
L 15361 1000    0
L 15381 1000    0
L 15401 1000    0
L 15421 1000    0
L 15441 1000    0
L 15461 1000    0
L 15481 1000    0
L 15501 1000    0
L 15521 1000    0
L 15541 1000    0
L 15561 1000    0
L 15581 1000    0
L 15601 1000    0
L 15621 1000    0
L 15641 1000    0
L 15661 1000    0
L 15681 1000    0
L 15701 1000    0
L 15721 1000    0
L 15741 1000    0
L 15761 1000    0
L 15781 1000    0
L 15801 1000    0
L 15821 1000    0
L 15841 1000    0
L 15861 1000    0
L 15881 1000    0
L 15901 1000    0
L 15921 1000    0
L 15941 1000    0
L 15961 1000    0
L 15981 1000    0
L 16001 1000    0
L 16021 1000    0
L 16041 1000    0
L 16061 1000    0
L 16081 1000    0
L 16101 1000    0
L 16121 1000    0
L 16141 1000    0
L 16161 1000    0
L 16181 1000    0
L 16201 1000    0
L 16221 1000    0
L 16241 1000    0
L 16261 1000    0
L 16281 1000    0
L 16301 1000    0
L 16321 1000    0
L 16341 1000    0
L 16361 1000    0
L 16381 1000    0
L 16401 1000    0
L 16421 1000    0
L 16441 1000    0
L 16461 1000    0
L 16481 1000    0
L 16501 1000    0
L 16521 1000    0
L 16541 1000    0
L 16561 1000    0
L 16581 1000    0
L 16601 1000    0
L 16621 1000    0
L 16641 1000    0
L 16661 1000    0
L 16681 1000    0
L 16701 1000    0
L 16721 1000    0
L 16741 1000    0
L 16761 1000    0
L 16781 1000    0
L 16801 1000    0
L 16821 1000    0
L 16841 1000    0
L 16861 1000    0
L 16881 1000    0
L 16901 1000    0
L 16921 1000    0
L 16941 1000    0
L 16961 1000    0
L 16981 1000    0
L 17001 1000    0
L 17021 1000    0
L 17041 1000    0
L 17061 1000    0
L 17081 1000    0
L 17101 1000    0
DUMP_MONITOR=START
DUMP_MONITOR=MONITOR
WHEEL_MONITOR=MONITOR
L   20 1000    0
D   40   0  -19    8
W   40  360  200 2700 0
L   40 1000    0
L   60 1000    0
D   80   0  -19    8
W   80  360  200 2700 0
L   80 1000    0
L  100 1000    0
D  120   0  -20    0
W  120  360  200 2700 0
L  120 1000    0
L  140 1000    0
D  160   0  -20   -8
W  160  360  200 2700 0
L  160 1000    0
L  180  983  850
D  200   0  -20    0
W  200  360  200 2700 0
L  200  951 1600
L  220  914 1850
D  240   0  -19    8
W  240  360  200 2700 0
L  240  872 2100
L  260  828 2200
D  280   0  -19    8
W  280  360  200 2700 0
L  280  781 2350
L  300  731 2500
D  320   0  -19    8
W  320  360  200 2700 0
L  320  675 2800
L  340  617 2900
D  360   0  -20    0
W  360  360  200 2700 0
L  360  554 3150
L  380  489 3250
D  400   0  -20   -8
W  400  360  200 2700 0
L  400  423 3300
L  420  351 3600
D  440   0  -20   -8
W  440  360  200 2700 0
L  440  278 3650
L  460  202 3800
D  480   0  -20   -8
W  480  360  200 2700 0
L  480  120 4100
L  500   38 4100
D  520   0  -19    8
W  520  360  200 2700 0
L  520  -29 3350
L  540  -15  700
D  560   0  -20    0
W  560  360  199 2700 0
L  560   10 1250
L  580   17  350
D  600   0  -20    0
W  600  360  199 2700 0
L  600   21  200
L  620   22   50
D  640   0  -20   -8
W  640  360  199 2700 0
L  640   22    0
L  660   22    0
D  680   0  -20   -8
W  680  360  199 2700 0
L  680   20  100
L  700   16  200
D  720   0  -20    0
W  720  360  199 2700 0
L  720   11  250
L  740    9  100
D  760   0  -20   -8
W  760  360  199 2700 0
L  760    5  200
L  780    4   50
D  800   0  -19    8
W  800  360  199 2700 0
L  800    3   50
L  820    3    0
D  840   0  -20    0
W  840  360  199 2700 0
L  840    3    0
L  860    3    0
D  880   0  -19    8
W  880  360  199 2700 0
L  880    3    0
L  900    3    0
D  920   0  -20   -8
W  920  360  199 2700 0
L  920    3    0
L  940    3    0
D  960   0  -20   -8
W  960  360  199 2700 0
L  960    3    0
L  980    3    0
D 1000   0  -19    0
W 1000  360  199 2700 0
L 1000    3    0
L 1020    3    0
D 1040   0  -18    8
W 1040  360  200 2700 30
L 1040    3    0
L 1060    3    0
D 1080   0  -18   16
W 1080  360  201 2695 30
L 1080    3    0
L 1100    3    0
D 1120   0  -19    0
W 1120  360  203 2685 30
L 1120    3    0
L 1140    3    0
D 1160   0  -20   -8
W 1160  360  205 2672 30
L 1160    2   50
L 1180    3   50
D 1200   0  -20   -8
W 1200  360  207 2653 30
L 1200    2   50
L 1220    3   50
D 1240   0  -18    8
W 1240  360  210 2631 30
L 1240    3    0
L 1260    2   50
D 1280   0  -19    0
W 1280  360  213 2606 30
L 1280    3   50
L 1300    2   50
D 1320   0  -19    0
W 1320  361  216 2579 -90
L 1320    3   50
L 1340    2   50
D 1360   0  -19    0
W 1360  362  218 2557 -90
L 1360    3   50
L 1380    1  100
D 1400   0  -18    0
W 1400  362  222 2560 -90
L 1400    2   50
L 1420    2    0
D 1440   0  -18    8
W 1440  363  224 2574 -90
L 1440    1   50
L 1460    2   50
D 1480 127  -20    0
W 1480  363  226 2592 -90
L 1480    1   50
L 1500    1    0
D 1520   0  -14   33
W 1520  364  228 2611 -90
L 1520    1    0
L 1540    1    0
D 1560 -45   18  158
W 1560  364  231 2634 -90
L 1560    2   50
L 1580    2    0
D 1600 127   66  208
W 1600  364  233 2658 -90
L 1600    2    0
L 1620    1   50
D 1640 -45  141  325
W 1640  364  236 2681 -90
L 1640    1    0
L 1660    1    0
D 1680 -127  235  391
W 1680  365  238 2702 -90
L 1680    1    0
L 1700    1    0
D 1720 127  330  391
W 1720  364  241 2726 -90
L 1720    1    0
L 1740    1    0
D 1760 -127  441  441
W 1760  364  244 2749 -90
L 1760    1    0
L 1780    1    0
D 1800 -127  546  391
W 1800  364  246 2772 -90
L 1800    0   50
L 1820    0    0
D 1840 -127  644  325
W 1840  364  248 2795 -90
L 1840    0    0
L 1860    0    0
D 1880 -127  733  375
W 1880  363  250 2817 -90
L 1880    0    0
L 1900    0    0
D 1920 -127  817  391
W 1920  363  253 2838 -90
L 1920    1   50
L 1940    0   50
D 1960 127  888  291
W 1960  362  256 2860 -90
L 1960    0    0
L 1980    0    0
D 2000 -127  976  366
W 2000  361  258 2886 -90
L 2000    0    0
L 2020    0    0
D 2040 -127 1053  350
W 2040  360  261 2912 -90
L 2040    0    0
L 2060    0    0
D 2080 -127 1134  325
W 2080  359  264 2943 -90
L 2080    1   50
L 2100    2   50
D 2120 -127 1205  250
W 2120  358  267 2977 -90
L 2120    0  100
L 2140    0    0
D 2160 -127 1226   25
W 2160  357  269 3016 -90
L 2160    0    0
L 2180    0    0
D 2200 -127 1225   -8
W 2200  356  270 3060 -90
L 2200    0    0
L 2220    0    0
D 2240 -127 1210  -91
W 2240  355  272 3089 -90
L 2240    0    0
L 2260    1   50
D 2280 -127 1207    0
W 2280  353  274 3110 -90
L 2280    1    0
L 2300    2   50
D 2320 -127 1199  -75
W 2320  351  276 3127 -90
L 2320    1   50
L 2340    0   50
D 2360 -127 1145 -266
W 2360  348  278 3142 -90
L 2360    0    0
L 2380    0    0
D 2400 -127 1086 -233
W 2400  346  281 3153 -90
L 2400    0    0
L 2420    1   50
D 2440 -127 1040 -158
W 2440  343  284 3164 -90
L 2440    2   50
L 2460    3   50
D 2480 -127 1007 -141
W 2480  340  286 3178 -90
L 2480    6  150
L 2500    7   50
D 2520 -127  969 -158
W 2520  338  289 3190 -90
L 2520    8   50
L 2540   10  100
D 2560 -127  924 -191
W 2560  335  291 3201 -90
L 2560   11   50
L 2580   11    0
D 2600 -127  885 -166
W 2600  332  293 3208 -90
L 2600   12   50
L 2620   11   50
D 2640 -127  843 -208
W 2640  331  294 3224 30
L 2640   10   50
L 2660    9   50
D 2680 -127  787 -241
W 2680  329  296 3237 30
L 2680   10   50
L 2700    7  150
D 2720 -127  673 -558
W 2720  328  297 3229 30
L 2720    4  150
L 2740    5   50
D 2760 -127  581 -391
W 2760  328  297 3214 30
L 2760    5    0
L 2780    5    0
D 2800 -127  510 -275
W 2800  328  297 3197 30
L 2800    5    0
L 2820    5    0
D 2840 -127  377 -625
W 2840  328  296 3183 30
L 2840    5    0
L 2860    4   50
D 2880 -127  232 -600
W 2880  329  296 3163 30
L 2880    2  100
L 2900    2    0
D 2920 -45  122 -400
W 2920  329  296 3134 -90
L 2920    1   50
L 2940   -3  200
D 2960 -45   51 -325
W 2960  328  297 3125 -90
L 2960   -2   50
L 2980   -1   50
D 3000   0  -12 -141
W 3000  326  299 3120 -90
L 3000    0   50
L 3020   -1   50
D 3040   0  -11    8
W 3040  324  301 3126 -90
L 3040    0   50
L 3060    2  100
D 3080   0  -11    0
W 3080  322  303 3137 -90
L 3080    1   50
L 3100    1    0
D 3120   0  -13   -8
W 3120  320  305 3149 -90
L 3120    1    0
L 3140    0   50
D 3160   0  -13   -8
W 3160  318  307 3171 -90
L 3160    0    0
L 3180    0    0
D 3200   0  -13    0
W 3200  316  309 3197 -90
L 3200    0    0
L 3220    0    0
D 3240   0  -14   -8
W 3240  314  311 3225 -90
L 3240    0    0
L 3260    0    0
D 3280   0  -13    0
W 3280  311  313 3253 -90
L 3280    0    0
L 3300    0    0
D 3320   0  -13   16
W 3320  309  314 3284 -90
L 3320    0    0
L 3340    0    0
D 3360   0  -13    0
W 3360  306  316 3317 -90
L 3360    0    0
L 3380    0    0
D 3400   0  -14   -8
W 3400  303  318 3350 -90
L 3400    0    0
L 3420    0    0
D 3440   0  -13    8
W 3440  299  319 3386 -90
L 3440    0    0
L 3460    0    0
D 3480   0  -14    0
W 3480  296  320 3418 -90
L 3480    0    0
L 3500    0    0
D 3520   0  -14   -8
W 3520  292  321 3452 -90
L 3520    0    0
L 3540    0    0
D 3560   0  -14   -8
W 3560  288  322 3486 -90
L 3560    0    0
L 3580    0    0
D 3600   0  -13    8
W 3600  285  323 3521 -90
L 3600    0    0
L 3620    0    0
D 3640   0  -13    8
W 3640  281  323 3558 -90
L 3640    0    0
L 3660    0    0
D 3680   0  -13    0
W 3680  278  324 3594 -90
L 3680    0    0
pre_auton
%  batt 7.74v 7.97v
