pre_auton
%  batt 7.62v 7.85v
pre_auton
%  batt 7.62v 7.85v
usercontrol
DUMP_MONITOR=START
DUMP_MONITOR=MONITOR
WHEEL_MONITOR=MONITOR
D   41   0  461    0
W   41  360  200 2700 -40
D   81   0  461    0
W   81  360  200 2700 -70
D  121   0  467   33
W  121  360  202 2700 -100
D  161   0  466   -8
W  161  360  207 2701 -127
D  201   0  466   -8
W  201  359  212 2700 -127
D  241   0  467    8
W  241  359  219 2701 -127
D  281   0  466  -16
W  281  359  227 2701 -127
D  321   0  466    0
W  321  359  237 2701 -127
D  361   0  466    8
W  361  359  247 2702 -127
D  401   0  466    0
W  401  359  258 2701 -127
D  441 -127  465    0
W  441  359  269 2702 -127
D  481 -127  466    0
W  481  359  280 2703 -127
D  521 -127  466    0
W  521  359  291 2702 -127
D  561 -127  452 -108
W  561  359  303 2703 -127
D  601 -127  400 -208
W  601  359  315 2703 -127
D  641 -127  331 -266
W  641  359  327 2704 -127
D  681 -127  260 -341
W  681  359  339 2705 -127
D  721 -127  198 -258
W  721  359  350 2706 -127
D  761 -45  134 -241
W  761  359  362 2706 -127
D  801 -45   75 -233
W  801  359  374 2707 -127
D  841 -45   28 -191
W  841  359  386 2708 -127
D  881 -45  -11 -133
W  881  358  398 2709 -127
D  921   0  -17  -16
W  921  358  410 2709 0
D  961   0  -16    8
W  961  358  422 2710 0
D 1001   0  -17   -8
W 1001  358  433 2710 0
D 1041   0  -18   -8
W 1041  358  443 2709 0
D 1081   0  -18    0
W 1081  357  452 2710 0
D 1121   0  -18   -8
W 1121  357  460 2711 0
D 1161   0  -18    0
W 1161  357  468 2713 0
D 1201   0  -16   16
W 1201  357  475 2713 0
D 1241 -45    0   91
W 1241  357  482 2714 0
D 1281 -45   26  125
W 1281  357  488 2715 0
D 1321 -45   43   41
W 1321  357  493 2716 40
D 1361 -45   43    0
W 1361  357  494 2714 70
D 1401 -45    0 -225
W 1401  357  493 2716 100
D 1441 -45   -8    0
W 1441  357  490 2715 127
D 1481   0  -10   -8
W 1481  357  485 2713 127
D 1521   0  -15  -16
W 1521  357  479 2713 127
D 1561   0  -16    0
W 1561  357  470 2713 127
D 1601   0  -15    8
W 1601  357  461 2713 127
D 1641   0  -16    0
W 1641  357  452 2714 127
D 1681   0  -17    0
W 1681  358  442 2714 127
D 1721   0  -17    8
W 1721  358  431 2714 127
D 1761   0  -18    0
W 1761  358  419 2715 127
D 1801   0  -18    0
W 1801  359  408 2716 127
D 1841   0  -18    0
W 1841  359  396 2716 127
D 1881   0  -17    0
W 1881  359  384 2717 127
D 1921   0  -16    8
W 1921  360  372 2717 127
D 1961   0  -17    0
W 1961  360  359 2717 127
D 2001   0  -16    0
W 2001  360  347 2717 127
D 2041   0  -17   -8
W 2041  361  336 2717 127
D 2081   0  -16    8
W 2081  361  325 2719 127
D 2121   0  -16   16
W 2121  361  314 2719 127
D 2161   0  -17    0
W 2161  362  303 2719 127
D 2201  40  -17    0
W 2201  362  293 2718 0
D 2241  40  -16    8
W 2241  362  284 2716 0
D 2281  40  -17   -8
W 2281  362  280 2717 0
D 2321  40  -17    0
W 2321  362  279 2721 -25
D 2361  40  -18   -8
W 2361  362  282 2723 -55
D 2401  40  -17   -8
W 2401  362  287 2722 -85
D 2441  40  -17    8
W 2441  362  294 2723 -127
D 2481  40  -15    8
W 2481  362  303 2724 -127
D 2521  40   14  158
W 2521  361  312 2727 -127
D 2561  40   53  150
W 2561  361  323 2727 -127
D 2601  40   90  166
W 2601  360  333 2727 -127
D 2641  40  119  116
W 2641  360  343 2727 -127
D 2681  40  148  125
W 2681  359  354 2728 -127
D 2721  40  180  141
W 2721  359  365 2729 -127
D 2761  40  217  158
W 2761  358  376 2729 -127
D 2801  40  249  150
W 2801  357  388 2729 -127
D 2841  40  283  141
W 2841  357  400 2729 -127
D 2881  40  311   58
W 2881  356  411 2730 -127
D 2921  40  343  141
W 2921  356  423 2730 -127
D 2961  40  379  158
W 2961  355  435 2729 -127
D 3001  23  411  108
W 3001  354  447 2730 -127
D 3041 127  438  116
W 3041  354  459 2730 -127
D 3081 127  468  100
W 3081  353  470 2731 -127
D 3121 127  525  233
W 3121  353  482 2730 -127
D 3161 127  568  225
W 3161  352  494 2731 -127
D 3201 127  619  191
W 3201  351  506 2732 -127
D 3241 127  670  233
W 3241  351  517 2732 -127
D 3281 127  716  216
W 3281  350  528 2733 -127
D 3321 127  756   91
W 3321  349  538 2734 -127
D 3361 127  826  300
W 3361  349  549 2733 -127
D 3401 127  888  275
W 3401  348  559 2734 -127
D 3441 127  963  350
W 3441  348  570 2734 -60
D 3481 127 1026  266
W 3481  347  579 2735 -50
D 3521 127 1097  308
W 3521  346  587 2734 -50
D 3561 127 1175  325
W 3561  346  596 2735 -50
D 3601   0 1260  358
W 3601  346  603 2735 -50
D 3642   0 1346  300
W 3642  345  610 2735 -50
D 3682   0 1416  250
W 3682  345  617 2736 -50
D 3722 -127 1446   25
W 3722  344  622 2733 -50
D 3762 -127 1440  -50
W 3762  344  627 2734 -50
D 3802 -127 1437   -8
W 3802  344  633 2740 -50
D 3842 -127 1421  -66
W 3842  343  640 2743 -50
D 3882 -127 1387 -158
W 3882  343  647 2740 -50
D 3922 -127 1355 -133
W 3922  342  654 2735 -50
D 3962 -127 1312 -200
W 3962  342  662 2726 -50
D 4002 -127 1256 -233
W 4002  341  669 2722 -50
D 4042 -127 1213 -175
W 4042  341  676 2726 -50
D 4082 -127 1186 -108
W 4082  341  682 2736 0
D 4122 -127 1142 -200
W 4122  341  684 2744 0
D 4162 -127 1089 -200
W 4162  341  685 2744 0
D 4202 -127 1041 -200
W 4202  341  686 2750 0
D 4242 -127  980 -316
W 4242  341  685 2760 0
D 4282 -127  898 -291
W 4282  341  639 2702 25
D 4322 -127  833 -266
W 4322  341  637 2702 55
D 4362 -127  778 -241
W 4362  341  634 2701 85
D 4402 -127  720 -275
W 4402  341  629 2699 127
D 4442 -127  637 -325
W 4442  341  622 2694 127
D 4482 -127  570 -258
W 4482  341  615 2696 127
D 4522 -127  520 -166
W 4522  341  606 2698 127
D 4562 -127  476 -183
W 4562  341  596 2699 127
D 4602 -127  428 -241
W 4602  341  586 2699 127
D 4642 -127  356 -316
W 4642  341  575 2699 127
D 4682 -127  286 -291
W 4682  341  564 2695 127
D 4722 -127  227 -216
W 4722  340  552 2694 127
D 4762 -45  150 -333
W 4762  340  541 2694 127
D 4802 -45   75 -316
W 4802  340  528 2694 127
D 4842 -45   15 -266
W 4842  340  516 2695 127
D 4882   0  -11   -8
W 4882  340  505 2697 127
D 4922   0  -12    8
W 4922  340  493 2696 127
D 4962   0  -12    8
W 4962  340  481 2692 127
D 5002   0  -13    0
W 5002  340  470 2691 127
D 5042 -45   20  208
W 5042  339  459 2692 127
D 5082 -45   34   33
W 5082  339  448 2692 127
D 5122 -45   37    8
W 5122  339  435 2691 127
D 5162 -45   37    0
W 5162  339  422 2691 127
D 5202 -45   37    8
W 5202  339  410 2693 127
D 5242 -45   36   -8
W 5242  339  398 2696 127
D 5282 -45   35  -16
W 5282  339  385 2697 127
D 5322 -45   16 -125
W 5322  338  372 2697 127
D 5362   0  -12 -100
W 5362  338  360 2697 127
D 5402   0  -14   -8
W 5402  338  348 2697 127
D 5442   0  -14    0
W 5442  338  336 2697 127
D 5482   0  -15   -8
W 5482  338  323 2697 127
D 5522   0  -15    0
W 5522  338  311 2697 127
D 5562   0  -15    0
W 5562  338  298 2698 127
D 5602  40  -16   -8
W 5602  338  288 2698 0
D 5642  40  -16    0
W 5642  338  283 2693 0
D 5682  40  -16    0
W 5682  338  283 2683 -25
D 5722  40  -16    0
W 5722  338  284 2683 -55
D 5762  40  -16    0
W 5762  338  288 2684 -85
D 5802  40  -16    0
W 5802  338  294 2686 -127
D 5842  40  -15    0
W 5842  339  301 2687 -127
D 5882  40   -8   58
W 5882  339  310 2687 -127
D 5922  40   23  150
W 5922  339  320 2688 -127
D 5962  40   58  141
W 5962  339  331 2687 -127
D 6002  40   85  116
W 6002  339  341 2685 -127
D 6042  40  111  100
W 6042  340  352 2683 -127
D 6082  40  140  116
W 6082  340  362 2680 -127
D 6122  40  171  133
W 6122  340  373 2680 -127
D 6162  40  206  133
W 6162  341  385 2681 -127
D 6202  40  236   91
W 6202  341  396 2682 -127
D 6242  40  271  133
W 6242  342  408 2683 -127
D 6282  40  305  150
W 6282  342  419 2684 -127
D 6322  40  333  116
W 6322  342  431 2684 -127
D 6362  40  364  108
W 6362  343  443 2685 -127
D 6402 127  403  158
W 6402  343  455 2684 -127
D 6442 127  430   25
W 6442  343  466 2685 -127
D 6482 127  469  141
W 6482  343  478 2684 -127
D 6522 127  525  241
W 6522  344  490 2684 -127
D 6562 127  570  216
W 6562  344  502 2684 -127
D 6602 127  620  200
W 6602  344  513 2684 -127
D 6642 127  677  241
W 6642  345  524 2685 -127
D 6682 127  733  266
W 6682  345  534 2685 -127
D 6722 127  778  208
W 6722  345  544 2686 -127
D 6762 127  845  283
W 6762  346  554 2685 -127
D 6802 127  913  291
W 6802  346  564 2686 -75
D 6842 127  988  283
W 6842  346  574 2686 -50
D 6882 127 1062  308
W 6882  346  583 2687 -50
D 6922 127 1140  333
W 6922  346  591 2686 -50
D 6962 127 1225  350
W 6962  347  599 2686 -50
D 7002   0 1313  375
W 7002  347  606 2686 -50
D 7042   0 1389  300
W 7042  347  613 2684 -50
D 7082 -127 1438  166
W 7082  347  619 2681 -50
D 7122 -127 1440    0
W 7122  347  623 2675 -50
D 7162 -127 1441    8
W 7162  348  628 2677 -50
D 7202 -127 1441  -16
W 7202  348  634 2677 -50
D 7242 -127 1436  -33
W 7242  348  641 2677 -50
D 7282 -127 1417 -108
W 7282  348  647 2677 -50
D 7322 -127 1390 -125
W 7322  349  654 2671 -50
D 7362 -127 1343 -241
W 7362  349  661 2662 -50
D 7402 -127 1298 -150
W 7402  349  668 2653 -50
D 7442 -127 1271 -116
W 7442  350  675 2647 -50
D 7482 -127 1227 -200
W 7482  351  682 2647 -50
D 7522 -127 1174 -208
W 7522  351  686 2648 0
D 7562 -127 1126 -200
W 7562  351  687 2642 0
D 7602 -127 1029 -450
W 7602  351  687 2641 0
D 7642 -127  947 -333
W 7642  351  686 2640 0
D 7682 -127  883 -250
W 7682  351  684 2641 0
D 7722 -127  799 -408
W 7722  351  639 2700 25
D 7762 -127  708 -350
W 7762  351  637 2696 55
D 7802 -127  630 -300
W 7802  351  634 2696 85
D 7842 -127  573 -233
W 7842  351  629 2695 100
D 7882 -127  516 -266
W 7882  351  623 2696 127
D 7922 -127  456 -250
W 7922  351  617 2694 127
D 7962 -127  405 -183
W 7962  351  608 2689 127
D 8002 -127  353 -216
W 8002  350  599 2686 127
D 8042 -127  304 -183
W 8042  350  590 2686 127
D 8082 -127  238 -275
W 8082  350  579 2683 127
D 8122 -127  178 -275
W 8122  350  568 2684 127
D 8162 -45  112 -266
W 8162  349  557 2685 127
D 8202 -45   55 -175
W 8202  349  545 2687 127
D 8242 -45    5 -208
W 8242  349  533 2689 127
D 8282   0  -11  -25
W 8282  349  523 2690 127
D 8322   0  -13   -8
W 8322  348  511 2689 127
D 8362   0  -13    0
W 8362  348  499 2688 127
D 8402   0  -14   -8
W 8402  348  488 2689 127
D 8442   0  -14    8
W 8442  348  477 2691 127
D 8482   0  -15    0
W 8482  347  465 2690 127
D 8522   0  -15    0
W 8522  347  453 2691 127
D 8562   0  -16   -8
W 8562  347  441 2692 127
D 8602   0  -15    0
W 8602  347  429 2692 127
D 8642   0  -15    8
W 8642  347  417 2693 127
D 8682   0  -10   41
W 8682  347  404 2693 127
D 8722 -45    4   66
W 8722  346  392 2693 127
D 8762 -45   16   41
W 8762  346  379 2691 127
D 8802 -45   17   -8
W 8802  346  367 2692 127
D 8842 -45   18    0
W 8842  346  354 2693 127
D 8882 -45   18    8
W 8882  346  341 2695 127
D 8922 -45   16    0
W 8922  346  329 2695 127
D 8962   0  -11 -141
W 8962  346  316 2694 127
D 9002   0  -15   -8
W 9002  345  305 2695 127
D 9042  40  -15   -8
W 9042  345  294 2698 0
D 9082  40  -13    0
W 9082  345  285 2690 0
D 9122  40  -15  -16
W 9122  345  282 2689 0
D 9162  40  -15    0
W 9162  345  284 2691 -25
D 9202  40  -15    8
W 9202  345  287 2696 -55
D 9242  40  -15    0
W 9242  345  292 2696 -85
D 9282  40  -16    0
W 9282  345  299 2702 -127
D 9322  40  -18  -16
W 9322  345  308 2703 -127
D 9362  40  -17   16
W 9362  345  318 2703 -127
D 9402  40    6  100
W 9402  345  328 2703 -127
D 9442  40   38  133
W 9442  345  339 2706 -127
D 9482  40   60   83
W 9482  345  349 2709 -127
D 9522  40   77   75
W 9522  345  360 2713 -127
D 9562  40  100  100
W 9562  345  371 2712 -127
D 9602  40  122   75
W 9602  344  382 2711 -127
D 9642  40  139   66
W 9642  344  393 2709 -127
D 9682  40  150   41
W 9682  344  404 2710 -127
D 9722  40  162   33
W 9722  344  416 2712 -127
D 9762  40  179   83
W 9762  343  427 2715 -127
D 9802  40  188   41
W 9802  343  439 2718 -127
D 9842  40  195   25
W 9842  343  451 2720 -127
D 9882 127  198   25
W 9882  342  463 2723 -127
D 9922 127  202    0
W 9922  342  474 2724 -127
D 9962 127  213   58
W 9962  341  486 2725 -127
D 10002 127  223   41
W 10002  341  498 2723 -127
D 10042 127  234   25
W 10042  340  510 2722 -127
D 10082 127  257   91
W 10082  340  522 2722 -127
D 10122 127  288  133
W 10122  339  534 2722 -127
D 10162 127  310   41
W 10162  339  546 2722 -127
D 10202 127  336  133
W 10202  339  558 2723 -127
D 10242 127  364   75
W 10242  338  569 2723 -75
D 10282 127  405  175
W 10282  338  580 2724 -45
D 10322 127  442  166
W 10322  337  591 2724 -45
D 10362 127  485  200
W 10362  337  601 2723 -45
D 10402 127  531  208
W 10402  336  610 2725 -45
D 10442 127  563  100
W 10442  336  619 2727 -45
D 10482 127  614  216
W 10482  336  627 2728 -45
D 10522 127  657  183
W 10522  335  634 2728 -45
D 10562 127  711  208
W 10562  335  641 2728 -45
D 10602 127  756  158
W 10602  335  648 2729 -45
D 10642 127  810  225
W 10642  334  653 2728 -45
D 10682 127  865  216
W 10682  334  658 2729 -45
D 10722 127  926  275
W 10722  334  663 2729 -45
D 10762 127  995  241
W 10762  334  667 2730 -45
D 10802 127 1058  258
W 10802  333  670 2730 -45
D 10842 127 1125  266
W 10842  333  673 2728 -45
D 10882 127 1195  308
W 10882  333  676 2726 -45
D 10922   0 1276  341
W 10922  333  678 2721 -45
D 10962   0 1368  358
W 10962  333  679 2714 -45
D 11002 -127 1443  308
W 11002  333  679 2707 -45
D 11042 -127 1456   -8
W 11042  333  680 2691 -45
D 11082 -127 1463   25
W 11082  333  681 2674 -45
D 11122 -127 1463    0
W 11122  333  681 2672 -45
D 11162 -127 1444 -116
W 11162  333  681 2675 -45
D 11202 -127 1410 -183
W 11202  333  683 2675 -45
D 11242 -127 1347 -300
W 11242  333  684 2679 -45
D 11282 -127 1275 -300
W 11282  333  685 2678 -45
D 11322 -127 1205 -308
W 11322  333  687 2675 -45
D 11362 -127 1130 -291
W 11362  333  640 2700 25
D 11402 -127 1058 -300
W 11402  333  639 2700 55
D 11442 -127  998 -266
W 11442  333  637 2701 85
D 11482 -127  934 -283
W 11482  333  632 2700 127
D 11522 -127  885 -183
W 11522  333  626 2703 127
D 11562 -127  843 -183
W 11562  333  619 2707 127
D 11602 -127  791 -241
W 11602  333  611 2707 127
D 11642 -127  748 -150
W 11642  334  601 2705 127
D 11682 -127  703 -166
W 11682  334  592 2704 127
D 11722 -127  651 -208
W 11722  334  582 2703 127
D 11762 -127  602 -191
W 11762  334  571 2704 127
D 11802 -127  550 -241
W 11802  334  560 2704 127
D 11842 -127  499 -225
W 11842  334  549 2701 127
D 11882 -127  448 -200
W 11882  334  538 2700 127
D 11922 -127  397 -200
W 11922  334  526 2702 127
D 11962 -127  335 -291
W 11962  334  515 2705 127
D 12002 -127  245 -441
W 12002  334  503 2708 127
D 12042 -127  159 -350
W 12042  334  490 2710 127
D 12082 -45  101 -208
W 12082  335  477 2709 127
D 12122 -45   33 -266
W 12122  335  465 2707 127
D 12162 -45   -6  -58
W 12162  335  453 2704 127
D 12202   0  -14   -8
W 12202  335  441 2704 127
D 12242   0  -13    0
W 12242  335  431 2703 127
D 12282   0  -14   -8
W 12282  335  423 2687 127
D 12322   0  -13    8
W 12322  335  418 2658 127
D 12362   0  -11    0
W 12362  334  414 2623 127
D 12402 -45   -8   16
W 12402  334  411 2591 127
D 12442 -45   -6   -8
W 12442  333  409 2555 127
D 12482 -45   -4    8
W 12482  333  407 2514 127
D 12522 -45   -1    0
W 12522  332  405 2477 127
D 12562 -45   -2   -8
W 12562  332  404 2435 127
D 12602 -45   -2    0
W 12602  332  403 2381 127
D 12642 -45   -4   -8
W 12642  331  403 2320 127
D 12682 -45   -4    0
W 12682  331  403 2254 127
D 12722 -45   -7  -16
W 12722  331  402 2184 127
D 12762   0  -12   -8
W 12762  330  402 2114 127
D 12802   0  -13    0
W 12802  329  402 2044 127
D 12842   0  -13    0
W 12842  328  401 1975 127
D 12882   0  -12    8
W 12882  328  401 1915 127
D 12922   0  -15  -16
W 12922  327  401 1876 0
D 12962   0  -14    8
W 12962  326  401 1850 40
D 13002   0  -15  -16
W 13002  325  401 1833 68
D 13042   0  -15    0
W 13042  325  401 1808 0
D 13082   0  -15    0
W 13082  324  401 1787 68
D 13122   0  -14    0
W 13122  324  401 1775 82
D 13162   0  -13   16
W 13162  323  401 1751 -20
D 13202   0  -13    0
W 13202  323  401 1740 -20
D 13242   0  -14   -8
W 13242  322  401 1738 25
D 13282   0  -13    0
W 13282  321  401 1744 55
D 13322   0  -12    8
W 13322  318  401 1753 85
D 13362 -45  -10    8
W 13362  313  402 1754 127
D 13402   0  -10    8
W 13402  308  402 1756 127
D 13442   0  -12   -8
W 13442  301  403 1759 127
D 13482   0  -13    0
W 13482  293  403 1759 127
D 13522   0  -14    0
W 13522  284  404 1758 127
D 13562   0  -14   -8
W 13562  274  405 1759 127
D 13602   0  -13    8
W 13602  264  405 1764 127
D 13642   0  -13    8
W 13642  254  406 1767 127
D 13682   0  -14    0
W 13682  243  406 1765 127
D 13722   0  -13    8
W 13722  232  407 1765 127
D 13762   0  -13    0
W 13762  221  408 1763 127
D 13802   0  -13    0
W 13802  210  409 1758 127
D 13842   0  -13    0
W 13842  199  409 1753 127
D 13882   0  -13    0
W 13882  189  410 1754 127
D 13922   0  -13    8
W 13922  180  411 1755 127
D 13962   0  -13    0
W 13962  170  412 1757 127
D 14002   0  -13    0
W 14002  160  412 1758 127
D 14042   0  -13    0
W 14042  150  413 1759 127
D 14082 127  -13    0
W 14082  141  414 1757 127
D 14122 127  -10   25
W 14122  131  415 1755 127
D 14162 127  -13   -8
W 14162  121  415 1756 127
D 14202 127   -2   83
W 14202  112  416 1758 127
D 14242 127   40  183
W 14242  104  417 1760 127
D 14282 127   80  158
W 14282   96  417 1761 127
D 14322 127  123  183
W 14322   86  418 1759 127
D 14362 127  150   83
W 14362   76  419 1760 127
D 14402 127  171   91
W 14402   65  419 1758 127
D 14442 127  210  191
W 14442   54  420 1757 127
D 14482 127  246  150
W 14482   44  421 1756 127
D 14522 127  300  250
W 14522   33  422 1755 127
D 14562  38  348  233
W 14562   22  423 1754 127
D 14602  26  399  191
W 14602   10  424 1754 127
D 14642  27  438  133
W 14642   -1  425 1753 127
D 14682  22  488  225
W 14682  -14  426 1754 127
D 14722  15  536  191
W 14722  -26  427 1755 127
D 14762  10  588  225
W 14762  -39  428 1755 127
D 14802   5  633  158
W 14802  -52  429 1755 127
D 14842   7  669  141
W 14842  -65  430 1755 127
D 14882   9  691   66
W 14882  -77  431 1755 127
D 14922   6  715   83
W 14922  -90  432 1756 127
D 14962   5  736   66
W 14962 -103  433 1756 127
D 15002   5  750   25
W 15002 -115  434 1756 127
D 15042  11  757   33
W 15042 -127  435 1755 127
D 15082   5  771   41
W 15082 -139  436 1755 127
D 15122   9  776   16
W 15122 -150  436 1755 127
D 15162   9  780    8
W 15162 -162  437 1755 127
D 15202  11  782    8
W 15202 -173  438 1754 127
D 15242  10  783    0
W 15242 -185  439 1754 127
D 15282   9  785    0
W 15282 -197  440 1756 127
D 15322  11  785    0
W 15322 -208  441 1757 127
D 15362  11  785    0
W 15362 -220  442 1758 127
D 15402  11  785    0
W 15402 -232  443 1757 127
D 15442  11  785    0
W 15442 -244  444 1758 127
D 15482  11  785    0
W 15482 -256  445 1758 127
D 15522  11  784   -8
W 15522 -267  445 1757 127
D 15562  11  784    0
W 15562 -279  446 1756 127
D 15602  11  783   -8
W 15602 -291  447 1757 127
D 15642  13  779  -16
W 15642 -304  448 1757 127
D 15682  14  776   -8
W 15682 -316  449 1756 127
D 15722  12  775   -8
W 15722 -328  450 1757 127
D 15762  12  775    0
W 15762 -341  451 1757 0
D 15802  13  775    8
W 15802 -353  452 1757 -40
D 15842  12  775    0
W 15842 -360  452 1764 -70
D 15882  12  777   16
W 15882 -365  453 1787 -100
D 15922  11  778    0
W 15922 -368  453 1821 -127
D 15962  12  776  -16
W 15962 -371  453 1860 -127
D 16002  18  760  -91
W 16002 -372  452 1908 -127
D 16042  21  748  -33
W 16042 -374  452 1958 -127
D 16082  26  731  -41
W 16082 -373  452 2001 -127
D 16122  17  729   -8
W 16122 -373  452 2042 -127
D 16162  18  728    0
W 16162 -372  452 2084 -127
D 16202  18  726   -8
W 16202 -372  453 2127 -127
D 16242  18  724   -8
W 16242 -372  453 2171 -127
D 16282  17  725    8
W 16282 -372  453 2216 -127
D 16322  18  724    0
W 16322 -372  453 2262 -127
D 16362  18  724    8
W 16362 -372  452 2312 -127
D 16402  17  724    0
W 16402 -373  452 2362 -127
D 16442  17  722  -16
W 16442 -373  452 2415 0
D 16482  17  721   -8
W 16482 -373  452 2467 0
D 16522  17  723   16
W 16522 -373  451 2509 0
D 16562  17  723    0
W 16562 -373  450 2536 -40
D 16602  15  727   16
W 16602 -373  450 2560 -40
D 16642  15  733   41
W 16642 -374  449 2588 0
D 16682   9  745   33
W 16682 -374  448 2617 0
D 16722  16  746   16
W 16722 -374  447 2642 -40
D 16762  13  748    0
W 16762 -374  446 2659 -82
D 16802  13  749   -8
W 16802 -374  446 2682 -40
D 16842  14  750    0
W 16842 -374  444 2713 20
D 16882  13  753   16
W 16882 -374  444 2726 5
D 16922  13  755    8
W 16922 -374  444 2726 -40
D 16962  13  758   16
W 16962 -374  446 2727 -70
D 17002  13  761   25
W 17002 -374  450 2729 -100
D 17042 127  762  -25
W 17042 -375  454 2730 -127
D 17082 127  765   41
W 17082 -375  460 2731 -127
D 17122 127  768   25
W 17122 -375  467 2730 -127
D 17162 127  778   50
W 17162 -376  474 2730 -127
D 17202 127  785   33
W 17202 -376  483 2730 -127
D 17242 127  801   91
W 17242 -377  493 2730 -127
D 17282 127  831  100
W 17282 -377  502 2732 -127
D 17322 127  855   75
W 17322 -378  511 2732 -127
D 17362 127  893  125
W 17362 -378  519 2733 -127
D 17402 127  936  166
W 17402 -379  528 2735 -127
D 17442 127  988  183
W 17442 -379  537 2734 -60
D 17482 127 1045  250
W 17482 -380  545 2734 -45
D 17522 127 1101  216
W 17522 -380  551 2735 -45
D 17562 127 1168  266
W 17562 -380  558 2735 -45
D 17602   0 1247  350
W 17602 -381  563 2735 -45
D 17642   0 1331  333
W 17642 -381  569 2738 -45
D 17682   0 1402  275
W 17682 -381  573 2741 -45
D 17722 -127 1442   50
W 17722 -382  577 2745 -45
D 17762 -127 1443    0
W 17762 -382  581 2745 -45
D 17802 -127 1445   16
W 17802 -382  584 2749 -45
D 17842 -127 1446   -8
W 17842 -383  589 2752 -45
D 17882 -127 1417 -158
W 17882 -383  594 2754 -45
D 17922 -127 1353 -333
W 17922 -384  600 2756 -45
D 17962 -127 1293 -225
W 17962 -384  606 2756 -45
D 18002 -127 1246 -191
W 18002 -385  612 2753 -45
D 18042 -127 1208 -166
W 18042 -385  619 2749 -45
D 18082 -127 1178 -141
W 18082 -386  626 2747 -45
D 18122 -127 1141 -150
W 18122 -387  632 2746 -45
D 18162 -127 1100 -166
W 18162 -387  638 2746 -45
D 18202 -127 1065 -158
W 18202 -388  645 2744 -45
D 18242 -127 1028 -150
W 18242 -388  651 2740 -45
D 18282 -127  993 -141
W 18282 -388  657 2736 -45
D 18322 -127  965 -108
W 18322 -389  663 2731 -45
D 18362 -127  935 -125
W 18362 -389  669 2728 -45
D 18402 -127  905 -116
W 18402 -389  675 2725 -45
D 18442 -127  876 -116
W 18442 -390  681 2723 -45
D 18482 -127  846 -133
W 18482 -390  643 2701 40
D 18522 -127  810 -175
W 18522 -390  643 2706 70
D 18562 -127  733 -341
W 18562 -390  639 2705 100
D 18602 -127  660 -275
W 18602 -390  631 2700 127
D 18642 -127  605 -216
W 18642 -390  620 2695 127
D 18682 -127  530 -400
W 18682 -390  610 2687 127
D 18722 -127  431 -433
W 18722 -390  600 2685 127
D 18762 -127  345 -316
W 18762 -390  587 2684 127
D 18802 -127  298 -166
W 18802 -391  575 2683 127
D 18842 -127  246 -241
W 18842 -391  564 2682 127
D 18882 -127  168 -358
W 18882 -391  552 2679 127
D 18922 -45  111 -183
W 18922 -392  539 2679 127
D 18962 -45   70 -166
W 18962 -392  527 2682 127
D 19002 -45    8 -350
W 19002 -393  515 2684 127
D 19042 -45   -8  -16
W 19042 -393  503 2690 127
D 19082   0  -13   -8
W 19082 -393  491 2688 127
D 19122   0  -13    0
W 19122 -393  479 2687 127
D 19162   0  -13    8
W 19162 -394  468 2689 127
D 19202   0  -15   -8
W 19202 -394  457 2691 127
D 19242   0  -14    8
W 19242 -394  445 2697 127
D 19282   0  -15   -8
W 19282 -394  434 2709 127
D 19322   0  -14    0
W 19322 -394  422 2719 127
D 19362   0  -14    0
W 19362 -393  411 2726 127
D 19402   0  -15   -8
W 19402 -393  400 2733 127
D 19442   0  -15   -8
W 19442 -392  388 2741 127
D 19482   0  -14    0
W 19482 -391  376 2749 127
D 19522   0  -15    0
W 19522 -390  365 2757 127
D 19562   0  -15    0
W 19562 -389  354 2766 127
D 19602   0  -14    0
W 19602 -388  342 2774 127
D 19642   0  -14   -8
W 19642 -386  332 2780 127
D 19682   0  -13    0
W 19682 -385  324 2766 127
D 19722   0  -10    8
W 19722 -385  320 2745 127
D 19762 -45   -9    0
W 19762 -384  316 2734 127
D 19802 -45   -8   16
W 19802 -384  313 2728 127
D 19842 -45   -6   -8
W 19842 -384  312 2727 127
D 19882 -45   -5    8
W 19882 -384  311 2727 127
D 19922 -45   -6    0
W 19922 -384  311 2726 127
D 19962  40   -9  -33
W 19962 -384  311 2726 0
D 20002  40  -15   -8
W 20002 -384  312 2731 0
D 20042  40  -15    0
W 20042 -384  314 2737 0
D 20082  40  -15   -8
W 20082 -384  317 2741 -40
D 20122  40  -15    0
W 20122 -385  320 2744 -70
D 20162  40  -12   16
W 20162 -385  324 2744 -100
D 20202  40  -13    0
W 20202 -386  331 2740 -127
D 20242  40  -10   33
W 20242 -386  338 2736 -127
D 20282  40   15  116
W 20282 -387  347 2732 -127
D 20322  40   40  100
W 20322 -387  356 2727 -127
D 20362  40   67  100
W 20362 -387  365 2726 -127
D 20402  40   93  108
W 20402 -388  375 2724 -127
D 20442  40  111   66
W 20442 -388  385 2719 -127
D 20482  40  135  116
W 20482 -389  396 2714 -127
D 20522  40  165  125
W 20522 -389  407 2709 -127
D 20562  40  197  133
W 20562 -389  418 2707 -127
D 20602  40  224  125
W 20602 -389  429 2707 -127
D 20642  40  255  166
W 20642 -389  440 2707 -127
D 20682  40  287  133
W 20682 -389  452 2708 -127
D 20722 127  320  100
W 20722 -390  463 2710 -127
D 20762 127  360  183
W 20762 -390  474 2710 -127
D 20802 127  406  208
W 20802 -390  486 2711 -127
D 20842 127  458  250
W 20842 -390  497 2713 -127
D 20882 127  510  208
W 20882 -390  509 2713 -127
D 20922 127  546  125
W 20922 -391  519 2714 -127
D 20962 127  605  225
W 20962 -391  530 2714 -127
D 21002 127  656  208
W 21002 -391  540 2714 -127
D 21042 127  723  283
W 21042 -391  551 2714 -127
D 21082 127  782  250
W 21082 -392  561 2715 -127
D 21122 127  850  291
W 21122 -392  571 2715 -60
D 21162 127  915  275
W 21162 -392  580 2716 -45
D 21202 127  993  275
W 21202 -392  588 2716 -45
D 21242 127 1083  383
W 21242 -393  595 2716 -45
D 21282 127 1167  375
W 21282 -393  601 2717 -45
D 21322   0 1250  333
W 21322 -393  607 2717 -45
D 21362   0 1339  358
W 21362 -393  612 2717 -45
D 21402   0 1418  316
W 21402 -393  617 2716 -45
D 21442 -127 1444    8
W 21442 -393  621 2714 -45
D 21482 -127 1445    8
W 21482 -393  625 2711 -45
D 21522 -127 1450   41
W 21522 -394  629 2714 -45
D 21562 -127 1444  -41
W 21562 -394  634 2715 -45
D 21602 -127 1419 -141
W 21602 -394  639 2715 -45
D 21642 -127 1352 -333
W 21642 -394  645 2716 -45
D 21682 -127 1289 -250
W 21682 -394  650 2716 -45
D 21722 -127 1264  -58
W 21722 -394  657 2708 -45
D 21762 -127 1246 -100
W 21762 -394  663 2701 -45
D 21802   0 1216 -116
W 21802 -394  670 2698 -40
D 21842   0 1207  -25
W 21842 -394  676 2691 -45
D 21882   0 1205    0
W 21882 -394  682 2687 -45
D 21922   0 1204   -8
W 21922 -394  689 2681 -45
D 21962   0 1205    8
W 21962 -394  696 2674 -45
D 22002   0 1205    0
W 22002 -393  702 2666 -45
D 22042   0 1210   16
W 22042 -393  704 2658 -45
D 22082   0 1201  -58
W 22082 -393  706 2660 -45
D 22122   0 1148 -241
W 22122 -393  706 2661 -45
D 22162   0 1115  -83
W 22162 -393  707 2663 -45
D 22202   0 1110   -8
W 22202 -393  707 2663 -45
D 22242   0 1106  -33
W 22242 -393  708 2663 -45
D 22282   0 1087  -75
W 22282 -393  640 2700 25
D 22322   0 1086    0
W 22322 -393  640 2700 55
D 22362   0 1085    0
W 22362 -393  638 2699 85
D 22402   0 1121  208
W 22402 -393  634 2700 127
D 22442   0 1166  175
W 22442 -393  628 2704 127
D 22482   0 1195   83
W 22482 -393  619 2706 127
D 22522   0 1210   75
W 22522 -393  610 2707 127
D 22562   0 1233  100
W 22562 -393  600 2706 127
D 22602   0 1242   16
W 22602 -393  590 2699 127
D 22642   0 1242    0
W 22642 -393  583 2692 127
D 22682   0 1243    8
W 22682 -393  578 2684 127
D 22722   0 1242    0
W 22722 -393  573 2681 127
D 22762   0 1241   -8
W 22762 -393  567 2680 127
D 22802   0 1241    0
W 22802 -393  560 2678 127
D 22842   0 1241    0
W 22842 -394  552 2676 75
D 22882   0 1243    8
W 22882 -394  544 2677 45
D 22922   0 1245    0
W 22922 -394  535 2686 15
D 22962   0 1246    0
W 22962 -394  526 2701 -25
D 23002   0 1246    0
W 23002 -394  519 2722 -55
D 23042   0 1246    0
W 23042 -394  513 2755 -85
D 23082   0 1248    0
W 23082 -393  509 2796 -127
D 23122   0 1248    0
W 23122 -393  505 2836 -127
D 23162   0 1246    0
W 23162 -392  502 2877 -127
D 23202   0 1244   -8
W 23202 -391  500 2923 -127
D 23242   0 1244    0
W 23242 -391  498 2972 -127
D 23282 -127 1245    8
W 23282 -390  497 3030 -127
D 23322 -127 1243   -8
W 23322 -389  496 3096 -127
D 23362 -127 1241  -16
W 23362 -388  495 3169 -127
D 23402 -127 1198 -200
W 23402 -387  494 3247 -127
D 23442 -127 1148 -216
W 23442 -386  493 3324 0
D 23482 -127 1106 -183
W 23482 -386  493 3394 0
D 23522 -127 1066 -183
W 23522 -386  493 3447 0
D 23562 -127 1021 -200
W 23562 -387  493 3482 0
D 23602 -127  980 -150
W 23602 -389  494 3507 -40
D 23642 -127  936 -208
W 23642 -391  494 3534 0
D 23682 -127  869 -266
W 23682 -391  494 3556 -54
D 23722 -127  809 -241
W 23722 -391  494 3575 -68
D 23762 -127  750 -208
W 23762 -390  494 3591 20
D 23802 -127  706 -183
W 23802 -390  494 3596 5
D 23842 -127  663 -183
W 23842 -390  494 3593 -40
D 23882 -127  615 -200
W 23882 -391  494 3589 -70
D 23922 -127  543 -308
W 23922 -394  494 3593 -100
D 23962 -127  484 -225
W 23962 -397  494 3591 -127
D 24002 -127  426 -266
W 24002 -402  494 3591 -127
D 24042 -127  355 -308
W 24042 -408  494 3591 -127
D 24082 -127  281 -325
W 24082 -414  494 3593 0
D 24122 -127  225 -208
W 24122 -421  495 3593 0
D 24162 -127  160 -275
W 24162 -426  495 3593 0
D 24202 -45  110 -208
W 24202 -430  495 3592 40
D 24242 -45   63 -208
W 24242 -431  495 3592 55
D 24282 -45   26 -150
W 24282 -430  495 3595 85
D 24322 -45   10  -25
W 24322 -428  495 3599 127
D 24362 -45    3  -58
W 24362 -423  495 3600 127
D 24402 -45   -5  -16
W 24402 -417  495 3598 127
D 24442   0  -11  -25
W 24442 -410  495 3597 127
D 24482   0  -13  -16
W 24482 -402  495 3597 127
D 24522   0  -13    8
W 24522 -393  495 3601 127
D 24562   0  -14   -8
W 24562 -384  495 3605 127
D 24602   0  -13    8
W 24602 -374  495 3612 127
D 24642   0  -14   -8
W 24642 -364  495 3621 127
D 24682   0  -11   33
W 24682 -353  495 3632 127
D 24722 -45   15  125
W 24722 -343  496 3642 127
D 24762 -45   36   66
W 24762 -332  497 3650 127
D 24802 -45   37   -8
W 24802 -321  498 3655 127
D 24842 -45   38    0
W 24842 -310  499 3656 127
D 24882 -45   38    0
W 24882 -298  500 3658 127
D 24922 -45   37   -8
W 24922 -286  501 3661 127
D 24962 -45   33  -33
W 24962 -275  503 3670 127
D 25002 -45   23  -41
W 25002 -263  504 3682 127
D 25042 -45   17  -25
W 25042 -252  506 3688 127
D 25082 -45   12   -8
W 25082 -241  508 3693 127
D 25122 -45    7  -25
W 25122 -230  509 3698 127
D 25162 -45    3  -16
W 25162 -219  511 3704 127
D 25202 -45   -1  -16
W 25202 -209  513 3711 127
D 25242 -45   -4  -16
W 25242 -199  515 3717 127
D 25282 -45   -6   -8
W 25282 -190  517 3723 127
D 25322 -45   -8   -8
W 25322 -180  519 3726 127
D 25362 -45   -9    0
W 25362 -170  522 3731 127
D 25402 -45   -9   -8
W 25402 -160  524 3735 127
D 25442 -45   -8    8
W 25442 -150  526 3739 127
D 25482 -45   -8    8
W 25482 -141  529 3744 127
D 25522   0   -9   16
W 25522 -131  531 3749 127
D 25562   0  -10    0
W 25562 -122  534 3754 127
D 25602   0  -10   -8
W 25602 -112  537 3759 127
D 25642   0  -11   -8
W 25642 -102  539 3764 127
D 25682   0   -9    8
W 25682  -92  542 3768 127
D 25722 -45   -9    8
W 25722  -83  545 3771 127
D 25762   0  -10    0
W 25762  -73  548 3775 127
D 25802 -45   -5   41
W 25802  -63  551 3778 127
D 25842 -45    0    8
W 25842  -53  555 3783 127
D 25882 -45    0    0
W 25882  -43  558 3789 127
D 25922 -45    0    0
W 25922  -33  562 3794 127
D 25962 -45   -1    0
W 25962  -22  565 3799 127
D 26002 -45   -1    0
W 26002  -12  569 3803 127
D 26042  40   -1    0
W 26042   -3  573 3808 127
D 26082  40  -12  -75
W 26082    6  576 3813 127
D 26122  40  -12    8
W 26122   15  580 3818 127
D 26162  40  -12    0
W 26162   23  583 3817 127
D 26202  40   48  225
W 26202   30  586 3816 127
D 26242  40  114  316
W 26242   36  588 3817 127
D 26282  40  205  391
W 26282   41  590 3811 127
D 26322  40  278  266
W 26322   44  591 3794 127
D 26362  40  311  150
W 26362   47  592 3759 127
D 26402  40  357  266
W 26402   49  593 3714 127
D 26442   5  428  275
W 26442   52  593 3663 127
D 26482   4  481  166
W 26482   55  594 3605 127
D 26522   9  528  216
W 26522   57  594 3548 127
D 26562  -1  595  333
W 26562   57  593 3490 127
D 26602 -16  669  316
W 26602   57  593 3427 127
D 26642  -7  705  125
W 26642   57  593 3363 127
D 26682   4  712   16
W 26682   58  593 3296 127
D 26722   4  717    8
W 26722   58  593 3221 127
D 26762   2  726   25
W 26762   58  593 3146 127
D 26802   3  733   25
W 26802   59  592 3065 127
D 26842   0  748   66
W 26842   59  591 2977 0
D 26882   1  766  125
W 26882   60  590 2890 0
D 26922  -3  778   41
W 26922   60  589 2810 0
D 26962   0  781    8
W 26962   60  587 2737 -20
D 27002   0  783    0
W 27002   61  585 2688 -20
D 27042   1  783    0
W 27042   61  585 2672 -35
D 27082   1  783    0
W 27082   61  585 2672 -65
D 27122   0  785    8
W 27122   61  585 2677 -95
D 27162   0  787    8
W 27162   61  588 2679 -127
D 27202   1  786   -8
W 27202   61  592 2677 -127
D 27242   1  786    0
W 27242   61  597 2675 -127
D 27282   1  787    8
W 27282   61  604 2674 -127
D 27322   1  788   16
W 27322   62  612 2678 -127
D 27362   1  788    0
W 27362   62  622 2685 -127
D 27402   1  788    0
W 27402   62  632 2688 -127
D 27442 127  788    0
W 27442   62  642 2690 -127
D 27482 127  788    0
W 27482   63  653 2693 -127
D 27522 127  800   75
W 27522   63  664 2696 -127
D 27562 127  831  133
W 27562   63  675 2696 -127
D 27602 127  860  133
W 27602   63  686 2695 -127
D 27642 127  903  183
W 27642   63  696 2694 -127
D 27682 127  980  408
W 27682   63  700 2688 -127
D 27722 127 1081  441
W 27722   63  700 2692 -127
D 27762 127 1180  375
W 27762   63  701 2693 -127
D 27802   0 1251  291
W 27802   63  701 2693 -127
D 27842   0 1320  250
W 27842   63  701 2692 -75
D 27882   0 1384  258
W 27882   63  702 2692 -45
D 27922   0 1436  250
W 27922   63  702 2700 -45
D 27962 -127 1458   58
W 27962   63  703 2703 -45
D 28002 -127 1465   41
W 28002   63  703 2706 -45
D 28042 -127 1453 -100
W 28042   63  703 2705 -45
D 28082 -127 1423 -141
W 28082   63  703 2704 -45
D 28122 -127 1383 -191
W 28122   63  703 2702 -45
D 28162 -127 1315 -275
W 28162   63  704 2701 -45
D 28202 -127 1247 -283
W 28202   63  704 2699 -45
D 28242 -127 1183 -275
W 28242   63  705 2699 -45
D 28282 -127 1106 -308
W 28282   63  705 2699 -45
D 28322 -127 1036 -291
W 28322   63  705 2699 -45
D 28362 -127  975 -216
W 28362   63  705 2699 -45
D 28402 -127  915 -241
W 28402   63  705 2699 -45
D 28442 -127  864 -208
W 28442   63  705 2699 -45
D 28482 -127  800 -291
W 28482   63  705 2699 -45
D 28522 -127  746 -200
W 28522   63  705 2699 -45
D 28562 -127  687 -216
W 28562   63  705 2699 -45
D 28602 -127  635 -191
W 28602   63  705 2699 -45
D 28642 -127  575 -250
W 28642   63  705 2699 -45
D 28682 -127  506 -283
W 28682   63  640 2700 0
D 28722 -127  446 -258
W 28722   63  640 2700 40
D 28762 -127  383 -291
W 28762   63  639 2700 70
D 28802 -127  315 -300
W 28802   63  635 2700 100
D 28842 -127  240 -300
W 28842   63  631 2704 127
D 28882 -127  193 -183
W 28882   63  626 2704 127
D 28922 -45  131 -266
W 28922   63  619 2702 127
D 28962 -45   63 -283
W 28962   63  611 2700 127
D 29002 -45    6 -233
W 29002   63  602 2701 127
D 29042   0  -10    8
W 29042   63  593 2701 127
D 29082   0  -13  -16
W 29082   63  583 2702 127
D 29122   0  -13    0
W 29122   63  573 2702 127
D 29162   0  -12    8
W 29162   63  562 2700 127
D 29202   0  -13   -8
W 29202   63  552 2699 127
D 29242   0  -12    8
W 29242   63  541 2700 127
D 29282   0  -11    0
W 29282   63  530 2700 127
D 29322 -45   -8   25
W 29322   63  518 2701 127
D 29362 -45   15  150
W 29362   63  506 2704 127
D 29402 -45   21   16
W 29402   63  494 2703 127
D 29442 -45   21    0
W 29442   63  482 2703 127
D 29482 -45   20   -8
W 29482   63  469 2703 127
D 29522 -45   20   -8
W 29522   64  457 2703 127
D 29562 -45   20   -8
W 29562   64  445 2704 127
D 29602 -45   11  -75
W 29602   64  432 2705 127
D 29642   0  -12  -83
W 29642   64  420 2705 127
D 29682   0  -13    0
W 29682   64  408 2706 127
D 29722   0  -14   -8
W 29722   64  397 2707 127
D 29762   0  -14    8
W 29762   64  385 2707 127
D 29802   0  -15   -8
W 29802   64  372 2707 127
D 29842   0  -15    0
W 29842   65  360 2706 127
D 29882   0  -15    8
W 29882   65  348 2705 127
D 29922   0  -16    0
W 29922   65  336 2705 127
D 29962   0  -16    8
W 29962   65  324 2706 127
D 30002   0  -16    0
W 30002   65  312 2708 127
D 30042   0  -16    0
W 30042   65  300 2709 127
D 30082  40  -17   -8
W 30082   65  288 2707 0
D 30122  40  -16    0
W 30122   65  277 2706 0
D 30162  40  -16    0
W 30162   66  268 2703 0
D 30202  40  -16    0
W 30202   66  262 2709 0
D 30242  40  -16    0
W 30242   66  260 2723 0
D 30282  40  -16   -8
W 30282   66  260 2727 0
D 30322  40  -15    8
W 30322   66  262 2730 0
D 30362  40  -17   -8
W 30362   65  265 2731 0
D 30402  40  -15    8
W 30402   65  268 2731 0
D 30442  40  -15    8
W 30442   65  272 2728 0
D 30482  40    4  100
W 30482   65  274 2712 0
D 30522  40   31   91
W 30522   65  276 2694 0
D 30562  40   46   66
W 30562   65  278 2687 0
D 30602  40   55   58
W 30602   65  280 2684 0
D 30642  40   68   58
W 30642   65  281 2678 0
D 30682  40   86   75
W 30682   65  283 2673 -25
D 30722  40  102   66
W 30722   65  284 2671 -55
D 30762  40  115   58
W 30762   65  288 2672 -85
D 30802  40  146  125
W 30802   66  292 2673 -127
D 30842  40  170  100
W 30842   66  298 2676 -127
D 30882  40  192  100
W 30882   66  304 2676 -127
D 30922  40  210   58
W 30922   66  311 2677 -127
D 30962  40  238  100
W 30962   67  320 2676 -127
D 31002  40  280  183
W 31002   67  329 2676 -127
D 31042  40  316  108
W 31042   68  339 2674 -127
D 31082  40  340  125
W 31082   68  349 2675 -127
D 31122  40  380  166
W 31122   68  360 2675 -127
D 31162  22  419  166
W 31162   69  371 2674 -127
D 31202  26  451  175
W 31202   69  382 2674 -127
D 31242  19  486  166
W 31242   70  393 2673 -127
D 31282  15  520  150
W 31282   70  404 2674 -127
D 31322  14  548  125
W 31322   71  416 2674 -127
D 31362   9  580  141
W 31362   72  427 2676 -127
D 31402   6  613  150
W 31402   72  439 2675 -127
D 31442  10  631   83
W 31442   73  451 2676 -127
D 31482 127  653   75
W 31482   73  463 2677 -127
D 31522 127  681  108
W 31522   74  475 2677 -127
D 31562 127  703   91
W 31562   74  487 2677 -127
D 31602 127  743  183
W 31602   74  499 2677 -127
D 31642 127  763  108
W 31642   75  511 2677 -127
D 31682 127  818  233
W 31682   75  523 2677 -127
D 31722 127  860  200
W 31722   76  533 2678 -127
D 31762 127  911  225
W 31762   76  544 2677 -127
D 31802 127  978  308
W 31802   77  554 2676 -127
D 31842 127 1035  283
W 31842   77  564 2677 -75
D 31882 127 1098  266
W 31882   77  573 2679 -45
D 31922 127 1166  291
W 31922   78  581 2680 -45
D 31962   0 1248  358
W 31962   78  589 2680 -45
D 32002   0 1338  350
W 32002   78  596 2680 -45
D 32042   0 1403  241
W 32042   78  602 2680 -45
D 32082 -127 1437   58
W 32082   79  607 2679 -45
D 32122 -127 1436    0
W 32122   79  611 2675 -45
D 32162 -127 1435   -8
W 32162   79  616 2674 -45
D 32202 -127 1436    0
W 32202   79  621 2668 -45
D 32242 -127 1433  -16
W 32242   80  627 2660 -45
D 32282 -127 1398 -166
W 32282   80  633 2659 -45
D 32322 -127 1340 -241
W 32322   81  640 2664 -40
D 32362 -127 1279 -258
W 32362   81  645 2669 -45
D 32402 -127 1229 -175
W 32402   81  650 2671 -45
D 32442 -127 1195 -125
W 32442   81  653 2669 -45
D 32482 -127 1126 -350
W 32482   81  654 2668 -45
D 32522 -127 1036 -350
W 32522   81  655 2668 -45
D 32562 -127  963 -275
W 32562   81  655 2668 -45
D 32602 -127  912 -191
W 32602   81  656 2668 -45
D 32642 -127  833 -400
W 32642   81  657 2665 -45
D 32682 -127  744 -300
W 32682   82  658 2665 -45
D 32722 -127  662 -300
W 32722   82  658 2667 -45
D 32762 -127  615 -166
W 32762   82  660 2667 -45
D 32802 -127  566 -191
W 32802   82  641 2700 25
D 32842 -127  498 -325
W 32842   82  641 2700 55
D 32882 -127  423 -316
W 32882   82  640 2700 85
D 32922 -127  365 -233
W 32922   82  637 2701 127
D 32962 -127  318 -150
W 32962   82  633 2704 127
D 33002 -127  264 -308
W 33002   82  628 2700 127
D 33042 -127  199 -258
W 33042   82  620 2701 127
D 33082 -45  130 -266
W 33082   82  612 2703 127
D 33122 -45   73 -225
W 33122   82  602 2705 127
D 33162 -45   21 -233
W 33162   82  593 2706 127
D 33202 -45   -5  -16
W 33202   82  583 2708 127
D 33242   0  -13  -25
W 33242   82  574 2705 127
D 33282   0  -12    0
W 33282   82  564 2696 127
D 33322   0  -11    8
W 33322   82  557 2679 127
D 33362   0  -13  -16
W 33362   82  552 2645 127
D 33402 -45   -9    8
W 33402   81  548 2610 127
D 33442 -45   -8   -8
W 33442   81  545 2576 127
D 33482 -45   -8    0
W 33482   80  543 2540 127
D 33522 -45   -9   -8
W 33522   80  541 2501 127
D 33562 -45   -8    0
W 33562   79  540 2459 127
D 33602 -45   -9    0
W 33602   79  539 2412 127
D 33642 -45  -10  -16
W 33642   78  538 2359 127
D 33682   0  -11   -8
W 33682   78  538 2298 127
D 33722   0  -12   -8
W 33722   78  537 2233 127
D 33762   0  -12    0
W 33762   77  537 2164 127
D 33802   0  -12    8
W 33802   76  536 2092 127
D 33842   0  -14    8
W 33842   76  536 2022 0
D 33882   0  -14    8
W 33882   75  536 1961 0
D 33922   0  -14    8
W 33922   74  535 1912 0
D 33962 -45   -1   75
W 33962   73  535 1879 0
D 34002 -45   11   50
W 34002   71  535 1846 0
D 34042 -45   16    8
W 34042   70  535 1814 0
D 34082 -45   17    0
W 34082   68  535 1792 54
D 34122 -45   17    0
W 34122   66  535 1774 68
D 34162 -45   16  -16
W 34162   65  535 1747 -20
D 34202 -45   16    0
W 34202   64  535 1718 -20
D 34242 -45    2  -58
W 34242   64  535 1705 25
D 34282   0  -13    0
W 34282   63  535 1706 55
D 34322   0  -15   -8
W 34322   61  536 1712 70
D 34362   0  -13    8
W 34362   57  536 1719 100
D 34402   0  -12    0
W 34402   52  537 1725 127
D 34442   0  -13   -8
W 34442   46  538 1730 127
D 34482   0  -15   -8
W 34482   40  539 1734 127
D 34522   0  -16    0
W 34522   31  540 1737 127
D 34562   0  -16    0
W 34562   21  541 1739 127
D 34602   0  -16    0
W 34602   12  542 1742 127
D 34642   0  -16    0
W 34642    1  543 1747 127
D 34682   0  -16    0
W 34682   -8  544 1750 127
D 34722   0  -16    0
W 34722  -19  545 1753 127
D 34762   0  -16    0
W 34762  -31  545 1753 127
D 34802   0  -17   -8
W 34802  -42  546 1753 127
D 34842   0  -16    0
W 34842  -54  547 1752 127
D 34882   0  -16    0
W 34882  -66  548 1752 127
D 34922   0  -16    0
W 34922  -77  549 1752 127
D 34962   0  -17   -8
W 34962  -90  550 1753 127
D 35002   0  -16    0
W 35002 -102  551 1755 127
D 35042   0  -16    0
W 35042 -114  552 1757 127
D 35082   0  -17   -8
W 35082 -126  553 1758 127
D 35122   0  -17   -8
W 35122 -138  554 1759 127
D 35162   0  -17   -8
W 35162 -151  555 1759 127
D 35202   0  -17   -8
W 35202 -163  556 1759 127
D 35242   0  -17    0
W 35242 -175  557 1759 127
D 35282   0  -17    0
W 35282 -187  558 1760 127
D 35322   0  -17   -8
W 35322 -199  558 1761 127
D 35362   0  -17    0
W 35362 -212  559 1763 127
D 35402   0  -16    0
W 35402 -224  560 1763 127
D 35442   0  -17    0
W 35442 -236  561 1763 127
D 35482   0  -17   -8
W 35482 -249  562 1763 127
D 35522   0  -16    8
W 35522 -261  562 1762 127
D 35562   0  -17   -8
W 35562 -274  563 1762 127
D 35602   0  -17    0
W 35602 -286  564 1762 127
D 35642   0  -17    0
W 35642 -298  565 1762 127
D 35682   0  -16    8
W 35682 -310  566 1760 127
D 35722   0  -17    0
W 35722 -322  567 1758 127
D 35762   0  -17    0
W 35762 -335  567 1755 127
D 35802  40  -16    0
W 35802 -346  568 1755 0
D 35842  40  -17   -8
W 35842 -356  569 1753 0
D 35882  40  -11   50
W 35882 -365  570 1748 0
D 35922  40   21  150
W 35922 -373  571 1736 0
D 35962  40   28    0
W 35962 -379  571 1727 -40
D 36002  40   29   16
W 36002 -380  572 1733 -70
D 36042  40   30    0
W 36042 -378  571 1729 -100
D 36082  40   46  100
W 36082 -372  571 1727 -127
D 36122  40   80  150
W 36122 -364  570 1728 -127
D 36162  40  111  116
W 36162 -355  568 1729 -127
D 36202  40  151  191
W 36202 -346  567 1728 -127
D 36242  40  200  183
W 36242 -336  566 1729 -127
D 36282  40  242  175
W 36282 -326  565 1731 -127
D 36322  40  307  283
W 36322 -316  564 1735 -127
D 36362  40  364  241
W 36362 -307  563 1743 -127
D 36402   6  427  216
W 36402 -300  562 1763 -127
D 36442   1  503  341
W 36442 -296  562 1796 -127
D 36482  -9  590  408
W 36482 -292  562 1835 -127
D 36522 -18  658  233
W 36522 -288  562 1878 -127
D 36562 -17  708  150
W 36562 -287  562 1931 -127
D 36602   1  718   16
W 36602 -288  562 1999 -127
D 36642   9  717    0
W 36642 -288  562 2075 0
D 36682   3  731   83
W 36682 -287  563 2147 0
D 36722  -9  750   16
W 36722 -286  563 2216 0
D 36762   5  750    0
W 36762 -286  563 2274 20
D 36802   3  755   25
W 36802 -286  564 2323 20
D 36842 -127  767   91
W 36842 -285  565 2355 0
D 36882 -127  766   -8
W 36882 -285  564 2380 0
D 36922 -127  763  -25
W 36922 -286  563 2394 0
D 36962 -127  725 -191
W 36962 -286  563 2400 0
D 37002 -127  672 -233
W 37002 -286  563 2400 0
D 37042 -127  620 -208
W 37042 -286  563 2402 25
D 37082 -127  576 -191
W 37082 -286  562 2401 55
D 37122 -127  525 -216
W 37122 -287  561 2398 85
D 37162 -127  472 -225
W 37162 -289  558 2392 127
D 37202 -127  433 -150
W 37202 -292  553 2389 127
D 37242 -127  371 -408
W 37242 -295  548 2388 127
D 37282 -127  276 -416
W 37282 -299  541 2390 127
D 37322 -127  211 -208
W 37322 -305  532 2391 127
D 37362 -127  168 -158
W 37362 -310  524 2391 127
D 37402 -45  120 -216
W 37402 -315  515 2389 127
D 37442 -45   96  -66
W 37442 -321  505 2391 127
D 37482 -45   93   16
W 37482 -327  495 2393 127
D 37522 -45   86  -41
W 37522 -332  487 2396 127
D 37562 -45   85    0
W 37562 -337  478 2399 127
D 37602 -45   84   -8
W 37602 -341  470 2400 127
D 37642 -45   85    0
W 37642 -346  462 2397 127
D 37682 -45   84    0
W 37682 -351  453 2390 127
D 37722 -45   83    0
W 37722 -356  445 2384 127
D 37762 -45   83    0
W 37762 -361  437 2378 127
D 37802 -45   83   -8
W 37802 -366  429 2373 127
D 37842 -45   83    0
W 37842 -371  422 2368 127
D 37882 -45   83    0
W 37882 -376  414 2363 127
D 37922 -45   82    0
W 37922 -381  406 2358 127
D 37962 -45   83    8
W 37962 -387  398 2351 127
D 38002 -45   83    8
W 38002 -392  391 2344 127
D 38042 -45   82    0
W 38042 -398  383 2337 127
D 38082 -45   82   -8
W 38082 -403  376 2330 127
D 38122 -45   79  -41
W 38122 -409  368 2324 127
D 38162 -45   74  -25
W 38162 -414  362 2320 127
D 38202 -45   75    8
W 38202 -419  355 2316 127
D 38242 -45   73    0
W 38242 -425  348 2310 127
D 38282 -45   73    0
W 38282 -430  341 2308 127
D 38322 -45   53  -83
W 38322 -436  335 2304 127
D 38362 -45   30  -83
W 38362 -441  328 2286 127
D 38402 -45   21  -16
W 38402 -446  322 2267 127
D 38442 -45   22    0
W 38442 -450  318 2258 127
D 38482 -45   22    0
W 38482 -453  315 2258 127
D 38522 -45   21    0
W 38522 -456  312 2258 127
D 38562 -45   21   -8
W 38562 -459  310 2258 127
D 38602 -45   21    0
W 38602 -461  307 2258 127
D 38642 -45   21    0
W 38642 -463  305 2260 127
D 38682 -45   21    0
W 38682 -465  303 2260 127
D 38722 -45   21    0
W 38722 -467  301 2259 127
D 38762  40   16  -33
W 38762 -469  299 2258 0
D 38802  40   14    8
W 38802 -469  299 2261 0
D 38842  40   14    8
W 38842 -467  301 2265 0
D 38882  40   41  225
W 38882 -465  303 2271 -40
D 38922  40   73   66
W 38922 -465  303 2280 -70
D 38962  40   97  141
W 38962 -463  305 2281 -100
D 39002  40  126  116
W 39002 -461  308 2280 -127
D 39042  40  151  100
W 39042 -458  311 2285 -127
D 39082  40  175  100
W 39082 -454  315 2284 -127
D 39122  40  215  166
W 39122 -451  319 2281 -127
D 39162  40  255  183
W 39162 -446  324 2279 -127
D 39202  40  312  200
W 39202 -441  330 2279 -127
D 39242  40  363  250
W 39242 -435  336 2281 -127
D 39282  16  411  175
W 39282 -430  343 2281 -127
D 39322  15  461  233
W 39322 -424  349 2282 -127
D 39362   3  519  233
W 39362 -417  357 2284 -127
D 39402   1  575  250
W 39402 -410  364 2289 -127
D 39442  -2  621  183
W 39442 -404  371 2296 -127
D 39482  -2  658  141
W 39482 -399  378 2301 -127
D 39522  -5  690  100
W 39522 -395  382 2318 -127
D 39562  -2  712   75
W 39562 -392  386 2355 -127
D 39602  -4  740  125
W 39602 -389  390 2400 -127
D 39642  -4  764  116
W 39642 -387  394 2440 0
D 39682  -7  786   91
W 39682 -385  398 2476 0
D 39722  -1  789    0
W 39722 -384  401 2513 0
D 39762   1  790    8
W 39762 -384  403 2549 0
D 39802   1  790    0
W 39802 -383  405 2574 -40
D 39842   1  790    0
W 39842 -383  406 2603 0
D 39882   1  790    0
W 39882 -383  407 2635 0
D 39922   0  791    0
W 39922 -383  407 2670 0
D 39962   0  794   16
W 39962 -383  408 2695 20
D 40002  -2  797    0
W 40002 -383  409 2702 0
D 40042   0  798    8
W 40042 -383  409 2702 -40
D 40082  -1  803   33
W 40082 -383  410 2700 -70
D 40122  -3  807    8
W 40122 -383  413 2697 -100
D 40162   0  806   -8
W 40162 -383  418 2696 -127
D 40202   0  805   -8
W 40202 -383  424 2695 -127
D 40242  -1  806    0
W 40242 -383  431 2695 -127
D 40282   0  806    0
W 40282 -383  439 2694 -127
D 40322   0  806    0
W 40322 -383  448 2693 -127
D 40362 127  808   16
W 40362 -382  458 2692 -127
D 40402 127  814   41
W 40402 -382  468 2692 -127
D 40442 127  834   75
W 40442 -382  479 2693 -127
D 40482 127  862  116
W 40482 -382  490 2694 -127
D 40522 127  882   75
W 40522 -382  500 2695 -127
D 40562 127  913  166
W 40562 -382  511 2694 -127
D 40602 127  978  358
W 40602 -382  520 2693 -127
D 40642 127 1033  275
W 40642 -382  531 2692 -127
D 40682 127 1098  275
W 40682 -381  541 2691 -127
D 40722 127 1171  291
W 40722 -381  550 2691 -127
D 40762   0 1262  383
W 40762 -381  561 2690 -75
D 40802   0 1351  341
W 40802 -381  570 2691 -45
D 40842   0 1415  233
W 40842 -381  578 2692 -45
D 40882 -127 1435   25
W 40882 -381  586 2691 -45
D 40922 -127 1440   16
W 40922 -381  591 2688 -45
D 40962 -127 1449   66
W 40962 -381  597 2690 -45
D 41002 -127 1444  -41
W 41002 -380  603 2689 -45
D 41042 -127 1413 -183
W 41042 -380  609 2689 -45
D 41082 -127 1387  -66
W 41082 -380  616 2689 0
D 41122 -127 1369 -125
W 41122 -380  622 2684 -40
D 41162 -127 1345  -83
W 41162 -380  627 2680 -45
D 41202 -127 1298 -216
W 41202 -380  632 2675 -45
D 41242 -127 1280  -66
W 41242 -379  638 2669 -45
D 41282 -127 1240 -191
W 41282 -379  643 2668 -45
D 41322 -127 1189 -200
W 41322 -379  649 2666 -45
D 41362 -127 1144 -166
W 41362 -378  655 2661 -45
D 41402 -127 1108 -166
W 41402 -378  660 2660 -45
D 41442 -127 1071 -166
W 41442 -378  663 2660 -45
D 41482 -127 1003 -375
W 41482 -378  665 2659 -45
D 41522 -127  901 -358
W 41522 -378  665 2660 -45
D 41562 -127  828 -283
W 41562 -378  665 2660 -45
D 41602  70  752 -333
W 41602 -378  640 2698 25
D 41642  70  653 -450
W 41642 -378  639 2695 55
D 41682  70  588 -216
W 41682 -378  636 2695 85
D 41722  70  581    8
W 41722 -378  631 2695 127
D 41762  70  568  -58
W 41762 -378  624 2695 127
D 41802  70  579   66
W 41802 -378  616 2693 127
D 41842  70  687  525
W 41842 -378  609 2689 127
D 41882  70  791  358
W 41882 -378  600 2687 127
D 41922  70  892  383
W 41922 -378  589 2686 127
D 41962  70 1005  425
W 41962 -379  576 2685 127
D 42002  70 1110  433
W 42002 -379  563 2687 127
D 42042  70 1200  341
W 42042 -379  550 2691 127
D 42082 -70 1276  300
W 42082 -380  537 2695 127
D 42122 -70 1338  191
W 42122 -380  525 2698 127
D 42162 -70 1355   16
W 42162 -380  514 2698 127
D 42202 -70 1356    8
W 42202 -380  503 2698 127
D 42242 -70 1362   25
W 42242 -380  495 2692 127
D 42282 -70 1360  -16
W 42282 -380  488 2692 127
D 42322 -70 1320 -275
W 42322 -380  478 2693 127
D 42362 -70 1267 -208
W 42362 -380  468 2695 127
D 42402 -70 1223 -183
W 42402 -380  462 2695 127
D 42442 -70 1183 -150
W 42442 -380  458 2699 127
D 42482 -70 1149 -133
W 42482 -380  451 2703 127
D 42522 -70 1111 -166
W 42522 -380  444 2708 127
D 42562 -70 1079 -133
W 42562 -380  435 2708 127
D 42602   0 1046 -141
W 42602 -380  427 2705 127
D 42642   0 1016 -116
W 42642 -380  416 2704 127
D 42682   0  998  -66
W 42682 -380  405 2706 127
D 42722   0  983  -50
W 42722 -380  393 2710 127
D 42762   0  978   -8
W 42762 -379  380 2713 127
D 42802   0  978    0
W 42802 -379  367 2712 127
D 42842   0  978    0
W 42842 -379  355 2712 127
D 42882   0  980    8
W 42882 -378  341 2713 127
D 42922   0  981    0
W 42922 -378  328 2713 127
D 42962   0  981   -8
W 42962 -378  315 2714 127
D 43002   0  983    8
W 43002 -377  302 2715 127
D 43042   0  986   16
W 43042 -377  289 2715 127
D 43082   0  991   25
W 43082 -377  277 2717 127
D 43122   0  993    8
W 43122 -376  264 2718 127
D 43162   0  992    0
W 43162 -376  252 2718 127
D 43202   0  991    0
W 43202 -376  240 2719 127
D 43242   0  991    0
W 43242 -375  228 2719 127
D 43282   0  991    0
W 43282 -375  215 2722 127
D 43322   0  994    8
W 43322 -374  203 2723 127
D 43362   0  995    0
W 43362 -374  190 2721 127
D 43402   0  995    0
W 43402 -373  178 2718 60
D 43442   0  995    0
W 43442 -373  166 2719 60
D 43482   0  995    0
W 43482 -373  155 2722 60
D 43522   0  996    8
W 43522 -372  145 2724 60
D 43562   0  996    8
W 43562 -372  134 2724 60
D 43602   0  995    0
W 43602 -371  124 2725 60
D 43642   0  996    0
W 43642 -371  115 2735 60
D 43682   0  996    0
W 43682 -371  111 2734 60
D 43722   0  996    0
W 43722 -371  111 2734 60
D 43762   0  991  -33
W 43762 -371  111 2734 60
D 43802   0  989    0
W 43802 -371  110 2734 60
D 43842   0  990    0
W 43842 -371  110 2734 60
D 43882   0  991    0
W 43882 -371  110 2734 60
D 43922   0  995   25
W 43922 -371  110 2734 60
D 43962   0 1003   41
W 43962 -371  110 2734 60
D 44002   0 1005    0
W 44002 -371    0 2700 -60
D 44042   0 1009   25
W 44042 -371    2 2702 -60
D 44082   0 1015   16
W 44082 -371    7 2702 -60
D 44122   0 1012  -16
W 44122 -371   11 2701 -60
D 44162   0 1011   -8
W 44162 -371   16 2700 -60
D 44202   0 1011    0
W 44202 -371   21 2700 -60
D 44242   0 1011    0
W 44242 -371   26 2700 -60
D 44282   0 1011    0
W 44282 -371   30 2700 -60
D 44322   0 1011    0
W 44322 -371   35 2700 -60
D 44362   0 1011    0
W 44362 -371   41 2699 -60
D 44402   0 1013    8
W 44402 -371   46 2699 -60
D 44442   0 1014    8
W 44442 -371   52 2699 -60
D 44482   0 1015    8
W 44482 -371   59 2699 20
D 44522   0 1014    0
W 44522 -371   64 2699 25
D 44562   0 1013    0
W 44562 -371   67 2697 45
D 44602   0 1013    0
W 44602 -371   69 2682 45
D 44642   0 1015   16
W 44642 -371   70 2663 45
D 44682   0 1019   25
W 44682 -370   72 2642 45
D 44722   0 1021    0
W 44722 -370   73 2617 45
D 44762   0 1022    8
W 44762 -370   74 2593 45
D 44802   0 1022   -8
W 44802 -370   75 2567 45
D 44842   0 1023    0
W 44842 -370   75 2541 45
D 44882   0 1023    0
W 44882 -370   75 2515 45
D 44922   0 1023    0
W 44922 -370   75 2490 45
D 44962   0 1023    0
W 44962 -370   75 2468 45
D 45002   0 1022   -8
W 45002 -370   75 2446 45
D 45042   0 1023    0
W 45042 -370   74 2423 45
D 45082   0 1023    8
W 45082 -370   75 2398 45
D 45122   0 1022   -8
W 45122 -370   75 2375 45
D 45162   0 1022   -8
W 45162 -370   75 2352 45
D 45202   0 1023    0
W 45202 -370   75 2328 45
D 45242   0 1023    8
W 45242 -370   75 2305 45
D 45282   0 1022    0
W 45282 -370   75 2282 45
D 45322   0 1022   -8
W 45322 -370   75 2259 45
D 45362   0 1022    0
W 45362 -370   75 2236 45
D 45402   0 1022    0
W 45402 -370   75 2214 45
D 45442   0 1022    0
W 45442 -369   75 2191 45
D 45482   0 1023    8
W 45482 -369   75 2170 45
D 45522   0 1022    0
W 45522 -369   75 2149 45
D 45562   0 1022   -8
W 45562 -370   75 2128 45
D 45602   0 1022    0
W 45602 -370   75 2106 45
D 45642   0 1022    0
W 45642 -369   75 2084 45
D 45682   0 1022    0
W 45682 -369   75 2062 45
D 45722   0 1022    0
W 45722 -369   75 2039 45
D 45762   0 1022   -8
W 45762 -369   75 2016 45
D 45802   0 1022    0
W 45802 -369   76 1993 45
D 45842   0 1023    8
W 45842 -369   76 1969 45
D 45882   0 1022    0
W 45882 -369   76 1946 45
D 45922   0 1022    0
W 45922 -369   76 1922 45
D 45962   0 1022    0
W 45962 -369   76 1897 45
D 46002   0 1022    0
W 46002 -369   76 1872 25
D 46042   0 1023    8
W 46042 -369   76 1850 55
D 46082   0 1023    8
W 46082 -370   75 1832 85
D 46122   0 1023    0
W 46122 -374   75 1821 100
D 46162   0 1024    0
W 46162 -379   75 1815 127
D 46202   0 1025    8
W 46202 -386   75 1808 127
D 46242   0 1026    8
W 46242 -395   75 1804 127
D 46282   0 1027    0
W 46282 -403   75 1804 127
D 46322   0 1028    0
W 46322 -412   75 1806 127
D 46362   0 1028    0
W 46362 -420   75 1807 127
D 46402   0 1028    0
W 46402 -429   75 1808 127
D 46442   0 1028    0
W 46442 -437   74 1808 127
D 46482   0 1036   50
W 46482 -444   74 1808 127
D 46522   0 1039    8
W 46522 -454   74 1807 127
D 46562   0 1039    0
W 46562 -465   74 1804 127
D 46602   0 1038    0
W 46602 -476   74 1804 127
D 46642   0 1038    0
W 46642 -487   74 1805 127
D 46682   0 1038    0
W 46682 -499   74 1804 127
D 46722   0 1038    0
W 46722 -511   74 1804 127
D 46762   0 1038    0
W 46762 -524   74 1804 127
D 46802   0 1038    0
W 46802 -536   74 1804 127
D 46842   0 1041    8
W 46842 -546   74 1772 127
D 46882   0 1043    0
W 46882 -551   74 1748 127
D 46922   0 1044    0
W 46922 -552   74 1743 127
D 46962   0 1028  -66
W 46962 -553   74 1745 127
D 47002   0 1025    0
W 47002 -553   74 1744 127
D 47042   0 1026    8
W 47042 -553   74 1744 127
D 47082   0 1026    0
W 47082 -553   74 1744 127
D 47122   0 1028    8
W 47122 -553   74 1744 127
D 47162   0 1032   25
W 47162 -553   74 1744 127
D 47202   0 1038   16
W 47202 -553   74 1744 127
D 47242   0 1036  -16
W 47242 -553   74 1744 60
D 47282   0 1038    8
W 47282 -553   74 1744 60
D 47322   0 1045   33
W 47322 -553   74 1744 60
D 47362   0 1046    0
W 47362 -554   74 1744 60
D 47402   0 1046    0
W 47402 -554   74 1744 60
D 47442   0 1045    0
W 47442 -554   74 1744 60
D 47482   0 1045   -8
W 47482 -554   74 1744 60
D 47522   0 1045    0
W 47522 -554   74 1744 60
D 47562   0 1045    0
W 47562 -554   74 1744 60
D 47602   0 1045   -8
W 47602 -554   74 1744 60
D 47642   0 1045   -8
W 47642 -554   74 1744 60
D 47682   0 1045    0
W 47682 -554   74 1744 60
D 47722   0 1045    0
W 47722    0   74 1800 -60
D 47762   0 1045    0
W 47762    1   74 1800 -60
D 47802   0 1045    0
W 47802    5   74 1800 -60
D 47842   0 1045    0
W 47842    8   74 1800 -60
D 47882   0 1045    0
W 47882   12   74 1800 -60
D 47922   0 1045    0
W 47922   16   74 1800 -60
D 47962   0 1045    0
W 47962   20   74 1799 -60
D 48002   0 1045    0
W 48002   26   74 1799 -60
D 48042   0 1045    0
W 48042   31   74 1801 -60
D 48082   0 1045    0
W 48082   37   74 1801 -60
D 48122   0 1045    0
W 48122   42   74 1801 -60
D 48162   0 1045    0
W 48162   48   74 1800 -60
D 48202   0 1045    0
W 48202   55   74 1800 -60
pre_auton
%  batt 7.56v 7.74v
