

pre_auton
%  batt 7.51v 7.73v
usercontrol
DUMP_MONITOR=START
DUMP_MONITOR=MONITOR
WHEEL_MONITOR=MONITOR
D   40  70 1100    0
W   40  360  640 2700 40
D   80  70 1105   25
W   80  360  639 2700 70
D  120  70 1134  116
W  120  359  637 2700 85
D  160  70 1188  308
W  160  359  632 2700 127
D  200  70 1258  316
W  200  360  626 2701 127
D  240  70 1345  325
W  240  360  617 2701 127
D  280  70 1426  325
W  280  360  607 2703 127
D  320  70 1444  -16
W  320  360  595 2706 127
D  360  70 1460  100
W  360  360  584 2708 127
D  400  70 1471   50
W  400  360  575 2707 127
D  440  70 1470   -8
W  440  360  564 2702 127
D  480  70 1467    0
W  480  360  555 2695 127
D  520 -70 1468    0
W  520  360  549 2687 127
D  560 -70 1467   -8
W  560  360  543 2685 127
D  600 -70 1466    0
W  600  360  536 2686 127
D  640 -70 1463  -25
W  640  359  527 2689 127
D  680 -70 1458  -25
W  680  359  517 2693 127
D  720 -70 1455   -8
W  720  359  507 2694 127
D  760 -70 1451    0
W  760  359  497 2696 127
D  800 -70 1451    0
W  800  359  487 2698 127
D  840 -70 1453    0
W  840  359  476 2699 127
D  880 -70 1451    0
W  880  359  465 2699 127
D  920 -70 1453    0
W  920  359  454 2699 127
D  960 -70 1451   -8
W  960  359  442 2700 127
D 1000 -70 1450    0
W 1000  359  431 2702 127
D 1040   0 1449   -8
W 1040  359  419 2705 127
D 1080   0 1448    0
W 1080  359  407 2708 127
D 1120   0 1448    0
W 1120  359  395 2710 127
D 1160   0 1448    0
W 1160  359  383 2710 127
D 1200   0 1448    0
W 1200  360  370 2710 127
D 1240   0 1448    0
W 1240  360  357 2711 127
D 1280   0 1448    0
W 1280  360  344 2713 127
D 1320   0 1448    0
W 1320  360  332 2714 127
D 1360   0 1448    0
W 1360  361  319 2716 127
D 1400   0 1448    0
W 1400  361  307 2715 127
D 1440   0 1448    0
W 1440  361  294 2714 127
D 1480   0 1448    0
W 1480  362  282 2715 127
D 1520   0 1448    0
W 1520  362  269 2718 127
D 1560   0 1448    0
W 1560  363  256 2720 127
D 1600   0 1448    0
W 1600  363  243 2723 127
D 1640   0 1448    0
W 1640  364  230 2724 127
D 1680   0 1448    0
W 1680  364  218 2725 127
D 1720   0 1448    0
W 1720  365  206 2726 127
D 1760   0 1448    0
W 1760  365  193 2726 127
D 1800   0 1448    0
W 1800  366  181 2726 127
D 1840   0 1448    0
W 1840  366  168 2727 60
D 1880   0 1448    0
W 1880  367  157 2729 60
D 1920   0 1448    0
W 1920  367  145 2730 60
D 1960   0 1448    0
W 1960  368  134 2731 60
D 2000   0 1448    0
W 2000  369  123 2732 60
D 2040   0 1448    0
W 2040  369  113 2734 60
D 2080   0 1448    0
W 2080  370  103 2737 60
D 2120   0 1448    0
W 2120  370   94 2730 60
D 2160   0 1445  -25
W 2160  371   88 2718 60
D 2200   0 1420 -133
W 2200  371   86 2708 60
D 2240   0 1395  -91
W 2240  371   86 2706 60
D 2280   0 1375  -66
W 2280  371   84 2704 60
D 2320   0 1360  -66
W 2320  371   83 2705 60
D 2360   0 1357   -8
W 2360  371   83 2706 60
D 2400   0 1356   -8
W 2400  371   83 2706 60
D 2440   0 1356    0
W 2440  371    0 2700 -60
D 2480   0 1357    0
W 2480  371    2 2703 -60
D 2520   0 1362   33
W 2520  371    5 2704 -60
D 2560   0 1363    0
W 2560  371    9 2705 -60
D 2600   0 1363    0
W 2600  371   13 2705 -60
D 2640   0 1363    0
W 2640  371   18 2705 -60
D 2680   0 1363    0
W 2680  371   24 2704 -60
D 2720   0 1364    8
W 2720  371   30 2703 -60
D 2760   0 1366    0
W 2760  371   36 2702 -60
D 2800   0 1369   16
W 2800  370   42 2702 20
D 2840   0 1373   16
W 2840  370   47 2703 25
D 2880   0 1375    8
W 2880  370   50 2703 55
D 2920   0 1375    0
W 2920  370   51 2692 85
D 2960   0 1386   91
W 2960  370   52 2673 127
D 3000   0 1421  166
W 3000  371   53 2637 127
D 3040   0 1440   16
W 3040  371   53 2585 127
D 3080   0 1440    0
W 3080  371   54 2529 127
D 3120   0 1440    0
W 3120  370   53 2473 127
D 3160   0 1440    0
W 3160  370   53 2415 127
D 3200   0 1440    0
W 3200  371   54 2351 127
D 3240   0 1440    0
W 3240  371   54 2278 127
D 3280   0 1440    0
W 3280  372   55 2198 127
D 3320   0 1440    0
W 3320  372   55 2115 127
D 3360 -127 1440    8
W 3360  372   55 2030 0
D 3400 -127 1438    0
W 3400  374   55 1954 0
D 3440 -127 1436  -16
W 3440  375   56 1890 0
D 3480 -127 1436    0
W 3480  375   56 1838 0
D 3520 -127 1436    0
W 3520  376   56 1798 0
D 3560 -127 1435    0
W 3560  377   56 1763 0
D 3600 -127 1433  -16
W 3600  378   56 1732 0
D 3640 -127 1421  -58
W 3640  378   56 1712 0
D 3680 -127 1416  -25
W 3680  377   56 1700 0
D 3720 -127 1415    0
W 3720  378   56 1696 0
D 3760 -127 1414   -8
W 3760  378   56 1698 0
D 3800 -127 1415    0
W 3800  378   56 1704 0
D 3840 -127 1435  141
W 3840  379   55 1709 0
D 3880 -127 1429  -33
W 3880  378   56 1706 0
D 3920 -127 1430    0
W 3920  378   56 1706 0
D 3960 -127 1430    0
W 3960  378   56 1705 0
D 4000 -127 1430  -16
W 4000  379   56 1705 0
D 4040 -127 1429    8
W 4040  379   56 1706 0
D 4080 -127 1430    0
W 4080  379   56 1707 0
D 4120   0 1430    8
W 4120  379   56 1706 40
D 4160   0 1430    0
W 4160  379   56 1706 70
D 4200   0 1428  -16
W 4200  375   56 1705 100
D 4240   0 1426    0
W 4240  370   57 1708 127
D 4280   0 1426    0
W 4280  364   58 1711 127
D 4320   0 1429   25
W 4320  357   59 1712 127
D 4360   0 1442   58
W 4360  349   60 1713 127
D 4400   0 1443    0
W 4400  341   61 1712 127
D 4440   0 1443    0
W 4440  334   63 1712 127
D 4480   0 1443    0
W 4480  327   64 1713 127
D 4520   0 1442    0
W 4520  320   65 1713 127
D 4560   0 1442    0
W 4560  313   66 1713 127
D 4600   0 1441    0
W 4600  305   67 1713 127
D 4640   0 1441    0
W 4640  296   68 1713 127
D 4680   0 1441    0
W 4680  286   70 1713 127
D 4720   0 1441    0
W 4720  277   71 1716 127
D 4760   0 1441    0
W 4760  267   73 1719 127
D 4800   0 1441    0
W 4800  256   74 1721 127
D 4840   0 1441    0
W 4840  246   76 1723 127
D 4880   0 1441    0
W 4880  235   77 1723 127
D 4920   0 1441    0
W 4920  224   79 1725 127
D 4960   0 1441    0
W 4960  212   80 1727 127
D 5000   0 1441    0
W 5000  201   82 1727 127
D 5040   0 1441    0
W 5040  190   83 1726 127
D 5080   0 1441    0
W 5080  178   85 1726 127
D 5120   0 1440    0
W 5120  166   86 1727 127
D 5160   0 1440    0
W 5160  154   88 1729 127
D 5200   0 1440    8
W 5200  141   89 1729 127
D 5240   0 1439   -8
W 5240  129   91 1728 75
D 5280   0 1439    0
W 5280  117   92 1728 60
D 5320   0 1440    0
W 5320  110   93 1769 60
D 5360   0 1400 -233
W 5360  107   93 1767 60
D 5400   0 1362 -166
W 5400  107   93 1767 60
D 5440   0 1343  -83
W 5440  107   93 1767 60
D 5480   0 1324  -75
W 5480  107   93 1767 60
D 5520   0 1310  -50
W 5520  107   93 1767 60
D 5560   0 1300  -41
W 5560  107   93 1767 60
D 5600   0 1298   -8
W 5600  107   93 1767 60
D 5640   0 1298    0
W 5640  107   93 1767 60
D 5680   0 1298    0
W 5680  107   93 1767 60
D 5720   0 1308   75
W 5720    0   93 1800 -60
D 5760   0 1330  116
W 5760    0   93 1800 -60
D 5800   0 1361  100
W 5800    3   93 1801 -60
D 5840   0 1379   83
W 5840    6   93 1802 -60
D 5880   0 1380    8
W 5880   10   93 1803 -60
D 5920   0 1381    8
W 5920   15   93 1806 -60
D 5960   0 1381    0
W 5960   21   93 1808 -60
D 6000   0 1382    8
W 6000   27   93 1810 -60
D 6040   0 1382    8
W 6040   34   94 1811 -60
D 6080   0 1382    0
W 6080   40   94 1808 -60
D 6120   0 1381   -8
W 6120   46   94 1807 -60
D 6160   0 1381    0
W 6160   53   94 1805 -60
D 6200   0 1381    0
W 6200   60   94 1805 -60
D 6240   0 1381    0
W 6240   67   94 1806 20
D 6280   0 1381    0
W 6280   70   94 1804 40
D 6320   0 1382    8
W 6320   73   94 1795 70
D 6360   0 1382    0
W 6360   74   94 1779 100
D 6400   0 1395   83
W 6400   75   94 1755 127
D 6440   0 1437  208
W 6440   75   94 1719 127
D 6480   0 1440    0
W 6480   75   94 1672 127
D 6520   0 1440    0
W 6520   75   94 1625 127
D 6560   0 1440    0
W 6560   75   94 1576 127
D 6600   0 1439    0
W 6600   75   94 1520 127
D 6640   0 1439    0
W 6640   75   93 1451 127
D 6680   0 1439    0
W 6680   76   93 1375 127
D 6720   0 1439    0
W 6720   76   93 1296 127
D 6760   0 1439    0
W 6760   76   93 1212 127
D 6800   0 1439    0
W 6800   76   93 1125 127
D 6840   0 1439    0
W 6840   76   94 1037 127
D 6880   0 1438    0
W 6880   76   95  944 127
D 6920   0 1438    0
W 6920   76   95  845 127
D 6960   0 1438    0
W 6960   76   96  742 127
D 7000   0 1438    0
W 7000   76   96  638 0
D 7040   0 1438    0
W 7040   76   96  541 0
D 7080   0 1438    0
W 7080   76   96  456 -20
D 7120   0 1437   -8
W 7120   76   96  398 -35
D 7160   0 1436    0
W 7160   76   96  376 -65
D 7200   0 1433  -16
W 7200   74   95  372 -95
D 7240   0 1435    8
W 7240   72   93  371 -127
D 7280   0 1432   -8
W 7281   67   90  372 -127
D 7320   0 1413 -100
W 7321   62   86  370 -127
D 7360   0 1401  -41
W 7361   57   81  375 -127
D 7400   0 1393  -41
W 7401   50   76  382 -127
D 7440   0 1386  -33
W 7441   43   70  389 -127
D 7480   0 1385    0
W 7481   35   64  393 -127
D 7520   0 1385    0
W 7521   28   58  394 -127
D 7560   0 1385    0
W 7561   20   52  395 -127
D 7600   0 1385    0
W 7601   11   45  394 -127
D 7640   0 1384    0
W 7641    3   38  391 -75
D 7680   0 1385    8
W 7681   -5   31  387 -60
D 7720   0 1385    0
W 7721  -13   24  382 -60
D 7760   0 1385    0
W 7761  -22   18  379 -60
D 7800   0 1386    0
W 7801  -30   11  378 -60
D 7840   0 1386    0
W 7841  -38    5  378 -60
D 7880   0 1386    0
W 7881  -45    0  377 -60
D 7920   0 1386    0
W 7921  -52   -5  376 -60
D 7960   0 1387    8
W 7961  -60  -11  370 -60
D 8000   0 1387    0
W 8001  -67  -16  365 -60
D 8040   0 1388    8
W 8041  -73  -20  382 -60
D 8080   0 1393   25
W 8081  -76  -23  404 -60
D 8120   0 1428  183
W 8121  -79  -25  420 -60
D 8160   0 1431    0
W 8161  -81  -28  436 -60
D 8200   0 1431    0
W 8201  -82  -29  448 -60
D 8240 127 1430   -8
W 8241  -83  -29  454 0
D 8280 127 1428    0
W 8281  -83  -29  456 0
D 8320 127 1427    0
W 8321  -82  -29  456 0
D 8360 127 1427    0
W 8361  -81  -28  457 0
D 8400 127 1427    0
W 8401  -81  -28  457 0
D 8440 127 1426    0
W 8441  -81  -28  457 0
D 8480 127 1425    0
W 8481  -81  -28  456 0
D 8520 127 1425    0
W 8521  -81  -28  456 0
D 8560 127 1425    0
W 8561  -81  -28  456 0
D 8600 127 1425    0
W 8601  -81  -28  456 0
D 8640 127 1426    0
W 8641  -81  -28  456 0
D 8680 127 1428   16
W 8681  -81  -28  456 0
D 8720 127 1427    0
W 8721  -81  -28  456 0
D 8760 127 1425   -8
W 8761  -81  -28  456 0
D 8800 127 1426    8
W 8801  -81  -28  456 0
D 8840 127 1425    0
W 8841  -81  -28  456 0
D 8880 127 1425    0
W 8881  -81  -28  456 0
D 8920 127 1425    0
W 8921  -81  -28  456 0
D 8960 127 1426    8
W 8961  -81  -28  456 0
D 9000 127 1426    0
W 9001  -81  -28  456 0
D 9040 127 1428    8
W 9041  -81  -28  456 0
D 9080 127 1426    0
W 9081  -81  -28  456 0
D 9120 127 1426    0
W 9121  -81  -28  456 0
D 9160 127 1426    0
W 9161  -81  -28  456 0
D 9200 127 1425   -8
W 9201  -81  -28  456 0
D 9240 127 1425    0
W 9241  -81  -28  456 0
D 9280 127 1425    0
W 9281  -81  -28  456 0
D 9320 127 1425   -8
W 9321  -81  -28  456 0
D 9360 127 1426    0
W 9361  -81  -28  456 0
D 9400 127 1427    0
W 9401  -81  -28  456 0
D 9440 127 1426    0
W 9441  -81  -28  456 0
D 9480 127 1426    0
W 9481  -81  -28  456 0
D 9520 127 1426    0
W 9521  -81  -28  456 0
D 9560 127 1425    0
W 9561  -81  -28  456 0
D 9600 127 1425    0
W 9601  -81  -28  456 0
D 9640 127 1425    0
W 9641  -81  -28  456 0
D 9680 127 1426    0
W 9681  -81  -28  456 0
D 9720 127 1426    0
W 9721  -81  -28  456 0
D 9760 127 1426   -8
W 9761  -81  -28  456 0
D 9800 127 1426    0
W 9801  -81  -28  456 0
D 9840 127 1426    0
W 9841  -81  -28  456 0
D 9880 127 1426    0
W 9881  -81  -28  456 0
D 9920 127 1426    0
W 9921  -81  -28  456 0
D 9960 127 1426    0
W 9961  -81  -28  456 0
D 10000 127 1426    0
W 10001  -81  -28  456 0
D 10040 127 1426    8
W 10041  -81  -28  456 0
D 10080 127 1426    0
W 10081  -81  -28  456 0
D 10120 127 1426    0
W 10121  -81  -27  456 0
D 10160 127 1426    0
W 10161  -80  -27  456 0
D 10200 127 1426    0
W 10201  -80  -26  456 0
D 10240 127 1426    0
W 10241  -79  -25  456 0
D 10280 127 1426    0
W 10281  -77  -24  456 0
D 10320 127 1425   -8
W 10321  -76  -22  456 0
D 10360 127 1425    0
W 10361  -74  -21  457 0
D 10400 127 1425   -8
W 10401  -72  -18  455 0
D 10440 127 1425    0
W 10441  -70  -16  455 0
D 10480 127 1426    8
W 10481  -68  -14  455 0
D 10520 127 1426    0
W 10521  -66  -12  455 0
D 10560 127 1426    0
W 10561  -64  -10  456 0
D 10600 127 1426    0
W 10601  -62   -9  456 0
D 10640 127 1426    0
W 10641  -61   -8  456 0
D 10680 127 1426    0
W 10681  -60   -7  456 0
D 10720 127 1425    0
W 10721  -60   -6  456 0
D 10760 127 1425    0
W 10761  -60   -6  456 0
D 10800 127 1425    0
W 10801  -60   -6  456 0
D 10840 127 1426    0
W 10841  -60   -6  456 0
D 10880 127 1426    0
W 10881  -60   -6  456 0
D 10920 127 1426   -8
W 10921  -60   -6  456 0
D 10960 127 1426    0
W 10961  -59   -6  456 0
D 11000 127 1426    0
W 11001  -59   -6  456 0
D 11040 127 1426    0
W 11041  -59   -6  456 0
D 11080 127 1425    0
W 11081  -59   -6  456 0
D 11120 127 1425    0
W 11121  -60   -6  456 0
D 11160 127 1425    0
W 11161  -60   -6  456 0
D 11200 127 1426    0
W 11201  -60   -6  456 0
D 11240 127 1427    8
W 11241  -60   -6  456 0
D 11280 127 1432   -8
W 11281  -60   -6  455 0
D 11320 127 1431    0
W 11321  -60   -6  457 0
D 11360 127 1430    0
W 11361  -60   -6  456 0
D 11400 127 1430    0
W 11401  -60   -6  456 0
D 11440 127 1428    0
W 11441  -60   -6  456 0
D 11480 127 1428    0
W 11481  -60   -6  456 0
D 11520 127 1428    0
W 11521  -60   -6  456 0
D 11560 127 1429    0
W 11561  -60   -6  456 0
D 11600 127 1431    8
W 11601  -60   -6  456 0
D 11640 127 1430   -8
W 11641  -60   -6  456 0
D 11680 127 1430    0
W 11681  -60   -6  456 0
D 11720 127 1429   -8
W 11721  -60   -6  456 0
D 11760 127 1428   -8
W 11761  -60   -6  456 0
D 11800 127 1428    0
W 11801  -60   -6  456 0
D 11840 127 1428    0
W 11841  -60   -6  456 0
D 11880 127 1428    0
W 11881  -60   -6  456 0
D 11920 127 1430    8
W 11921  -60   -6  456 0
D 11960 127 1431    8
W 11961  -60   -6  456 0
D 12000 127 1430   -8
W 12001  -60   -6  457 0
D 12040 127 1430    0
W 12041  -60   -6  457 0
D 12080 127 1430    0
W 12081  -60   -6  457 0
D 12120 127 1429    0
W 12121  -60   -6  457 0
D 12160 127 1428    0
W 12161  -60   -6  457 0
D 12200 127 1428    0
W 12201  -60   -6  457 0
D 12240 127 1429    8
W 12241  -60   -6  457 0
D 12280 127 1429    0
W 12281  -60   -6  457 0
D 12320 127 1430    8
W 12321  -60   -6  457 0
D 12360 127 1430    0
W 12361  -60   -6  457 0
D 12400 127 1430    0
W 12401  -60   -6  457 0
D 12440 127 1430    0
W 12441  -60   -6  457 0
D 12480 127 1430    0
W 12481  -60   -6  457 0
D 12520 127 1429   -8
W 12521  -60   -6  457 0
D 12560 127 1429    0
W 12561  -60   -6  457 0
D 12600 127 1429    8
W 12601  -60   -6  457 0
D 12640 127 1429    0
W 12641  -60   -6  457 0
D 12680 127 1429    0
W 12681  -60   -6  457 0
D 12720 127 1429    0
W 12721  -60   -6  457 0
D 12760 127 1429    0
W 12761  -60   -6  457 0
D 12800 127 1429    0
W 12801  -60   -6  457 0
D 12840 127 1429    0
W 12841  -60   -6  457 0
D 12880 127 1429    0
W 12881  -60   -6  457 0
D 12920 127 1429    0
W 12921  -60   -6  457 0
D 12960 127 1429    0
W 12961  -60   -6  458 0
D 13000 127 1429    0
W 13001  -60   -6  458 0
D 13040 127 1429    0
W 13041  -60   -6  458 0
D 13080 127 1429    0
W 13081  -60   -6  458 0
D 13120 127 1429    0
W 13121  -60   -6  458 0
D 13160 127 1429    0
W 13161  -60   -6  458 0
D 13200 127 1429    0
W 13201  -60   -6  458 0
D 13240 127 1429    0
W 13241  -60   -6  458 0
D 13280 127 1429    0
W 13281  -60   -6  458 0
D 13320 127 1429    0
W 13321  -60   -6  458 0
D 13360 127 1429    8
W 13361  -60   -6  458 0
D 13400 127 1429    0
W 13401  -60   -6  458 0
D 13440 127 1429    0
W 13441  -60   -6  458 0
