

DUMP_MONITOR=START
DUMP_MONITOR=MONITOR
WHEEL_MONITOR=MONITOR
D   41   0  -24    0
W   41  360  200 2700 -40
D   81   0  -24   -8
W   81  360  200 2700 -70
D  121   0  -23    0
W  121  360  203 2700 -100
D  161   0  -22    8
W  161  360  207 2700 -127
D  201   0  -23    0
W  201  360  213 2700 -127
D  241   0  -23    8
W  241  360  221 2700 -127
D  281   0  -23    8
W  281  360  230 2701 -127
D  321   0  -24    0
W  321  359  240 2702 -127
D  361   0  -24   -8
W  361  359  251 2704 -127
D  401   0  -24   -8
W  401  359  263 2706 -127
D  441   0  -25    0
W  441  359  274 2708 -127
D  481   0  -25    0
W  481  359  287 2711 -127
D  521   0  -25    0
W  521  359  299 2714 -127
D  561   0  -25    0
W  561  358  312 2716 -127
D  601   0  -25   -8
W  601  358  325 2717 -127
D  641   0  -25   -8
W  641  358  339 2716 -127
D  681   0  -24    8
W  681  357  352 2717 -127
D  721   0  -24    8
W  721  357  366 2718 -127
D  761   0  -25    0
W  761  356  380 2722 -127
D  801   0  -25    0
W  801  356  394 2725 -127
D  841   0  -11  116
W  841  355  408 2728 0
D  881 -45   55  325
W  881  354  422 2730 0
D  921 -45  104   83
W  921  354  436 2728 0
D  961 -45   91  -91
W  961  353  445 2732 0
D 1001 -45   53 -116
W 1001  353  452 2735 0
D 1041 -45   38   -8
W 1041  352  461 2732 0
D 1081 -45   31  -50
W 1081  352  469 2731 0
D 1121 -45    5 -141
W 1121  352  475 2732 0
D 1161 -45   -5  -41
W 1161  351  482 2731 0
D 1201   0  -16  -41
W 1201  351  488 2733 0
D 1241   0  -17   -8
W 1241  351  493 2737 25
D 1281   0  -16    0
W 1281  350  496 2734 55
D 1321   0  -16    0
W 1321  350  495 2735 85
D 1361   0  -16    0
W 1361  351  491 2736 127
D 1401   0  -16    0
W 1401  351  485 2737 127
D 1441   0  -16    0
W 1441  351  479 2743 127
D 1481   0  -17   -8
W 1481  352  472 2745 127
D 1521   0  -17    0
W 1521  353  464 2746 127
D 1561   0  -16    8
W 1561  353  455 2748 127
D 1601   0  -16    8
W 1601  354  444 2749 127
D 1641   0  -16    0
W 1641  355  432 2749 127
D 1681   0  -18   -8
W 1681  356  421 2750 127
D 1721   0  -18   -8
W 1721  357  409 2752 127
D 1761   0  -17    0
W 1761  359  396 2754 127
D 1801   0  -17    0
W 1801  360  383 2755 127
D 1841   0  -17    0
W 1841  361  370 2756 127
D 1881   0  -18   -8
W 1881  362  357 2755 127
D 1921   0  -17    8
W 1921  364  344 2755 127
D 1961   0  -18  -16
W 1961  365  331 2756 127
D 2001   0  -17    0
W 2001  366  319 2759 127
D 2041   0  -17    8
W 2041  367  308 2765 127
D 2081   0  -18    0
W 2081  368  299 2773 127
D 2121  40  -17   -8
W 2121  369  290 2780 0
D 2161  40  -17   -8
W 2161  370  287 2781 0
D 2201  40  -17   -8
W 2201  370  286 2774 -25
D 2241  40  -16    8
W 2241  370  288 2769 -55
D 2281  40  -16    0
W 2281  369  292 2768 -85
D 2321  40  -16    0
W 2321  368  299 2766 -127
D 2361  40  -17    0
W 2361  368  307 2755 -127
D 2401  40    8  108
W 2401  367  316 2741 -127
D 2441  40   31   91
W 2441  366  325 2735 -127
D 2481  40   46   58
W 2481  366  335 2734 -127
D 2521  40   66   91
W 2521  365  345 2733 -127
D 2561  40   86   83
W 2561  364  356 2731 -127
D 2601  40  101   50
W 2601  364  368 2734 -127
D 2641  40  113   50
W 2641  363  380 2735 -127
D 2681  40  117   16
W 2681  362  391 2737 -127
D 2721  40  126   41
W 2721  361  404 2739 -127
D 2761  40  138   58
W 2761  361  417 2741 -127
D 2801 127  147   25
W 2801  360  429 2742 -127
D 2841 127  160   66
W 2841  359  442 2743 -127
D 2881 127  175   83
W 2881  358  454 2742 -127
D 2921 127  198  108
W 2921  357  467 2742 -127
D 2961 127  213   25
W 2961  356  479 2742 -127
D 3001 127  223   33
W 3001  355  492 2743 -127
D 3041 127  253  183
W 3041  354  504 2744 -127
D 3081 127  275  116
W 3081  353  517 2743 -127
D 3121 127  304  108
W 3121  352  530 2746 -127
D 3161 127  336  116
W 3161  351  542 2746 -127
D 3201 127  370  125
W 3201  350  556 2746 -60
D 3241 127  418  191
W 3241  349  568 2747 -50
D 3281 127  446  116
W 3281  348  579 2748 -50
D 3321 127  490  200
W 3321  347  590 2748 -50
D 3361 127  534  116
W 3361  346  600 2748 -50
D 3401 127  583  200
W 3401  346  610 2747 -50
D 3441 127  641  258
W 3441  345  619 2748 -50
D 3481 127  684  233
W 3481  344  627 2748 -50
D 3521 127  736  191
W 3521  343  635 2748 -50
D 3561 127  783  191
W 3561  343  642 2748 -50
D 3601 127  841  225
W 3601  342  649 2748 -50
D 3641 127  901  225
W 3641  342  655 2748 -50
D 3681 127  967  316
W 3681  341  660 2745 -50
D 3721 127 1034  300
W 3721  341  663 2731 -50
D 3761 127 1110  308
W 3761  341  664 2723 -50
D 3801 127 1191  350
W 3801  341  664 2722 -50
D 3841   0 1271  341
W 3841  341  664 2722 -50
D 3881   0 1346  300
W 3881  341  664 2721 -50
D 3921 -127 1411  216
W 3921  341  664 2718 -50
D 3961 -127 1443  100
W 3961  341  665 2709 -50
D 4001 -127 1443    0
W 4001  341  667 2697 -50
D 4041 -127 1430  -91
W 4041  341  668 2683 -50
D 4081 -127 1408  -66
W 4081  341  669 2685 -50
D 4121 -127 1363 -275
W 4121  341  669 2686 -50
D 4161 -127 1293 -275
W 4161  341  669 2687 -50
D 4201 -127 1228 -266
W 4201  341  670 2687 -50
D 4241 -127 1146 -350
W 4241  341  671 2687 0
D 4281 -127 1067 -325
W 4281  341  670 2688 0
D 4321 -127  997 -291
W 4321  341  669 2688 0
D 4361 -127  927 -300
W 4361  341  669 2688 0
D 4401 -127  859 -258
W 4401  341  668 2688 0
D 4441 -127  785 -333
W 4441  341  639 2700 25
D 4481 -127  730 -216
W 4481  341  639 2700 55
D 4521 -127  676 -216
W 4521  341  638 2702 85
D 4561 -127  612 -283
W 4561  341  633 2704 127
D 4601 -127  536 -350
W 4601  341  628 2707 127
D 4641 -127  451 -391
W 4641  341  621 2707 127
D 4681 -127  366 -408
W 4681  341  612 2708 127
D 4721 -127  298 -275
W 4721  341  602 2706 127
D 4761 -127  208 -383
W 4761  342  592 2706 127
D 4801 -45  113 -391
W 4801  342  580 2706 127
D 4841 -45   30 -333
W 4841  342  567 2705 127
D 4881   0   -9  -16
W 4881  342  556 2709 127
D 4921   0  -11    0
W 4921  342  544 2710 127
D 4961   0  -11   -8
W 4961  342  531 2702 127
D 5001   0  -11   -8
W 5001  342  519 2697 127
D 5041   0  -11    0
W 5041  342  507 2696 127
D 5081   0  -11    0
W 5081  342  494 2696 127
D 5121   0  -11    0
W 5121  342  481 2697 127
D 5161   0  -11    0
W 5161  342  469 2697 127
D 5201   0  -11    0
W 5201  342  455 2698 127
D 5241   0  -11    0
W 5241  342  441 2700 127
D 5281   0  -11    0
W 5281  342  428 2701 127
D 5321   0  -12   -8
W 5321  342  416 2701 127
D 5361   0  -11    0
W 5361  342  403 2700 127
D 5401   0  -11    0
W 5401  342  389 2700 127
D 5441   0  -13  -16
W 5441  342  376 2700 127
D 5481   0  -11    0
W 5481  342  362 2701 127
D 5521   0  -11    0
W 5521  342  349 2701 127
D 5561   0  -11    0
W 5561  342  335 2699 127
D 5601   0  -12   -8
W 5601  342  322 2698 127
D 5641   0  -11    8
W 5641  342  308 2699 127
D 5681  40  -11    8
W 5681  342  294 2702 0
D 5721  40  -11    0
W 5721  342  282 2703 0
D 5761  40  -11    0
W 5761  342  271 2702 0
D 5801  40  -11    0
W 5801  342  265 2710 -40
D 5841  40  -11    0
W 5841  342  265 2723 -55
D 5881  40  -11    0
W 5881  342  269 2733 -85
D 5921  40  -11   16
W 5921  341  276 2733 -127
D 5961  40    5   83
W 5961  341  284 2731 -127
D 6001  40   25   75
W 6001  340  293 2725 -127
D 6041  40   38   41
W 6041  340  301 2723 -127
D 6081  40   53   58
W 6081  340  310 2721 -127
D 6121  40   81  141
W 6121  339  322 2720 -127
D 6161  40  114  133
W 6161  339  334 2718 -127
D 6201  40  142  133
W 6201  339  345 2719 -127
D 6241  40  165   91
W 6241  338  356 2720 -127
D 6281  40  188  100
W 6281  338  368 2720 -127
D 6321  40  220  125
W 6321  337  380 2723 -127
D 6361  40  246  133
W 6361  337  393 2724 -127
D 6401  40  278  133
W 6401  336  406 2726 -127
D 6441  40  305  100
W 6441  336  418 2729 -127
D 6481 127  327   75
W 6481  335  430 2730 -127
D 6521 127  363  175
W 6521  334  443 2731 -127
D 6561 127  417  241
W 6561  334  456 2730 -127
D 6601 127  465  208
W 6601  333  469 2727 -127
D 6641 127  526  275
W 6641  332  482 2729 -127
D 6681 127  578  266
W 6681  332  494 2730 -127
D 6721 127  637  266
W 6721  331  506 2730 -127
D 6761 127  703  316
W 6761  330  518 2729 -127
D 6801 127  768  275
W 6801  330  530 2730 -127
D 6841 127  840  308
W 6841  329  541 2730 -127
D 6881 127  911  308
W 6881  329  551 2731 -75
D 6921 127  985  291
W 6921  328  561 2731 -50
D 6961 127 1062  350
W 6961  328  570 2730 -50
D 7001 127 1146  375
W 7001  327  579 2731 -50
D 7041   0 1240  400
W 7041  327  587 2732 -50
D 7081   0 1336  366
W 7081  326  594 2732 -50
D 7121   0 1416  275
W 7121  326  601 2733 -50
D 7161 -127 1448   16
W 7161  326  607 2732 -50
D 7201 -127 1451   -8
W 7201  325  612 2736 -50
D 7241 -127 1449   16
W 7241  325  618 2746 -50
D 7281 -127 1459  -16
W 7281  324  626 2741 -50
D 7321 -127 1441 -125
W 7321  324  633 2732 -50
D 7361 -127 1414 -141
W 7361  323  641 2726 -50
D 7401 -127 1366 -266
W 7401  323  649 2725 -50
D 7441 -127 1293 -316
W 7441  323  654 2725 -50
D 7481 -127 1219 -266
W 7481  323  657 2728 -50
D 7521 -127 1161 -266
W 7521  323  660 2734 0
D 7561 -127 1066 -366
W 7561  322  661 2736 0
D 7601 -127  980 -358
W 7601  322  661 2736 0
D 7641 -127  914 -225
W 7641  323  661 2736 0
D 7681 -127  861 -241
W 7681  323  661 2736 0
D 7721 -127  760 -466
W 7721  323  639 2700 0
D 7761 -127  660 -425
W 7761  323  638 2702 40
D 7801 -127  578 -275
W 7801  323  636 2705 70
D 7841 -127  523 -191
W 7841  323  632 2704 100
D 7881 -127  439 -358
W 7881  323  627 2710 127
D 7921 -127  349 -391
W 7921  323  620 2712 127
D 7961 -127  269 -333
W 7961  323  611 2712 127
D 8001 -127  205 -233
W 8001  323  602 2711 127
D 8041 -45  128 -333
W 8041  323  591 2711 127
D 8081 -45   37 -383
W 8081  324  579 2710 127
D 8121 -45   -8    0
W 8121  324  568 2710 127
D 8161   0  -10  -16
W 8161  324  556 2707 127
D 8201   0  -14  -25
W 8201  324  545 2702 127
D 8241   0  -15    8
W 8241  324  533 2699 127
D 8281   0  -16    0
W 8281  324  521 2696 127
D 8321   0  -16    0
W 8321  324  508 2698 127
D 8361   0  -16    0
W 8361  324  496 2699 127
D 8401   0  -16    0
W 8401  324  483 2701 127
D 8441   0  -17   -8
W 8441  324  470 2703 127
D 8481   0  -17    0
W 8481  324  456 2705 127
D 8521   0  -16    0
W 8521  324  443 2706 127
D 8561   0  -16    0
W 8561  324  431 2706 127
D 8601   0  -12   25
W 8601  324  418 2705 127
D 8641   0  -10    8
W 8641  325  405 2705 127
D 8681 -45   -8    0
W 8681  325  391 2706 127
D 8721 -45   -8    0
W 8721  325  378 2707 127
D 8761 -45   -8    0
W 8761  325  365 2704 127
D 8801 -45  -10  -16
W 8801  325  352 2699 127
D 8841   0  -11  -16
W 8841  325  338 2697 127
D 8881   0  -14  -25
W 8881  325  327 2696 127
D 8921   0  -14    0
W 8921  325  314 2695 127
D 8961   0  -14    8
W 8961  325  302 2695 127
D 9001  40  -14    0
W 9001  325  292 2693 0
D 9041  40  -14    8
W 9041  324  284 2692 0
D 9081  40  -15    0
W 9081  324  281 2683 0
D 9121  40  -13   16
W 9121  324  281 2683 -40
D 9161  40  -15    0
W 9161  324  283 2684 -70
D 9201  40  -13    0
W 9201  325  288 2685 -100
D 9241  40   -8   50
W 9241  325  296 2686 -127
D 9281  40   22  133
W 9281  325  304 2688 -127
D 9321  40   51  108
W 9321  325  313 2688 -127
D 9361  40   73   83
W 9361  325  323 2688 -127
D 9401  40   98  108
W 9401  326  333 2687 -127
D 9441  40  127  100
W 9441  326  344 2686 -127
D 9481  40  160  158
W 9481  326  356 2685 -127
D 9521  40  186  125
W 9521  326  368 2687 -127
D 9561  40  210  100
W 9561  327  379 2688 -127
D 9601  40  231   83
W 9601  327  391 2689 -127
D 9641  40  256  108
W 9641  327  403 2691 -127
D 9681  40  286  125
W 9681  327  416 2691 -127
D 9721 127  308   58
W 9721  328  428 2694 -127
D 9761 127  336  100
W 9761  328  441 2697 -127
D 9801 127  376  175
W 9801  328  453 2696 -127
D 9841 127  421  166
W 9841  328  466 2697 -127
D 9881 127  475  225
W 9881  328  479 2694 -127
D 9921 127  528  225
W 9921  328  492 2695 -127
D 9961 127  581  225
W 9961  328  504 2696 -127
D 10001 127  642  258
W 10001  328  516 2695 -127
D 10041 127  711  316
W 10041  328  527 2695 -127
D 10081 127  770  250
W 10081  328  539 2694 -127
D 10121 127  838  283
W 10121  329  550 2695 -75
D 10161 127  905  283
W 10161  329  560 2696 -45
D 10201 127  980  350
W 10201  329  569 2695 -45
D 10241 127 1052  325
W 10241  329  578 2695 -45
D 10281 127 1138  358
W 10281  329  586 2696 -45
D 10321 127 1226  358
W 10321  329  593 2697 -45
D 10361   0 1315  375
W 10361  329  600 2697 -45
D 10401   0 1395  325
W 10401  329  606 2697 -45
D 10441 -127 1442   50
W 10441  329  611 2698 -45
D 10481 -127 1444    0
W 10481  329  616 2696 -45
D 10521 -127 1445    0
W 10521  329  620 2701 -45
D 10561 -127 1444   -8
W 10561  329  626 2705 -45
D 10601 -127 1435  -50
W 10601  329  632 2706 -45
D 10641 -127 1408 -150
W 10641  329  639 2705 -45
D 10681 -127 1367 -183
W 10681  329  646 2703 -45
D 10721 -127 1315 -216
W 10721  329  653 2699 -45
D 10761 -127 1269 -200
W 10761  329  659 2697 -45
D 10801 -127 1221 -200
W 10801  329  664 2697 -45
D 10841 -127 1169 -241
W 10841  329  640 2699 25
D 10881 -127 1096 -358
W 10881  329  641 2694 55
D 10921 -127  998 -375
W 10921  329  640 2694 85
D 10961 -127  915 -333
W 10961  329  634 2694 127
D 11001 -127  863 -191
W 11001  329  627 2694 127
D 11041 -127  773 -416
W 11041  329  619 2693 127
D 11081 -127  681 -400
W 11081  329  609 2694 127
D 11121 -127  606 -283
W 11121  328  597 2695 127
D 11161 -127  546 -241
W 11161  328  585 2695 127
D 11201 -127  498 -233
W 11201  328  573 2697 127
D 11241 -127  423 -333
W 11241  328  560 2696 127
D 11281 -127  328 -391
W 11281  328  547 2696 127
D 11321 -127  246 -333
W 11321  328  533 2695 127
D 11361 -127  170 -358
W 11361  328  520 2696 127
D 11401 -45   80 -383
W 11401  328  506 2696 127
D 11441 -45   -9 -341
W 11441  328  492 2697 127
D 11481   0  -14  -50
W 11481  328  480 2698 127
D 11521   0  -16    0
W 11521  328  467 2697 127
D 11561   0  -16    0
W 11561  327  454 2697 127
D 11601   0  -16    0
W 11601  327  442 2697 127
D 11641   0  -16    0
W 11641  327  429 2696 127
D 11681   0  -16    0
W 11681  327  417 2696 127
D 11721   0  -16    0
W 11721  327  404 2695 127
D 11761   0  -17    0
W 11761  327  392 2694 127
D 11801   0  -17  -16
W 11801  327  384 2678 127
D 11841   0  -18    0
W 11841  327  377 2649 127
D 11881   0  -16    8
W 11881  326  371 2606 127
D 11921   0  -16    0
W 11921  325  367 2558 127
D 11961   0  -16    8
W 11961  325  366 2510 127
D 12001   0  -13   25
W 12001  324  365 2463 127
D 12041   0  -11    8
W 12041  324  364 2416 127
D 12081 -45   -7   16
W 12081  324  363 2364 127
D 12121 -45   -7   -8
W 12121  323  363 2312 0
D 12161 -45  -10  -16
W 12161  322  362 2259 0
D 12201 -45   -8    0
W 12201  321  361 2221 0
D 12241 -45   -9   -8
W 12241  321  360 2189 0
D 12281   0   -9    8
W 12281  320  360 2165 40
D 12321   0  -10    8
W 12321  319  359 2152 82
D 12361   0  -12    0
W 12361  318  358 2133 40
D 12401   0  -11    8
W 12401  318  358 2101 0
D 12441   0  -12   -8
W 12441  317  358 2077 40
D 12481   0  -14   -8
W 12481  317  358 2064 82
D 12521   0  -15    0
W 12521  317  357 2038 -20
D 12561   0  -15    0
W 12561  317  358 2010 -20
D 12601   0  -16    0
W 12601  317  357 2003 -5
D 12641   0  -16   -8
W 12641  316  357 2006 40
D 12681   0  -16    0
W 12681  315  357 2012 70
D 12721   0  -15    8
W 12721  311  355 2021 100
D 12761   0  -15    0
W 12761  306  353 2030 127
D 12801   0  -16   -8
W 12801  300  351 2037 127
D 12841   0  -16   -8
W 12841  293  348 2041 127
D 12881   0  -16   -8
W 12881  285  344 2044 127
D 12921   0  -15    0
W 12921  276  340 2042 127
D 12961   0  -15    8
W 12961  268  336 2037 127
D 13001   0  -16    0
W 13001  258  332 2032 127
D 13041   0  -15    0
W 13041  248  328 2030 127
D 13081   0  -15    8
W 13081  238  323 2031 127
D 13121   0  -16    0
W 13121  228  319 2033 127
D 13161   0  -16   -8
W 13161  217  314 2036 127
D 13201   0  -15    8
W 13201  206  309 2039 127
D 13241   0  -16   -8
W 13241  195  304 2043 127
D 13281   0  -15    8
W 13281  184  300 2045 127
D 13321 127  -15    8
W 13321  173  295 2046 127
D 13361 127  -15    0
W 13361  162  290 2049 127
D 13401 127  -16    0
W 13401  152  285 2054 127
D 13441 127  -15    0
W 13441  142  280 2057 127
D 13481 127    8  150
W 13481  131  275 2049 127
D 13521 127   52  175
W 13521  121  270 2046 127
D 13561 127   95  183
W 13561  110  265 2048 127
D 13601 127  134  158
W 13601  100  260 2049 127
D 13641 127  186  208
W 13641   89  255 2048 127
D 13681 127  236  208
W 13681   78  250 2045 127
D 13721  28  309  300
W 13721   67  245 2043 127
D 13761  20  383  308
W 13761   55  240 2042 127
D 13801  19  442  225
W 13801   44  235 2043 127
D 13841  19  500  266
W 13841   31  229 2043 127
D 13881  13  551  208
W 13881   18  223 2043 127
D 13921   7  608  258
W 13921    6  218 2043 127
D 13961   3  653  158
W 13961   -6  212 2043 127
D 14001   4  689  133
W 14001  -18  207 2044 127
D 14081   8  728   50
W 14081  -43  195 2048 127
D 14121   9  742   58
W 14121  -55  190 2049 127
D 14161  12  747   16
W 14161  -67  184 2050 127
D 14201  15  747    0
W 14201  -78  179 2050 127
D 14241  11  751    0
W 14241  -88  174 2046 127
D 14281  14  751    0
W 14281  -96  171 2055 127
D 14321  14  752    8
W 14321 -103  167 2071 127
D 14361  15  751    0
W 14361 -108  165 2094 127
D 14401  14  752    8
W 14401 -111  163 2105 127
D 14441  15  751    0
W 14441 -115  161 2117 127
D 14481  13  752    0
W 14481 -118  159 2132 127
D 14521  13  753    0
W 14521 -120  157 2140 127
D 14561  13  755    8
W 14561 -121  156 2149 127
D 14601  15  755    8
W 14601 -123  155 2156 127
D 14641  11  758    0
W 14641 -124  155 2160 127
D 14681  14  758    0
W 14681 -125  154 2165 127
D 14721  13  759    0
W 14721 -125  153 2169 127
D 14761  14  759    8
W 14761 -126  153 2171 127
D 14801  14  759    0
W 14801 -127  152 2173 127
D 14841  14  759    0
W 14841 -127  152 2175 127
D 14881  14  759    0
W 14881 -127  152 2178 127
D 14921  13  760    0
W 14921 -128  152 2178 127
D 14961  14  760    0
W 14961 -128  152 2178 127
D 15001  14  760    0
W 15001 -128  152 2178 127
D 15041  14  759    0
W 15041 -128  152 2178 127
D 15081  13  760    0
W 15081 -128  152 2178 127
D 15121  14  760    8
W 15121 -128  152 2178 127
D 15161  14  760    0
W 15161 -128  152 2178 127
D 15201  14  759   -8
W 15201 -128  152 2178 127
D 15241  13  760    0
W 15241 -128  152 2178 127
D 15281  14  759   -8
W 15281 -128  152 2178 127
D 15321  13  760    0
W 15321 -128  152 2178 127
D 15361  14  759   -8
W 15361 -128  152 2178 127
D 15401  14  760    8
W 15401 -128  152 2178 127
D 15441  14  760    8
W 15441 -128  152 2178 127
D 15481  14  759    0
W 15481 -128  152 2178 127
D 15521  14  760    8
W 15521 -128  152 2178 127
D 15561  14  759    0
W 15561 -128  152 2178 127
D 15601  14  759    0
W 15601 -128  152 2178 127
D 15641  14  759    0
W 15641 -128  152 2178 127
D 15681  14  759    0
W 15681 -128  152 2178 127
D 15721  14  759    0
W 15721 -128  152 2178 127
D 15761  14  759    0
W 15761 -128  152 2178 127
D 15801  14  759    0
W 15801 -128  152 2178 127
D 15841  14  759    0
W 15841 -128  152 2178 127
D 15881  16  755   -8
W 15881 -128  152 2178 -25
D 15921  14  755    0
W 15921 -127  152 2178 -55
D 15961  14  755    0
W 15961 -126  153 2178 -85
D 16001  13  758   16
W 16001 -125  154 2182 -127
D 16041  15  758    8
W 16041 -124  155 2190 -127
D 16081  14  757   -8
W 16081 -123  155 2202 -127
D 16121  13  758    0
W 16121 -122  156 2214 -127
D 16161  14  758    0
W 16161 -121  157 2225 -127
D 16201  14  757   -8
W 16201 -121  157 2240 -127
D 16241  13  758    0
W 16241 -121  157 2257 -127
D 16281  14  757   -8
W 16281 -120  158 2279 -127
D 16321  14  757    0
W 16321 -120  158 2307 -127
D 16361  14  756   -8
W 16361 -119  159 2340 -127
D 16401  14  756    0
W 16401 -119  160 2374 -127
D 16441  14  755   -8
W 16441 -118  161 2412 0
D 16481  14  754   -8
W 16481 -118  161 2448 0
D 16521  13  755    0
W 16521 -118  161 2471 -54
D 16561  14  754   -8
W 16561 -118  161 2486 -68
D 16601  13  755    0
W 16601 -118  161 2519 0
D 16641  14  755    0
W 16641 -118  161 2559 0
D 16681  14  755    0
W 16681 -118  160 2583 -54
D 16721  14  755    0
W 16721 -118  160 2593 -96
D 16761  14  755    0
W 16761 -118  160 2616 0
D 16801  14  755    0
W 16801 -118  159 2657 0
D 16841  14  755    0
W 16841 -118  159 2676 -82
D 16881  14  755    0
W 16881 -118  159 2677 -110
D 16921  14  755    0
W 16921 -118  159 2704 20
D 16961  15  754    0
W 16961 -118  158 2731 20
D 17001  13  754   -8
W 17001 -118  158 2733 -25
D 17041  13  755    0
W 17041 -118  159 2730 -40
D 17081  14  755    0
W 17081 -118  162 2731 -70
D 17121  14  756    8
W 17121 -119  166 2734 -100
D 17161  14  756    0
W 17161 -119  171 2734 -127
D 17201  15  755    0
W 17201 -119  177 2734 -127
D 17241  14  754   -8
W 17241 -120  184 2733 -127
D 17281  16  746  -50
W 17281 -120  193 2734 -127
D 17321  20  739  -16
W 17321 -121  202 2733 -127
D 17361  16  739    0
W 17361 -121  213 2731 -127
D 17401  16  739    0
W 17401 -122  223 2728 -127
D 17441  16  739    0
W 17441 -122  234 2728 -127
D 17481  16  740    8
W 17481 -123  244 2726 -127
D 17521  16  740    0
W 17521 -123  253 2724 -127
D 17561  16  740    0
W 17561 -124  263 2725 -127
D 17601  16  740    0
W 17601 -124  273 2726 -127
D 17641  16  741    8
W 17641 -125  283 2727 -127
D 17681  13  746   25
W 17681 -125  292 2729 -127
D 17721  12  749    0
W 17721 -126  303 2728 -127
D 17761  15  750    8
W 17761 -126  312 2728 -127
D 17801  15  750    8
W 17801 -127  323 2728 -127
D 17841  15  750    0
W 17841 -127  333 2729 -127
D 17881  15  749    0
W 17881 -128  343 2728 -127
D 17921  15  750    8
W 17921 -128  354 2729 -127
D 17961  15  750    0
W 17961 -129  364 2728 -127
D 18001  15  750    0
W 18001 -129  374 2728 -127
D 18041  15  750    0
W 18041 -130  384 2729 -127
D 18081  15  749    0
W 18081 -130  394 2730 -127
D 18121  15  748   -8
W 18121 -131  404 2730 -127
D 18161  15  748    0
W 18161 -131  413 2731 -127
D 18201 127  749    8
W 18201 -132  423 2732 -127
D 18241 127  751    8
W 18241 -132  432 2732 -127
D 18281 127  766   83
W 18281 -133  442 2732 -127
D 18321 127  790  125
W 18321 -133  452 2732 -127
D 18361 127  829  158
W 18361 -134  460 2732 -127
D 18401 127  865  208
W 18401 -134  469 2732 -127
D 18441 127  913  216
W 18441 -135  477 2731 -127
D 18481 127  981  275
W 18481 -135  485 2731 -127
D 18521 127 1044  275
W 18521 -136  492 2729 -127
D 18561 127 1115  266
W 18561 -136  500 2728 -127
D 18601 127 1193  333
W 18601 -136  506 2729 -60
D 18641   0 1277  366
W 18641 -136  511 2728 -45
D 18681   0 1360  358
W 18681 -137  515 2727 -45
D 18721   0 1443  333
W 18721 -137  518 2729 -45
D 18761 -127 1449    8
W 18761 -137  519 2726 -45
D 18801 -127 1448    0
W 18801 -137  521 2725 -45
D 18841 -127 1453   16
W 18841 -137  525 2723 -45
D 18881 -127 1435 -133
W 18881 -137  530 2721 -45
D 18921 -127 1409 -116
W 18921 -138  535 2720 -45
D 18961 -127 1355 -275
W 18961 -138  541 2718 -45
D 19001 -127 1298 -233
W 19001 -138  546 2715 -45
D 19041 -127 1248 -208
W 19041 -138  553 2709 -45
D 19081 -127 1206 -166
W 19081 -138  559 2700 -45
D 19121 -127 1165 -191
W 19121 -138  565 2693 -45
D 19161 -127 1124 -175
W 19161 -138  572 2687 -45
D 19201 -127 1085 -150
W 19201 -138  579 2683 -45
D 19241 -127 1044 -175
W 19241 -138  585 2680 -45
D 19281 -127  999 -183
W 19281 -137  592 2678 -45
D 19321 -127  960 -166
W 19321 -137  597 2677 -45
D 19361 -127  916 -183
W 19361 -137  601 2668 -45
D 19401 -127  845 -375
W 19401 -137  603 2662 -45
D 19441 -127  756 -291
W 19441 -137  604 2665 -45
D 19481 -127  679 -300
W 19481 -137  640 2701 0
D 19521 -127  621 -291
W 19521 -137  640 2701 40
D 19561 -127  502 -566
W 19561 -137  637 2701 70
D 19601 -127  355 -583
W 19601 -137  631 2701 100
D 19641 -127  243 -416
W 19641 -137  623 2706 127
D 19681 -127  167 -283
W 19681 -137  615 2715 127
D 19721 -45  115 -216
W 19721 -136  606 2734 127
D 19761 -45   11 -475
W 19761 -136  597 2734 127
D 19801 -45   -8   16
W 19801 -135  589 2727 127
D 19841 -45   -9   -8
W 19841 -135  581 2729 127
D 19881   0  -11   -8
W 19881 -134  571 2729 127
D 19921   0  -10    8
W 19921 -134  561 2734 127
D 19961   0  -11   -8
W 19961 -133  550 2737 127
D 20001   0  -10    0
W 20001 -132  539 2740 127
D 20041   0  -11   -8
W 20041 -132  528 2742 127
D 20081   0  -12   -8
W 20081 -131  516 2743 127
D 20121   0  -11    0
W 20121 -130  504 2741 127
D 20161   0  -11    0
W 20161 -129  491 2742 127
D 20201   0  -11    0
W 20201 -128  479 2744 127
D 20241   0  -11    8
W 20241 -127  466 2745 127
D 20281   0  -11    8
W 20281 -126  454 2744 127
D 20321   0  -12   -8
W 20321 -125  442 2743 127
D 20361   0  -11    0
W 20361 -124  431 2736 127
D 20401   0  -11    0
W 20401 -124  421 2726 127
D 20441   0  -11    8
W 20441 -123  412 2718 127
D 20481   0  -11    8
W 20481 -123  405 2707 127
D 20521   0   -9   16
W 20521 -123  400 2694 127
D 20561 -45   -6    8
W 20561 -123  398 2690 127
D 20601 -45   -6    0
W 20601 -123  397 2689 127
D 20641 -45   -8  -16
W 20641 -123  397 2689 127
D 20681   0  -12   -8
W 20681 -123  397 2689 127
D 20721   0  -12   -8
W 20721 -123  397 2688 127
D 20761   0  -12    8
W 20761 -123  397 2688 127
D 20801   0  -13    0
W 20801 -123  396 2688 127
D 20841   0  -13    0
W 20841 -123  396 2686 127
D 20881   0  -13    8
W 20881 -123  396 2686 127
D 20921   0  -13   -8
W 20921 -123  396 2686 127
D 20961   0  -13    0
W 20961 -123  396 2686 127
D 21001  40  -18   -8
W 21001 -123  396 2686 0
D 21041  40  -18    8
W 21041 -123  398 2686 0
D 21081  40  -19    0
W 21081 -123  402 2687 -25
D 21121  40  -18    0
W 21121 -123  407 2687 -55
D 21161  40  -18    0
W 21161 -123  414 2688 -85
D 21201 127  -18   -8
W 21201 -123  421 2686 -127
D 21241 127   -3  108
W 21241 -122  432 2680 -127
D 21281 127   33  166
W 21281 -122  441 2654 -127
D 21321 127   87  233
W 21321 -121  452 2646 -127
D 21361 127  158  350
W 21361 -120  462 2650 -127
D 21401 127  243  341
W 21401 -119  473 2649 -127
D 21441 127  341  425
W 21441 -118  484 2648 -127
D 21481 127  460  408
W 21481 -117  496 2650 -127
D 21521 127  571  450
W 21521 -116  506 2650 -127
D 21561 127  685  458
W 21561 -115  517 2652 -127
D 21601 127  792  433
W 21601 -114  527 2655 -75
D 21641 127  898  425
W 21641 -114  537 2656 -45
D 21681 127  996  383
W 21681 -113  546 2656 -45
D 21721 127 1093  391
W 21721 -112  554 2653 -45
D 21761 127 1194  425
W 21761 -112  561 2650 -45
D 21801   0 1295  433
W 21801 -111  569 2649 -45
D 21841   0 1373  316
W 21841 -110  576 2648 -45
D 21881 -127 1421  133
W 21881 -110  582 2645 -45
D 21921 -127 1439   66
W 21921 -109  586 2644 -45
D 21961 -127 1451   66
W 21961 -109  591 2648 -45
D 22001 -127 1449  -41
W 22001 -109  596 2651 -45
D 22041 -127 1418 -158
W 22041 -108  601 2658 -45
D 22081 -127 1355 -316
W 22081 -108  607 2666 -45
D 22121 -127 1294 -225
W 22121 -107  613 2676 -45
D 22161 -127 1245 -200
W 22161 -107  620 2688 -45
D 22201   0 1202 -166
W 22201 -107  626 2706 -40
D 22241   0 1191   -8
W 22241 -107  632 2729 -45
D 22281   0 1191    0
W 22281 -108  639 2758 -45
D 22321   0 1191    0
W 22321 -109  646 2787 -45
D 22361   0 1191    0
W 22361 -110  654 2817 -45
D 22401   0 1191    0
W 22401 -112  661 2848 -45
D 22441   0 1193   16
W 22441 -114  668 2878 -45
D 22481   0 1198   25
W 22481 -116  675 2905 -45
D 22521   0 1203   16
W 22521 -119  682 2928 -45
D 22561   0 1208   25
W 22561 -122  689 2945 -45
D 22601   0 1220   41
W 22601 -125  696 2955 -45
D 22641   0 1231   41
W 22641 -128  703 2960 -45
