

pre_auton
%  batt 7.98v 8.15v
usercontrol
DUMP_MONITOR=START
DUMP_MONITOR=MONITOR
WHEEL_MONITOR=MONITOR
D   40   0  -28    0
W   40  360  200 2700 -40
D   80   0  -28    0
W   80  360  201 2701 -70
D  120   0  -27    8
W  120  359  203 2701 -100
D  160   0  -26    0
W  160  359  207 2701 -127
D  200   0  -26    0
W  200  359  213 2699 -127
D  240   0  -28   -8
W  240  359  220 2700 -127
D  280   0  -28    0
W  280  359  228 2702 -127
D  320   0  -28    0
W  320  359  237 2704 -127
D  360   0  -28    0
W  360  359  248 2706 -127
D  400   0  -28   -8
W  400  359  258 2709 -127
D  440   0  -29   -8
W  440  359  270 2712 -127
D  480   0  -29    0
W  480  359  281 2715 -127
D  520   0  -28    8
W  520  358  293 2719 -127
D  560   0  -29   -8
W  560  358  306 2719 -127
D  600   0  -29    0
W  600  358  318 2723 -127
D  640   0  -29   -8
W  640  357  330 2728 -127
D  680   0  -29   -8
W  680  356  343 2730 -127
D  720   0  -29   -8
W  720  356  355 2731 -127
D  760   0  -29    0
W  760  355  368 2732 -127
D  800   0  -29    0
W  800  354  381 2733 -127
D  840   0  -29    0
W  840  353  394 2736 -127
D  880   0  -29    8
W  880  353  407 2744 0
D  920   0  -30    0
W  920  352  420 2752 0
D  960   0  -29    8
W  960  350  433 2761 0
D 1000   0  -30    0
W 1000  349  444 2767 0
D 1040   0  -29    8
W 1040  348  454 2775 0
D 1080   0  -28   16
W 1080  346  464 2781 0
D 1120 -45    5  141
W 1120  345  473 2784 0
D 1160 -45   65  266
W 1160  344  481 2782 0
D 1200 -45   96   41
W 1200  343  489 2775 0
D 1240 -45   95    0
W 1240  342  494 2776 0
D 1280 -45   78  -58
W 1280  342  498 2775 0
D 1320 -45   58  -66
W 1320  341  502 2774 40
D 1360 -45   36 -108
W 1360  341  504 2769 70
D 1400 -45   -6 -158
W 1400  341  502 2774 100
D 1440   0  -14    0
W 1440  342  498 2780 127
D 1480   0  -13    0
W 1480  342  494 2783 127
D 1520   0  -16  -16
W 1520  343  488 2782 127
D 1560   0  -16    8
W 1560  344  479 2784 127
D 1600   0  -16    0
W 1600  346  470 2785 127
D 1640   0  -16    0
W 1640  347  460 2788 127
D 1680   0  -16    0
W 1680  349  450 2788 127
D 1720   0  -17    0
W 1720  351  439 2790 127
D 1760   0  -16    0
W 1760  352  427 2792 127
D 1800   0  -16    0
W 1800  354  416 2792 127
D 1840   0  -17    8
W 1840  356  403 2791 127
D 1880   0  -16    8
W 1880  358  391 2791 127
D 1920   0  -16    8
W 1920  360  378 2790 127
D 1960   0  -17   -8
W 1960  362  366 2790 127
D 2000   0  -17    0
W 2000  364  353 2787 127
D 2040   0  -17   -8
W 2040  366  341 2784 127
D 2080   0  -17    8
W 2080  368  329 2777 127
D 2120   0  -17    0
W 2120  369  317 2767 127
D 2160   0  -16    8
W 2160  371  306 2763 127
D 2200  40  -16    8
W 2200  372  295 2757 0
D 2240  40  -17   -8
W 2240  372  288 2749 0
D 2280  40  -16    0
W 2280  373  286 2741 0
D 2320  40  -17   -8
W 2320  373  286 2732 -40
D 2360  40  -15   16
W 2360  372  289 2732 -70
D 2400  40  -16   -8
W 2400  372  294 2733 -100
D 2440  40   -8   66
W 2440  372  302 2732 -127
D 2480  40   20  116
W 2480  371  310 2733 -127
D 2520  40   45  100
W 2520  371  319 2736 -127
D 2560  40   61   66
W 2560  370  328 2738 -127
D 2600  40   76   66
W 2600  369  338 2740 -127
D 2640  40   91   66
W 2640  369  349 2740 -127
D 2680  40  101   41
W 2680  368  360 2741 -127
D 2720  40  108   25
W 2720  367  371 2741 -127
D 2760  40  116   25
W 2760  366  383 2741 -127
D 2800  40  121   25
W 2800  365  395 2742 -127
D 2840  40  130   41
W 2840  365  407 2743 -127
D 2880  40  137   16
W 2880  364  419 2742 -127
D 2920 127  148   50
W 2920  363  432 2743 -127
D 2960 127  161   58
W 2960  362  444 2743 -127
D 3000 127  177   91
W 3000  361  456 2742 -127
D 3040 127  200   16
W 3040  360  469 2740 -127
D 3080 127  215   41
W 3080  359  481 2741 -127
D 3120 127  230   58
W 3120  358  493 2741 -127
D 3160 127  257  116
W 3160  357  506 2741 -127
D 3200 127  293  183
W 3200  356  519 2744 -127
D 3240 127  315   91
W 3240  355  531 2744 -127
D 3280 127  350  158
W 3280  354  544 2744 -127
D 3320 127  388  191
W 3320  353  556 2745 -60
D 3360 127  431  125
W 3360  353  568 2745 -50
D 3400 127  461  133
W 3400  352  579 2746 -50
D 3440 127  521  258
W 3440  351  589 2745 -50
D 3480 127  560  225
W 3480  350  599 2746 -50
D 3520 127  608  191
W 3520  349  609 2747 -50
D 3560 127  661  216
W 3560  349  617 2747 -50
D 3600 127  711  233
W 3600  348  625 2747 -50
D 3640 127  758  158
W 3640  347  632 2747 -50
D 3680 127  814  258
W 3680  347  639 2747 -50
D 3720 127  865  208
W 3720  346  646 2747 -50
D 3760 127  921  258
W 3760  346  651 2747 -50
D 3800 127  989  258
W 3800  345  656 2738 -50
D 3840 127 1063  291
W 3840  345  658 2726 -50
D 3880 127 1140  325
W 3880  345  658 2724 -50
D 3920 127 1211  283
W 3920  345  658 2723 -50
D 3960   0 1286  316
W 3960  345  658 2723 -50
D 4000   0 1355  291
W 4000  345  658 2722 -50
D 4040 -127 1411  183
W 4040  345  658 2720 -50
D 4080 -127 1442   50
W 4080  345  658 2718 -50
D 4120 -127 1441   -8
W 4120  345  658 2717 -50
D 4160 -127 1443  -16
W 4160  345  658 2713 -50
D 4200 -127 1429  -75
W 4200  345  658 2714 -50
D 4240 -127 1370 -300
W 4240  345  659 2705 -50
D 4280 -127 1300 -258
W 4280  345  660 2693 -50
D 4320 -127 1244 -250
W 4320  345  661 2687 -50
D 4360 -127 1166 -325
W 4360  345  662 2687 -50
D 4400 -127 1091 -325
W 4400  345  663 2687 0
D 4440 -127 1013 -316
W 4440  345  662 2686 0
D 4480 -127  945 -291
W 4480  345  661 2688 0
D 4520 -127  877 -283
W 4520  345  661 2688 0
D 4560 -127  816 -250
W 4560  345  661 2689 0
D 4600 -127  756 -208
W 4600  345  639 2701 40
D 4640 -127  701 -233
W 4640  345  639 2699 55
D 4680 -127  623 -325
W 4680  345  636 2696 85
D 4720 -127  530 -375
W 4720  345  631 2698 127
D 4760 -127  455 -275
W 4760  345  625 2696 127
D 4800 -127  382 -316
W 4800  345  618 2694 127
D 4840 -127  297 -358
W 4840  345  609 2695 127
D 4880 -127  214 -333
W 4880  345  598 2696 127
D 4920 -45  127 -333
W 4920  345  587 2698 127
D 4960 -45   47 -333
W 4960  345  575 2703 127
D 5000   0  -14 -133
W 5000  345  564 2706 127
D 5040   0  -15  -25
W 5040  345  552 2707 127
D 5080   0  -16   16
W 5080  345  540 2703 127
D 5120   0  -17    0
W 5120  345  529 2702 127
D 5160   0  -16    8
W 5160  345  517 2703 127
D 5200   0  -17    0
W 5200  345  505 2703 127
D 5240   0  -16    8
W 5240  345  492 2704 127
D 5280   0  -17    0
W 5280  346  480 2704 127
D 5320   0  -17    8
W 5320  346  467 2705 127
D 5360   0  -18    0
W 5360  346  453 2706 127
D 5400   0  -17    0
W 5400  346  440 2708 127
D 5440   0  -18    0
W 5440  346  428 2708 127
D 5480   0  -18   -8
W 5480  346  415 2709 127
D 5520   0  -16   16
W 5520  347  402 2711 127
D 5560   0  -17    0
W 5560  347  389 2711 127
D 5600   0  -18    0
W 5600  347  375 2711 127
D 5640   0  -17    8
W 5640  347  362 2710 127
D 5680   0  -17    0
W 5680  348  349 2708 127
D 5720   0  -18    0
W 5720  348  336 2707 127
D 5760   0  -17    8
W 5760  348  322 2706 127
D 5800   0  -16   16
W 5800  348  309 2707 127
D 5840  40  -16   16
W 5840  348  296 2707 0
D 5880  40  -17    0
W 5880  348  284 2707 0
D 5920  40  -16   16
W 5920  348  274 2705 0
D 5960  40  -17    0
W 5960  348  266 2708 -25
D 6000  40  -18    0
W 6000  348  266 2714 -55
D 6040  40  -16    0
W 6040  348  269 2716 -85
D 6080  40  -16    0
W 6080  348  275 2717 -127
D 6120  40    4   91
W 6120  348  283 2715 -127
D 6160  40   28   91
W 6160  348  292 2715 -127
D 6200  40   39   33
W 6200  348  300 2715 -127
D 6240  40   52   50
W 6240  347  310 2716 -127
D 6280  40   70   83
W 6280  347  321 2714 -127
D 6320  40   94   91
W 6320  347  332 2713 -127
D 6360  40  115   83
W 6360  346  343 2713 -127
D 6400  40  128   58
W 6400  346  354 2714 -127
D 6440  40  145   83
W 6440  346  366 2713 -127
D 6480  40  165   91
W 6480  346  378 2716 -127
D 6520  40  185  100
W 6520  345  391 2720 -127
D 6560  40  208  100
W 6560  345  403 2721 -127
D 6600  40  225   50
W 6600  344  416 2725 -127
D 6640 127  237   58
W 6640  344  428 2725 -127
D 6680 127  261  125
W 6680  343  440 2725 -127
D 6720 127  303  166
W 6720  343  453 2724 -127
D 6760 127  346  200
W 6760  342  466 2721 -127
D 6800 127  389  200
W 6800  342  479 2722 -127
D 6840 127  436  166
W 6840  341  491 2723 -127
D 6880 127  485  200
W 6880  341  503 2724 -127
D 6920 127  541  208
W 6920  340  515 2724 -127
D 6960 127  607  283
W 6960  340  527 2724 -127
D 7000 127  669  258
W 7000  339  538 2725 -127
D 7040 127  739  300
W 7040  339  549 2726 -75
D 7080 127  795  250
W 7080  338  560 2725 -50
D 7120 127  867  275
W 7120  338  570 2725 -50
D 7160 127  937  300
W 7160  338  578 2725 -50
D 7200 127 1020  308
W 7200  337  586 2726 -50
D 7240 127 1101  333
W 7240  337  593 2726 -50
D 7280 127 1188  375
W 7280  337  600 2726 -50
D 7320   0 1274  358
W 7320  336  606 2726 -50
D 7360   0 1365  366
W 7360  336  612 2728 -50
D 7400   0 1436  275
W 7400  336  618 2731 -50
D 7440 -127 1442    8
W 7440  335  623 2731 -50
D 7480 -127 1454   91
W 7480  335  627 2733 -50
D 7520 -127 1459   -8
W 7520  335  632 2723 -50
D 7560 -127 1451  -33
W 7560  335  634 2718 -50
D 7600 -127 1428 -125
W 7600  335  634 2719 -50
D 7640 -127 1368 -291
W 7640  335  635 2719 -50
D 7680 -127 1300 -258
W 7680  335  637 2719 -50
D 7720 -127 1233 -266
W 7720  335  640 2719 -50
D 7760 -127 1152 -366
W 7760  335  643 2717 0
D 7800 -127 1070 -316
W 7800  335  643 2710 0
D 7840 -127 1001 -275
W 7840  335  642 2710 0
D 7880 -127  938 -291
W 7880  335  642 2711 0
D 7920 -127  864 -325
W 7920  335  641 2711 0
D 7960 -127  773 -383
W 7960  335  639 2700 25
D 8000 -127  693 -350
W 8000  335  639 2703 55
D 8040 -127  624 -275
W 8040  335  638 2701 85
D 8080 -127  540 -341
W 8080  335  633 2701 100
D 8120 -127  446 -391
W 8120  335  628 2706 127
D 8160 -127  360 -350
W 8160  335  621 2707 127
D 8200 -127  286 -333
W 8200  335  612 2707 127
D 8240 -127  199 -325
W 8240  335  602 2706 127
D 8280 -45   99 -425
W 8280  335  591 2705 127
D 8320 -45   18 -358
W 8320  335  579 2706 127
D 8360   0  -16  -50
W 8360  335  568 2708 127
D 8400   0  -17   -8
W 8400  335  557 2708 127
D 8440   0  -17    8
W 8440  336  545 2706 127
D 8480   0  -18    0
W 8480  336  533 2704 127
D 8520   0  -18    0
W 8520  336  521 2704 127
D 8560   0  -18    0
W 8560  336  509 2705 127
D 8600   0  -18    0
W 8600  336  497 2705 127
D 8640   0  -19   -8
W 8640  336  484 2704 127
D 8680   0  -18    0
W 8680  336  471 2705 127
D 8720   0  -18    0
W 8720  336  457 2706 127
D 8760   0  -18    0
W 8760  336  444 2709 127
D 8800   0  -18    0
W 8800  337  432 2710 127
D 8840   0  -19   -8
W 8840  337  419 2710 127
D 8880   0  -19    0
W 8880  337  406 2711 127
D 8920   0  -19   -8
W 8920  337  393 2710 127
D 8960   0  -19    0
W 8960  338  380 2710 127
D 9000   0  -19   -8
W 9000  338  367 2709 127
D 9040   0  -19   -8
W 9040  338  354 2705 127
D 9080   0  -19    0
W 9080  338  342 2701 127
D 9120   0  -18    8
W 9120  338  330 2698 127
D 9160   0  -18    8
W 9160  338  318 2698 127
D 9200   0  -20   -8
W 9200  338  305 2696 127
D 9240  40  -18    8
W 9240  338  293 2695 0
D 9280  40  -18    0
W 9280  338  282 2695 0
D 9320  40  -19   -8
W 9320  338  273 2692 0
D 9360  40  -18   16
W 9360  338  267 2696 -40
D 9400  40  -16   16
W 9400  338  268 2706 -70
D 9440  40  -16   16
W 9440  337  272 2709 -100
D 9480  40  -10   58
W 9480  337  279 2709 -127
D 9520  40   18  125
W 9520  337  288 2708 -127
D 9560  40   40   75
W 9560  337  297 2707 -127
D 9600  40   54   50
W 9600  337  306 2708 -127
D 9640  40   68   66
W 9640  337  317 2708 -127
D 9680  40   91   91
W 9680  337  328 2706 -127
D 9720  40  111   83
W 9720  337  339 2705 -127
D 9760  40  121   25
W 9760  337  350 2707 -127
D 9800  40  135   58
W 9800  336  361 2708 -127
D 9840  40  152   75
W 9840  336  373 2710 -127
D 9880  40  169   66
W 9880  336  386 2714 -127
D 9920  40  186   58
W 9920  336  398 2717 -127
D 9960  40  200   50
W 9960  335  410 2719 -127
D 10000 127  218   83
W 10000  335  422 2720 -127
D 10040 127  231   50
W 10040  334  435 2719 -127
D 10080 127  263  141
W 10080  334  447 2719 -127
D 10120 127  300  150
W 10120  334  460 2716 -127
D 10160 127  338  150
W 10160  333  473 2713 -127
D 10200 127  383  208
W 10200  333  486 2714 -127
D 10240 127  431  158
W 10240  333  498 2716 -127
D 10280 127  485  241
W 10280  332  510 2718 -127
D 10320 127  542  158
W 10320  332  522 2718 -127
D 10360 127  605  266
W 10360  332  534 2719 -127
D 10400 127  665  250
W 10400  331  545 2719 -127
D 10440 127  726  266
W 10440  331  556 2718 -60
D 10480 127  785  241
W 10480  331  566 2718 -45
D 10520 127  860  308
W 10520  330  575 2718 -45
D 10560 127  931  325
W 10560  330  583 2718 -45
D 10600 127 1010  283
W 10600  330  590 2719 -45
D 10640 127 1089  341
W 10640  330  596 2719 -45
D 10680 127 1170  350
W 10680  329  602 2719 -45
D 10720   0 1258  375
W 10720  329  607 2720 -45
D 10760   0 1348  333
W 10760  329  612 2721 -45
D 10800   0 1422  283
W 10800  329  617 2722 -45
D 10840 -127 1446    8
W 10840  329  621 2722 -45
D 10880 -127 1451   41
W 10880  329  624 2726 -45
D 10920 -127 1467   41
W 10920  328  629 2728 -45
D 10960 -127 1451 -141
W 10960  328  635 2727 -45
D 11000 -127 1426 -116
W 11000  328  640 2728 -45
D 11040 -127 1384 -208
W 11040  328  643 2729 -45
D 11080 -127 1298 -366
W 11080  328  644 2728 -45
D 11120 -127 1225 -275
W 11120  327  647 2727 -45
D 11160 -127 1165 -250
W 11160  327  641 2699 25
D 11200 -127 1077 -391
W 11200  327  642 2700 55
D 11240 -127  991 -366
W 11240  327  640 2700 85
D 11280 -127  919 -266
W 11280  327  634 2704 127
D 11320 -127  866 -216
W 11320  327  628 2712 127
D 11360 -127  791 -333
W 11360  328  620 2715 127
D 11400 -127  721 -283
W 11400  328  611 2714 127
D 11440 -127  654 -258
W 11440  328  600 2712 127
D 11480 -127  593 -250
W 11480  328  589 2714 127
D 11520 -127  531 -241
W 11520  329  578 2717 127
D 11560 -127  460 -316
W 11560  329  566 2717 127
D 11600 -127  365 -425
W 11600  329  553 2718 127
D 11640 -127  273 -416
W 11640  330  540 2717 127
D 11680 -127  185 -333
W 11680  330  527 2717 127
D 11720 -45   81 -425
W 11720  331  513 2718 127
D 11760   0  -11 -375
W 11760  331  499 2719 127
D 11800   0  -17    8
W 11800  331  487 2719 127
D 11840   0  -18    0
W 11840  332  474 2717 127
D 11880   0  -18   -8
W 11880  332  461 2715 127
D 11920   0  -18   -8
W 11920  333  449 2716 127
D 11960   0  -19   -8
W 11960  333  437 2717 127
D 12000   0  -20   -8
W 12000  333  424 2716 127
D 12040   0  -20    0
W 12040  334  412 2715 127
D 12080   0  -20    0
W 12080  334  399 2712 127
D 12120   0  -20    0
W 12120  334  388 2710 127
D 12160   0  -20    0
W 12160  334  379 2694 127
D 12200   0  -21    0
W 12200  334  373 2659 127
D 12240   0  -20    0
W 12240  334  368 2617 127
D 12280   0  -18    8
W 12280  333  365 2577 127
D 12320   0  -20    0
W 12320  333  363 2535 127
D 12360   0  -19    8
W 12360  332  362 2489 127
D 12400   0  -20   -8
W 12400  332  361 2444 127
D 12440   0  -20    0
W 12440  331  360 2393 127
D 12480   0  -20    0
W 12480  331  359 2336 127
D 12520   0  -21   -8
W 12520  330  358 2273 127
D 12560   0  -21    0
W 12560  329  357 2210 127
D 12600   0  -21    0
W 12600  328  357 2142 127
D 12640   0  -21    0
W 12640  328  356 2069 127
D 12680   0  -21    0
W 12680  327  356 1992 127
D 12720   0  -21    0
W 12720  326  356 1909 127
D 12760   0  -21    0
W 12760  326  356 1830 -20
D 12800   0  -22   -8
W 12800  325  356 1772 -20
D 12840   0  -21    0
W 12840  324  356 1748 25
D 12880   0  -21    0
W 12880  323  356 1741 55
D 12920   0  -21    0
W 12920  320  356 1741 85
D 12960   0  -20    8
W 12960  315  357 1740 127
D 13000   0  -21    0
W 13000  309  357 1739 127
D 13040   0  -21   -8
W 13040  303  358 1737 127
D 13080   0  -20    8
W 13080  295  359 1733 127
D 13120   0  -21    0
W 13120  286  360 1728 127
D 13160   0  -21    8
W 13160  276  361 1727 127
D 13200   0  -21    0
W 13200  266  362 1731 127
D 13240   0  -21    0
W 13240  256  363 1736 127
D 13280   0  -21    0
W 13280  246  365 1737 127
D 13320   0  -21    0
W 13320  235  366 1739 127
D 13360   0  -21    0
W 13360  224  367 1741 127
D 13400   0  -22   -8
W 13400  213  368 1742 127
D 13440   0  -21    0
W 13440  202  369 1744 127
D 13480   0  -21    0
W 13480  190  370 1747 127
D 13520   0  -21   -8
W 13520  178  371 1749 127
D 13560 127  -20    0
W 13560  166  372 1750 127
D 13600 127  -21   -8
W 13600  155  373 1757 127
D 13640 127  -21   -8
W 13640  143  374 1767 127
D 13680 127    0  125
W 13680  132  375 1777 127
D 13720 127   49  233
W 13720  121  375 1779 127
D 13760 127  123  316
W 13760  111  376 1777 127
D 13800 127  230  458
W 13800  100  376 1774 127
D 13840  -1  340  333
W 13840   90  377 1769 127
D 13880  31  385  175
W 13880   77  377 1765 127
D 13920  25  429  150
W 13920   64  378 1769 127
D 13960   9  508  350
W 13960   50  379 1769 127
D 14000  -7  604  425
W 14000   38  380 1766 127
D 14040  -1  659  200
W 14040   24  380 1767 127
D 14080   5  693  125
W 14080    9  381 1767 127
D 14120   3  724  116
W 14120   -4  382 1770 127
D 14160   0  748   41
W 14160  -17  383 1771 127
D 14200  10  756   25
W 14200  -30  383 1772 127
D 14240  10  763   25
W 14240  -43  384 1774 127
D 14280   6  781   91
W 14280  -56  385 1774 127
D 14320   0  806  116
W 14320  -69  385 1774 127
D 14360  -4  831   91
W 14360  -81  386 1773 127
D 14400   0  840   16
W 14400  -94  386 1772 127
D 14440   6  840    8
W 14440 -105  387 1771 127
D 14480   6  840    0
W 14480 -117  387 1771 127
D 14520   6  840    0
W 14520 -128  388 1769 127
D 14560   6  839   -8
W 14560 -140  389 1768 127
D 14600   5  839   -8
W 14600 -152  389 1766 127
D 14640   5  839   -8
W 14640 -163  390 1763 127
D 14680   5  840    0
W 14680 -175  391 1761 127
D 14720   5  841    8
W 14720 -187  392 1756 127
D 14760   3  845   16
W 14760 -199  393 1753 127
D 14800   1  854   41
W 14800 -210  394 1751 127
D 14840   0  861   16
W 14840 -221  395 1748 127
D 14880   4  861    8
W 14880 -232  395 1746 127
D 14920   3  861    0
W 14920 -243  397 1745 127
D 14960   3  860   -8
W 14960 -253  398 1744 127
D 15000   3  860   -8
W 15000 -264  399 1742 127
D 15040   4  860    0
W 15040 -275  400 1738 127
D 15080   4  860    0
W 15080 -287  401 1734 127
D 15120   4  860    0
W 15120 -298  402 1731 127
D 15160   4  860    0
W 15160 -309  404 1728 127
D 15200   4  860    0
W 15200 -320  405 1726 127
D 15240   3  861    0
W 15240 -332  407 1722 127
D 15280   4  861    0
W 15280 -343  408 1721 -25
D 15320   4  860    0
W 15320 -351  409 1720 -55
D 15360   3  861    8
W 15360 -357  410 1729 -70
D 15400   3  863   16
W 15400 -360  411 1751 -100
D 15440   5  860   -8
W 15440 -363  411 1780 -127
D 15480  10  850  -25
W 15480 -366  411 1813 -127
D 15520   8  846    0
W 15520 -366  411 1846 -127
D 15560   5  846    0
W 15560 -366  411 1877 -127
D 15600   5  846    0
W 15600 -365  411 1910 -127
D 15640   5  848   16
W 15640 -365  411 1943 -127
D 15680   3  850    0
W 15680 -364  411 1980 -127
D 15720   5  850    0
W 15720 -362  412 2025 -127
D 15760   5  850    0
W 15760 -361  412 2072 -127
D 15800   5  850    0
W 15800 -361  413 2126 -127
D 15840   5  850    0
W 15840 -360  413 2187 -127
D 15880   5  850    0
W 15880 -360  413 2250 -127
D 15920   5  850    0
W 15920 -360  413 2312 -127
D 15960   5  850    0
W 15960 -360  413 2373 -127
D 16000   6  848   -8
W 16000 -360  413 2435 0
D 16040   5  849    8
W 16040 -360  412 2486 0
D 16080   6  848    0
W 16080 -361  411 2522 0
D 16120   5  849    8
W 16120 -361  410 2543 -54
D 16160   5  849    0
W 16160 -361  409 2559 -68
D 16200   5  849    0
W 16200 -361  408 2582 0
D 16240   5  848   -8
W 16240 -362  407 2611 0
D 16280   5  849    8
W 16280 -362  407 2624 -82
D 16320   4  850    0
W 16320 -362  407 2636 -68
D 16360   5  850    0
W 16360 -362  406 2671 20
D 16400   5  850    0
W 16400 -362  407 2689 20
D 16440   4  851    0
W 16440 -362  407 2693 -25
D 16480   4  852    0
W 16480 -362  409 2696 -55
D 16520   4  852    0
W 16520 -362  412 2694 -85
D 16560   3  853    0
W 16560 -362  417 2693 -127
D 16600 127  852   -8
W 16600 -362  423 2695 -127
D 16640 127  853   -8
W 16640 -362  430 2695 -127
D 16680 127  852   -8
W 16680 -361  439 2694 -127
D 16720 127  853    0
W 16720 -361  448 2693 -127
D 16760 127  867   75
W 16760 -361  458 2692 -127
D 16800 127  903  175
W 16800 -361  468 2694 -127
D 16840 127  958  283
W 16840 -361  478 2695 -127
D 16880 127 1021  275
W 16880 -361  487 2694 -127
D 16920 127 1100  341
W 16920 -361  496 2694 -127
D 16960 127 1184  383
W 16960 -361  506 2693 -127
D 17000   0 1275  391
W 17000 -361  516 2692 -75
D 17040   0 1366  375
W 17040 -360  525 2690 -45
D 17080   0 1435  250
W 17080 -360  533 2689 -45
D 17120 -127 1439   -8
W 17120 -360  540 2685 -45
D 17160 -127 1440    0
W 17160 -360  546 2681 -45
D 17200 -127 1441    0
W 17200 -360  552 2677 -45
D 17240 -127 1408 -166
W 17240 -359  559 2672 -45
D 17280 -127 1345 -333
W 17280 -359  565 2672 -45
D 17320 -127 1300 -108
W 17320 -359  572 2674 -45
D 17360 -127 1291  -33
W 17360 -359  578 2676 -45
D 17400 -127 1251 -216
W 17400 -358  585 2684 -45
D 17440 -127 1182 -291
W 17440 -358  591 2682 -45
D 17480 -127 1118 -241
W 17480 -358  598 2675 -45
D 17520 -127 1073 -183
W 17520 -358  605 2666 -45
D 17560 -127 1029 -191
W 17560 -357  612 2660 -45
D 17600 -127  984 -175
W 17600 -357  618 2657 -45
D 17640 -127  941 -183
W 17640 -356  625 2656 -45
D 17680 -127  904 -141
W 17680 -356  633 2654 -45
D 17720 -127  870 -133
W 17720 -355  640 2652 -45
D 17760 -127  829 -158
W 17760 -355  643 2651 -45
D 17800 -127  769 -366
W 17800 -355  645 2653 -45
D 17840 -127  663 -400
W 17840 -354  640 2702 0
D 17880 -127  590 -308
W 17880 -354  639 2703 40
D 17920 -127  524 -275
W 17920 -354  636 2704 70
D 17960 -127  378 -650
W 17960 -354  630 2701 100
D 18000 -127  220 -616
W 18000 -354  621 2703 127
D 18040 -45   97 -483
W 18040 -354  611 2708 127
D 18080 -45   21 -300
W 18080 -354  600 2711 127
D 18120   0  -11    0
W 18120 -354  590 2710 127
D 18160   0  -13  -16
W 18160 -354  579 2710 127
D 18200   0  -16  -25
W 18200 -354  569 2708 127
D 18240   0  -17    0
W 18240 -353  559 2703 127
D 18280   0  -17    0
W 18280 -353  550 2705 127
D 18320   0  -18   -8
W 18320 -353  541 2704 127
D 18360   0  -18    0
W 18360 -353  531 2710 127
D 18400   0  -18    8
W 18400 -353  519 2716 127
D 18440   0  -18    0
W 18440 -353  508 2723 127
D 18480   0  -18    0
W 18480 -352  498 2728 127
D 18520   0  -18    0
W 18520 -352  486 2733 127
D 18560   0  -18    0
W 18560 -351  476 2738 127
D 18600   0  -18    0
W 18600 -350  465 2744 127
D 18640   0  -18    0
W 18640 -349  453 2751 127
D 18680   0  -18    0
W 18680 -348  442 2755 127
D 18720   0  -18    0
W 18720 -347  432 2759 127
D 18760   0  -17    8
W 18760 -346  425 2748 127
D 18800   0  -15    8
W 18800 -346  421 2727 127
D 18840   0  -15    0
W 18840 -346  417 2720 127
D 18880   0  -13   16
W 18880 -346  413 2719 127
D 18920   0  -11    0
W 18920 -346  412 2719 127
D 18960   0  -10   16
W 18960 -346  411 2717 127
D 19000   0  -11    0
W 19000 -346  411 2717 127
D 19040   0  -12   -8
W 19040 -346  410 2717 127
D 19080   0  -13   -8
W 19080 -346  410 2716 127
D 19120   0  -12    0
W 19120 -346  409 2715 127
D 19160   0  -11    0
W 19160 -346  409 2715 127
D 19200   0  -11    0
W 19200 -346  408 2715 127
D 19240   0  -11    0
W 19240 -346  408 2715 127
D 19280   0  -11    0
W 19280 -346  408 2715 127
D 19320   0  -11    0
W 19320 -346  408 2715 127
D 19360  40  -18   -8
W 19360 -346  408 2715 0
D 19400  40  -18    0
W 19400 -346  411 2719 0
D 19440  40  -18   -8
W 19440 -346  413 2720 0
D 19480  40  -18    0
W 19480 -346  417 2721 -40
D 19520 127  -18    0
W 19520 -346  421 2723 -70
D 19560 127  -20  -16
W 19560 -346  427 2729 -100
D 19600 127  -11   66
W 19600 -347  435 2735 -127
D 19640 127   26  150
W 19640 -347  444 2736 -127
D 19680 127   66  150
W 19680 -348  454 2736 -127
D 19720 127   96  108
W 19720 -349  464 2738 -127
D 19760 127  135  141
W 19760 -349  474 2736 -127
D 19800 127  178  175
W 19800 -350  484 2735 -127
D 19840 127  226  175
W 19840 -351  495 2735 -127
D 19880 127  286  258
W 19880 -351  507 2736 -127
D 19920 127  344  258
W 19920 -352  517 2736 -75
D 19960 127  406  291
W 19960 -353  528 2737 -45
D 20000 127  471  275
W 20000 -353  537 2738 -45
D 20040 127  540  266
W 20040 -354  546 2738 -45
D 20080 127  611  300
W 20080 -354  554 2738 -45
D 20120 127  680  291
W 20120 -355  562 2739 -45
D 20160 127  753  300
W 20160 -355  568 2738 -45
D 20200 127  821  300
W 20200 -356  573 2739 -45
D 20240 127  887  266
W 20240 -356  578 2739 -45
D 20280 127  971  358
W 20280 -356  583 2739 -45
D 20320 127 1043  316
W 20320 -357  587 2739 -45
D 20360 127 1120  283
W 20360 -357  591 2739 -45
D 20400 127 1200  333
W 20400 -357  594 2739 -45
D 20440   0 1291  383
W 20440 -357  598 2740 -45
D 20480   0 1372  350
W 20480 -358  601 2740 -45
D 20520 -127 1436  258
W 20520 -358  605 2741 -45
D 20560 -127 1443    0
W 20560 -358  608 2736 -45
D 20600 -127 1442   -8
W 20600 -358  611 2731 -45
D 20640 -127 1441   -8
W 20640 -359  615 2727 -45
D 20680 -127 1427 -116
W 20680 -359  621 2726 -45
D 20720 -127 1386 -200
W 20720 -359  626 2727 -45
D 20760 -127 1310 -300
W 20760 -359  631 2729 -45
D 20800 -127 1250 -233
W 20800 -360  637 2731 -45
D 20840   0 1203 -191
W 20840 -360  643 2731 -40
D 20880   0 1183  -50
W 20880 -360  648 2728 -45
D 20920   0 1182    0
W 20920 -360  655 2717 -45
D 20960   0 1182    0
W 20960 -361  661 2710 -45
D 21000   0 1181   -8
W 21000 -361  668 2708 -45
D 21040   0 1183    8
W 21040 -361  675 2708 -45
D 21080   0 1189   41
W 21080 -361  682 2709 -45
D 21120   0 1198   33
W 21120 -361  689 2711 -45
D 21160   0 1209   50
W 21160 -361  696 2713 -45
D 21200   0 1232  108
W 21200 -361  701 2714 -45
D 21240   0 1240    8
W 21240 -361  704 2720 -45
D 21280   0 1234  -58
W 21280 -361  705 2725 -45
D 21320   0 1180 -183
W 21320 -361  640 2699 25
D 21360   0 1138 -125
W 21360 -361  640 2699 55
D 21400   0 1125  -25
W 21400 -361  637 2698 85
D 21440   0 1126    8
W 21440 -361  632 2700 127
D 21480   0 1131   33
W 21480 -361  626 2702 127
D 21520   0 1135   16
W 21520 -361  618 2705 127
D 21560   0 1142   33
W 21560 -361  608 2709 127
D 21600   0 1158   83
W 21600 -361  598 2711 60
D 21640   0 1182  116
W 21640 -361  587 2715 30
D 21680   0 1215  133
W 21680 -361  577 2725 0
D 21720   0 1231   41
W 21720 -360  567 2742 -40
D 21760   0 1234    8
W 21760 -359  560 2767 -70
D 21800   0 1239   25
W 21800 -359  555 2807 -100
D 21840   0 1241    0
W 21840 -358  552 2862 -127
D 21880   0 1241    0
W 21880 -357  549 2920 -127
D 21920   0 1241    0
W 21920 -356  547 2982 -127
D 21960 -127 1242    8
W 21960 -355  544 3050 -127
D 22000 -127 1241    0
W 22000 -354  543 3122 -127
D 22040 -127 1228 -100
W 22040 -353  542 3197 -127
D 22080 -127 1188 -158
W 22080 -351  541 3282 -127
D 22120 -127 1145 -175
W 22120 -351  541 3372 0
D 22160 -127 1091 -233
W 22160 -350  540 3460 0
D 22200 -127 1033 -225
W 22200 -350  541 3532 0
D 22240 -127  980 -208
W 22240 -350  540 3585 0
D 22280 -127  918 -275
W 22280 -351  541 3625 20
D 22320 -127  843 -308
W 22320 -350  541 3651 5
D 22360 -127  775 -316
W 22360 -350  541 3662 -40
D 22400 -127  713 -316
W 22400 -350  541 3660 -70
D 22440 -127  656 -216
W 22440 -352  540 3659 -100
D 22480 -127  606 -200
W 22480 -356  540 3658 -127
D 22520 -127  521 -350
W 22520 -361  539 3656 -127
D 22560 -127  402 -466
W 22560 -367  539 3652 -127
D 22600 -127  305 -358
W 22600 -373  538 3652 0
D 22640 -127  226 -308
W 22640 -379  538 3655 0
D 22680 -45  118 -475
W 22680 -384  537 3659 0
D 22720 -45   15 -400
W 22720 -387  537 3663 40
D 22760   0  -16   -8
W 22760 -389  537 3670 70
D 22800   0  -18  -16
W 22800 -387  537 3672 100
D 22840   0  -17    0
W 22840 -382  538 3671 127
D 22880   0  -18   -8
W 22880 -376  538 3671 127
D 22920   0  -18    0
W 22920 -369  539 3670 127
D 22960   0  -18    8
W 22960 -361  540 3669 127
D 23000   0  -18    0
W 23000 -353  541 3669 127
D 23040   0  -19   -8
W 23040 -343  542 3668 127
D 23080   0  -19    8
W 23080 -332  544 3669 127
D 23120   0  -20   -8
W 23120 -320  545 3670 127
D 23160   0  -19   -8
W 23160 -309  546 3667 127
D 23200   0  -19    8
W 23200 -297  548 3664 127
D 23240   0  -20   -8
W 23240 -285  549 3665 127
D 23280   0  -19    0
W 23280 -272  551 3665 127
D 23320   0  -20    0
W 23320 -260  552 3666 127
D 23360   0  -20    0
W 23360 -247  554 3666 127
D 23400   0  -20    0
W 23400 -234  555 3666 127
D 23440   0  -19    8
W 23440 -221  557 3667 127
D 23480   0  -19    8
W 23480 -207  558 3665 127
D 23520   0  -19    0
W 23520 -194  560 3666 127
D 23560   0  -20    0
W 23560 -181  561 3666 127
D 23600   0  -20    0
W 23600 -167  563 3666 127
D 23640   0  -20    0
W 23640 -154  564 3666 127
D 23680   0  -19    8
W 23680 -141  566 3666 127
D 23720   0  -19    0
W 23720 -128  567 3666 127
D 23760   0  -20    0
W 23760 -114  569 3666 127
D 23800   0  -20    0
W 23800 -101  570 3667 127
D 23840   0  -20    0
W 23840  -88  572 3667 127
D 23880   0  -19    8
W 23880  -75  574 3668 127
D 23920   0  -20    0
W 23920  -61  575 3667 127
D 23960   0  -20    0
W 23960  -48  577 3667 127
D 24000   0  -19    8
W 24000  -35  578 3668 127
D 24040   0  -20    0
W 24040  -22  580 3668 127
D 24080   0  -20    0
W 24080   -8  581 3668 127
D 24120   0  -20    0
W 24120    4  583 3668 127
D 24160   0  -20    0
W 24160   18  585 3668 127
D 24200   0  -20    0
W 24200   31  586 3669 127
D 24240  40  -19    8
W 24240   45  588 3670 127
D 24280  40  -18    8
W 24280   58  589 3669 127
D 24320  40  -20    0
W 24320   71  591 3669 127
D 24360  40  -19    0
W 24360   83  593 3667 127
D 24400  40  -18   16
W 24400   96  594 3657 127
D 24440  40    7  125
W 24440  107  595 3648 127
D 24480  40   56  191
W 24480  115  596 3625 127
D 24520  40  105  225
W 24520  121  596 3592 127
D 24560  40  158  208
W 24560  125  596 3557 127
D 24600  40  206  200
W 24600  128  595 3518 127
D 24640  40  260  233
W 24640  130  595 3476 127
D 24680  40  324  275
W 24680  132  594 3432 127
D 24720  40  386  283
W 24720  133  594 3385 127
D 24760   5  460  316
W 24760  134  594 3330 127
D 24800   0  529  291
W 24800  134  594 3277 127
D 24840   0  586  250
W 24840  135  593 3222 127
D 24880  -6  638  208
W 24880  135  593 3164 127
D 24920  -5  678  158
W 24920  136  592 3103 127
D 24960  -1  705  116
W 24960  137  591 3038 127
D 25000   1  725  100
W 25000  137  591 2965 0
D 25040   2  738   66
W 25040  137  590 2895 0
D 25080  -5  752   16
W 25080  137  589 2833 0
D 25120   6  753   25
W 25120  138  589 2782 0
D 25160   4  752   -8
W 25160  138  587 2742 0
D 25200   3  753    0
W 25200  138  585 2703 -20
D 25240   4  753    0
W 25240  138  585 2677 -20
D 25280 127  753    8
W 25280  138  585 2673 -50
D 25320 127  753    8
W 25320  138  585 2675 -80
D 25360 127  754    8
W 25360  138  587 2679 -127
D 25400 127  763   66
W 25400  138  591 2681 -127
D 25440 127  797  175
W 25440  138  596 2683 -127
D 25480 127  843  191
W 25480  138  602 2685 -127
D 25520 127  903  266
W 25520  139  609 2686 -127
D 25560 127  976  341
W 25560  139  616 2685 -60
D 25600 127 1045  308
W 25600  139  621 2682 -45
D 25640 127 1120  283
W 25640  139  625 2676 -45
D 25680 127 1196  316
W 25680  139  628 2669 -45
D 25720   0 1307  533
W 25720  139  633 2664 -45
D 25760   0 1433  491
W 25760  140  638 2657 -45
D 25800 -127 1450    0
W 25800  140  641 2656 -45
D 25840 -127 1455    0
W 25840  140  645 2669 -45
D 25880 -127 1457   16
W 25880  140  649 2680 -45
D 25920 -127 1460   -8
W 25920  141  654 2684 -45
D 25960 -127 1415 -166
W 25960  141  660 2689 -45
D 26000 -127 1358 -316
W 26000  141  666 2686 -45
D 26040 -127 1304 -183
W 26040  141  672 2677 -45
D 26080 -127 1263 -183
W 26080  141  678 2670 -45
D 26120 -127 1208 -258
W 26120  142  684 2668 -45
D 26160 -127 1153 -233
W 26160  142  691 2668 -45
D 26200 -127 1108 -191
W 26200  142  697 2662 -45
D 26240 -127 1068 -191
W 26240  143  703 2657 -45
D 26280 -127 1024 -191
W 26280  143  710 2655 -45
D 26320 -127  977 -191
W 26320  144  716 2648 -45
D 26360 -127  923 -216
W 26360  144  723 2635 -45
D 26400 -127  875 -191
W 26400  145  729 2624 -45
D 26440 -127  830 -175
W 26440  146  736 2619 -45
D 26480 -127  784 -216
W 26480  147  742 2619 -45
D 26520 -127  751 -108
W 26520  148  748 2622 -45
D 26560 -127  699 -200
W 26560  148  643 2701 25
D 26600 -127  646 -225
W 26600  148  646 2702 55
D 26640 -127  600 -175
W 26640  148  643 2705 85
D 26680 -127  543 -208
W 26680  149  636 2710 127
D 26720 -127  489 -258
W 26720  149  625 2715 127
D 26760 -127  428 -266
W 26760  149  612 2720 127
D 26800 -127  361 -325
W 26800  150  599 2723 127
D 26840 -127  293 -308
W 26840  150  586 2724 127
D 26880 -127  224 -266
W 26880  151  573 2723 127
D 26920 -127  151 -308
W 26920  151  559 2721 127
D 26960 -45   83 -275
W 26960  152  545 2717 127
D 27000 -45   25 -225
W 27000  152  532 2711 127
D 27040 -45   -9 -116
W 27040  152  518 2703 127
D 27080   0  -18  -25
W 27080  152  504 2693 127
D 27120   0  -23    0
W 27120  152  495 2689 127
D 27160   0  -23  -16
W 27160  152  484 2680 127
D 27200   0  -22    8
W 27200  151  471 2667 127
D 27240   0  -20   25
W 27240  150  459 2658 127
D 27280   0  -13   -8
W 27280  149  442 2647 127
D 27320   0  -11   16
W 27320  148  429 2652 127
D 27360 -45   18  133
W 27360  147  417 2642 127
D 27400 -45   24   -8
W 27400  145  403 2642 127
D 27440 -45   24    0
W 27440  144  390 2642 127
D 27480 -45    0 -166
W 27480  143  377 2640 127
D 27520   0  -20  -33
W 27520  141  365 2639 127
D 27640   0  -21    0
W 27640  137  328 2639 127
D 27680   0  -25  -41
W 27680  136  316 2637 127
D 27720   0  -25    8
W 27720  135  307 2638 127
D 27760   0  -25    8
W 27760  134  299 2648 127
D 27800  40  -26    0
W 27800  134  296 2663 0
D 27840  40  -27    0
W 27840  134  298 2676 0
D 27880  40  -27    0
W 27880  134  303 2691 0
D 27920  40  -28   -8
W 27920  134  309 2706 -40
D 27960  40  -28  -16
W 27960  134  315 2727 -70
D 28000  40   -6   83
W 28000  134  323 2757 -100
D 28040  40   38  200
W 28040  133  331 2766 -127
D 28080  40   68  108
W 28080  132  340 2770 -127
D 28120  40   97  108
W 28120  131  349 2770 -127
D 28160  40  115   91
W 28160  129  359 2770 -127
D 28200  40  135   91
W 28200  128  371 2773 -127
D 28240  40  166  133
W 28240  127  382 2771 -127
D 28280  40  200  125
W 28280  125  393 2770 -127
D 28320  40  230  125
W 28320  124  405 2769 -127
D 28360  40  267  175
W 28360  122  417 2766 -127
D 28400 127  314  216
W 28400  121  429 2766 -127
D 28440 127  366  233
W 28440  119  441 2766 -127
D 28480 127  435  275
W 28480  118  453 2765 -127
D 28520 127  516  341
W 28520  117  465 2765 -127
D 28560 127  595  350
W 28560  115  477 2766 -127
D 28600 127  676  350
W 28600  114  488 2765 -127
D 28640 127  765  350
W 28640  113  499 2765 -127
D 28680 127  863  416
W 28680  112  510 2766 -127
D 28720 127  955  408
W 28720  110  521 2766 -127
D 28760 127 1046  391
W 28760  109  531 2766 -127
D 28800 127 1141  383
W 28800  108  542 2767 -75
D 28840   0 1239  416
W 28840  107  552 2770 -45
D 28880   0 1331  383
W 28880  105  562 2772 -45
D 28920   0 1414  316
W 28920  104  571 2775 -45
D 28960 -127 1433    0
W 28960  103  578 2777 -45
D 29000 -127 1447   50
W 29000  103  584 2783 -45
D 29040 -127 1450   16
W 29040  102  590 2789 -45
D 29080 -127 1448  -16
W 29080  101  595 2791 -45
D 29120 -127 1429 -100
W 29120  100  602 2793 -45
D 29160 -127 1379 -225
W 29160   99  608 2798 -45
D 29200 -127 1318 -225
W 29200   98  615 2801 -40
D 29240 -127 1285  -66
W 29240   96  620 2805 -45
D 29280 -127 1285    0
W 29280   95  627 2812 -45
D 29320 -127 1276  -50
W 29320   94  633 2829 -45
D 29360 -127 1248 -141
W 29360   93  639 2845 -45
D 29400 -127 1210 -175
W 29400   91  645 2862 -45
D 29440 -127 1166 -200
W 29440   89  651 2879 -45
D 29480 -127 1116 -216
W 29480   87  657 2895 -45
D 29520 -127 1069 -191
W 29520   85  663 2911 -45
D 29560 -127 1024 -183
W 29560   83  669 2924 -45
D 29600 -127  980 -175
W 29600   80  675 2931 -45
D 29640 -127  937 -191
W 29640   78  681 2935 -45
D 29680 -127  894 -175
W 29680   76  643 2700 25
D 29720 -127  862 -141
W 29720   76  647 2697 55
D 29760 -127  827 -141
W 29760   76  644 2691 85
D 29800 -127  788 -183
W 29800   76  637 2684 127
D 29840 -127  755 -133
W 29840   76  629 2677 127
D 29880 -127  697 -258
W 29880   76  624 2676 127
D 29920 -127  623 -333
W 29920   75  616 2669 127
D 29960 -127  526 -366
W 29960   75  603 2668 127
D 30000 -127  458 -308
W 30000   74  590 2667 127
D 30040 -127  381 -366
W 30040   73  576 2662 127
D 30080 -127  253 -600
W 30080   72  563 2651 127
D 30120 -45  126 -558
W 30120   71  549 2650 127
D 30160 -45   46 -266
W 30160   70  538 2634 127
D 30200 -45   -8 -158
W 30200   69  532 2605 127
D 30240 -45   -6    8
W 30240   68  528 2565 127
D 30280 -45   -6    8
W 30280   67  524 2518 127
D 30320   0  -23  -83
W 30320   66  521 2471 127
D 30360   0  -26    0
W 30360   66  522 2425 127
D 30400   0  -26    0
W 30400   67  522 2379 127
D 30440   0  -24   16
W 30440   67  523 2330 127
D 30480   0  -27   -8
W 30480   67  523 2278 127
D 30520   0  -26    8
W 30520   66  522 2219 127
D 30560   0  -27   -8
W 30560   66  522 2157 127
D 30600   0  -27    0
W 30600   66  522 2093 127
D 30640   0  -28    0
W 30640   65  521 2024 0
D 30680   0  -28    0
W 30680   64  521 1966 0
D 30720   0  -29   -8
W 30720   64  521 1916 0
D 30760   0  -27    8
W 30760   62  521 1882 0
D 30800   0  -28    0
W 30800   60  520 1853 0
D 30840   0  -28    0
W 30840   59  520 1829 54
D 30880   0  -28    8
W 30880   57  520 1813 68
D 30920   0  -28    0
W 30920   56  520 1790 0
D 30960   0  -28    0
W 30960   55  520 1755 -20
D 31000   0  -28    0
W 31000   54  520 1736 -20
D 31040   0  -28    0
W 31040   54  520 1732 25
D 31080   0  -29   -8
W 31080   53  520 1734 55
D 31120   0  -28   -8
W 31120   51  521 1738 70
D 31160   0  -27    0
W 31160   47  521 1744 100
D 31200   0  -27   -8
W 31200   41  522 1748 127
D 31240   0  -27    0
W 31240   35  522 1752 127
D 31280   0  -28    0
W 31280   27  523 1759 127
D 31320   0  -28    0
W 31320   18  523 1763 127
D 31360   0  -28    0
W 31360    8  524 1766 127
D 31400   0  -29   -8
W 31400   -2  525 1769 127
D 31440   0  -28    0
W 31440  -13  525 1772 127
D 31480   0  -28    0
W 31480  -24  526 1773 127
D 31520   0  -28    0
W 31520  -36  526 1774 127
D 31560   0  -28    0
W 31560  -48  527 1776 127
D 31600   0  -28    0
W 31600  -60  527 1776 127
D 31640   0  -28    0
W 31640  -73  528 1777 127
D 31680   0  -28    0
W 31680  -85  528 1779 127
D 31720   0  -28    0
W 31720  -98  529 1781 127
D 31760   0  -28    0
W 31760 -110  529 1781 127
D 31800   0  -28    0
W 31800 -123  530 1780 127
D 31840   0  -28    0
W 31840 -136  530 1780 127
D 31880   0  -29   -8
W 31880 -149  531 1781 127
D 31920   0  -28    0
W 31920 -162  531 1782 127
D 31960   0  -28    0
W 31960 -174  531 1784 127
D 32000   0  -28    0
W 32000 -188  532 1785 127
D 32040   0  -28    0
W 32040 -201  532 1783 127
D 32080   0  -28    8
W 32080 -214  532 1783 127
D 32120   0  -28    0
W 32120 -227  533 1783 127
D 32160   0  -28    0
W 32160 -240  533 1784 127
D 32200   0  -28    8
W 32200 -253  534 1784 127
D 32240   0  -28    8
W 32240 -266  534 1785 127
D 32280   0  -28    0
W 32280 -279  534 1785 127
D 32320   0  -29   -8
W 32320 -293  535 1785 127
D 32360   0  -29   -8
W 32360 -306  535 1786 127
D 32400   0  -30  -16
W 32400 -319  535 1786 127
D 32440   0  -28    0
W 32440 -332  536 1787 127
D 32480   0  -28    0
W 32480 -345  536 1787 127
D 32520  40  -28    0
W 32520 -357  536 1788 0
D 32560  40  -28    0
W 32560 -369  536 1799 0
D 32600  40  -27    0
W 32600 -380  536 1815 0
D 32640  40  -25   16
W 32640 -389  536 1810 0
D 32680  40   -5  108
W 32680 -397  536 1810 -40
D 32720  40   43  208
W 32720 -399  536 1804 -70
D 32760  40   87  183
W 32760 -398  536 1802 -100
D 32800  40  130  175
W 32800 -395  536 1800 -127
D 32840  40  179  208
W 32840 -390  536 1796 -127
D 32880  40  219  158
W 32880 -385  536 1795 -127
D 32920  40  261  216
W 32920 -378  536 1792 -127
D 32960  40  336  300
W 32960 -367  536 1789 -127
D 33000   7  410  291
W 33000 -357  535 1788 -127
D 33040  12  470  283
W 33040 -347  535 1789 -127
D 33080   1  530  241
W 33080 -337  535 1793 -127
D 33120  -7  598  283
W 33120 -327  535 1798 -127
D 33160 -10  654  208
W 33160 -318  535 1806 -127
D 33200  -4  685  100
W 33200 -313  535 1833 -127
D 33240   6  695   41
W 33240 -308  535 1879 -127
D 33280   6  706   58
W 33280 -305  536 1919 -127
D 33320   0  726   91
W 33320 -302  537 1973 -127
D 33360  -4  746   66
W 33360 -299  538 2045 0
D 33400   3  749    8
W 33400 -297  539 2116 0
D 33440   3  752    8
W 33440 -294  541 2183 0
D 33480   5  752    8
W 33480 -292  542 2246 0
D 33520   4  752   -8
W 33520 -291  543 2299 20
D 33560 -127  756   25
W 33560 -291  543 2322 0
D 33600 -127  760    0
W 33600 -291  544 2332 0
D 33640 -127  760    0
W 33640 -291  544 2348 0
D 33680 -127  711 -241
W 33680 -291  543 2364 0
D 33720 -127  655 -216
W 33720 -291  544 2371 0
D 33760 -127  590 -275
W 33760 -290  545 2372 25
D 33800 -127  511 -283
W 33800 -290  545 2368 55
D 33840 -127  423 -341
W 33840 -291  544 2365 85
D 33880 -127  339 -350
W 33880 -293  540 2365 100
D 33920 -127  266 -325
W 33920 -296  536 2365 127
D 33960 -127  200 -258
W 33960 -299  531 2368 127
D 34000 -45  110 -383
W 34000 -303  525 2376 127
D 34040 -45   19 -366
W 34040 -309  516 2378 127
D 34080   0  -10  -33
W 34080 -314  508 2376 127
D 34120   0  -18  -50
W 34120 -320  499 2375 127
D 34160   0  -23  -16
W 34160 -325  491 2377 127
D 34200   0  -23    0
W 34200 -330  482 2383 127
D 34240   0  -23    0
W 34240 -336  473 2391 127
D 34280   0  -24    0
W 34280 -341  464 2401 127
D 34320   0  -24    0
W 34320 -346  456 2409 127
D 34360   0  -24    0
W 34360 -351  447 2416 127
D 34400   0  -25   -8
W 34400 -356  437 2423 127
