pre_auton
%  batt 7.98v 8.08v
usercontrol
DUMP_MONITOR=START
DUMP_MONITOR=MONITOR
WHEEL_MONITOR=MONITOR
D   40   0  -26    0
W   40  360  200 2700 -40
D   80   0  -26    0
W   80  360  200 2700 -70
D  120   0  -25    8
W  120  359  202 2702 -100
D  160   0  -22    8
W  160  359  206 2702 -127
D  200   0  -24   -8
W  200  359  211 2703 -127
D  240   0  -26   -8
W  240  359  217 2704 -127
D  280   0  -25    8
W  280  359  226 2707 -127
D  320   0  -26    0
W  320  359  235 2709 -127
D  360   0  -26    0
W  360  359  244 2712 -127
D  400   0  -26    0
W  400  359  255 2716 -127
D  440   0  -26    0
W  440  358  266 2719 -127
D  480   0  -26    8
W  480  358  277 2721 -127
D  520   0  -27   -8
W  520  358  289 2723 -127
D  560   0  -26    8
W  560  357  301 2726 -127
D  600   0  -27   -8
W  600  357  313 2726 -127
D  640   0  -27    0
W  640  356  326 2728 -127
D  680   0  -26    0
W  680  355  339 2729 -127
D  720   0  -27   -8
W  720  355  352 2732 -127
D  760   0  -27   -8
W  760  354  365 2735 -127
D  800   0  -26    8
W  800  353  379 2737 -127
D  840   0  -26    0
W  840  352  392 2736 -127
D  880 -45   18  250
W  880  351  405 2736 0
D  920 -45   88  258
W  920  351  419 2737 0
D  960 -45   80  -75
W  960  350  429 2742 0
D 1000 -45   22 -225
W 1000  349  437 2745 0
D 1040 -45   -6  -91
W 1040  349  446 2745 0
D 1080   0  -10    0
W 1080  348  454 2744 0
D 1120 -45   -6   33
W 1120  347  461 2742 0
D 1160 -45   -8   -8
W 1160  347  468 2739 0
D 1200   0  -10  -16
W 1200  346  474 2738 0
D 1240   0  -13   16
W 1240  346  479 2741 0
D 1280   0  -14   -8
W 1280  346  484 2745 25
D 1320   0  -15    0
W 1320  346  486 2745 55
D 1360   0  -15    0
W 1360  346  486 2745 85
D 1400   0  -14    0
W 1400  346  482 2745 127
D 1440   0  -13    8
W 1440  346  477 2743 127
D 1480   0  -14  -16
W 1480  347  473 2741 127
D 1520   0  -13    8
W 1520  347  467 2738 127
D 1560   0  -15    0
W 1560  348  459 2741 127
D 1600   0  -15    0
W 1600  348  450 2742 127
D 1640   0  -16    0
W 1640  349  440 2743 127
D 1680   0  -15    0
W 1680  350  429 2743 127
D 1720   0  -16   -8
W 1720  351  418 2744 127
D 1760   0  -16    0
W 1760  351  406 2744 127
D 1800   0  -16    0
W 1800  352  395 2745 127
D 1840   0  -16   -8
W 1840  353  382 2745 127
D 1880   0  -15    0
W 1880  354  370 2745 127
D 1920   0  -16    0
W 1920  355  357 2747 127
D 1960   0  -16    0
W 1960  356  344 2749 127
D 2000   0  -16    0
W 2000  358  331 2748 127
D 2040   0  -16    0
W 2040  359  318 2745 127
D 2080   0  -16    0
W 2080  360  306 2743 127
D 2120  40  -15    8
W 2120  360  295 2741 0
D 2160  40  -16   -8
W 2160  361  284 2738 0
D 2200  40  -16    0
W 2200  362  277 2733 0
D 2240  40  -15    8
W 2240  362  275 2736 -25
D 2280  40  -15    0
W 2280  361  278 2741 -55
D 2320  40  -16   -8
W 2320  361  282 2741 -85
D 2360  40  -13    0
W 2360  361  289 2742 -127
D 2400  40  -14    0
W 2400  360  298 2742 -127
D 2440  40    0   91
W 2440  359  307 2744 -127
D 2480  40   30  133
W 2480  359  317 2744 -127
D 2520  40   48   33
W 2520  358  327 2743 -127
D 2560  40   53   25
W 2560  357  337 2742 -127
D 2600  40   65   58
W 2600  356  348 2741 -127
D 2640  40   78   58
W 2640  355  359 2743 -127
D 2680  40   90   41
W 2680  355  371 2740 -127
D 2720  40   96   16
W 2720  354  383 2741 -127
D 2760  40   96  -16
W 2760  353  394 2741 -127
D 2800  40   97    0
W 2800  352  406 2741 -127
D 2840  40   98    8
W 2840  351  418 2741 -127
D 2880 127  102   16
W 2880  350  430 2742 -127
D 2920 127  106   25
W 2920  349  442 2744 -127
D 2960 127  110   16
W 2960  349  454 2744 -127
D 3000 127  117   16
W 3000  348  467 2744 -127
D 3040 127  125    0
W 3040  347  479 2745 -127
D 3080 127  130   16
W 3080  346  491 2745 -127
D 3120 127  146   83
W 3120  345  504 2747 -127
D 3160 127  176  158
W 3160  344  516 2747 -127
D 3200 127  207  125
W 3200  343  529 2747 -127
D 3240 127  226   75
W 3240  342  541 2750 -127
D 3280 127  251  133
W 3280  341  552 2751 -75
D 3320 127  288  166
W 3320  340  565 2751 -50
D 3360 127  322  141
W 3360  338  576 2752 -50
D 3400 127  356  133
W 3400  337  587 2752 -50
D 3440 127  384  116
W 3440  337  597 2754 -50
D 3480 127  409  116
W 3480  336  607 2753 -50
D 3520 127  455  258
W 3520  335  616 2753 -50
D 3560 127  496  191
W 3560  334  625 2754 -50
D 3600 127  536  141
W 3600  333  634 2754 -50
D 3640 127  576  150
W 3640  332  642 2753 -50
D 3680 127  613  141
W 3680  332  649 2753 -50
D 3720 127  654  166
W 3720  331  657 2752 -50
D 3760 127  703  216
W 3760  331  661 2738 -50
D 3800 127  752  183
W 3800  331  663 2727 -50
D 3840 127  803  225
W 3840  331  663 2724 -50
D 3880 127  863  258
W 3880  331  663 2720 -50
D 3920 127  907  216
W 3920  331  663 2721 -50
D 3960 127  964  233
W 3960  331  663 2721 -50
D 4000 127 1015  233
W 4000  331  663 2721 -50
D 4040 127 1070  225
W 4040  331  663 2722 -50
D 4080 127 1133  266
W 4080  331  663 2722 -50
D 4120 127 1196  275
W 4120  331  663 2722 -50
D 4160   0 1269  300
W 4160  331  663 2722 -50
D 4200   0 1341  275
W 4200  331  663 2722 -50
D 4240 -127 1403  241
W 4240  331  663 2722 -50
D 4280 -127 1432  108
W 4280  331  663 2722 -50
D 4320 -127 1431  -16
W 4320  330  663 2720 -50
D 4360 -127 1428  -16
W 4360  330  663 2719 -50
D 4400 -127 1421  -41
W 4400  330  663 2722 -50
D 4440 -127 1399 -116
W 4440  330  663 2721 -50
D 4480 -127 1345 -250
W 4480  330  664 2723 -50
D 4520 -127 1285 -250
W 4520  330  664 2721 -50
D 4560 -127 1220 -266
W 4560  330  664 2721 -50
D 4600 -127 1155 -266
W 4600  330  664 2722 0
D 4640 -127 1090 -275
W 4640  330  663 2722 0
D 4680 -127 1026 -258
W 4680  331  662 2721 0
D 4720 -127  963 -258
W 4720  331  662 2720 0
D 4760 -127  888 -316
W 4760  331  661 2722 0
D 4800 -127  826 -266
W 4800  331  640 2700 25
D 4840 -127  758 -266
W 4840  331  639 2700 55
D 4880 -127  695 -283
W 4880  331  637 2699 85
D 4920 -127  609 -375
W 4920  331  633 2698 127
D 4960 -127  521 -333
W 4960  331  628 2697 127
D 5000 -127  441 -283
W 5000  330  621 2696 127
D 5040 -127  363 -366
W 5040  330  612 2694 127
D 5080 -127  272 -450
W 5080  330  602 2693 127
D 5120 -127  184 -341
W 5120  330  591 2695 127
D 5160 -45   99 -325
W 5160  330  579 2697 127
D 5200 -45    8 -400
W 5200  330  567 2699 127
D 5240   0  -16    0
W 5240  330  556 2698 127
D 5280   0  -20  -16
W 5280  330  544 2698 127
D 5320   0  -23  -25
W 5320  330  532 2699 127
D 5360   0  -26   -8
W 5360  330  521 2699 127
D 5400   0  -26   -8
W 5400  330  509 2700 127
D 5440   0  -26   -8
W 5440  330  497 2699 127
D 5480   0  -26    0
W 5480  330  485 2699 127
D 5520   0  -26    0
W 5520  330  473 2699 127
D 5560   0  -26    0
W 5560  330  460 2699 127
D 5600   0  -26    0
W 5600  330  446 2703 127
D 5640   0  -26    0
W 5640  330  434 2707 127
D 5680   0  -26    0
W 5680  330  421 2709 127
D 5720   0  -26    0
W 5720  330  408 2710 127
D 5760   0  -26    0
W 5760  331  396 2711 127
D 5800   0  -27    0
W 5800  331  383 2712 127
D 5840   0  -27   -8
W 5840  331  370 2712 127
D 5880   0  -27   -8
W 5880  331  357 2711 127
D 5920   0  -26    0
W 5920  332  344 2710 127
D 5960   0  -26    8
W 5960  332  331 2710 127
D 6000   0  -26    0
W 6000  332  318 2712 127
D 6040   0  -26    8
W 6040  332  304 2716 127
D 6080  40  -26    8
W 6080  333  291 2720 0
D 6120  40  -26    0
W 6120  333  279 2719 0
D 6160  40  -26    0
W 6160  333  269 2719 0
D 6200  40  -26    0
W 6200  334  264 2729 -40
D 6240  40  -26    0
W 6240  334  266 2740 -70
D 6280  40  -25    0
W 6280  333  269 2744 -100
D 6320  40  -12  100
W 6320  333  276 2743 -127
D 6360  40    5   66
W 6360  332  285 2741 -127
D 6400  40   25   75
W 6400  332  293 2737 -127
D 6440  40   31   16
W 6440  331  302 2737 -127
D 6480  40   41   50
W 6480  330  312 2737 -127
D 6520  40   60   75
W 6520  330  322 2735 -127
D 6560  40   75   58
W 6560  329  333 2735 -127
D 6600  40   90   58
W 6600  328  344 2735 -127
D 6640  40  103   41
W 6640  328  356 2736 -127
D 6680  40  115   50
W 6680  327  367 2736 -127
D 6720  40  128   58
W 6720  326  379 2738 -127
D 6760  40  145   83
W 6760  325  391 2740 -127
D 6800  40  163   66
W 6800  324  403 2741 -127
D 6840  40  181   66
W 6840  324  415 2744 -127
D 6880 127  196   75
W 6880  323  427 2748 -127
D 6920 127  213   91
W 6920  322  439 2751 -127
D 6960 127  230   41
W 6960  320  452 2752 -127
D 7000 127  267  116
W 7000  319  464 2753 -127
D 7040 127  307  158
W 7040  318  477 2754 -127
D 7080 127  348  158
W 7080  317  490 2755 -127
D 7120 127  401  258
W 7120  316  502 2757 -127
D 7160 127  445  191
W 7160  315  513 2755 -127
D 7200 127  500  250
W 7200  313  525 2757 -127
D 7240 127  555  250
W 7240  312  537 2757 -127
D 7280 127  615  233
W 7280  311  548 2757 -75
D 7320 127  680  283
W 7320  310  559 2758 -50
D 7360 127  750  325
W 7360  309  569 2760 -50
D 7400 127  807  316
W 7400  308  578 2761 -50
D 7440 127  876  283
W 7440  307  586 2762 -50
D 7480 127  953  358
W 7480  306  593 2763 -50
D 7520 127 1029  325
W 7520  306  600 2764 -50
D 7560 127 1108  316
W 7560  305  606 2764 -50
D 7600 127 1196  375
W 7600  304  611 2765 -50
D 7640   0 1285  366
W 7640  304  616 2766 -50
D 7680   0 1375  391
W 7680  303  622 2766 -50
D 7720 -127 1443  275
W 7720  303  627 2769 -50
D 7760 -127 1449   33
W 7760  302  631 2766 -50
D 7800 -127 1458    0
W 7800  302  634 2743 -50
D 7840 -127 1456    8
W 7840  302  637 2718 -50
D 7880 -127 1445  -91
W 7880  302  639 2709 -50
D 7920 -127 1403 -208
W 7920  302  640 2709 -50
D 7960 -127 1342 -266
W 7960  301  642 2714 -50
D 8000 -127 1276 -283
W 8000  301  645 2716 -50
D 8040 -127 1209 -266
W 8040  301  648 2716 -50
D 8080 -127 1131 -350
W 8080  301  649 2717 0
D 8120 -127 1051 -333
W 8120  301  649 2716 0
D 8160 -127  980 -275
W 8160  301  648 2717 0
D 8200 -127  913 -283
W 8200  301  648 2718 0
D 8240 -127  843 -291
W 8240  301  647 2718 0
D 8280 -127  758 -358
W 8280  301  639 2700 25
D 8320 -127  676 -366
W 8320  301  638 2700 55
D 8360 -127  599 -341
W 8360  301  637 2700 70
D 8400 -127  516 -358
W 8400  301  633 2699 100
D 8440 -127  425 -375
W 8440  301  628 2701 127
D 8480 -127  339 -358
W 8480  301  621 2701 127
D 8520 -127  258 -366
W 8520  301  613 2701 127
D 8560 -127  175 -358
W 8560  301  603 2702 127
D 8600 -45   82 -375
W 8600  301  592 2702 127
D 8640 -45   -2 -350
W 8640  301  581 2705 127
D 8680   0  -18  -16
W 8680  302  571 2706 127
D 8720   0  -23  -16
W 8720  302  559 2706 127
D 8760   0  -25   -8
W 8760  302  547 2705 127
D 8800   0  -27   -8
W 8800  302  536 2704 127
D 8840   0  -26    0
W 8840  302  524 2704 127
D 8880   0  -27    0
W 8880  302  513 2704 127
D 8920   0  -26    8
W 8920  302  501 2705 127
D 8960   0  -27    0
W 8960  302  489 2704 127
D 9000   0  -27    0
W 9000  302  476 2704 127
D 9040   0  -27    0
W 9040  302  463 2705 127
D 9080   0  -27    8
W 9080  303  450 2708 127
D 9120   0  -26    8
W 9120  303  437 2712 127
D 9160   0  -27   -8
W 9160  303  424 2715 127
D 9200   0  -28    0
W 9200  303  412 2716 127
D 9240   0  -27    0
W 9240  304  399 2715 127
D 9280   0  -27    8
W 9280  304  387 2714 127
D 9320   0  -28    0
W 9320  304  374 2712 127
D 9360   0  -27    8
W 9360  305  361 2711 127
D 9400   0  -28    0
W 9400  305  348 2709 127
D 9440   0  -28   -8
W 9440  305  335 2706 127
D 9480   0  -28    0
W 9480  305  322 2708 127
D 9520   0  -28    0
W 9520  305  309 2709 127
D 9560  40  -27    8
W 9560  306  296 2711 0
D 9600  40  -27    0
W 9600  306  283 2714 0
D 9640  40  -27    0
W 9640  306  272 2715 0
D 9680  40  -28   -8
W 9680  306  265 2716 -25
D 9720  40  -28    0
W 9720  306  264 2717 -55
D 9760  40  -26   16
W 9760  306  267 2721 -85
D 9800  40  -25    8
W 9800  306  273 2725 -127
D 9840  40   -9   58
W 9840  306  281 2726 -127
D 9880  40   13  100
W 9880  305  290 2727 -127
D 9920  40   25   41
W 9920  305  298 2728 -127
D 9960  40   38   58
W 9960  304  308 2727 -127
D 10000  40   59   91
W 10000  304  319 2726 -127
D 10040  40   81   91
W 10040  303  329 2723 -127
D 10080  40   96   66
W 10080  303  340 2723 -127
D 10120  40  110   75
W 10120  303  351 2723 -127
D 10160  40  126   83
W 10160  302  362 2723 -127
D 10200  40  146   75
W 10200  302  374 2724 -127
D 10240  40  160   66
W 10240  301  385 2727 -127
D 10280  40  174   66
W 10280  301  398 2732 -127
D 10320  40  184   33
W 10320  300  409 2736 -127
D 10360  40  190   33
W 10360  299  421 2740 -127
D 10400 127  198   25
W 10400  298  433 2741 -127
D 10440 127  208   58
W 10440  297  446 2742 -127
D 10480 127  236   66
W 10480  296  458 2741 -127
D 10520 127  272  141
W 10520  296  471 2736 -127
D 10560 127  305  150
W 10560  295  484 2736 -127
D 10600 127  345  166
W 10600  294  496 2737 -127
D 10640 127  380  183
W 10640  293  508 2738 -127
D 10680 127  427  175
W 10680  292  520 2739 -127
D 10720 127  477  183
W 10720  292  532 2738 -127
D 10760 127  535  233
W 10760  291  543 2738 -127
D 10800 127  591  250
W 10800  290  554 2738 -60
D 10840 127  646  216
W 10840  289  565 2740 -45
D 10880 127  713  291
W 10880  289  574 2743 -45
D 10920 127  778  216
W 10920  288  583 2743 -45
D 10960 127  850  283
W 10960  288  590 2743 -45
D 11000 127  921  300
W 11000  287  597 2743 -45
D 11040 127 1001  300
W 11040  287  603 2740 -45
D 11080 127 1083  350
W 11080  286  608 2741 -45
D 11120 127 1166  341
W 11120  286  612 2742 -45
D 11160   0 1260  400
W 11160  286  617 2744 -45
D 11200   0 1351  358
W 11200  285  621 2745 -45
D 11240   0 1440  366
W 11240  285  625 2748 -45
D 11280 -127 1446    8
W 11280  285  628 2748 -45
D 11320 -127 1460   33
W 11320  284  630 2746 -45
D 11360 -127 1462    8
W 11360  284  632 2736 -45
D 11400 -127 1451  -75
W 11400  284  633 2734 -45
D 11440 -127 1415 -175
W 11440  284  633 2736 -45
D 11480 -127 1353 -283
W 11480  284  634 2737 -45
D 11520 -127 1289 -266
W 11520  284  637 2734 -45
D 11560 -127 1220 -275
W 11560  284  639 2730 -45
D 11600 -127 1139 -358
W 11600  284  641 2699 25
D 11640 -127 1057 -325
W 11640  284  640 2694 55
D 11680 -127  988 -291
W 11680  284  638 2694 85
D 11720 -127  899 -400
W 11720  284  633 2696 127
D 11760 -127  822 -300
W 11760  284  627 2699 127
D 11800 -127  752 -233
W 11800  284  620 2703 127
D 11840 -127  688 -258
W 11840  284  610 2705 127
D 11880 -127  631 -208
W 11880  284  600 2704 127
D 11920 -127  563 -300
W 11920  284  590 2702 127
D 11960 -127  493 -266
W 11960  284  578 2702 127
D 12000 -127  411 -325
W 12000  284  566 2704 127
D 12040 -127  333 -350
W 12040  284  554 2703 127
D 12080 -127  240 -458
W 12080  284  541 2702 127
D 12120 -45  143 -433
W 12120  284  528 2700 127
D 12160 -45   55 -358
W 12160  284  515 2701 127
D 12200   0  -18 -216
W 12200  284  502 2701 127
D 12240   0  -19   -8
W 12240  284  490 2705 127
D 12280   0  -20    8
W 12280  285  477 2711 127
D 12320   0  -22   -8
W 12320  285  465 2712 127
D 12360   0  -23   -8
W 12360  285  453 2714 127
D 12400   0  -23    0
W 12400  285  440 2717 127
D 12440   0  -22    0
W 12440  286  428 2720 127
D 12480   0  -23   -8
W 12480  286  417 2715 127
D 12520   0  -23    0
W 12520  286  404 2714 127
D 12560   0  -23    0
W 12560  287  393 2710 127
D 12600   0  -23    0
W 12600  287  385 2693 127
D 12640   0  -21    8
W 12640  287  380 2666 127
D 12680   0  -20    0
W 12680  286  375 2633 127
D 12720   0  -19    8
W 12720  286  371 2595 127
D 12760   0  -20    8
W 12760  285  368 2550 127
D 12800   0  -20    8
W 12800  285  367 2507 127
D 12840   0  -21    0
W 12840  284  365 2464 127
D 12880   0  -23  -16
W 12880  284  364 2415 127
D 12920   0  -23    0
W 12920  283  363 2362 127
D 12960   0  -23   -8
W 12960  283  363 2306 127
D 13000   0  -23    0
W 13000  282  362 2245 127
D 13040   0  -23    0
W 13040  282  362 2185 127
D 13080   0  -23    0
W 13080  281  361 2121 127
D 13120   0  -25   -8
W 13120  280  361 2055 127
D 13160   0  -25   -8
W 13160  279  360 1985 127
D 13200   0  -23    0
W 13200  279  360 1924 127
D 13240   0  -21    8
W 13240  278  360 1876 127
D 13280   0  -25    0
W 13280  278  360 1836 0
D 13320   0  -25    0
W 13320  278  360 1815 68
D 13360   0  -25    0
W 13360  278  360 1801 68
D 13400   0  -25    0
W 13400  277  360 1767 -20
D 13440   0  -25    0
W 13440  278  360 1747 -5
D 13480   0  -24    0
W 13480  277  360 1745 40
D 13520   0  -25   -8
W 13520  276  360 1751 70
D 13560   0  -23   16
W 13560  273  361 1755 100
D 13600   0  -23   -8
W 13600  269  361 1760 127
D 13640   0  -23    0
W 13640  263  361 1765 127
D 13680   0  -24    0
W 13680  256  362 1767 127
D 13720   0  -25    0
W 13720  249  362 1768 127
D 13760   0  -25    0
W 13760  240  363 1769 127
D 13800   0  -26   -8
W 13800  231  363 1773 127
D 13840   0  -25    0
W 13840  222  363 1776 127
D 13880   0  -26   -8
W 13880  212  364 1775 127
D 13920   0  -26   -8
W 13920  202  364 1775 127
D 13960   0  -26    0
W 13960  191  365 1773 127
D 14000   0  -26    0
W 14000  180  365 1771 127
D 14040   0  -26    0
W 14040  169  366 1772 127
D 14080   0  -26   -8
W 14080  158  366 1772 127
D 14120   0  -26    0
W 14120  147  367 1770 127
D 14160   0  -26    0
W 14160  135  368 1770 127
D 14200   0  -25    8
W 14200  123  368 1768 127
D 14240   0  -26    0
W 14240  112  369 1765 127
D 14280   0  -26    0
W 14280  100  370 1761 127
D 14320 127  -24    8
W 14320   89  370 1757 127
D 14360 127  -25    0
W 14360   78  371 1754 127
D 14400 127  -25    0
W 14400   67  372 1749 127
D 14440 127    0  133
W 14440   57  373 1746 127
D 14480 127   58  266
W 14480   46  374 1733 127
D 14520 127  135  325
W 14520   36  375 1715 127
D 14560 127  243  466
W 14560   27  377 1701 127
D 14600   0  352  366
W 14600   16  379 1691 127
D 14640  23  406  191
W 14640    4  381 1697 127
D 14680  20  474  341
W 14680   -9  384 1708 127
D 14720  -3  567  408
W 14720  -22  386 1717 127
D 14760 -15  658  358
W 14760  -34  388 1710 127
D 14800  -3  709  200
W 14800  -48  390 1708 127
D 14840   1  741  125
W 14840  -63  392 1706 127
D 14880   9  750   16
W 14880  -77  394 1705 127
D 14920   9  765   83
W 14920  -90  397 1704 127
D 14960   7  780   75
W 14960 -102  399 1706 127
D 15000   2  801  100
W 15000 -114  401 1710 127
D 15040  -6  831  116
W 15040 -126  403 1712 127
D 15080  -3  849   66
W 15080 -137  404 1714 127
D 15120   0  856    8
W 15120 -149  406 1713 127
D 15160   4  856    0
W 15160 -160  408 1710 127
D 15200   3  857    0
W 15200 -170  409 1708 127
D 15240   4  856   -8
W 15240 -180  411 1705 127
D 15280   4  855   -8
W 15280 -191  413 1703 127
D 15320   4  855    0
W 15320 -202  415 1702 127
D 15360   4  855    0
W 15360 -213  417 1701 127
D 15400   4  856    8
W 15400 -224  419 1699 127
D 15440   4  856    0
W 15440 -235  420 1697 127
D 15480   2  859    8
W 15480 -245  422 1694 127
D 15520   4  858   -8
W 15520 -256  424 1691 127
D 15560   4  858    0
W 15560 -266  426 1686 127
D 15600   4  858    0
W 15600 -276  428 1681 127
D 15640   4  858    0
W 15640 -286  431 1676 127
D 15680   4  858    0
W 15680 -296  433 1671 127
D 15720   4  858    0
W 15720 -305  435 1666 127
D 15760   4  858    0
W 15760 -314  437 1660 127
D 15800   4  858    0
W 15800 -324  440 1654 127
D 15840   4  858    0
W 15840 -333  442 1649 127
D 15880   4  858    0
W 15880 -342  445 1643 127
D 15920   2  863   25
W 15920 -351  447 1637 127
D 15960   0  871   41
W 15960 -360  450 1631 127
D 16000   0  876   16
W 16000 -368  452 1626 127
D 16040   1  877    0
W 16040 -377  455 1616 127
D 16080   2  877    0
W 16080 -384  458 1608 -25
D 16120   0  882   33
W 16120 -388  459 1599 -55
D 16160  -1  886    0
W 16160 -390  459 1604 -85
D 16200   0  888    8
W 16200 -391  460 1620 -127
D 16240   2  886    0
W 16240 -391  460 1641 -127
D 16280   1  886    0
W 16280 -391  460 1666 -127
D 16320   1  886    0
W 16320 -390  460 1693 -127
D 16360   1  886    0
W 16360 -388  459 1724 -127
D 16400   1  885   -8
W 16400 -387  459 1757 -127
D 16440   0  886    0
W 16440 -385  459 1794 -127
D 16480   1  886    0
W 16480 -384  459 1836 -127
D 16520   2  885    0
W 16520 -382  459 1885 -127
D 16560   1  885    0
W 16560 -380  460 1942 -127
D 16600   1  885    0
W 16600 -379  460 2008 -127
D 16640   1  885    0
W 16640 -378  461 2077 -127
D 16680   2  884    0
W 16680 -377  461 2152 -127
D 16720   1  884    0
W 16720 -377  461 2234 -127
D 16760   1  884    0
W 16760 -377  461 2319 0
D 16800   1  883   -8
W 16800 -378  460 2406 0
D 16840   0  884    0
W 16840 -378  459 2487 0
D 16880   0  884   -8
W 16880 -379  458 2555 20
D 16920   1  885    8
W 16920 -379  457 2599 20
D 16960 127  885    0
W 16960 -379  457 2617 5
D 17000 127  897   75
W 17000 -379  457 2620 -40
D 17040 127  910   58
W 17040 -379  457 2617 -70
D 17080 127  942  108
W 17080 -378  460 2614 -100
D 17120 127  970  116
W 17120 -378  464 2611 -127
D 17160 127 1015  225
W 17160 -377  469 2610 -127
D 17200 127 1076  275
W 17200 -376  475 2607 -127
D 17240 127 1143  291
W 17240 -375  482 2608 -127
D 17280 127 1193  225
W 17280 -373  491 2609 -127
D 17320   0 1252  258
W 17320 -372  500 2614 -127
D 17360   0 1326  291
W 17360 -371  508 2618 -75
D 17400   0 1390  266
W 17400 -370  516 2619 -45
D 17440 -127 1428  100
W 17440 -369  523 2620 -45
D 17480 -127 1431    8
W 17480 -368  529 2613 -45
D 17520 -127 1435   -8
W 17520 -367  535 2614 -45
D 17560 -127 1419 -125
W 17560 -366  541 2611 -45
D 17600 -127 1370 -250
W 17600 -365  547 2616 -45
D 17640 -127 1307 -241
W 17640 -364  553 2631 -45
D 17680 -127 1261 -200
W 17680 -364  559 2640 -45
D 17720 -127 1208 -250
W 17720 -363  565 2647 -45
D 17760 -127 1152 -241
W 17760 -362  572 2658 -45
D 17800 -127 1104 -200
W 17800 -362  578 2670 -45
D 17840 -127 1067 -158
W 17840 -362  584 2683 -45
D 17880 -127 1029 -166
W 17880 -361  591 2696 -45
D 17920 -127  979 -200
W 17920 -362  597 2709 -45
D 17960 -127  921 -225
W 17960 -362  603 2722 -45
D 18000 -127  874 -183
W 18000 -362  610 2732 -45
D 18040 -127  831 -166
W 18040 -362  617 2739 -45
D 18080 -127  783 -233
W 18080 -363  624 2746 -45
D 18120 -127  738 -183
W 18120 -363  630 2753 -45
D 18160 -127  685 -216
W 18160 -364  637 2758 -45
D 18200 -127  626 -250
W 18200 -364  643 2703 25
D 18240 -127  568 -258
W 18240 -364  647 2707 55
D 18280 -127  505 -266
W 18280 -364  643 2710 85
D 18320 -127  446 -258
W 18320 -364  636 2712 127
D 18360 -127  378 -308
W 18360 -364  625 2714 127
D 18400 -127  306 -308
W 18400 -364  612 2717 127
D 18440 -127  225 -325
W 18440 -363  599 2720 127
D 18480 -45  145 -375
W 18480 -363  585 2724 127
D 18520 -45   66 -316
W 18520 -362  572 2727 127
D 18560 -45   -9 -266
W 18560 -361  558 2729 127
D 18600   0  -38  -25
W 18600 -361  544 2718 127
D 18640   0  -43    0
W 18640 -360  530 2703 127
D 18680   0  -45  -16
W 18680 -360  516 2695 127
D 18720   0  -33   91
W 18720 -361  502 2684 127
D 18760 -45    7  166
W 18760 -361  488 2677 127
D 18800 -45   49  133
W 18800 -362  474 2665 127
D 18840 -45   52    8
W 18840 -363  461 2649 127
D 18880 -45   51   -8
W 18880 -364  447 2646 127
D 18920 -45   49   -8
W 18920 -365  433 2647 127
D 18960 -45   31  -91
W 18960 -367  419 2649 127
D 19000 -45   11  -83
W 19000 -368  405 2646 127
D 19040 -45   -5  -75
W 19040 -369  392 2643 127
D 19080   0  -30 -158
W 19080 -371  378 2646 127
D 19120   0  -44  -25
W 19120 -372  364 2651 127
D 19160   0  -45    0
W 19160 -373  350 2656 127
D 19200   0  -46   -8
W 19200 -374  336 2658 127
D 19240   0  -45    0
W 19240 -375  322 2656 127
D 19280   0  -45    0
W 19280 -376  308 2650 127
D 19320  40  -45    0
W 19320 -378  293 2642 0
D 19360  40  -45   -8
W 19360 -379  280 2638 0
D 19400  40  -45    0
W 19400 -380  269 2635 0
D 19440  40  -43    8
W 19440 -381  262 2632 -40
D 19480  40   -9  158
W 19480 -381  261 2626 -70
D 19520  40   44  233
W 19520 -380  266 2618 -100
D 19560  40  111  316
W 19560 -379  276 2607 -127
D 19600  40  204  408
W 19600 -377  288 2595 -127
D 19640  40  317  500
W 19640 -374  302 2584 -127
D 19680   1  410  391
W 19680 -371  315 2583 -127
D 19720  17  450  150
W 19720 -369  329 2599 -127
D 19760  21  481  150
W 19760 -367  342 2627 -127
D 19800  15  512  116
W 19800 -365  356 2653 -127
D 19840   9  558  233
W 19840 -364  370 2666 -127
D 19880  -9  623  258
W 19880 -363  383 2675 -127
D 19920  -9  667  133
W 19920 -363  397 2681 -127
D 19960  -4  695   83
W 19960 -362  411 2685 -127
D 20000 127  710   75
W 20000 -362  425 2698 -127
D 20040 127  726   83
W 20040 -362  438 2715 -127
D 20080 127  756   83
W 20080 -363  452 2717 -127
D 20120 127  822  291
W 20120 -363  465 2704 -127
D 20160 127  858  141
W 20160 -363  479 2682 -127
D 20200 127  890  116
W 20200 -362  493 2664 -127
D 20240 127  943  266
W 20240 -361  506 2647 -127
D 20280 127 1011  266
W 20280 -360  519 2635 -127
D 20320 127 1090  375
W 20320 -358  533 2628 -127
D 20360 127 1178  391
W 20360 -357  546 2622 -127
D 20400   0 1258  325
W 20400 -355  559 2616 -75
D 20440   0 1341  283
W 20440 -353  572 2611 -45
D 20480   0 1393  191
W 20480 -351  583 2608 -45
D 20520 -127 1405   16
W 20520 -350  592 2610 -45
D 20560 -127 1405    0
W 20560 -348  601 2619 -45
D 20600 -127 1405    0
W 20600 -347  609 2633 -45
D 20640 -127 1404  -16
W 20640 -346  616 2639 -45
D 20680 -127 1368 -175
W 20680 -346  623 2636 -45
D 20720 -127 1308 -266
W 20720 -345  629 2629 -45
D 20760 -127 1241 -283
W 20760 -344  636 2629 -45
D 20800   0 1190 -166
W 20800 -343  642 2636 -40
D 20840   0 1176    0
W 20840 -343  646 2636 -45
D 20880   0 1175    0
W 20880 -342  651 2636 -45
D 20920   0 1176    8
W 20920 -342  657 2637 -45
D 20960   0 1175   -8
W 20960 -341  663 2641 -45
D 21000   0 1176    8
W 21000 -340  669 2653 -45
D 21040   0 1180   16
W 21040 -340  676 2666 -45
D 21080   0 1186   41
W 21080 -340  682 2675 -45
D 21120   0 1189    8
W 21120 -339  689 2676 -45
D 21160   0 1190    8
W 21160 -339  696 2675 -45
D 21200   0 1195   33
W 21200 -339  704 2677 -45
D 21240   0 1213  100
W 21240 -338  711 2678 -45
D 21280   0 1222   25
W 21280 -338  643 2698 25
D 21320   0 1227   25
W 21320 -338  648 2695 55
pre_auton
%  batt 7.80v 8.03v
usercontrol
DUMP_MONITOR=START
DUMP_MONITOR=MONITOR
WHEEL_MONITOR=MONITOR
D   41   0  -27    0
W   41  360  200 2700 -43
D   81   0  -27    8
W   81  360  201 2701 -73
D  121   0  -25    8
W  121  359  203 2701 -103
D  161   0  -25    0
W  161  359  207 2700 -127
D  201   0  -26   -8
W  201  359  213 2701 -127
D  241   0  -26    0
W  241  359  220 2701 -127
D  281   0  -27   -8
W  281  359  229 2702 -127
D  321   0  -28   -8
W  321  359  238 2703 -127
D  361   0  -27    0
W  361  359  249 2705 -127
D  401   0  -27    8
W  401  359  259 2706 -127
D  441   0  -28    0
W  441  359  271 2707 -127
D  481   0  -28    0
W  481  359  282 2708 -127
D  521   0  -28    8
W  521  359  294 2710 -127
D  561   0  -28    0
W  561  359  307 2712 -127
D  601   0  -28    0
W  601  358  319 2713 -127
D  641   0  -28    0
W  641  358  332 2710 -127
D  681   0  -28    0
W  681  358  345 2707 -127
D  721   0  -28    0
W  721  358  358 2704 -127
D  761   0  -28    0
W  761  358  371 2707 -127
D  801   0  -29   -8
W  801  357  384 2713 -127
D  841   0  -28    0
W  841  357  398 2717 -127
D  881   0  -12  133
W  881  357  411 2723 0
D  921 -45   41  250
W  921  356  424 2724 0
D  961 -45   96  183
W  961  356  436 2722 0
D 1001 -45   83  -83
W 1001  355  445 2726 0
D 1041 -45   18 -275
W 1041  355  452 2731 0
D 1081 -45   -8  -41
W 1081  354  460 2730 0
D 1121   0  -11    0
W 1121  354  468 2726 0
D 1161   0  -13   -8
W 1161  354  474 2721 0
D 1201   0  -13    0
W 1201  354  480 2718 0
D 1241   0  -13    0
W 1241  353  486 2721 0
D 1281   0  -13    0
W 1281  353  490 2722 25
D 1321   0  -13   -8
W 1321  353  492 2720 55
D 1361   0  -13    8
W 1361  353  491 2720 85
D 1401   0  -11   16
W 1401  353  488 2721 127
D 1441   0  -10    0
W 1441  353  484 2721 127
D 1481   0  -11   -8
W 1481  354  479 2719 127
D 1521   0  -11    0
W 1521  354  473 2718 127
D 1561   0  -13    0
W 1561  354  466 2720 127
D 1601   0  -13    0
W 1601  354  456 2720 127
D 1641   0  -13    8
W 1641  355  446 2721 127
D 1681   0  -13    0
W 1681  355  435 2721 127
D 1721   0  -14    0
W 1721  356  424 2723 127
D 1761   0  -13    0
W 1761  356  413 2723 127
D 1801   0  -13    0
W 1801  356  401 2721 127
D 1841   0  -14    0
W 1841  357  389 2716 127
D 1881   0  -15   -8
W 1881  357  377 2716 127
D 1921   0  -14    0
W 1921  358  364 2717 127
D 1961   0  -15   -8
W 1961  358  351 2717 127
D 2001   0  -14    0
W 2001  358  339 2715 127
D 2041   0  -14    0
W 2041  359  326 2712 127
D 2081   0  -14    8
W 2081  359  314 2709 127
D 2121   0  -14    8
W 2121  359  303 2704 127
D 2161  40  -13    0
W 2161  359  291 2701 0
D 2201  40  -13    8
W 2201  359  282 2698 0
D 2241  40  -14   -8
W 2241  359  278 2695 -25
D 2281  40  -13    8
W 2281  359  279 2696 -55
D 2321  40  -13    8
W 2321  359  283 2696 -70
D 2361  40  -13    0
W 2361  359  289 2692 -100
D 2401  40  -14   -8
W 2401  359  298 2695 -127
D 2441  40   12  166
W 2441  359  307 2698 -127
D 2481  40   38   83
W 2481  359  316 2702 -127
D 2521  40   54   66
W 2521  359  326 2703 -127
D 2561  40   67   50
W 2561  359  335 2707 -127
D 2601  40   75   25
W 2601  359  346 2711 -127
D 2641  40   82   25
W 2641  359  357 2710 -127
D 2681  40   88   25
W 2681  359  368 2709 -127
D 2721  40   93   16
W 2721  358  380 2709 -127
D 2761  40   96    8
W 2761  358  392 2706 -127
D 2801  40   99   25
W 2801  358  404 2706 -127
D 2841  40  100    8
W 2841  358  415 2706 -127
D 2881  40   99   -8
W 2881  358  428 2707 -127
D 2921  40   99   -8
W 2921  358  440 2707 -127
D 2961  40   99    0
W 2961  358  452 2707 -127
D 3001 127  100    8
W 3001  357  464 2708 -127
D 3041 127  100    0
W 3041  357  476 2708 -127
D 3081 127   98  -16
W 3081  357  488 2707 -127
D 3121 127  101   16
W 3121  357  501 2707 -127
D 3161 127  106   25
W 3161  357  513 2707 -127
D 3201 127  121   58
W 3201  357  526 2707 -127
D 3241 127  135    8
W 3241  356  538 2709 -127
D 3281 127  146   66
W 3281  356  550 2711 -127
D 3321 127  172  108
W 3321  356  563 2711 -127
D 3361 127  202  141
W 3361  356  575 2713 -60
D 3401 127  226   66
W 3401  355  587 2713 -50
D 3441 127  244   91
W 3441  355  598 2714 -50
D 3481 127  276  166
W 3481  355  609 2714 -50
D 3521 127  305  116
W 3521  355  620 2712 -50
D 3561 127  335  116
W 3561  355  630 2712 -50
D 3601 127  371  150
W 3601  354  639 2713 -50
D 3641 127  402  150
W 3641  354  648 2715 -50
D 3681 127  434  116
W 3681  354  657 2714 -50
D 3721 127  468  108
W 3721  354  664 2707 -50
D 3761 127  503  141
W 3761  354  667 2705 -50
D 3801 127  547  141
W 3801  354  667 2700 -50
D 3841 127  600  216
W 3841  354  667 2701 -50
D 3881 127  640  208
W 3881  354  667 2702 -50
D 3921 127  678  166
W 3921  354  667 2701 -50
D 3961 127  715  150
W 3961  354  667 2701 -50
D 4001 127  753  141
W 4001  354  667 2701 -50
D 4041 127  788  175
W 4041  354  667 2702 -50
D 4081 127  831  208
W 4081  354  667 2702 -50
D 4121 127  870  166
W 4121  354  667 2702 -50
D 4161 127  913  183
W 4161  354  667 2702 -50
D 4201 127  966  250
W 4201  354  667 2702 -50
D 4241 127 1013  233
W 4241  354  667 2702 -50
D 4281 127 1058  208
W 4281  354  667 2702 -50
D 4321 127 1114  216
W 4321  354  667 2702 -50
D 4361 127 1173  233
W 4361  354  667 2702 -50
D 4401   0 1243  308
W 4401  354  667 2702 -50
D 4441   0 1317  300
W 4441  354  667 2702 -50
D 4481   0 1379  258
W 4481  354  667 2702 -50
D 4521 -127 1414   91
W 4521  354  667 2704 -50
D 4561 -127 1425   41
W 4561  354  667 2704 -50
D 4601 -127 1424  -16
W 4601  354  668 2705 -50
D 4641 -127 1424    0
W 4641  354  668 2706 -50
D 4681 -127 1412 -100
W 4681  354  669 2705 -50
D 4721 -127 1371 -200
W 4721  354  669 2700 -50
D 4761 -127 1316 -241
W 4761  354  669 2702 -50
D 4801 -127 1242 -325
W 4801  354  669 2702 -50
D 4841 -127 1163 -316
W 4841  354  669 2702 -50
D 4881 -127 1080 -341
W 4881  354  669 2701 0
D 4921 -127 1004 -308
W 4921  354  669 2701 0
D 4961 -127  935 -300
W 4961  354  669 2702 0
D 5001 -127  865 -275
W 5001  354  669 2702 0
D 5041 -127  796 -300
W 5041  354  669 2702 0
D 5081 -127  739 -225
W 5081  354  640 2700 40
D 5121 -127  674 -275
W 5121  354  639 2700 70
D 5161 -127  608 -291
W 5161  354  635 2700 100
D 5201 -127  539 -283
W 5201  354  631 2704 127
D 5241 -127  483 -216
W 5241  354  625 2705 127
D 5281 -127  399 -366
W 5281  354  618 2706 127
D 5321 -127  302 -400
W 5321  354  609 2706 127
D 5361 -127  205 -400
W 5361  354  598 2707 127
D 5401 -45  100 -383
W 5401  354  587 2709 127
D 5441 -45    5 -391
W 5441  354  575 2710 127
D 5481   0  -17  -41
W 5481  354  564 2705 127
D 5521   0  -21   -8
W 5521  355  552 2705 127
D 5561   0  -24  -16
W 5561  355  541 2702 127
D 5601   0  -25    0
W 5601  355  529 2699 127
D 5641   0  -26    0
W 5641  355  517 2698 127
D 5681   0  -25    8
W 5681  355  505 2698 127
D 5721   0  -26    0
W 5721  354  494 2699 127
D 5761   0  -26    0
W 5761  354  482 2698 127
D 5801   0  -26    0
W 5801  354  469 2699 127
D 5841   0  -25    8
W 5841  354  456 2701 127
D 5881   0  -26    0
W 5881  354  444 2703 127
D 5921   0  -26    0
W 5921  355  431 2705 127
D 5961   0  -26    0
W 5961  355  418 2707 127
D 6001   0  -26    0
W 6001  355  406 2705 127
D 6041   0  -26    0
W 6041  355  393 2706 127
D 6081   0  -27   -8
W 6081  355  380 2706 127
D 6121   0  -26    0
W 6121  355  367 2706 127
D 6161   0  -26    0
W 6161  355  354 2707 127
D 6201   0  -27   -8
W 6201  356  341 2709 127
D 6241   0  -26    0
W 6241  356  328 2710 127
D 6281   0  -26    0
W 6281  356  315 2710 127
D 6321   0  -26    0
W 6321  356  302 2710 127
D 6361  40  -26    0
W 6361  356  289 2710 0
D 6401  40  -26    0
W 6401  357  279 2712 0
D 6441  40  -24   16
W 6441  357  269 2718 -25
D 6481  40  -25    0
W 6481  357  265 2733 -55
D 6521  40  -25    0
W 6521  357  267 2734 -85
D 6561  40  -23   16
W 6561  357  272 2735 -100
D 6601  40    0   83
W 6601  356  279 2736 -127
D 6641  40   23   83
W 6641  356  288 2737 -127
D 6681  40   36   41
W 6681  355  296 2737 -127
D 6721  40   40   16
W 6721  354  305 2738 -127
D 6761  40   46   25
W 6761  354  315 2738 -127
D 6801  40   53   25
W 6801  353  325 2736 -127
D 6841  40   58   16
W 6841  352  336 2736 -127
D 6881  40   61    0
W 6881  352  347 2735 -127
D 6921  40   62    8
W 6921  351  359 2735 -127
D 6961  40   61   -8
W 6961  350  370 2735 -127
D 7001  40   62    0
W 7001  350  382 2735 -127
D 7041  40   61  -16
W 7041  349  394 2735 -127
D 7081  40   63    8
W 7081  348  406 2736 -127
D 7121  40   62    8
W 7121  347  417 2737 -127
D 7161  40   62    0
W 7161  347  429 2737 -127
D 7201  40   62    8
W 7201  346  441 2738 -127
D 7241 127   62    0
W 7241  345  453 2738 -127
D 7281 127   63    0
W 7281  344  465 2738 -127
D 7321 127   73   58
W 7321  344  476 2738 -127
D 7361 127   98   66
W 7361  343  488 2738 -127
D 7401 127  115   91
W 7401  342  499 2738 -127
D 7441 127  133  108
W 7441  341  511 2738 -127
D 7481 127  162  116
W 7481  340  523 2738 -127
D 7521 127  198  125
W 7521  340  534 2738 -127
D 7561 127  230   83
W 7561  339  545 2737 -127
D 7601 127  270  200
W 7601  338  556 2737 -127
D 7641 127  315  225
W 7641  338  567 2738 -75
D 7681 127  361  208
W 7681  337  578 2737 -50
D 7721 127  405  183
W 7721  336  587 2738 -50
D 7761 127  451  216
W 7761  336  596 2739 -50
D 7801 127  505  266
W 7801  335  605 2740 -50
D 7841 127  560  225
W 7841  334  613 2740 -50
D 7881 127  613  208
W 7881  334  620 2741 -50
D 7921 127  675  266
W 7921  334  626 2737 -50
D 7961 127  740  316
W 7961  333  629 2725 -50
D 8001 127  810  350
W 8001  333  629 2715 -50
D 8041 127  876  291
W 8041  333  629 2711 -50
D 8081 127  951  333
W 8081  333  629 2711 -50
D 8121 127 1016  258
W 8121  333  629 2711 -50
D 8161 127 1090  325
W 8161  333  630 2711 -50
D 8201 127 1162  308
W 8201  333  630 2711 -50
D 8241   0 1244  366
W 8241  333  630 2711 -50
D 8281   0 1327  308
W 8281  333  630 2711 -50
D 8321   0 1401  275
W 8321  333  630 2711 -50
D 8361 -127 1446  108
W 8361  333  630 2709 -50
D 8401 -127 1445    0
W 8401  333  631 2697 -50
D 8441 -127 1456   91
W 8441  333  632 2689 -50
D 8481 -127 1448  -91
W 8481  333  632 2688 -50
D 8521 -127 1428  -83
W 8521  333  632 2688 -50
D 8561 -127 1389 -200
W 8561  333  633 2687 -50
D 8601 -127 1316 -308
W 8601  333  633 2684 -50
D 8641 -127 1249 -266
W 8641  333  635 2680 -50
D 8681 -127 1195 -258
W 8681  333  636 2675 -50
D 8721 -127 1109 -341
W 8721  334  637 2673 0
D 8761 -127 1040 -275
W 8761  333  636 2673 0
D 8801 -127  983 -241
W 8801  333  636 2671 0
D 8841 -127  919 -283
W 8841  333  635 2671 0
D 8881 -127  856 -241
W 8881  333  635 2673 0
D 8921 -127  786 -333
W 8921  333  639 2704 25
D 8961 -127  709 -358
W 8961  333  638 2704 55
D 9001 -127  623 -333
W 9001  333  636 2705 85
D 9041 -127  540 -341
W 9041  333  631 2708 127
D 9081 -127  460 -325
W 9081  334  625 2713 127
D 9121 -127  372 -375
W 9121  334  618 2712 127
D 9161 -127  287 -350
W 9161  334  609 2710 127
D 9201 -127  201 -358
W 9201  334  599 2710 127
D 9241 -45  108 -383
W 9241  334  588 2711 127
D 9281 -45   19 -366
W 9281  334  577 2711 127
D 9321   0  -12  -33
W 9321  335  567 2709 127
D 9361   0  -15  -16
W 9361  335  555 2706 127
D 9401   0  -18  -16
W 9401  335  544 2703 127
D 9441   0  -20    0
W 9441  335  533 2702 127
D 9481   0  -21   -8
W 9481  335  522 2701 127
D 9521   0  -21    0
W 9521  335  510 2698 127
D 9561   0  -22   -8
W 9561  335  498 2699 127
D 9601   0  -21    8
W 9601  335  486 2700 127
D 9641   0  -22   -8
W 9641  335  474 2699 127
D 9681   0  -21    8
W 9681  335  461 2700 127
D 9721   0  -22   -8
W 9721  335  448 2704 127
D 9761   0  -22   -8
W 9761  335  435 2705 127
D 9801   0  -20    8
W 9801  335  423 2707 127
D 9841   0  -20    0
W 9841  335  411 2707 127
D 9881   0  -20    0
W 9881  335  398 2707 127
D 9921   0  -20    0
W 9921  336  386 2706 127
D 9961   0  -20    0
W 9961  336  373 2706 127
D 10001   0  -20    0
W 10001  336  360 2704 127
D 10041   0  -20    0
W 10041  336  348 2700 127
D 10081   0  -20    0
W 10081  336  335 2698 127
D 10121   0  -20    8
W 10121  336  322 2698 127
D 10161   0  -20    0
W 10161  336  310 2699 127
D 10201   0  -20    0
W 10201  336  297 2699 127
D 10241  40  -18    0
W 10241  336  285 2702 0
D 10281  40  -20    0
W 10281  336  274 2707 0
D 10321  40  -17   16
W 10321  336  268 2721 -25
D 10361  40  -18   -8
W 10361  336  267 2751 -55
D 10401  40  -15   25
W 10401  336  270 2769 -85
D 10441  40  -21   -8
W 10441  335  276 2771 -127
D 10481  40   -2   83
W 10481  334  284 2769 -127
D 10521  40   16   66
W 10521  333  292 2770 -127
D 10561  40   30   41
W 10561  332  300 2771 -127
D 10601  40   38   33
W 10601  331  310 2774 -127
D 10641  40   49   50
W 10641  329  320 2774 -127
D 10681  40   66   66
W 10681  328  330 2771 -127
D 10721  40   83   66
W 10721  327  341 2770 -127
D 10761  40   97   58
W 10761  325  352 2771 -127
D 10801  40  106   41
W 10801  324  363 2771 -127
D 10841  40  117   33
W 10841  323  374 2772 -127
D 10881  40  126   41
W 10881  321  386 2774 -127
D 10921  40  140   50
W 10921  320  398 2774 -127
D 10961  40  159   83
W 10961  318  410 2776 -127
D 11001  40  169   50
W 11001  316  422 2779 -127
D 11041  40  181   41
W 11041  315  433 2778 -127
D 11081  40  196   91
W 11081  313  445 2778 -127
D 11121 127  216  100
W 11121  312  457 2777 -127
D 11161 127  240  108
W 11161  310  470 2772 -127
D 11201 127  268  125
W 11201  308  483 2772 -127
D 11241 127  297  141
W 11241  307  495 2771 -127
D 11281 127  320   83
W 11281  305  507 2771 -127
D 11321 127  351  150
W 11321  304  519 2771 -127
D 11361 127  383  141
W 11361  302  531 2773 -127
D 11401 127  426  133
W 11401  301  543 2773 -127
D 11441 127  468  141
W 11441  299  555 2774 -127
D 11481 127  522  241
W 11481  298  566 2775 -75
D 11521 127  569  233
W 11521  296  577 2775 -45
D 11561 127  621  208
W 11561  295  587 2775 -45
D 11601 127  679  241
W 11601  294  596 2775 -45
D 11641 127  745  266
W 11641  293  604 2773 -45
D 11681 127  806  275
W 11681  292  612 2772 -45
D 11721 127  873  258
W 11721  291  618 2769 -45
D 11761 127  947  325
W 11761  290  624 2768 -45
D 11801 127 1017  283
W 11801  290  628 2766 -45
D 11841 127 1099  358
W 11841  289  633 2765 -45
D 11881 127 1178  316
W 11881  289  637 2765 -45
D 11921   0 1266  375
W 11921  288  639 2766 -45
D 11961   0 1368  433
W 11961  288  641 2766 -45
D 12001   0 1454  341
W 12001  288  641 2769 -45
D 12041 -127 1456    0
W 12041  288  641 2779 -45
D 12081 -127 1454  -16
W 12081  288  641 2769 -45
D 12121 -127 1458  -41
W 12121  288  641 2766 -45
D 12161 -127 1426 -133
W 12161  288  642 2769 -45
D 12201 -127 1394 -141
W 12201  288  643 2769 -45
D 12241 -127 1331 -266
W 12241  288  644 2768 -45
D 12281 -127 1268 -275
W 12281  288  646 2767 -45
D 12321 -127 1206 -266
W 12321  288  647 2765 -45
D 12361 -127 1131 -325
W 12361  288  640 2698 25
D 12401 -127 1057 -316
W 12401  288  640 2693 55
D 12441 -127  987 -291
W 12441  288  638 2688 70
D 12481 -127  916 -325
W 12481  287  633 2689 100
D 12521 -127  852 -241
W 12521  287  628 2698 127
D 12561 -127  795 -258
W 12561  287  621 2713 127
D 12601 -127  745 -191
W 12601  288  613 2727 127
D 12641 -127  677 -275
W 12641  288  603 2731 127
D 12681 -127  616 -275
W 12681  289  593 2725 127
D 12721 -127  556 -258
W 12721  289  583 2719 127
D 12761 -127  485 -316
W 12761  289  572 2719 127
D 12801 -127  413 -308
W 12801  290  560 2723 127
D 12841 -127  341 -291
W 12841  290  549 2724 127
D 12881 -127  270 -316
W 12881  291  537 2721 127
D 12921 -127  163 -508
W 12921  291  524 2718 127
D 12961 -45   52 -458
W 12961  292  510 2721 127
D 13001   0  -16 -150
W 13001  292  498 2727 127
D 13041   0  -16   -8
W 13041  293  485 2730 127
D 13081   0  -16    0
W 13081  293  472 2731 127
D 13121   0  -16    8
W 13121  294  460 2731 127
D 13161   0  -17   -8
W 13161  295  449 2731 127
D 13201   0  -17    0
W 13201  295  437 2731 127
D 13241   0  -17    8
W 13241  296  429 2720 127
D 13281   0  -16    8
W 13281  296  423 2693 127
D 13321   0  -15    8
W 13321  296  418 2656 127
D 13361   0  -15    0
W 13361  295  414 2612 127
D 13401   0  -16    0
W 13401  295  411 2566 127
D 13441   0  -16    0
W 13441  294  409 2526 127
D 13481   0  -16    0
W 13481  294  409 2477 127
D 13521   0  -16    0
W 13521  294  409 2427 127
D 13561   0  -17    0
W 13561  294  409 2371 127
D 13601   0  -18    0
W 13601  294  408 2307 127
D 13641   0  -18   -8
W 13641  293  408 2238 127
D 13681   0  -18    0
W 13681  293  407 2169 127
D 13721   0  -18    0
W 13721  292  407 2101 127
D 13761   0  -17    0
W 13761  291  406 2035 127
D 13801   0  -17    0
W 13801  290  406 1979 127
D 13841   0  -16    0
W 13841  290  406 1935 127
D 13881   0  -16    0
W 13881  289  406 1894 127
D 13921   0  -18  -16
W 13921  289  406 1848 0
D 13961   0  -19    0
W 13961  289  406 1809 0
D 14001   0  -18    8
W 14001  288  406 1786 54
D 14041   0  -19   -8
W 14041  288  406 1767 -20
D 14081   0  -18    0
W 14081  288  406 1757 -5
D 14121   0  -18    0
W 14121  286  406 1757 40
D 14161   0  -18    0
W 14161  285  406 1757 70
D 14201   0  -17    0
W 14201  281  406 1755 100
D 14241   0  -16    0
W 14241  275  407 1760 127
D 14281   0  -18   -8
W 14281  269  407 1760 127
D 14321   0  -18   -8
W 14321  261  408 1765 127
D 14361   0  -18    0
W 14361  253  408 1771 127
D 14401   0  -18    0
W 14401  243  409 1775 127
D 14441   0  -18    8
W 14441  233  409 1780 127
D 14481   0  -18    0
W 14481  222  409 1783 127
D 14521   0  -18    0
W 14521  211  410 1783 127
D 14561   0  -18    8
W 14561  200  410 1783 127
D 14601   0  -19    0
W 14601  188  410 1783 127
D 14641   0  -18    0
W 14641  176  411 1783 127
D 14681   0  -18    8
W 14681  164  411 1785 127
D 14721   0  -18    0
W 14721  153  411 1788 127
D 14761   0  -18    0
W 14761  142  411 1790 127
D 14801   0  -18   16
W 14801  131  412 1789 127
D 14841   0  -19   -8
W 14841  120  412 1789 127
D 14881   0  -18    8
W 14881  109  412 1789 127
D 14921 127  -16   16
W 14921   98  412 1788 127
D 14961 127  -18    0
W 14961   87  413 1788 127
D 15001 127  -18    0
W 15001   76  413 1788 127
D 15041 127   -8   75
W 15041   66  413 1790 127
D 15081 127   38  200
W 15081   57  413 1790 127
D 15121 127   75  133
W 15121   47  413 1791 127
D 15161 127  101  100
W 15161   36  413 1795 127
D 15201 127  125   91
W 15201   25  414 1796 127
D 15241 127  152   83
W 15241   13  414 1798 127
D 15281 127  185  166
W 15281    2  414 1798 127
D 15321 127  221  183
W 15321   -9  414 1798 127
D 15361 127  258  200
W 15361  -20  414 1798 127
D 15401  39  306  200
W 15401  -32  414 1797 127
D 15441  35  352  183
W 15441  -44  414 1797 127
D 15481  35  393  183
W 15481  -57  414 1796 127
D 15521  35  423  125
W 15521  -69  414 1794 127
D 15561  25  463  150
W 15561  -82  414 1793 127
D 15601  24  501  158
W 15601  -95  414 1793 127
D 15641  21  532  100
W 15641 -108  414 1793 127
D 15681  22  558  100
W 15681 -121  415 1793 127
D 15721  19  585  100
W 15721 -133  415 1793 127
D 15761  21  603   66
W 15761 -146  415 1793 127
D 15801  22  615   41
W 15801 -159  415 1794 127
D 15841  21  628   50
W 15841 -171  415 1794 127
D 15881  23  636   41
W 15881 -183  415 1794 127
D 15921  24  640   16
W 15921 -196  415 1794 127
D 15961  23  643    0
W 15961 -208  416 1794 127
D 16001  24  644    0
W 16001 -220  416 1795 127
D 16041  24  645    0
W 16041 -233  416 1795 127
D 16081  25  645    0
W 16081 -245  416 1795 127
D 16121  25  644   -8
W 16121 -258  416 1795 127
D 16161  24  645    0
W 16161 -270  416 1794 127
D 16201  25  645    0
W 16201 -283  416 1794 127
D 16241  25  645    0
W 16241 -296  416 1793 127
D 16281  26  644    0
W 16281 -308  417 1791 127
D 16321  24  645    0
W 16321 -320  417 1791 127
D 16361  25  645    0
W 16361 -333  417 1791 127
D 16401  25  645    0
W 16401 -345  417 1792 127
D 16441  25  645    0
W 16441 -358  417 1792 127
D 16481  25  645    0
W 16481 -371  418 1792 127
D 16521  24  646    0
W 16521 -383  418 1792 -25
D 16561  23  649    8
W 16561 -394  418 1793 -55
D 16601  23  653   25
W 16601 -400  418 1806 -85
D 16641  23  656   16
W 16641 -404  418 1832 -127
D 16681  24  656    0
W 16681 -408  417 1867 -127
D 16721  24  656    0
W 16721 -411  417 1909 -127
D 16761  25  653  -16
W 16761 -413  417 1958 -127
D 16801  32  640  -41
W 16801 -414  416 2004 -127
D 16841  27  638    0
W 16841 -413  416 2045 -127
D 16881  26  637   -8
W 16881 -413  416 2088 -127
D 16921  25  638    0
W 16921 -413  417 2136 -127
D 16961  27  638    8
W 16961 -413  417 2186 -127
D 17001  26  638    0
W 17001 -413  417 2237 -127
D 17041  26  638    0
W 17041 -413  417 2288 -127
D 17081  27  637    0
W 17081 -413  417 2345 -127
D 17121  26  638    8
W 17121 -413  417 2405 -127
D 17161  28  636    0
W 17161 -413  417 2464 0
D 17201  26  637    8
W 17201 -413  417 2509 0
D 17241  22  644   25
W 17241 -413  417 2541 0
D 17281  23  649   25
W 17281 -413  416 2565 -40
D 17321  21  655   16
W 17321 -413  416 2591 -40
D 17361  21  660   16
W 17361 -413  416 2618 0
D 17401  23  663   16
W 17401 -413  415 2644 -40
D 17441  24  663    8
W 17441 -414  414 2664 -54
D 17481  22  665    0
W 17481 -414  414 2687 -40
D 17521  23  665    0
W 17521 -414  413 2715 20
D 17561  23  666    8
W 17561 -413  412 2730 5
D 17601  19  672   16
W 17601 -414  412 2732 -40
D 17641  21  673    0
W 17641 -414  413 2732 -70
D 17681  20  677   16
W 17681 -414  417 2731 -100
D 17721  20  678   -8
W 17721 -414  421 2730 -127
D 17761  23  676   -8
W 17761 -414  427 2732 -127
D 17801  22  675   -8
W 17801 -415  434 2733 -127
D 17841  22  673  -16
W 17841 -415  441 2733 -127
D 17881  25  668  -16
W 17881 -416  451 2734 -127
D 17921 127  667  -16
W 17921 -416  460 2734 -127
D 17961 127  666    0
W 17961 -417  470 2734 -127
D 18001 127  667    0
W 18001 -417  480 2734 -127
D 18041 127  676   66
W 18041 -418  491 2734 -127
D 18081 127  704  133
W 18081 -419  501 2735 -127
D 18121 127  733   75
W 18121 -419  511 2737 -127
D 18161 127  765  100
W 18161 -420  521 2738 -127
D 18201 127  810  183
W 18201 -421  531 2738 -127
D 18241 127  861  208
W 18241 -421  542 2737 -127
D 18281 127  913  225
W 18281 -422  552 2737 -127
D 18321 127  979  258
W 18321 -423  562 2738 -60
D 18361 127 1036  250
W 18361 -423  571 2737 -45
D 18401 127 1103  266
W 18401 -424  579 2737 -45
D 18441 127 1182  341
W 18441 -424  586 2737 -45
D 18481   0 1264  333
W 18481 -425  593 2738 -45
D 18521   0 1349  333
W 18521 -425  599 2738 -45
D 18561   0 1431  333
W 18561 -425  605 2739 -45
D 18601 -127 1450   16
W 18601 -426  609 2739 -45
D 18641 -127 1449   -8
W 18641 -426  613 2738 -45
D 18681 -127 1453   50
W 18681 -426  618 2739 -45
D 18721 -127 1450  -41
W 18721 -427  623 2742 -45
D 18761 -127 1420 -108
W 18761 -427  629 2743 -45
D 18801 -127 1395 -141
W 18801 -428  634 2738 -45
D 18841 -127 1347 -233
W 18841 -428  637 2738 -45
D 18881 -127 1271 -333
W 18881 -428  639 2741 -45
D 18921 -127 1206 -250
W 18921 -428  642 2741 -45
D 18961 -127 1128 -400
W 18961 -428  645 2739 -45
D 19001 -127 1045 -325
W 19001 -428  646 2734 -45
D 19041 -127  973 -275
W 19041 -428  648 2733 -45
D 19081 -127  912 -241
W 19081 -429  649 2734 -45
D 19121 -127  843 -316
W 19121 -429  652 2740 -45
D 19161 -127  752 -333
W 19161 -429  654 2745 -45
D 19201 -127  656 -383
W 19201 -429  656 2745 -45
D 19241 -127  586 -283
W 19241 -429  657 2746 -45
D 19281 -127  516 -300
W 19281 -429  659 2741 -45
D 19321 -127  430 -300
W 19321 -429  640 2700 25
D 19361 -127  330 -375
W 19361 -429  639 2701 55
D 19401 -127  243 -375
W 19401 -429  637 2700 70
D 19441 -127  145 -466
W 19441 -429  633 2700 100
D 19481 -45   46 -416
W 19481 -429  627 2705 127
D 19521 -45   -6  -50
W 19521 -429  622 2701 127
D 19561   0  -16  -33
W 19561 -429  614 2704 127
D 19601   0  -13   25
W 19601 -429  605 2703 127
D 19641   0  -20  -41
W 19641 -429  596 2701 127
D 19681   0  -22   -8
W 19681 -429  586 2698 127
D 19721   0  -23    0
W 19721 -429  576 2696 127
D 19761   0  -24   -8
W 19761 -429  565 2696 127
D 19801   0  -24    0
W 19801 -429  554 2698 127
D 19841   0  -25   -8
W 19841 -429  542 2699 127
D 19881   0  -25    0
W 19881 -429  530 2700 127
D 19921   0  -25    0
W 19921 -429  518 2703 127
D 19961   0  -25    0
W 19961 -429  505 2704 127
D 20001   0  -25    0
W 20001 -429  493 2702 127
D 20041   0  -25    8
W 20041 -429  481 2700 127
D 20081   0  -26   -8
W 20081 -429  468 2700 127
D 20121   0  -26    0
W 20121 -429  456 2700 127
D 20161   0  -25    0
W 20161 -429  443 2701 127
D 20201   0  -25    0
W 20201 -429  429 2701 127
D 20241   0  -26   -8
W 20241 -429  416 2701 127
D 20281   0  -26    0
W 20281 -429  404 2703 127
D 20321   0  -26   -8
W 20321 -429  391 2703 127
D 20361   0  -26   -8
W 20361 -429  379 2705 127
D 20401   0  -26    0
W 20401 -429  367 2707 127
D 20441   0  -26    0
W 20441 -429  355 2715 127
D 20481   0  -25    8
W 20481 -428  344 2723 127
D 20521   0  -26    0
W 20521 -428  332 2736 127
D 20561   0  -26    0
W 20561 -427  321 2752 127
D 20601   0  -26    0
W 20601 -426  309 2769 127
D 20641   0  -26    0
W 20641 -424  298 2784 127
D 20681  40  -25    0
W 20681 -422  287 2794 0
D 20721  40  -26    0
W 20721 -421  278 2802 0
D 20761  40  -25    8
W 20761 -420  271 2802 -25
D 20801  40  -26    0
W 20801 -420  271 2788 -55
D 20841  40  -25    0
W 20841 -420  274 2782 -85
D 20881  40  -14  100
W 20881 -421  280 2789 -127
D 20921  40   16  108
W 20921 -422  288 2793 -127
D 20961  40   35   75
W 20961 -424  296 2797 -127
D 21001  40   49   50
W 21001 -425  304 2799 -127
D 21041  40   62   58
W 21041 -427  313 2798 -127
D 21081  40   75   58
W 21081 -428  323 2796 -127
D 21121  40   88   50
W 21121 -430  333 2797 -127
D 21161  40  100   33
W 21161 -432  344 2798 -127
D 21201  40  111   41
W 21201 -434  355 2799 -127
D 21241  40  120   25
W 21241 -436  366 2800 -127
D 21281  40  131   50
W 21281 -438  377 2801 -127
D 21321  40  145   75
W 21321 -440  389 2800 -127
D 21361  40  159   75
W 21361 -442  400 2800 -127
D 21401  40  169   50
W 21401 -444  411 2801 -127
D 21441  40  181   41
W 21441 -446  423 2802 -127
D 21481  40  195   66
W 21481 -448  435 2802 -127
D 21521  40  210   75
W 21521 -450  447 2802 -127
D 21561 127  223   50
W 21561 -452  459 2802 -127
D 21601 127  238   66
W 21601 -454  471 2802 -127
D 21641 127  260  100
W 21641 -456  482 2803 -127
D 21681 127  303  200
W 21681 -459  494 2804 -127
D 21721 127  323  108
W 21721 -461  506 2804 -127
D 21761 127  363  166
W 21761 -463  517 2805 -127
D 21801 127  402  175
W 21801 -465  528 2807 -127
D 21841 127  445  191
W 21841 -467  540 2809 -127
D 21881 127  495  233
W 21881 -469  551 2809 -127
D 21921 127  551  208
W 21921 -471  562 2809 -127
D 21961 127  604  225
W 21961 -473  572 2809 -60
D 22001 127  653  225
W 22001 -475  582 2810 -45
D 22041 127  711  258
W 22041 -477  590 2810 -45
D 22081 127  768  191
W 22081 -478  599 2810 -45
D 22121 127  836  300
W 22121 -480  606 2811 -45
D 22161 127  903  258
W 22161 -481  613 2812 -45
D 22201 127  977  341
W 22201 -482  618 2813 -45
D 22241 127 1044  275
W 22241 -483  623 2813 -45
D 22281 127 1121  316
W 22281 -484  627 2812 -45
D 22321 127 1209  375
W 22321 -484  629 2800 -45
D 22361   0 1304  400
W 22361 -485  630 2792 -45
D 22401   0 1394  400
W 22401 -485  630 2790 -45
D 22441 -127 1451   91
W 22441 -485  630 2785 -45
D 22481 -127 1454   16
W 22481 -485  631 2762 -45
D 22521 -127 1464   50
W 22521 -485  632 2740 -45
D 22561 -127 1465   -8
W 22561 -485  634 2724 -45
D 22601 -127 1429 -116
W 22601 -485  637 2718 -45
D 22641 -127 1399 -141
W 22641 -485  638 2713 -45
D 22681 -127 1337 -266
W 22681 -485  640 2710 -45
D 22721 -127 1275 -266
W 22721 -485  643 2715 -45
D 22761   0 1219 -225
W 22761 -485  646 2716 -25
D 22801   0 1154 -291
W 22801 -485  648 2704 -45
D 22841   0 1100 -183
W 22841 -485  649 2696 -45
D 22881   0 1050 -233
W 22881 -485  649 2694 -45
D 22921   0 1001 -208
W 22921 -485  650 2697 -45
D 22961   0  968 -108
W 22961 -485  651 2699 -45
D 23001   0  958  -25
W 23001 -485  652 2699 -45
D 23041   0  959    8
W 23041 -485  652 2700 -45
D 23081   0  953  -41
W 23081 -485  652 2700 -45
D 23121   0  946  -16
W 23121 -485  652 2700 -45
D 23161   0  945   -8
W 23161 -485  652 2700 -45
D 23201   0  957   75
W 23201 -485  652 2701 -45
D 23241   0  991  125
W 23241 -485  652 2701 -45
D 23281   0 1016   50
W 23281 -485  639 2700 40
D 23321   0 1034   66
W 23321 -485  637 2701 70
D 23361   0 1043   25
W 23361 -485  633 2701 100
D 23401   0 1043    0
W 23401 -485  627 2704 127
D 23441   0 1047   33
W 23441 -485  621 2706 127
D 23481   0 1068  108
W 23481 -485  613 2702 127
D 23521   0 1092   91
W 23521 -485  605 2700 75
D 23561   0 1098   16
W 23561 -485  597 2702 45
D 23601   0 1101   16
W 23601 -485  590 2707 15
D 23641   0 1103    8
W 23641 -485  585 2718 -25
D 23681   0 1108   25
W 23681 -485  582 2742 -55
D 23721   0 1118   33
W 23721 -484  578 2774 -85
D 23761   0 1118   -8
W 23761 -484  576 2817 -127
D 23801   0 1119    0
W 23801 -483  573 2863 -127
D 23841   0 1117   -8
W 23841 -483  570 2909 -127
D 23881   0 1105  -58
W 23881 -482  568 2959 -127
D 23921 -127 1097  -25
W 23921 -481  567 3015 -127
D 23961 -127 1096   -8
W 23961 -480  566 3072 -127
D 24001 -127 1091  -41
W 24001 -479  564 3131 -127
D 24041 -127 1069 -116
W 24041 -478  563 3196 -127
D 24081 -127 1026 -200
W 24081 -477  563 3268 -127
D 24121 -127  978 -191
W 24121 -477  562 3341 0
D 24161 -127  927 -216
W 24161 -477  562 3412 0
D 24201 -127  877 -200
W 24201 -478  563 3467 0
D 24241 -127  821 -241
W 24241 -479  563 3504 0
D 24281 -127  748 -250
W 24281 -479  563 3531 0
D 24321 -127  675 -291
W 24321 -478  563 3553 -54
D 24361 -127  610 -275
W 24361 -478  563 3575 -54
D 24401 -127  551 -241
W 24401 -477  563 3596 20
D 24441 -127  465 -458
W 24441 -477  563 3605 5
D 24481 -127  356 -491
W 24481 -475  563 3604 -40
D 24521 -127  263 -358
W 24521 -476  563 3602 -70
D 24561 -127  197 -241
W 24561 -477  563 3602 -100
D 24601 -45  118 -350
W 24601 -481  563 3601 -127
D 24641 -45   32 -316
W 24641 -486  563 3604 -127
D 24681 -45   -6  -50
W 24681 -493  563 3590 -127
D 24721   0  -11  -16
W 24721 -501  563 3588 0
D 24761   0  -13   16
W 24761 -509  563 3589 0
D 24801   0  -15  -16
W 24801 -516  563 3590 0
D 24841   0  -15   -8
W 24841 -520  563 3590 25
D 24881   0  -15    0
W 24881 -522  563 3596 55
D 24921   0  -14    8
W 24921 -522  563 3599 85
D 24961   0  -13    8
W 24961 -519  563 3602 127
D 25001   0  -15  -16
W 25001 -514  564 3604 127
D 25041   0  -16    0
W 25041 -507  564 3604 127
D 25081   0  -17   -8
W 25081 -499  564 3606 127
D 25121   0  -17    0
W 25121 -489  564 3605 127
D 25161   0  -18   -8
W 25161 -479  564 3603 127
D 25201   0  -16    8
W 25201 -470  564 3596 127
D 25241   0  -15    0
W 25241 -461  564 3586 127
D 25281   0  -13    0
W 25281 -455  564 3587 127
D 25321   0  -12    0
W 25321 -450  563 3600 127
D 25361   0  -12    8
W 25361 -445  564 3613 127
D 25401   0  -13    0
W 25401 -441  564 3626 127
D 25441   0  -11    8
W 25441 -437  564 3633 127
D 25481   0  -12  -16
W 25481 -434  564 3639 127
D 25521   0  -11    8
W 25521 -432  564 3643 127
D 25561   0  -11    8
W 25561 -428  564 3647 127
D 25601   0  -11   16
W 25601 -425  565 3650 127
D 25641   0  -11   -8
W 25641 -423  565 3652 127
D 25681   0  -11    0
W 25681 -421  565 3655 127
D 25721   0  -11   -8
W 25721 -420  565 3658 127
D 25761   0  -10    0
W 25761 -418  565 3661 127
D 25801   0  -11    0
W 25801 -416  566 3662 127
D 25841   0  -10    0
W 25841 -415  566 3664 127
D 25881   0  -11    0
W 25881 -413  566 3665 127
D 25921   0  -11    0
W 25921 -412  566 3667 127
D 25961   0  -11    0
W 25961 -410  566 3669 127
D 26001   0  -11    0
W 26001 -408  567 3672 127
D 26041   0  -11    0
W 26041 -406  567 3674 127
D 26081   0  -10    8
W 26081 -404  567 3677 127
D 26121   0  -10    8
W 26121 -402  567 3679 127
D 26161   0  -11    0
W 26161 -400  568 3681 127
D 26201   0  -11    0
W 26201 -398  568 3684 127
D 26241   0  -11    0
W 26241 -396  568 3687 127
D 26281   0  -11   -8
W 26281 -394  568 3691 127
D 26321   0  -11    0
W 26321 -392  569 3694 127
D 26361   0  -11    0
W 26361 -390  569 3695 127
D 26401   0  -10    8
W 26401 -388  569 3697 127
D 26441   0  -10    8
W 26441 -387  570 3698 127
D 26481   0  -11   -8
W 26481 -386  570 3699 127
D 26521   0  -11   -8
W 26521 -385  570 3701 127
D 26561   0  -10    0
W 26561 -383  570 3702 127
D 26601   0  -10    0
W 26601 -382  571 3704 127
D 26641   0  -10    0
W 26641 -381  571 3704 127
D 26681   0  -11    0
W 26681 -379  571 3706 127
D 26721   0  -10    8
W 26721 -377  571 3709 127
D 26761   0  -10    8
W 26761 -376  572 3712 127
D 26801   0  -11    0
W 26801 -374  572 3715 127
D 26841   0  -11   -8
W 26841 -373  572 3715 127
D 26881   0  -10    8
W 26881 -372  573 3715 127
D 26921   0   -9    8
W 26921 -371  573 3716 127
D 26961   0   -9    0
W 26961 -371  573 3716 127
D 27001 -45   -9    8
W 27001 -371  573 3716 127
D 27041   0   -9    0
W 27041 -371  573 3716 127
D 27081 -45   -8    8
W 27081 -371  573 3716 127
D 27121 -45   -8    0
W 27121 -371  573 3716 127
D 27161 -45   -7    8
W 27161 -370  573 3716 127
D 27201 -45   -8  -16
W 27201 -370  573 3716 127
D 27241 -45  -10    0
W 27241 -370  573 3716 127
D 27281   0  -11    0
W 27281 -370  573 3716 127
D 27321  40  -11    8
W 27321 -370  573 3716 127
D 27361  40  -10    0
W 27361 -370  573 3714 127
D 27401  40  -15  -33
W 27401 -370  573 3714 127
D 27441  40  -15    8
W 27441 -369  573 3717 127
D 27481  40  -21  -16
W 27481 -369  573 3720 127
D 27521  40  -22    0
W 27521 -368  573 3713 127
D 27561  40  -21   16
W 27561 -369  573 3698 127
D 27601  40  -13   33
W 27601 -370  573 3686 127
D 27641  40  -10   25
W 27641 -372  573 3681 127
D 27681  40   -9    8
W 27681 -373  573 3674 127
D 27721  40    0   50
W 27721 -375  572 3665 127
D 27761  40   11   58
W 27761 -376  572 3654 127
D 27801  40   25   58
W 27801 -378  572 3647 127
D 27841  40   41   75
W 27841 -379  572 3643 127
D 27881  40   55   50
W 27881 -380  572 3638 127
D 27921  40   58   16
W 27921 -380  572 3636 127
D 27961  40   63   25
W 27961 -381  572 3635 127
D 28001  40   70   25
W 28001 -381  572 3635 127
D 28041  40   72    8
W 28041 -381  572 3635 127
D 28081  40   72   -8
W 28081 -381  572 3635 127
D 28121  40   78   33
W 28121 -381  572 3635 127
D 28161  40   81    8
W 28161 -381  572 3635 127
D 28201  40   81    0
W 28201 -381  572 3635 127
D 28241  40   82    8
W 28241 -381  572 3635 127
D 28281  40   83    8
W 28281 -381  572 3635 127
D 28321  40   81    0
W 28321 -381  572 3635 127
D 28361  40   81    0
W 28361 -381  572 3635 127
D 28401  40   79   -8
W 28401 -381  572 3635 127
D 28441  40   79    8
W 28441 -381  572 3635 124
D 28481  40   78    0
W 28481 -381  572 3635 124
D 28521  40   77    0
W 28521 -381  572 3635 124
D 28561  40   77    0
W 28561 -381  572 3635 124
D 28601  40   77    8
W 28601 -381  572 3637 124
D 28641  40   77   -8
W 28641 -382  572 3639 124
D 28681  40   78    8
W 28681 -383  572 3641 110
D 28721  40   79    0
W 28721 -383  572 3644 110
D 28761  40   80    0
W 28761 -383  572 3647 124
D 28801  40   80   -8
W 28801 -383  572 3647 124
D 28841  40   80    0
W 28841 -383  572 3647 124
D 28881  40   83   25
W 28881 -383  572 3646 124
D 28921  40   82   -8
W 28921 -383  572 3646 124
D 28961  40   81  -16
W 28961 -383  572 3646 124
D 29001  40   82    0
W 29001 -383  572 3646 124
D 29041 127   83    8
W 29041 -383  572 3646 -40
D 29081 127   90   41
W 29081 -384  572 3652 -70
D 29121 127  112  100
W 29121 -386  571 3661 -100
D 29161 127  128    0
W 29161 -388  571 3669 -127
D 29201 127  137   50
W 29201 -392  571 3680 -127
D 29241 127  148   58
W 29241 -395  570 3687 -127
D 29281 127  166   66
W 29281 -399  570 3692 -75
D 29321 127  193  116
W 29321 -405  569 3695 -45
D 29361 127  231  191
W 29361 -409  568 3704 -45
D 29401 127  306  350
W 29401 -414  567 3718 -45
D 29441 127  383  375
W 29441 -417  566 3726 -45
D 29481 127  471  400
W 29481 -420  566 3724 -45
D 29521 127  573  400
W 29521 -422  565 3715 -45
D 29561 127  680  475
W 29561 -423  565 3705 -45
D 29601 127  783  416
W 29601 -424  565 3700 -45
D 29641 127  879  383
W 29641 -424  565 3699 -45
D 29681 127  979  441
W 29681 -424  565 3702 -45
D 29721 127 1078  416
W 29721 -424  565 3703 -45
D 29761 127 1173  383
W 29761 -424  565 3704 -45
D 29801   0 1268  366
W 29801 -424  565 3704 -45
D 29841   0 1356  333
W 29841 -424  565 3704 -45
D 29881   0 1433  291
W 29881 -424  565 3704 -45
D 29921 -127 1441   50
W 29921 -425  565 3703 -45
D 29961 -127 1450   66
W 29961 -425  565 3707 -45
D 30001 -127 1456  -16
W 30001 -426  564 3709 -45
D 30041 -127 1433 -133
W 30041 -428  564 3711 -45
D 30081 -127 1391 -208
W 30081 -429  564 3714 -45
D 30121 -127 1325 -241
W 30121 -432  563 3715 -45
D 30161 -127 1278 -191
W 30161 -434  563 3715 -45
D 30201 -127 1230 -191
W 30201 -437  562 3715 -45
D 30241 -127 1185 -166
W 30241 -440  562 3715 -45
D 30281 -127 1150 -125
W 30281 -442  561 3713 -45
D 30321 -127 1128 -108
W 30321 -445  561 3712 -45
D 30361 -127 1089 -158
W 30361 -448  560 3711 -45
D 30401 -127 1041 -183
W 30401 -452  559 3710 -45
D 30441 -127 1005 -133
W 30441 -454  559 3707 -45
D 30481 -127  973 -133
W 30481 -456  558 3705 -45
D 30521 -127  871 -450
W 30521 -456  558 3706 -45
D 30561 -127  786 -366
W 30561 -456  559 3703 -45
D 30601 -127  726 -225
W 30601 -456  559 3701 -45
D 30641 -127  639 -458
W 30641 -456  640 2700 25
D 30681 -127  506 -591
W 30681 -456  639 2702 55
D 30721 -127  383 -491
W 30721 -456  637 2705 85
D 30761 -127  291 -358
W 30761 -456  632 2705 127
D 30801 -127  194 -383
W 30801 -456  627 2709 127
D 30841 -45   94 -408
W 30841 -456  623 2708 127
D 30881 -45   -7 -375
W 30881 -456  617 2708 127
D 30921   0  -12    0
W 30921 -456  613 2705 127
D 30961   0  -13   -8
W 30961 -456  608 2704 127
D 31001   0  -15  -16
W 31001 -456  602 2698 127
D 31041   0  -15    8
W 31041 -456  597 2687 127
D 31081   0  -15    8
W 31081 -456  592 2681 127
D 31121   0  -15    8
W 31121 -456  586 2673 127
D 31161   0  -16    0
W 31161 -456  580 2666 127
D 31201   0  -17   -8
W 31201 -457  574 2660 127
D 31241   0  -16    0
W 31241 -457  567 2657 127
D 31281   0  -16    0
W 31281 -458  561 2655 127
D 31321   0  -16    8
W 31321 -458  554 2652 127
D 31361   0  -16    0
W 31361 -459  548 2649 127
D 31401   0  -17   -8
W 31401 -460  541 2645 127
D 31441   0  -17    0
W 31441 -460  534 2642 127
D 31481   0  -17    0
W 31481 -461  528 2645 127
D 31521   0  -17    0
W 31521 -461  522 2647 127
D 31561   0  -17   -8
W 31561 -462  515 2647 127
D 31601   0  -17    8
W 31601 -463  509 2648 127
D 31641   0  -17   -8
W 31641 -463  503 2650 127
D 31681   0  -17    0
W 31681 -464  497 2655 127
D 31721   0  -17    0
W 31721 -464  491 2657 127
D 31761   0  -17    0
W 31761 -465  485 2659 127
D 31801   0  -17    0
W 31801 -465  479 2661 127
D 31841   0  -17    0
W 31841 -465  473 2665 127
D 31881   0  -17    0
W 31881 -466  468 2670 127
D 31921   0  -17    0
W 31921 -466  462 2674 127
D 31961   0  -17    0
W 31961 -466  457 2675 127
D 32001   0  -17    0
W 32001 -466  452 2677 127
D 32041   0  -18    0
W 32041 -467  447 2677 127
D 32081   0  -18   -8
W 32081 -467  442 2677 127
