pre_auton
%  batt 7.74v 7.91v
usercontrol
DUMP_MONITOR=START
DUMP_MONITOR=MONITOR
WHEEL_MONITOR=MONITOR
D   40   0  293    8
W   40  360  200 2700 -40
D   80   0  293    0
W   80  360  200 2700 -70
D  120   0  294    8
W  120  359  202 2701 -100
D  160   0  295   -8
W  160  359  206 2701 -127
D  200   0  295    0
W  200  359  211 2700 -127
D  240   0  294    0
W  240  359  218 2701 -127
D  280   0  293    0
W  280  359  226 2702 -127
D  320   0  293    0
W  320  359  235 2702 -127
D  360   0  293    0
W  360  359  245 2702 -127
D  400   0  293    0
W  400  359  256 2703 -127
D  440 -127  293    0
W  440  359  267 2703 -127
D  480 -127  293    0
W  480  359  278 2703 -127
D  520 -127  293    0
W  520  359  290 2703 -127
D  560 -127  255 -216
W  560  359  302 2703 -127
D  600 -127  186 -333
W  600  359  313 2703 -127
D  640 -45  100 -350
W  640  359  325 2704 -127
D  680 -45   20 -325
W  680  359  337 2705 -127
D  720   0  -39 -233
W  720  359  349 2707 -127
D  760   0  -41    0
W  760  359  361 2706 -127
D  800   0  -41    0
W  800  359  374 2705 -127
D  840   0  -41    0
W  840  358  387 2706 -127
D  880   0  -43  -16
W  880  358  400 2707 -127
D  920   0  -42    0
W  920  358  413 2709 0
D  960   0  -41    8
W  960  358  425 2709 0
D 1000   0  -41    8
W 1000  358  437 2711 0
D 1040   0  -43   -8
W 1040  358  446 2709 0
D 1080   0  -43    0
W 1080  357  455 2711 0
D 1120   0  -43   -8
W 1120  357  463 2712 0
D 1160   0  -43    0
W 1160  357  468 2716 0
D 1200   0  -42    8
W 1200  357  475 2715 0
D 1240   0  -38   25
W 1240  357  481 2712 0
D 1280   0  -40   -8
W 1280  357  486 2712 0
D 1320   0  -39    8
W 1320  357  489 2713 40
D 1360   0  -40    0
W 1360  357  489 2715 70
D 1400   0  -38   16
W 1400  357  489 2715 85
D 1440   0  -36    8
W 1440  357  485 2716 127
D 1480   0  -38    0
W 1480  357  479 2717 127
D 1520   0  -38    0
W 1520  357  472 2715 127
D 1560   0  -38    8
W 1560  357  464 2714 127
D 1600   0  -39    0
W 1600  357  455 2713 127
D 1640   0  -40    0
W 1640  358  445 2715 127
D 1680   0  -40    0
W 1680  358  435 2717 127
D 1720   0  -40    0
W 1720  358  424 2719 127
D 1760   0  -40    0
W 1760  359  413 2721 127
D 1800   0  -40    0
W 1800  359  401 2722 127
D 1840   0  -40    0
W 1840  360  389 2722 127
D 1880   0  -40    0
W 1880  360  377 2723 127
D 1920   0  -40    0
W 1920  361  364 2724 127
D 1960   0  -40    0
W 1960  361  352 2723 127
D 2000   0  -40    0
W 2000  362  340 2723 127
D 2040   0  -40    0
W 2040  362  328 2723 127
D 2080   0  -40    0
W 2080  363  316 2728 127
D 2120   0  -40    0
W 2120  363  304 2732 127
D 2160  40  -40    0
W 2160  364  293 2736 0
D 2200  40  -39    8
W 2200  365  283 2738 0
D 2240  40  -40   -8
W 2240  365  278 2740 0
D 2280  40  -40    0
W 2280  365  279 2743 -40
D 2320  40  -38    8
W 2320  364  282 2744 -70
D 2360  40  -36    8
W 2360  364  289 2741 -100
D 2400  40  -36    0
W 2400  363  298 2741 -127
D 2440  40  -27   66
W 2440  363  307 2741 -127
D 2480  40   -5  100
W 2480  362  316 2743 -127
D 2520  40   13   66
W 2520  361  326 2743 -127
D 2560  40   28   58
W 2560  361  336 2743 -127
D 2600  40   38   41
W 2600  360  346 2741 -127
D 2640  40   46   25
W 2640  359  357 2740 -127
D 2680  40   55   41
W 2680  358  368 2741 -127
D 2720  40   60   16
W 2720  357  380 2742 -127
D 2760  40   63    8
W 2760  357  391 2744 -127
D 2800  40   65   16
W 2800  356  403 2746 -127
D 2840  40   66    0
W 2840  355  414 2748 -127
D 2880  40   68    8
W 2880  354  427 2748 -127
D 2920  40   71    8
W 2920  353  439 2748 -127
D 2960  40   72    8
W 2960  352  450 2749 -127
D 3000 127   75   25
W 3000  351  462 2751 -127
D 3040 127   79   25
W 3040  350  474 2750 -127
D 3080 127   91    8
W 3080  349  486 2751 -127
D 3120 127  100   41
W 3120  347  498 2753 -127
D 3160 127  120   75
W 3160  346  510 2753 -127
D 3200 127  134   66
W 3200  345  522 2753 -127
D 3240 127  150   50
W 3240  344  533 2755 -127
D 3280 127  173   83
W 3280  343  545 2755 -127
D 3320 127  207  133
W 3320  342  557 2754 -127
D 3360 127  233   75
W 3360  341  570 2754 -75
D 3400 127  273  150
W 3400  340  581 2755 -50
D 3440 127  306  150
W 3440  339  591 2756 -50
D 3480 127  336  158
W 3480  338  601 2757 -50
D 3520 127  382  175
W 3520  337  611 2755 -50
D 3560 127  423  166
W 3560  336  620 2755 -50
D 3600 127  466  166
W 3600  335  629 2757 -50
D 3640 127  525  266
W 3640  334  637 2757 -50
D 3680 127  559  200
W 3680  333  645 2758 -50
D 3720 127  610  225
W 3720  333  653 2759 -50
D 3760 127  648  166
W 3760  332  659 2758 -50
D 3800 127  700  208
W 3800  331  664 2750 -50
D 3840 127  752  183
W 3840  331  666 2734 -50
D 3880 127  798  225
W 3880  331  666 2731 -50
D 3920 127  860  208
W 3920  331  666 2730 -50
D 3960 127  914  233
W 3960  331  666 2730 -50
D 4000 127  973  225
W 4000  331  666 2730 -50
D 4040 127 1033  433
W 4040  331  666 2730 -50
D 4080 127 1086  258
W 4080  331  666 2731 -50
D 4120 127 1153  316
W 4120  331  666 2731 -50
D 4160   0 1223  275
W 4160  331  666 2731 -50
D 4200   0 1300  333
W 4200  331  666 2731 -50
D 4240   0 1362  258
W 4240  331  666 2730 -50
D 4280 -127 1411  150
W 4280  331  666 2727 -50
D 4320 -127 1431    8
W 4320  331  666 2721 -50
D 4360 -127 1430   -8
W 4360  331  667 2711 -50
D 4400 -127 1423  -41
W 4400  331  669 2702 -50
D 4440 -127 1411  -66
W 4440  331  671 2689 -50
D 4480 -127 1362 -275
W 4480  331  673 2687 -50
D 4520 -127 1301 -266
W 4520  331  674 2698 -50
D 4560 -127 1238 -266
W 4560  331  676 2709 -50
D 4600 -127 1165 -316
W 4600  331  678 2712 -50
D 4640 -127 1096 -283
W 4640  331  678 2712 0
D 4680 -127 1032 -258
W 4680  331  677 2711 0
D 4720 -127  971 -250
W 4720  331  676 2711 0
D 4760 -127  905 -266
W 4760  331  676 2710 0
D 4800 -127  843 -258
W 4800  331  676 2708 0
D 4840 -127  781 -300
W 4840  331  639 2701 40
D 4880 -127  726 -208
W 4880  331  638 2701 70
D 4920 -127  656 -316
W 4920  331  635 2704 100
D 4960 -127  575 -333
W 4960  331  630 2708 127
D 5000 -127  498 -308
W 5000  331  624 2710 127
D 5040 -127  433 -291
W 5040  332  616 2709 127
D 5080 -127  358 -375
W 5080  332  607 2708 127
D 5120 -127  276 -358
W 5120  332  596 2708 127
D 5160 -127  203 -266
W 5160  332  585 2710 127
D 5200 -45  125 -316
W 5200  332  574 2713 127
D 5240 -45   41 -358
W 5240  332  563 2713 127
D 5280   0  -10  -83
W 5280  333  551 2708 127
D 5320   0  -15    0
W 5320  333  540 2709 127
D 5360   0  -15    8
W 5360  333  528 2711 127
D 5400   0  -16    0
W 5400  333  517 2712 127
D 5440   0  -16    0
W 5440  334  505 2714 127
D 5480   0  -16    8
W 5480  334  493 2715 127
D 5520   0  -17   -8
W 5520  334  481 2714 127
D 5560   0  -17   -8
W 5560  334  470 2714 127
D 5600   0  -17   -8
W 5600  335  457 2713 127
D 5640   0  -17    0
W 5640  335  445 2715 127
D 5680   0  -16   16
W 5680  335  432 2718 127
D 5720   0  -16    8
W 5720  336  420 2720 127
D 5760   0  -16    0
W 5760  336  408 2723 127
D 5800   0  -17   -8
W 5800  337  396 2725 127
D 5840   0  -16    0
W 5840  337  383 2726 127
D 5880   0  -16    8
W 5880  338  370 2727 127
D 5920   0  -17   -8
W 5920  339  358 2725 127
D 5960   0  -18    0
W 5960  339  345 2722 127
D 6000   0  -17   -8
W 6000  339  333 2721 127
D 6040   0  -18    0
W 6040  340  320 2723 127
D 6080   0  -18   -8
W 6080  340  308 2726 127
D 6120  40  -16   16
W 6120  341  296 2730 0
D 6160  40  -16    0
W 6160  342  286 2734 0
D 6200  40  -16    0
W 6200  342  277 2735 0
D 6240  40  -16    0
W 6240  343  270 2735 -40
D 6280  40  -15    0
W 6280  343  269 2731 -70
D 6320  40  -16   -8
W 6320  342  272 2733 -100
D 6360  40  -11   16
W 6360  342  278 2733 -127
D 6400  40   10  100
W 6400  342  286 2735 -127
D 6440  40   31   75
W 6440  341  294 2736 -127
D 6480  40   46   58
W 6480  341  303 2737 -127
D 6520  40   56   50
W 6520  340  312 2737 -127
D 6560  40   75   83
W 6560  339  322 2736 -127
D 6600  40   98   75
W 6600  339  333 2735 -127
D 6640  40  119   75
W 6640  338  344 2735 -127
D 6680  40  135   58
W 6680  337  355 2736 -127
D 6720  40  152   75
W 6720  337  366 2737 -127
D 6760  40  174  100
W 6760  336  378 2739 -127
D 6800  40  197  108
W 6800  335  390 2740 -127
D 6840  40  218  100
W 6840  334  402 2741 -127
D 6880  40  233   50
W 6880  333  414 2743 -127
D 6920  40  255   91
W 6920  332  425 2745 -127
D 6960  40  273  100
W 6960  332  437 2746 -127
D 7000  40  301  125
W 7000  331  449 2746 -127
D 7040 127  322  116
W 7040  330  461 2745 -127
D 7080 127  352  133
W 7080  329  473 2744 -127
D 7120 127  393  200
W 7120  328  486 2745 -127
D 7160 127  432  166
W 7160  327  498 2745 -127
D 7200 127  477  166
W 7200  326  510 2746 -127
D 7240 127  531  225
W 7240  325  521 2746 -127
D 7280 127  585  241
W 7280  324  532 2747 -127
D 7320 127  642  208
W 7320  323  543 2747 -127
D 7360 127  705  241
W 7360  322  554 2747 -127
D 7400 127  754  200
W 7400  321  564 2748 -75
D 7440 127  824  283
W 7440  320  574 2748 -50
D 7480 127  888  241
W 7480  320  582 2749 -50
D 7520 127  965  375
W 7520  319  591 2750 -50
D 7560 127 1040  333
W 7560  318  598 2751 -50
D 7600 127 1121  341
W 7600  318  605 2750 -50
D 7640 127 1204  358
W 7640  317  611 2751 -50
D 7680   0 1295  391
W 7680  317  617 2753 -50
D 7720   0 1380  358
W 7720  316  623 2755 -50
D 7760 -127 1438  125
W 7760  316  628 2758 -50
D 7800 -127 1453  125
W 7800  315  633 2753 -50
D 7840 -127 1457    8
W 7840  315  636 2729 -50
D 7880 -127 1465    0
W 7880  315  639 2709 -50
D 7920 -127 1442 -100
W 7920  315  643 2698 -50
D 7960 -127 1413 -150
W 7960  315  646 2698 -50
D 8000 -127 1352 -316
W 8000  315  649 2705 -50
D 8040 -127 1276 -308
W 8040  315  652 2708 -50
D 8080 -127 1196 -350
W 8080  315  655 2715 -50
D 8120 -127 1118 -300
W 8120  315  657 2716 0
D 8160 -127 1053 -266
W 8160  315  656 2717 0
D 8200 -127  997 -241
W 8200  315  654 2715 0
D 8240 -127  931 -291
W 8240  315  653 2711 0
D 8280 -127  868 -241
W 8280  315  653 2712 0
D 8320 -127  816 -175
W 8320  315  639 2703 40
D 8360 -127  749 -241
W 8360  315  638 2708 70
D 8400 -127  676 -325
W 8400  315  636 2709 100
D 8440 -127  590 -358
W 8440  315  631 2710 127
D 8480 -127  526 -250
W 8480  315  625 2712 127
D 8520 -127  460 -275
W 8520  315  618 2711 127
D 8560 -127  383 -333
W 8560  315  608 2710 127
D 8600 -127  306 -300
W 8600  315  598 2709 127
D 8640 -127  230 -333
W 8640  316  587 2709 127
D 8680 -127  153 -358
W 8680  316  576 2710 127
D 8720 -45   70 -341
W 8720  316  565 2711 127
D 8760 -45   -9 -325
W 8760  316  553 2711 127
D 8800   0  -17  -50
W 8800  316  542 2705 127
D 8840   0  -16    0
W 8840  317  530 2708 127
D 8880   0  -17    0
W 8880  317  518 2709 127
D 8920   0  -17    8
W 8920  317  507 2710 127
D 8960   0  -18    0
W 8960  317  496 2711 127
D 9000   0  -17    8
W 9000  317  483 2710 127
D 9040   0  -18   -8
W 9040  318  471 2709 127
D 9080   0  -17    8
W 9080  318  459 2707 127
D 9120   0  -18    0
W 9120  318  446 2708 127
D 9160   0  -18    0
W 9160  318  434 2712 127
D 9200   0  -18    0
W 9200  318  422 2713 127
D 9240   0  -17    8
W 9240  319  410 2715 127
D 9280   0  -18    0
W 9280  319  398 2719 127
D 9320   0  -18    0
W 9320  319  386 2721 127
D 9360   0  -18    0
W 9360  320  373 2721 127
D 9400   0  -18    0
W 9400  320  360 2719 127
D 9440   0  -18    0
W 9440  321  348 2714 127
D 9480   0  -18    0
W 9480  321  336 2711 127
D 9520   0  -18    0
W 9520  321  325 2712 127
D 9560   0  -18    0
W 9560  321  314 2715 127
D 9600   0  -18    0
W 9600  322  302 2719 127
D 9640  40  -18    8
W 9640  322  291 2724 0
D 9680  40  -19   -8
W 9680  323  282 2729 0
D 9720  40  -18    8
W 9720  323  274 2735 0
D 9760  40  -19    0
W 9760  323  268 2744 -25
D 9800  40  -18    0
W 9800  323  267 2757 -55
D 9840  40  -16    8
W 9840  323  270 2760 -85
D 9880  40   -9   50
W 9880  323  275 2760 -127
D 9920  40   21  150
W 9920  322  283 2760 -127
D 9960  40   58  141
W 9960  321  292 2760 -127
D 10000  40   85  108
W 10000  320  301 2761 -127
D 10040  40  106   83
W 10040  319  310 2762 -127
D 10080  40  128   83
W 10080  318  320 2763 -127
D 10120  40  150  100
W 10120  317  331 2759 -127
D 10160  40  175  100
W 10160  316  342 2760 -127
D 10200  40  195  100
W 10200  314  353 2760 -127
D 10240  40  210   75
W 10240  313  364 2760 -127
D 10280  40  228   66
W 10280  312  375 2760 -127
D 10320  40  244   91
W 10320  311  387 2763 -127
D 10360  40  261   58
W 10360  309  399 2766 -127
D 10400  40  284   91
W 10400  308  410 2767 -127
D 10440  40  301   91
W 10440  307  422 2769 -127
D 10480  40  315   75
W 10480  305  433 2770 -127
D 10520  40  332   83
W 10520  304  445 2770 -127
D 10560 127  355  100
W 10560  302  457 2770 -127
D 10600 127  381  133
W 10600  301  470 2766 -127
D 10640 127  423  200
W 10640  299  482 2766 -127
D 10680 127  456  191
W 10680  298  494 2767 -127
D 10720 127  496  166
W 10720  297  507 2769 -127
D 10760 127  545  191
W 10760  295  518 2771 -127
D 10800 127  587  175
W 10800  294  529 2772 -127
D 10840 127  628  108
W 10840  293  539 2773 -127
D 10880 127  666  200
W 10880  291  550 2772 -127
D 10920 127  726  258
W 10920  290  561 2771 -127
D 10960 127  781  250
W 10960  288  572 2772 -75
D 11000 127  840  225
W 11000  287  581 2774 -45
D 11040 127  897  291
W 11040  286  590 2775 -45
D 11080 127  966  316
W 11080  285  597 2775 -45
D 11120 127 1036  341
W 11120  284  604 2774 -45
D 11160 127 1108  283
W 11160  283  610 2776 -45
D 11200 127 1191  358
W 11200  283  616 2777 -45
D 11240   0 1276  358
W 11240  282  622 2779 -45
D 11280   0 1359  325
W 11280  281  626 2780 -45
D 11320   0 1435  266
W 11320  281  631 2781 -45
D 11360 -127 1452   83
W 11360  280  634 2768 -45
D 11400 -127 1453    0
W 11400  280  637 2730 -45
D 11440 -127 1460    0
W 11440  280  640 2702 -45
D 11480 -127 1437 -133
W 11480  280  642 2686 -45
D 11520 -127 1400 -191
W 11520  280  643 2684 -45
D 11560 -127 1336 -283
W 11560  280  644 2692 -45
D 11600 -127 1271 -283
W 11600  280  647 2695 -45
D 11640 -127 1203 -283
W 11640  280  650 2697 -45
D 11680 -127 1123 -358
W 11680  280  640 2701 0
D 11720 -127 1040 -341
W 11720  280  640 2703 40
D 11760 -127  970 -258
W 11760  280  639 2702 70
D 11800 -127  904 -275
W 11800  280  634 2701 100
D 11840 -127  846 -225
W 11840  280  629 2704 127
D 11880 -127  795 -250
W 11880  280  622 2710 127
D 11920 -127  751 -200
W 11920  280  614 2711 127
D 11960 -127  697 -241
W 11960  280  605 2712 127
D 12000 -127  641 -233
W 12000  281  596 2709 127
D 12040 -127  582 -241
W 12040  281  585 2704 127
D 12080 -127  524 -216
W 12080  281  575 2700 127
D 12120 -127  455 -291
W 12120  281  563 2698 127
D 12160 -127  395 -225
W 12160  281  552 2695 127
D 12200 -127  333 -250
W 12200  281  541 2693 127
D 12240 -127  243 -475
W 12240  280  529 2693 127
D 12280 -45  138 -458
W 12280  280  515 2696 127
D 12320 -45   55 -333
W 12320  280  502 2704 127
D 12360   0  -11 -208
W 12360  280  490 2701 127
D 12400   0  -17  -41
W 12400  280  478 2703 127
D 12440   0  -21   -8
W 12440  280  465 2704 127
D 12480   0  -22   -8
W 12480  281  453 2708 127
D 12520   0  -21    0
W 12520  281  442 2708 127
D 12560   0  -21    0
W 12560  281  430 2705 127
D 12600   0  -21    0
W 12600  281  420 2699 127
D 12640   0  -21    8
W 12640  281  412 2680 127
D 12681   0  -20   16
W 12681  281  406 2646 127
D 12721   0  -18    0
W 12721  280  401 2607 127
D 12761   0  -19   -8
W 12761  279  398 2570 127
D 12801   0  -19   -8
W 12801  279  396 2528 127
D 12841   0  -18    0
W 12841  278  395 2486 127
D 12881   0  -18    0
W 12881  278  394 2443 127
D 12921   0  -19   -8
W 12921  277  393 2392 127
D 12961   0  -20    0
W 12961  277  392 2333 127
D 13001   0  -21    0
W 13001  276  391 2266 127
D 13041   0  -21    0
W 13041  276  391 2197 127
D 13081   0  -21    0
W 13081  275  390 2130 127
D 13121   0  -21    0
W 13121  275  390 2068 127
D 13161   0  -20    0
W 13161  274  390 2017 127
D 13201   0  -18    0
W 13201  274  390 1975 127
D 13241   0  -18    0
W 13241  274  390 1937 127
D 13281   0  -18    0
W 13281  274  390 1902 127
D 13321   0  -22   -8
W 13321  274  390 1866 0
D 13361   0  -22    0
W 13361  274  390 1846 68
D 13401   0  -21    0
W 13401  274  390 1834 82
D 13441   0  -23  -16
W 13441  275  390 1799 0
D 13481   0  -22    0
W 13481  276  390 1777 68
D 13521   0  -21    8
W 13521  276  390 1770 96
D 13561   0  -21    0
W 13561  276  390 1742 -20
D 13601   0  -21    8
W 13601  277  389 1729 -20
D 13641   0  -21    0
W 13641  277  389 1726 25
D 13681   0  -21    0
W 13681  277  390 1733 55
D 13721   0  -19    8
W 13721  275  390 1741 85
D 13761   0  -16    0
W 13761  271  390 1751 127
D 13801   0  -18  -16
W 13801  265  391 1765 127
D 13841   0  -19    0
W 13841  259  391 1774 127
D 13881   0  -20    0
W 13881  251  391 1782 127
D 13921   0  -20    0
W 13921  242  391 1788 127
D 13961   0  -21    0
W 13961  233  392 1792 127
D 14001   0  -21    0
W 14001  223  392 1796 127
D 14041   0  -21    8
W 14041  213  392 1794 127
D 14081   0  -21    0
W 14081  202  392 1793 127
D 14121   0  -21    8
W 14121  190  392 1790 127
D 14161   0  -21    0
W 14161  180  392 1787 127
D 14201   0  -22    0
W 14201  170  393 1785 127
D 14241   0  -21    8
W 14241  160  393 1782 127
D 14281   0  -21    0
W 14281  149  393 1779 127
D 14321   0  -21    0
W 14321  139  394 1776 127
D 14361   0  -22   -8
W 14361  129  394 1774 127
D 14401   0  -22   -8
W 14401  119  394 1772 127
D 14441   0  -23    0
W 14441  109  395 1770 127
D 14481   0  -22   -8
W 14481   99  396 1770 127
D 14521 127  -18   25
W 14521   89  396 1768 127
D 14561 127  -21   -8
W 14561   79  397 1767 127
D 14601 127  -21   16
W 14601   70  397 1766 127
D 14641 127    0  150
W 14641   61  398 1764 127
D 14681 127   55  208
W 14681   53  398 1764 127
D 14721 127   93  150
W 14721   43  399 1765 127
D 14761 127  121  125
W 14761   33  399 1765 127
D 14801 127  154  150
W 14801   22  400 1764 127
D 14841 127  196  183
W 14841   11  401 1763 127
D 14881 127  234  158
W 14881    0  401 1761 127
D 14921 127  284  216
W 14921  -10  402 1760 127
D 14961  32  338  208
W 14961  -21  403 1760 127
D 15001  26  399  266
W 15001  -33  404 1758 127
D 15041  25  445  183
W 15041  -45  405 1759 127
D 15081  22  495  233
W 15081  -58  406 1758 127
D 15121  13  541  158
W 15121  -71  407 1757 127
D 15161  11  590  208
W 15161  -83  408 1758 127
D 15201   8  625  100
W 15201  -96  409 1759 127
D 15241  12  653  108
W 15241 -109  409 1759 127
D 15281  11  680  116
W 15281 -122  410 1759 127
D 15321  11  700   75
W 15321 -134  411 1759 127
D 15361  10  716   50
W 15361 -147  412 1760 127
D 15401   9  729   33
W 15401 -159  413 1761 127
D 15441  13  737   41
W 15441 -170  414 1761 127
D 15481  13  741    8
W 15481 -183  415 1761 127
D 15521  14  744    8
W 15521 -195  415 1762 127
D 15561  14  745    0
W 15561 -206  416 1763 127
D 15601  15  745    0
W 15601 -218  417 1764 127
D 15641  14  748   16
W 15641 -230  418 1764 127
D 15681  13  750    0
W 15681 -242  418 1763 127
D 15721  15  749    0
W 15721 -254  419 1763 127
D 15761  15  748   -8
W 15761 -266  420 1763 127
D 15801  15  748    0
W 15801 -278  421 1763 127
D 15841  15  747   -8
W 15841 -290  422 1763 127
D 15881  14  747   -8
W 15881 -302  422 1763 127
D 15921  16  745   -8
W 15921 -314  423 1763 127
D 15961  15  744   -8
W 15961 -327  424 1764 127
D 16001  16  743    0
W 16001 -339  425 1765 127
D 16041  16  742    0
W 16041 -351  425 1766 127
D 16081  14  742   -8
W 16081 -364  426 1767 127
D 16121  15  742    0
W 16121 -377  427 1766 127
D 16161  16  741    0
W 16161 -389  428 1765 0
D 16201  15  742    0
W 16201 -401  428 1765 -40
D 16241  15  742    0
W 16241 -409  429 1772 -70
D 16281  14  743    0
W 16281 -414  429 1794 -100
D 16321  14  745    8
W 16321 -418  429 1831 -127
D 16361  14  745   -8
W 16361 -421  429 1869 -127
D 16401  16  735  -83
W 16401 -423  428 1913 -127
D 16441  26  719  -50
W 16441 -424  428 1954 -127
D 16481  22  712  -16
W 16481 -424  428 1991 -127
D 16521  20  707  -25
W 16521 -425  428 2030 -127
D 16561  23  700  -25
W 16561 -425  428 2072 -127
D 16601  23  695  -16
W 16601 -425  428 2116 -127
D 16641  20  695    0
W 16641 -425  428 2162 -127
D 16681  20  695    0
W 16681 -425  428 2209 -127
D 16721  20  695    0
W 16721 -425  428 2261 -127
D 16761  21  694    0
W 16761 -425  428 2317 -127
D 16801  20  694    0
W 16801 -425  428 2375 -127
D 16841  20  693   -8
W 16841 -425  428 2431 0
D 16881  20  694    8
W 16881 -424  429 2482 0
D 16921  19  695    0
W 16921 -425  429 2517 0
D 16961  19  699   25
W 16961 -425  428 2538 -68
D 17001  20  699    0
W 17001 -425  428 2566 0
D 17041  18  703   25
W 17041 -425  428 2602 0
D 17081  16  706    0
W 17081 -425  427 2630 0
D 17121  17  711   25
W 17121 -425  427 2648 -68
D 17161  15  716    8
W 17161 -425  427 2669 -40
D 17201  14  719   -8
W 17201 -425  426 2702 20
D 17241  18  719    0
W 17241 -425  426 2731 5
D 17281  15  725   33
W 17281 -425  426 2735 -40
D 17321  15  728    8
W 17321 -425  427 2734 -70
D 17361  17  730   16
W 17361 -425  430 2736 -100
D 17401  14  733    0
W 17401 -426  435 2738 -127
D 17441  17  731   -8
W 17441 -426  441 2740 -127
D 17481  15  731   -8
W 17481 -426  447 2741 -127
D 17521 127  732    8
W 17521 -427  455 2743 -127
D 17561 127  725   -8
W 17561 -428  464 2743 -127
D 17601 127  723  -16
W 17601 -428  473 2743 -127
D 17641 127  726   25
W 17641 -429  483 2744 -127
D 17681 127  743   83
W 17681 -430  492 2746 -127
D 17721 127  755   33
W 17721 -431  502 2747 -127
D 17761 127  789  150
W 17761 -431  512 2747 -127
D 17801 127  815   75
W 17801 -432  521 2748 -127
D 17841 127  849  150
W 17841 -433  530 2745 -127
D 17881 127  888  141
W 17881 -434  540 2744 -127
D 17921 127  934  266
W 17921 -434  549 2744 -60
D 17961 127  990  208
W 17961 -435  559 2745 -45
D 18001 127 1049  266
W 18001 -436  567 2747 -45
D 18041 127 1117  283
W 18041 -436  574 2750 -45
D 18081 127 1188  308
W 18081 -437  581 2753 -45
D 18121   0 1258  316
W 18121 -438  587 2755 -45
D 18161   0 1336  300
W 18161 -438  593 2756 -45
D 18201   0 1410  258
W 18201 -439  598 2755 -45
D 18241 -127 1438   25
W 18241 -439  602 2753 -45
D 18281 -127 1453  100
W 18281 -439  605 2755 -45
D 18321 -127 1455    0
W 18321 -439  607 2774 -45
D 18361 -127 1443  -83
W 18361 -440  608 2781 -45
D 18401 -127 1418 -125
W 18401 -440  608 2777 -45
D 18441 -127 1353 -316
W 18441 -440  609 2773 -45
D 18481 -127 1285 -275
W 18481 -440  611 2767 -45
D 18521 -127 1223 -233
W 18521 -440  614 2764 -45
D 18561 -127 1148 -358
W 18561 -440  616 2765 -45
D 18601 -127 1068 -308
W 18601 -441  616 2769 -45
D 18641 -127 1000 -266
W 18641 -441  617 2771 -45
D 18681 -127  930 -333
W 18681 -441  617 2771 -45
D 18721 -127  845 -341
W 18721 -441  617 2771 -45
D 18761 -127  763 -341
W 18761 -441  617 2771 -45
D 18801 -127  707 -266
W 18801 -441  617 2771 -45
D 18841 -127  639 -283
W 18841 -441  617 2771 -45
D 18881 -127  561 -325
W 18881 -441  617 2771 -45
D 18921 -127  496 -266
W 18921 -441  617 2771 -45
D 18961 -127  423 -308
W 18961 -441  640 2700 40
D 19001 -127  338 -366
W 19001 -441  638 2700 70
D 19041 -127  258 -375
W 19041 -441  636 2700 85
D 19081 -127  170 -383
W 19081 -441  630 2704 127
D 19121 -45   85 -341
W 19121 -441  625 2708 127
D 19161 -45    2 -333
W 19161 -441  618 2705 127
D 19201   0  -13  -66
W 19201 -440  611 2700 127
D 19241   0  -18   -8
W 19241 -440  601 2701 127
D 19281   0  -20   -8
W 19281 -440  591 2702 127
D 19321   0  -21    0
W 19321 -440  582 2703 127
D 19361   0  -21    0
W 19361 -440  571 2703 127
D 19401   0  -21    0
W 19401 -440  561 2703 127
D 19441   0  -21    0
W 19441 -440  549 2703 127
D 19481   0  -22   -8
W 19481 -440  538 2703 127
D 19521   0  -22    0
W 19521 -440  526 2703 127
D 19561   0  -21    0
W 19561 -440  513 2705 127
D 19601   0  -22   -8
W 19601 -440  501 2707 127
D 19641   0  -21   16
W 19641 -440  489 2710 127
D 19681   0  -21    0
W 19681 -440  477 2711 127
D 19721   0  -21    0
W 19721 -439  464 2714 127
D 19761   0  -22   -8
W 19761 -439  452 2713 127
D 19801   0  -21    0
W 19801 -439  439 2714 127
D 19841   0  -21    0
W 19841 -438  426 2713 127
D 19881   0  -21    0
W 19881 -438  414 2713 127
D 19921   0  -21    8
W 19921 -438  401 2713 127
D 19961   0  -21    0
W 19961 -438  390 2714 127
D 20001   0  -23  -16
W 20001 -437  378 2716 127
D 20041   0  -21    0
W 20041 -437  366 2722 127
D 20081   0  -21    0
W 20081 -436  354 2730 127
D 20121   0  -22   -8
W 20121 -436  343 2739 127
D 20161   0  -21    0
W 20161 -435  332 2748 127
D 20201   0  -21    0
W 20201 -434  321 2760 127
D 20241   0  -21    0
W 20241 -433  310 2772 127
D 20281   0  -21    0
W 20281 -431  299 2782 127
D 20321  40  -21    0
W 20321 -430  290 2796 0
D 20361  40  -21    0
W 20361 -428  282 2809 0
D 20401  40  -20    8
W 20401 -427  276 2829 -25
D 20441  40  -13   58
W 20441 -427  274 2864 -55
D 20481  40   -4   50
W 20481 -427  275 2889 -85
D 20521  40   14   75
W 20521 -428  278 2897 -127
D 20561  40   36  108
W 20561 -430  283 2900 -127
D 20601  40   51   83
W 20601 -432  289 2904 -127
D 20641  40   61   33
W 20641 -435  296 2909 -127
D 20681  40   67   25
W 20681 -438  303 2914 -127
D 20721  40   75   41
W 20721 -441  312 2917 -127
D 20761  40   91   83
W 20761 -445  321 2917 -127
D 20801  40  104   58
W 20801 -449  331 2915 -127
D 20841  40  117   50
W 20841 -452  341 2913 -127
D 20881  40  130   58
W 20881 -456  351 2912 -127
D 20921  40  145   75
W 20921 -460  361 2911 -127
D 20961  40  161   83
W 20961 -464  372 2909 -127
D 21001  40  178   75
W 21001 -468  382 2907 -127
D 21041  40  195   83
W 21041 -473  393 2906 -127
D 21081  40  208   66
W 21081 -477  404 2907 -127
D 21121  40  225   83
W 21121 -481  415 2908 -127
D 21161  40  240   83
W 21161 -485  426 2908 -127
D 21201  40  258   41
W 21201 -489  437 2908 -127
D 21241 127  276   91
W 21241 -493  448 2910 -127
D 21281 127  301  133
W 21281 -498  459 2910 -127
D 21321 127  325   91
W 21321 -502  470 2911 -127
D 21361 127  362  141
W 21361 -506  481 2911 -127
D 21401 127  403  175
W 21401 -510  492 2912 -127
D 21441 127  427  141
W 21441 -514  502 2914 -127
D 21481 127  469  150
W 21481 -518  512 2914 -127
D 21521 127  523  258
W 21521 -522  522 2914 -127
D 21561 127  571  250
W 21561 -526  532 2913 -127
D 21601 127  622  200
W 21601 -530  542 2913 -127
D 21641 127  663  150
W 21641 -533  551 2914 -60
D 21681 127  715  191
W 21681 -537  560 2915 -45
D 21721 127  760  158
W 21721 -540  567 2916 -45
D 21761 127  823  266
W 21761 -543  574 2916 -45
D 21801 127  886  241
W 21801 -545  581 2917 -45
D 21841 127  961  341
W 21841 -547  587 2918 -45
D 21881 127 1025  291
W 21881 -549  591 2917 -45
D 21921 127 1096  291
W 21921 -551  596 2917 -45
D 21961 127 1170  291
W 21961 -553  600 2917 -45
D 22001   0 1250  333
W 22001 -554  603 2918 -45
D 22041   0 1334  325
W 22041 -555  606 2919 -45
D 22081   0 1408  258
W 22081 -557  609 2919 -45
D 22121 -127 1436   25
W 22121 -558  612 2918 -45
D 22161 -127 1441   33
W 22161 -558  614 2902 -45
D 22201 -127 1442    0
W 22201 -559  617 2872 -45
D 22241 -127 1441   -8
W 22241 -560  620 2844 -45
D 22281 -127 1423  -83
W 22281 -561  623 2826 -45
D 22321 -127 1375 -225
W 22321 -562  628 2812 -45
D 22361 -127 1318 -233
W 22361 -563  633 2799 -45
D 22401 -127 1261 -250
W 22401 -564  636 2791 -45
D 22441   0 1200 -250
W 22441 -564  639 2784 -25
D 22481   0 1138 -250
W 22481 -564  642 2779 -45
D 22521   0 1056 -333
W 22521 -565  643 2782 -45
D 22561   0  999 -258
W 22561 -565  644 2784 -45
D 22601   0  961 -141
W 22601 -565  645 2782 -45
D 22641   0  946  -33
W 22641 -565  645 2783 -45
D 22681   0  920 -166
W 22681 -565  646 2784 -45
D 22721   0  881 -133
W 22721 -565  647 2784 -45
D 22761   0  865  -33
W 22761 -565  648 2784 -45
D 22801   0  865    8
W 22801 -565  649 2784 -45
D 22841   0  877   91
W 22841 -566  650 2784 -45
D 22881   0  904  108
W 22881 -566  651 2781 -45
D 22921   0  924   91
W 22921 -566  652 2779 -45
D 22961   0  941   75
W 22961 -566  639 2700 40
D 23001   0  955   33
W 23001 -566  638 2700 70
D 23041   0  965   33
W 23041 -566  634 2696 100
D 23081   0  973   41
W 23081 -566  629 2694 127
D 23121   0  993  100
W 23121 -566  623 2697 127
D 23161   0 1016   83
W 23161 -566  616 2702 127
D 23201   0 1032   58
W 23201 -566  608 2704 127
D 23241   0 1049   75
W 23241 -566  599 2708 127
D 23281   0 1065   66
W 23281 -566  593 2712 127
D 23321   0 1082   66
W 23321 -566  586 2716 127
D 23361   0 1093   25
W 23361 -565  577 2722 127
D 23401   0 1093   -8
W 23401 -565  568 2725 127
D 23441   0 1094    0
W 23441 -564  559 2728 127
D 23481   0 1102   33
W 23481 -564  549 2728 60
D 23521   0 1107   16
W 23521 -563  539 2733 30
D 23561   0 1107    0
W 23561 -563  528 2743 0
D 23601   0 1107    8
W 23601 -562  519 2755 -40
D 23641   0 1108    0
W 23641 -561  512 2781 -70
D 23681   0 1109    8
W 23681 -560  507 2818 -100
D 23721   0 1110    0
W 23721 -559  502 2859 -127
D 23761   0 1110    0
W 23761 -558  498 2901 -127
D 23801   0 1109   -8
W 23801 -557  496 2944 -127
D 23841   0 1109    0
W 23841 -556  494 2991 -127
D 23881 -127 1108    0
W 23881 -556  493 3043 -127
D 23921 -127 1110    0
W 23921 -555  493 3099 -127
D 23961 -127 1108   -8
W 23961 -555  492 3159 -127
D 24001 -127 1105  -33
W 24001 -554  491 3227 -127
D 24041 -127 1060 -200
W 24041 -554  491 3298 -127
D 24081 -127 1013 -208
W 24081 -553  491 3369 0
D 24121 -127  971 -166
W 24121 -555  491 3435 0
D 24161 -127  923 -225
W 24161 -556  492 3488 0
D 24201 -127  870 -233
W 24201 -557  492 3527 0
D 24241 -127  795 -316
W 24241 -557  492 3551 -40
D 24281 -127  735 -233
W 24281 -557  492 3571 -54
D 24321 -127  679 -241
W 24321 -558  492 3594 -40
D 24361 -127  621 -233
W 24361 -557  492 3617 20
D 24401 -127  556 -291
W 24401 -556  492 3630 20
D 24441 -127  464 -425
W 24441 -555  492 3629 -25
D 24481 -127  365 -391
W 24481 -554  492 3630 -55
D 24521 -127  291 -341
W 24521 -555  492 3632 -85
D 24561 -127  206 -366
W 24561 -558  492 3632 -127
D 24601 -45  115 -350
W 24601 -562  492 3632 -127
D 24641 -45   36 -325
W 24641 -566  491 3630 -127
D 24681   0  -11  -50
W 24681 -573  491 3626 -127
D 24721   0  -16  -25
W 24721 -582  491 3629 0
D 24761   0  -16    0
W 24761 -590  490 3632 0
D 24801   0  -19    0
W 24801 -597  490 3635 0
D 24841   0  -20    0
W 24841 -602  490 3635 40
D 24881   0  -20    0
W 24881 -603  490 3633 70
D 24921   0  -17   25
W 24921 -603  490 3636 85
D 24961   0  -16    8
W 24961 -600  490 3635 127
D 25001   0  -18    0
W 25001 -595  490 3635 127
D 25041   0  -19   -8
W 25041 -588  490 3639 127
D 25081   0  -20   -8
W 25081 -580  491 3642 127
D 25121   0  -20   -8
W 25121 -571  492 3644 127
D 25161   0  -20    0
W 25161 -560  493 3644 127
D 25201   0  -20    0
W 25201 -549  493 3644 127
D 25241   0  -20    0
W 25241 -539  494 3643 127
D 25281   0  -20    0
W 25281 -527  495 3643 127
D 25321   0  -21   -8
W 25321 -516  496 3644 127
D 25361   0  -21   -8
W 25361 -504  497 3643 127
D 25401   0  -20    0
W 25401 -491  498 3643 127
D 25441   0  -20    0
W 25441 -479  499 3643 127
D 25481   0  -20    0
W 25481 -466  500 3643 127
D 25521   0  -20    8
W 25521 -454  501 3643 127
D 25561   0  -20    0
W 25561 -441  502 3644 127
D 25601   0  -20    0
W 25601 -429  502 3646 127
D 25641   0  -20    0
W 25641 -417  504 3649 127
D 25681   0  -20    0
W 25681 -404  505 3653 127
D 25721   0  -20    0
W 25721 -392  506 3655 127
D 25761   0  -20    0
W 25761 -379  507 3659 127
D 25801   0  -20    0
W 25801 -367  508 3666 127
D 25841   0  -20    0
W 25841 -355  510 3673 127
D 25881   0  -21   -8
W 25881 -342  511 3677 127
D 25921   0  -20    0
W 25921 -330  513 3681 127
D 25961   0  -20    0
W 25961 -318  515 3686 127
D 26001   0  -21   -8
W 26001 -306  517 3693 127
D 26041   0  -20    0
W 26041 -294  519 3700 127
D 26081   0  -20    0
W 26081 -282  521 3701 127
D 26121   0  -20    0
W 26121 -270  523 3705 127
D 26161   0  -20    0
W 26161 -258  525 3710 127
D 26201   0  -20    0
W 26201 -247  528 3711 127
D 26241   0  -20    0
W 26241 -235  530 3712 127
D 26281   0  -20    0
W 26281 -223  532 3712 127
D 26321   0  -20    0
W 26321 -211  535 3713 127
D 26361   0  -20    0
W 26361 -200  537 3714 127
D 26401   0  -20    0
W 26401 -188  539 3713 127
D 26441   0  -21   -8
W 26441 -176  542 3711 127
D 26481  40  -19    8
W 26481 -165  544 3708 127
D 26521  40  -20   -8
W 26521 -153  546 3707 127
D 26561  40  -20    0
W 26561 -142  548 3706 127
D 26601  40  -20    0
W 26601 -132  550 3705 127
D 26641  40  -18    8
W 26641 -121  552 3704 127
D 26681  40  -10    8
W 26681 -111  554 3700 127
D 26721  40   11  116
W 26721 -104  555 3681 127
D 26761  40   43  133
W 26761  -99  556 3653 127
D 26801  40   65   58
W 26801  -94  556 3618 127
D 26841  40   82   91
W 26841  -91  556 3581 127
D 26881  40  101   75
W 26881  -89  556 3543 127
D 26921  40  112   50
W 26921  -87  556 3507 127
D 26961  40  131   83
W 26961  -86  555 3472 127
D 27001  40  143   41
W 27001  -85  555 3438 127
D 27041  40  155   50
W 27041  -84  555 3401 127
D 27081  40  174   91
W 27081  -84  555 3361 127
D 27121  40  196   83
W 27121  -83  555 3317 127
D 27161  40  211   66
W 27161  -83  554 3276 127
D 27201  40  227   58
W 27201  -83  554 3233 127
D 27241  40  246  100
W 27241  -82  554 3189 127
D 27281  40  258    8
W 27281  -82  553 3143 127
D 27321  40  271   75
W 27321  -81  553 3099 127
D 27361  40  285   75
W 27361  -81  552 3053 127
D 27401  40  301   83
W 27401  -81  552 3007 127
D 27441  40  304   25
W 27441  -80  552 2963 0
D 27481  40  315   41
W 27481  -80  551 2927 0
D 27521  40  320   33
W 27521  -80  550 2905 54
D 27561  40  326    8
W 27561  -80  549 2881 40
D 27601  40  338   41
W 27601  -79  549 2853 0
D 27641  40  344   33
W 27641  -79  547 2833 68
D 27681  40  352   33
W 27681  -79  546 2813 54
D 27721  40  364   50
W 27721  -79  546 2789 40
D 27761  40  379   50
W 27761  -79  545 2772 54
D 27801  40  387   33
W 27801  -78  544 2757 68
D 27841  40  397   66
W 27841  -78  544 2734 54
D 27881  35  407   50
W 27881  -78  543 2720 82
D 27921  35  418   58
W 27921  -78  543 2705 -20
D 27961  33  422   -8
W 27961  -78  543 2690 -20
D 28001  36  425   16
W 28001  -78  542 2689 -50
D 28041  34  433   41
W 28041  -78  543 2690 -80
D 28081  31  446   66
W 28081  -78  545 2693 -127
D 28121  28  461   66
W 28121  -78  549 2695 -127
D 28161  30  467   16
W 28161  -78  554 2697 -127
D 28201  32  468    0
W 28201  -78  560 2699 -127
D 28241  33  468    0
W 28241  -78  567 2702 -127
D 28281  33  468    0
W 28281  -78  574 2704 -127
D 28321  33  468    0
W 28321  -78  582 2707 -127
D 28361  34  466   -8
W 28361  -78  591 2708 -127
D 28401 127  471   33
W 28401  -79  601 2710 -127
D 28441 127  485   66
W 28441  -79  612 2713 -127
D 28481 127  501   50
W 28481  -79  622 2713 -127
D 28521 127  523   66
W 28521  -79  631 2690 -75
D 28561 127  544   83
W 28561  -79  634 2665 -45
D 28601 127  590  233
W 28601  -79  634 2665 -45
D 28641 127  611    8
W 28641  -79  633 2665 -45
D 28681 127  656  258
W 28681  -79  633 2665 -45
D 28721 127  691  141
W 28721  -79  633 2665 -45
D 28761 127  717  133
W 28761  -79  633 2666 -45
D 28801 127  751  133
W 28801  -79  633 2666 -45
D 28841 127  796  191
W 28841  -79  633 2666 -45
D 28881 127  847  200
W 28881  -79  633 2666 -45
D 28921 127  890  158
W 28921  -79  633 2666 -45
D 28961 127  929  133
W 28961  -79  633 2666 -45
D 29001 127  985  366
W 29001  -79  633 2666 -45
D 29041 127 1032  308
W 29041  -79  633 2666 -45
D 29081 127 1093  183
W 29081  -79  634 2666 -45
D 29121 127 1153  241
W 29121  -79  634 2667 -45
D 29161 127 1220  266
W 29161  -79  634 2667 -45
D 29201   0 1290  308
W 29201  -79  633 2667 -45
D 29241   0 1351  250
W 29241  -79  634 2667 -45
D 29281 -127 1403  183
W 29281  -79  634 2665 -45
D 29321 -127 1418   33
W 29321  -79  634 2662 -45
D 29361 -127 1424   16
W 29361  -79  635 2668 -45
D 29401 -127 1424    0
W 29401  -79  635 2679 -45
D 29441 -127 1425    8
W 29441  -79  635 2678 -45
D 29481 -127 1416  -83
W 29481  -79  636 2676 -45
D 29521 -127 1380 -175
W 29521  -79  636 2675 -45
D 29561 -127 1310 -283
W 29561  -79  637 2673 -45
D 29601 -127 1244 -283
W 29601  -79  638 2670 -45
D 29641 -127 1166 -366
W 29641  -79  639 2668 -45
D 29681 -127 1078 -358
W 29681  -79  639 2668 -45
D 29721 -127 1010 -258
W 29721  -79  639 2668 -45
D 29761 -127  955 -250
W 29761  -79  639 2668 -45
D 29801 -127  891 -266
W 29801  -79  639 2668 -45
D 29841 -127  841 -208
W 29841  -79  639 2668 -45
D 29881 -127  776 -316
W 29881  -79  639 2668 -45
D 29921 -127  705 -341
W 29921  -79  639 2668 -45
D 29961 -127  623 -308
W 29961  -79  639 2668 -45
D 30001 -127  555 -266
W 30001  -79  639 2668 -45
D 30041 -127  483 -333
W 30041  -79  640 2700 40
D 30081 -127  398 -350
W 30081  -79  638 2700 70
D 30121 -127  313 -325
W 30121  -79  636 2699 85
D 30161 -127  230 -358
W 30161  -79  631 2702 127
D 30201 -45  143 -375
W 30201  -79  626 2702 127
D 30241 -45   56 -366
W 30241  -79  619 2702 127
D 30281 -45    0 -108
W 30281  -79  611 2698 127
D 30321   0  -19  -66
W 30321  -79  603 2701 127
D 30361   0  -20    8
W 30361  -79  593 2703 127
D 30401   0  -21    0
W 30401  -79  583 2704 127
D 30441   0  -23   -8
W 30441  -79  573 2707 127
D 30481   0  -22    8
W 30481  -78  562 2708 127
D 30521   0  -23  -16
W 30521  -78  551 2708 127
D 30561   0  -22    0
W 30561  -78  540 2710 127
D 30601   0  -23    0
W 30601  -78  529 2709 127
D 30641   0  -23   -8
W 30641  -78  517 2708 127
D 30681   0  -23   -8
W 30681  -78  504 2711 127
D 30721   0  -23   -8
W 30721  -77  492 2713 127
D 30761   0  -22    8
W 30761  -77  480 2716 127
D 30801   0  -21    0
W 30801  -77  467 2721 127
D 30841   0  -21    0
W 30841  -76  455 2722 127
D 30881   0  -22    8
W 30881  -76  442 2722 127
D 30921   0  -23   -8
W 30921  -75  430 2723 127
D 30961   0  -23   -8
W 30961  -75  417 2721 127
D 31001   0  -23    0
W 31001  -74  405 2719 127
D 31041   0  -21    0
W 31041  -74  393 2723 127
D 31081   0  -22    0
W 31081  -73  380 2731 127
D 31121   0  -21   16
W 31121  -73  368 2739 127
D 31161   0  -22    0
W 31161  -72  356 2744 127
D 31201   0  -21    8
W 31201  -71  344 2745 127
D 31241   0  -22    0
W 31241  -70  332 2746 127
D 31281   0  -22    0
W 31281  -69  320 2749 127
D 31321   0  -22    8
W 31321  -68  308 2751 127
D 31361  40  -21    8
W 31361  -67  297 2753 0
D 31401  40  -21    8
W 31401  -66  288 2760 0
D 31441  40  -22   -8
W 31441  -65  280 2774 0
D 31481  40  -21    8
W 31481  -64  274 2788 -25
D 31521  40  -22    0
W 31521  -64  272 2802 -55
D 31561  40  -19   16
W 31561  -64  273 2806 -85
D 31601  40  -14   16
W 31601  -65  277 2806 -127
D 31641  40   -8   41
W 31641  -66  283 2808 -127
D 31681  40    6   91
W 31681  -67  291 2817 -127
D 31721  40   33  108
W 31721  -69  300 2831 -127
D 31761  40   55   83
W 31761  -72  309 2848 -127
D 31801  40   77  108
W 31801  -74  318 2866 -127
D 31841  40  105  100
W 31841  -77  328 2884 -127
D 31881  40  121   50
W 31881  -81  338 2896 -127
D 31921  40  145   91
W 31921  -84  348 2904 -127
D 31961  40  169   91
W 31961  -88  359 2905 -127
D 32001  40  191   83
W 32001  -92  370 2906 -127
D 32041  40  209   66
W 32041  -96  380 2908 -127
D 32081  40  221   58
W 32081 -100  391 2912 -127
D 32121  40  244  116
W 32121 -105  402 2914 -127
D 32161  40  280  166
W 32161 -109  413 2912 -127
D 32201  40  316  116
W 32201 -113  424 2909 -127
D 32241  40  354  183
W 32241 -117  435 2907 -127
D 32281 127  396  175
W 32281 -121  445 2907 -127
D 32321 127  436  116
W 32321 -126  457 2907 -127
D 32361 127  486  208
W 32361 -130  468 2911 -127
D 32401 127  540  191
W 32401 -134  479 2913 -127
D 32441 127  599  241
W 32441 -138  489 2915 -127
D 32481 127  660  258
W 32481 -142  500 2916 -127
D 32521 127  731  316
W 32521 -146  510 2916 -127
D 32561 127  797  325
W 32561 -150  520 2916 -127
D 32601 127  875  325
W 32601 -154  529 2915 -127
D 32641 127  957  391
W 32641 -158  539 2915 -127
D 32681 127 1033  341
W 32681 -161  548 2916 -127
D 32721 127 1113  308
W 32721 -165  557 2916 -60
D 32761 127 1201  358
W 32761 -168  565 2916 -45
D 32801   0 1292  391
W 32801 -171  573 2916 -45
D 32841   0 1382  391
W 32841 -174  581 2916 -45
D 32881 -127 1435  116
W 32881 -177  587 2917 -45
D 32921 -127 1442   16
W 32921 -179  592 2914 -45
D 32961 -127 1441    0
W 32961 -181  597 2920 -45
D 33001 -127 1448   33
W 33001 -183  602 2919 -45
D 33041 -127 1440  -66
W 33041 -185  607 2889 -45
D 33081 -127 1414 -133
W 33081 -187  613 2840 -45
D 33121 -127 1365 -233
W 33121 -188  619 2783 -25
D 33161 -127 1320 -166
W 33161 -188  624 2724 -45
D 33201 -127 1282 -191
W 33201 -188  629 2679 -45
D 33241 -127 1232 -191
W 33241 -188  635 2651 -45
D 33281 -127 1195 -141
W 33281 -188  641 2637 -45
D 33321 -127 1150 -191
W 33321 -187  647 2632 -45
D 33361 -127 1105 -191
W 33361 -186  652 2630 -45
D 33401 -127 1057 -216
W 33401 -186  657 2632 -45
D 33441 -127 1000 -266
W 33441 -185  660 2631 -45
D 33481 -127  890 -441
W 33481 -185  662 2636 -45
D 33521 -127  811 -308
W 33521 -185  662 2636 -45
D 33561 -127  751 -191
W 33561 -185  662 2635 -45
D 33601 -127  680 -383
W 33601 -185  662 2636 -45
D 33641 -127  556 -525
W 33641 -185  640 2700 40
D 33681 -127  456 -408
W 33681 -185  640 2700 70
D 33721 -127  383 -308
W 33721 -185  637 2700 100
D 33761 -127  317 -283
W 33761 -185  634 2701 127
D 33801 -127  238 -358
W 33801 -185  629 2698 127
D 33841 -127  149 -425
W 33841 -185  622 2693 127
D 33881 -45   75 -291
W 33881 -185  613 2693 127
D 33921 -45    5 -291
W 33921 -185  603 2692 127
D 33961   0  -16  -91
W 33961 -185  594 2687 127
D 34001   0  -20  -16
W 34001 -186  584 2688 127
D 34041   0  -21    0
W 34041 -186  574 2688 127
D 34081   0  -21    0
W 34081 -186  566 2680 127
D 34121   0  -21    0
W 34121 -186  559 2664 127
D 34161   0  -20    8
W 34161 -187  553 2632 127
D 34201   0  -17    8
W 34201 -187  549 2600 127
D 34241   0  -16    0
W 34241 -188  546 2562 127
D 34281   0  -20  -16
W 34281 -189  544 2522 127
D 34321   0  -18    0
W 34321 -189  543 2481 127
D 34361   0  -18    0
W 34361 -189  542 2441 127
D 34401   0  -18    0
W 34401 -190  541 2395 127
D 34441   0  -19    0
W 34441 -190  540 2343 127
D 34481   0  -20   -8
W 34481 -191  540 2283 127
D 34521   0  -20    0
W 34521 -191  539 2220 127
D 34561   0  -22  -16
W 34561 -192  539 2152 127
D 34601   0  -21   -8
W 34601 -192  538 2080 0
D 34641   0  -22    0
W 34641 -193  538 2013 0
D 34681   0  -22    0
W 34681 -195  537 1960 0
D 34721   0  -21    0
W 34721 -196  537 1910 0
D 34761   0  -22   -8
W 34761 -198  537 1871 0
D 34801   0  -21    8
W 34801 -200  537 1837 0
D 34841   0  -21    0
W 34841 -202  537 1809 0
D 34881   0  -22   -8
W 34881 -204  537 1788 54
D 34921   0  -22   -8
W 34921 -205  537 1766 -20
D 34961   0  -21    8
W 34961 -207  537 1741 -20
D 35001   0  -21    0
W 35001 -208  537 1728 25
D 35041   0  -21    8
W 35041 -209  537 1726 40
D 35081   0  -21    0
W 35081 -211  537 1730 70
D 35121   0  -19    8
W 35121 -214  538 1734 100
D 35161   0  -18    0
W 35161 -220  538 1739 127
D 35201   0  -20    0
W 35201 -226  539 1746 127
D 35241   0  -21   -8
W 35241 -233  540 1751 127
D 35281   0  -21    0
W 35281 -242  540 1756 127
D 35321   0  -20    8
W 35321 -252  541 1758 127
D 35361   0  -21   -8
W 35361 -261  542 1762 127
D 35401   0  -21    0
W 35401 -272  542 1764 127
D 35441   0  -21    0
W 35441 -283  543 1764 127
D 35481   0  -21    0
W 35481 -294  544 1764 127
D 35521   0  -21    0
W 35521 -305  544 1764 127
D 35561   0  -20    8
W 35561 -317  545 1764 127
D 35601   0  -21    0
W 35601 -328  546 1763 127
D 35641   0  -21    0
W 35641 -340  547 1763 127
D 35681   0  -22   -8
W 35681 -352  548 1764 127
D 35721   0  -21    0
W 35721 -365  548 1764 127
D 35761   0  -21    0
W 35761 -377  549 1765 127
D 35801   0  -20    8
W 35801 -389  550 1765 127
D 35841   0  -21   -8
W 35841 -401  551 1765 127
D 35881   0  -21    0
W 35881 -414  551 1765 127
D 35921   0  -21    0
W 35921 -425  552 1759 127
D 35961   0  -20    8
W 35961 -435  553 1762 127
D 36001   0  -19    0
W 36001 -442  553 1784 127
D 36041   0  -16   16
W 36041 -447  553 1807 127
D 36081   0  -18  -16
W 36081 -451  553 1821 127
D 36121   0  -14   25
W 36121 -455  553 1821 127
D 36161   0  -15    8
W 36161 -457  553 1816 127
D 36201   0  -13    8
W 36201 -459  553 1818 127
D 36241   0  -12    0
W 36241 -459  553 1819 127
D 36281   0  -12    0
W 36281 -459  553 1819 127
D 36321   0  -13   -8
W 36321 -459  553 1819 127
D 36361   0  -12    8
W 36361 -459  553 1819 127
D 36401   0  -12    0
W 36401 -459  553 1819 127
D 36441   0  -13    0
W 36441 -459  553 1819 127
D 36481   0  -12    8
W 36481 -459  553 1819 127
D 36521   0  -12    0
W 36521 -459  553 1819 127
D 36561   0  -13   -8
W 36561 -459  553 1819 127
D 36601   0  -13    0
W 36601 -459  553 1819 127
D 36641   0  -13   -8
W 36641 -459  553 1819 127
D 36681   0  -13    0
W 36681 -459  553 1819 127
D 36721   0  -13    0
W 36721 -459  553 1819 127
D 36761   0  -12    8
W 36761 -459  553 1819 127
D 36801   0  -12    8
W 36801 -459  553 1819 127
D 36841   0  -13    0
W 36841 -459  553 1819 127
D 36881   0  -13    0
W 36881 -459  553 1819 127
D 36921   0  -13    0
W 36921 -459  553 1819 127
D 36961   0  -13    0
W 36961 -459  553 1819 127
D 37001  40  -20  -16
W 37001 -459  553 1819 0
D 37041  40  -21    0
W 37041 -457  553 1818 0
D 37081  40  -21    0
W 37081 -454  553 1818 0
D 37121  40  -21    0
W 37121 -451  553 1821 0
D 37161  40  -21    0
W 37161 -447  553 1823 -40
D 37201  40  -21   -8
W 37201 -443  553 1829 -70
D 37241  40  -18    0
W 37241 -438  554 1833 -100
D 37281  40  -16   16
W 37281 -431  554 1831 -127
D 37321  40  -12   25
W 37321 -422  555 1831 -127
D 37361  40  -12    8
W 37361 -412  555 1830 -127
D 37401  40   -6   25
W 37401 -402  556 1824 -127
D 37441  40   22  133
W 37441 -391  556 1799 -127
D 37481  40   49  108
W 37481 -381  556 1789 -127
D 37521  40   75  108
W 37521 -375  556 1802 -127
D 37561  40  104  133
W 37561 -370  556 1829 -127
D 37601  40  129   91
W 37601 -366  556 1855 -127
D 37641  40  163  158
W 37641 -362  556 1884 -127
D 37681  40  206  183
W 37681 -360  557 1922 -127
D 37721  40  242  133
W 37721 -358  557 1966 -127
D 37761  40  285  200
W 37761 -357  558 2016 0
D 37801  40  338  250
W 37801 -356  558 2063 0
D 37841  40  400  283
W 37841 -355  558 2094 0
D 37881  13  456  258
W 37881 -356  558 2120 0
D 37921   5  515  258
W 37921 -356  558 2151 0
D 37961   2  571  266
W 37961 -356  558 2177 -40
D 38001  -6  621  175
W 38001 -357  557 2199 -54
D 38041  -1  655  125
W 38041 -358  556 2225 0
D 38081   0  684  116
W 38081 -359  555 2257 0
D 38121   4  704  116
W 38121 -360  555 2279 -54
D 38161   0  722   66
W 38161 -359  555 2292 -82
D 38201   0  732   16
W 38201 -359  555 2321 20
D 38241 -127  741   50
W 38241 -360  555 2340 0
D 38281 -127  742   -8
W 38281 -360  555 2342 0
D 38321 -127  741   -8
W 38321 -360  554 2346 0
D 38361 -127  740   -8
W 38361 -360  555 2354 0
D 38401 -127  696 -183
W 38401 -360  555 2354 0
D 38441 -127  650 -191
W 38441 -359  555 2348 25
D 38481 -127  600 -191
W 38481 -359  556 2338 55
D 38521 -127  558 -166
W 38521 -359  556 2329 85
D 38561 -127  511 -208
W 38561 -360  554 2326 127
D 38601 -127  449 -266
W 38601 -364  550 2323 127
D 38641 -127  371 -366
W 38641 -368  544 2325 127
D 38681 -127  296 -325
W 38681 -372  538 2327 127
D 38721 -127  185 -416
W 38721 -378  531 2324 127
D 38761 -45   83 -408
W 38761 -385  522 2325 127
D 38801 -45   -4 -325
W 38801 -392  513 2320 127
D 38841   0  -16  -91
W 38841 -398  505 2317 127
D 38881   0  -23  -25
W 38881 -405  496 2318 127
D 38921   0  -23    0
W 38921 -412  488 2323 127
D 38961   0  -24    0
W 38961 -418  479 2327 127
D 39001   0  -23    8
W 39001 -425  470 2330 127
D 39041   0  -23    0
W 39041 -431  463 2321 127
D 39081   0  -21    8
W 39081 -434  458 2295 127
D 39121   0  -19    8
W 39121 -436  456 2271 127
D 39161   0  -21  -16
W 39161 -439  453 2257 127
D 39201   0  -23   -8
W 39201 -442  450 2247 127
D 39241   0  -21    0
W 39241 -444  448 2248 127
D 39281   0  -21   -8
W 39281 -446  446 2258 127
D 39321   0  -18   16
W 39321 -448  444 2265 127
D 39361   0  -18    8
W 39361 -449  443 2266 127
D 39401   0  -18   16
W 39401 -449  443 2263 127
D 39441   0  -17    8
W 39441 -450  442 2262 127
D 39481   0  -18   -8
W 39481 -450  442 2263 127
D 39521   0  -18   -8
W 39521 -450  442 2263 127
D 39561   0  -18   -8
W 39561 -450  442 2263 127
D 39601   0  -17    8
W 39601 -450  442 2263 127
D 39641   0  -18    0
W 39641 -450  442 2263 127
D 39681   0  -18    0
W 39681 -450  442 2263 127
D 39721   0  -18    0
W 39721 -450  442 2263 127
D 39761   0  -18    0
W 39761 -450  442 2263 127
D 39801   0  -18    0
W 39801 -450  442 2263 127
D 39841   0  -18    0
W 39841 -450  442 2263 127
D 39881   0  -18    0
W 39881 -450  442 2263 127
D 39921   0  -19    0
W 39921 -450  442 2263 127
D 39961   0  -20    0
W 39961 -450  442 2263 127
D 40001   0  -20    0
W 40001 -450  442 2263 127
D 40041  40  -26  -50
W 40041 -450  442 2263 0
D 40081  40  -26    0
W 40081 -449  443 2266 0
D 40121  40  -26    0
W 40121 -447  445 2267 0
D 40161  40  -25    8
W 40161 -445  447 2259 -40
D 40201  40  -11    8
W 40201 -442  450 2239 -70
D 40241  40   -6   41
W 40241 -439  453 2214 -85
D 40281  40   26  175
W 40281 -435  457 2187 -127
D 40321  40   72  158
W 40321 -429  461 2172 -127
D 40361  40  103  108
W 40361 -424  465 2169 -127
D 40401  40  136  141
W 40401 -418  469 2167 -127
D 40441  40  181  200
W 40441 -411  474 2167 -127
D 40481  40  224  175
W 40481 -403  480 2170 -127
D 40521  40  268  208
W 40521 -396  486 2177 -127
D 40561  40  308  166
W 40561 -388  492 2183 -127
D 40601  40  350  166
W 40601 -380  498 2188 -127
D 40641  40  400  241
W 40641 -373  504 2193 -127
D 40681  16  436  100
W 40681 -367  509 2208 -127
D 40721  16  468  100
W 40721 -363  513 2239 -127
D 40761  14  505  158
W 40761 -360  516 2281 -127
D 40801   6  553  208
W 40801 -357  519 2319 -127
D 40841  -5  608  208
W 40841 -355  522 2357 -127
D 40881   0  645  150
W 40881 -353  524 2399 -127
D 40921   4  668  100
W 40921 -353  526 2450 0
D 40961   4  684   66
W 40961 -352  526 2500 0
D 41001   8  690   25
W 41001 -352  527 2543 0
D 41041   7  698   41
W 41041 -352  528 2577 0
D 41081   7  705   33
W 41081 -352  529 2614 0
D 41121   8  707    8
W 41121 -352  529 2647 0
D 41161   9  706   -8
W 41161 -352  529 2678 0
D 41201   8  706   -8
W 41201 -352  530 2701 20
D 41241 127  705   -8
W 41241 -352  530 2705 -25
D 41281 127  706    0
W 41281 -352  530 2705 -55
D 41321 127  708   16
W 41321 -352  532 2705 -85
D 41361 127  718   58
W 41361 -352  535 2708 -127
D 41401 127  740  116
W 41401 -352  540 2706 -127
D 41441 127  761   58
W 41441 -352  545 2707 -127
D 41481 127  796  150
W 41481 -352  551 2706 -127
D 41521 127  840  141
W 41521 -352  557 2707 -127
D 41561 127  881  233
W 41561 -352  563 2711 -75
D 41601 127  925  191
W 41601 -352  569 2715 -45
D 41641 127  983  233
W 41641 -352  574 2713 -45
D 41681 127 1058  341
W 41681 -352  580 2709 -45
D 41721 127 1145  375
W 41721 -353  584 2710 -45
D 41761   0 1236  375
W 41761 -353  589 2713 -45
D 41801   0 1323  350
W 41801 -353  592 2716 -45
D 41841   0 1411  375
W 41841 -353  596 2718 -45
D 41881 -127 1440   16
W 41881 -353  599 2717 -45
D 41921 -127 1446    0
W 41921 -353  602 2717 -45
D 41961 -127 1454   50
W 41961 -353  606 2719 -45
D 42001 -127 1455    0
W 42001 -353  610 2719 -45
D 42041 -127 1428 -125
W 42041 -353  615 2718 -45
D 42081 -127 1373 -266
W 42081 -354  621 2722 -45
D 42121 -127 1322 -116
W 42121 -354  627 2723 -40
D 42161 -127 1307  -83
W 42161 -354  632 2720 -45
D 42201 -127 1283 -108
W 42201 -354  637 2719 -45
D 42241 -127 1240 -158
W 42241 -354  643 2717 -45
D 42281 -127 1214 -100
W 42281 -355  649 2716 -45
D 42321 -127 1183 -141
W 42321 -355  655 2718 -45
D 42361 -127 1135 -200
W 42361 -355  660 2719 -45
D 42401 -127 1087 -166
W 42401 -355  666 2717 -45
D 42441 -127 1049 -141
W 42441 -355  672 2714 -45
D 42481 -127 1015 -133
W 42481 -355  677 2713 -45
D 42521 -127  980 -150
W 42521 -355  680 2716 -45
D 42561 -127  881 -475
W 42561 -356  681 2720 -45
D 42601  70  802 -300
W 42601 -356  640 2698 25
D 42641  70  752 -158
W 42641 -356  639 2699 55
D 42681  70  686 -400
W 42681 -356  636 2698 85
D 42721  70  596 -308
W 42721 -356  631 2700 127
D 42761  70  586    0
W 42761 -356  624 2703 127
D 42801  70  590   25
W 42801 -355  616 2699 127
D 42841  70  619  158
W 42841 -356  607 2698 127
D 42881  70  703  400
W 42881 -356  598 2696 127
D 42921  70  814  500
W 42921 -356  589 2697 127
D 42961  70  910  358
W 42961 -356  577 2698 127
D 43001  70 1001  333
W 43001 -356  564 2699 127
D 43041  70 1093  400
W 43041 -356  551 2700 127
D 43081  70 1191  416
W 43081 -356  538 2701 127
D 43121 -70 1271  275
W 43121 -356  525 2702 127
D 43161 -70 1286    0
W 43161 -356  512 2705 127
D 43201 -70 1286    0
W 43201 -355  500 2707 127
D 43241 -70 1287    8
W 43241 -355  490 2706 127
D 43281 -70 1288    0
W 43281 -355  484 2705 127
D 43321 -70 1284  -16
W 43321 -355  476 2705 127
D 43361 -70 1236 -183
W 43361 -355  467 2708 127
D 43401 -70 1191 -175
W 43401 -355  460 2709 127
D 43441 -70 1153 -150
W 43441 -355  456 2710 127
D 43481 -70 1116 -166
W 43481 -355  451 2713 127
D 43521 -70 1080 -158
W 43521 -355  444 2715 127
D 43561 -70 1040 -150
W 43561 -355  437 2715 127
D 43601   0 1004 -158
W 43601 -354  429 2713 127
D 43641   0  961 -183
W 43641 -354  419 2710 127
D 43681   0  922 -141
W 43681 -354  408 2709 127
D 43721   0  903  -83
W 43721 -354  397 2712 127
D 43761   0  888  -58
W 43761 -353  385 2715 127
D 43801   0  885    0
W 43801 -353  372 2715 127
D 43841   0  885    0
W 43841 -353  360 2716 127
D 43881   0  886    8
W 43881 -352  347 2715 127
D 43921   0  887   -8
W 43921 -352  334 2713 127
D 43961   0  896   58
W 43961 -352  321 2711 127
D 44001   0  901    8
W 44001 -352  308 2713 127
D 44041   0  901    0
W 44041 -351  295 2714 127
D 44081   0  902    8
W 44081 -351  282 2714 127
D 44121   0  902    0
W 44121 -351  271 2716 127
D 44161   0  901   -8
W 44161 -350  258 2717 127
D 44201   0  901   -8
W 44201 -350  245 2718 127
D 44241   0  901   -8
W 44241 -350  232 2718 127
D 44281   0  903    8
W 44281 -349  220 2720 127
D 44321   0  907    8
W 44321 -349  207 2720 127
D 44361   0  911   16
W 44361 -348  196 2717 127
D 44401   0  911    0
W 44401 -348  184 2716 75
D 44441   0  911    0
W 44441 -348  172 2717 60
D 44481   0  911    0
W 44481 -347  161 2718 60
D 44521   0  911    0
W 44521 -347  150 2719 60
D 44561   0  911    0
W 44561 -347  140 2719 60
D 44601   0  911    0
W 44601 -346  129 2719 60
D 44641   0  911    0
W 44641 -346  121 2735 60
D 44681   0  913    8
W 44681 -346  117 2760 60
D 44721   0  913    0
W 44721 -345  114 2786 60
D 44761   0  912   -8
W 44761 -345  112 2804 60
D 44801   0  912    0
W 44801 -345  111 2816 60
D 44841   0  912    8
W 44841 -345  111 2817 60
D 44881   0  913    8
W 44881 -345  111 2817 60
D 44921   0  911  -16
W 44921 -345  111 2817 60
D 44961   0  911    0
W 44961 -345  111 2817 60
D 45001   0  912    8
W 45001 -345    0 2700 -60
D 45041   0  914   16
W 45041 -345    1 2700 -60
D 45081   0  916    8
W 45081 -345    5 2699 -60
D 45121   0  916    0
W 45121 -345    8 2698 -60
D 45161   0  917    8
W 45161 -345   12 2700 -60
D 45201   0  917    0
W 45201 -345   17 2700 -60
D 45241   0  918    0
W 45241 -345   21 2701 -60
D 45281   0  918    0
W 45281 -345   26 2702 -60
D 45321   0  918    0
W 45321 -345   31 2702 -60
D 45361   0  918    0
W 45361 -345   37 2701 -60
D 45401   0  916  -16
W 45401 -345   42 2702 -60
D 45441   0  918    8
W 45441 -345   48 2703 -60
D 45481   0  918    0
W 45481 -345   54 2704 -60
D 45521   0  917    0
W 45521 -345   60 2704 25
D 45561   0  917    0
W 45561 -345   64 2704 45
D 45601   0  918    8
W 45601 -345   66 2697 45
D 45641   0  919    8
W 45641 -345   68 2681 45
D 45681   0  927   41
W 45681 -345   70 2662 45
D 45721   0  928    0
W 45721 -345   71 2640 45
D 45761   0  929    0
W 45761 -344   72 2619 45
D 45801   0  929    8
W 45801 -344   72 2594 45
D 45841   0  930    8
W 45841 -344   73 2568 45
D 45881   0  929   -8
W 45881 -344   73 2544 45
D 45921   0  930    0
W 45921 -344   72 2522 45
D 45961   0  930    0
W 45961 -344   72 2501 45
D 46001   0  930    8
W 46001 -345   72 2482 45
D 46041   0  930    0
W 46041 -345   71 2461 45
D 46081   0  929   -8
W 46081 -345   71 2440 45
D 46121   0  929   -8
W 46121 -345   71 2418 45
D 46161   0  929    0
W 46161 -345   71 2398 45
D 46201   0  930    8
W 46201 -345   71 2378 45
D 46241   0  929   -8
W 46241 -345   71 2359 45
D 46281   0  929   -8
W 46281 -345   71 2339 45
D 46321   0  930    0
W 46321 -345   71 2320 45
D 46361   0  930    8
W 46361 -345   71 2301 45
D 46401   0  930    8
W 46401 -345   71 2282 45
D 46441   0  929   -8
W 46441 -345   71 2263 45
D 46481   0  930    0
W 46481 -345   71 2243 45
D 46521   0  929   -8
W 46521 -345   71 2225 45
D 46561   0  930    0
W 46561 -344   71 2206 45
D 46601   0  929    0
W 46601 -344   71 2187 45
D 46641   0  929    0
W 46641 -345   71 2170 45
D 46681   0  929   -8
W 46681 -345   71 2152 45
D 46721   0  930    0
W 46721 -345   71 2133 45
D 46761   0  929    0
W 46761 -344   71 2115 45
D 46801   0  929    0
W 46801 -344   71 2096 45
D 46841   0  929    0
W 46841 -345   71 2079 45
D 46881   0  929    0
W 46881 -344   71 2062 45
D 46921   0  929   -8
W 46921 -344   71 2045 45
D 46961   0  929    0
W 46961 -344   71 2029 45
D 47001   0  930    8
W 47001 -344   72 2012 45
D 47041   0  929    0
W 47041 -344   72 1997 40
D 47081   0  929   -8
W 47081 -345   71 1989 55
D 47121   0  930    0
W 47121 -347   71 1982 85
D 47161   0  931    0
W 47161 -351   69 1978 127
D 47201   0  931    0
W 47201 -356   68 1978 127
D 47241   0  931    0
W 47241 -363   66 1977 127
D 47281   0  931    0
W 47281 -370   63 1979 127
D 47321   0  931    8
W 47321 -378   61 1981 127
D 47361   0  931    8
W 47361 -387   58 1984 127
D 47401   0  931    0
W 47401 -395   55 1983 127
D 47441   0  930   -8
W 47441 -403   52 1984 127
D 47481   0  930    0
W 47481 -411   50 1984 127
D 47521   0  937   50
W 47521 -420   47 1985 127
D 47561   0  937    8
W 47561 -430   43 1984 127
D 47601   0  938    0
W 47601 -442   40 1985 127
D 47641   0  938    0
W 47641 -452   36 1984 127
D 47681   0  938    0
W 47681 -463   32 1983 127
D 47721   0  937    0
W 47721 -475   28 1983 127
D 47761   0  937   -8
W 47761 -487   25 1985 127
D 47801   0  938    0
W 47801 -499   21 1987 127
D 47841   0  936   -8
W 47841 -510   17 1989 127
D 47881   0  939    8
W 47881 -519   14 1960 127
D 47921   0  940    8
W 47921 -526   12 1928 127
D 47961   0  941    0
W 47961 -532   11 1895 127
D 48001   0  941    0
W 48001 -538   10 1878 127
D 48041   0  940    8
W 48041 -543    9 1876 127
D 48081   0  942    0
W 48081 -545    9 1879 127
D 48121   0  941   -8
W 48121 -546    9 1878 127
D 48161   0  942    8
W 48161 -546    9 1878 127
D 48201   0  943    8
W 48201 -547    9 1878 127
D 48241   0  943    0
W 48241 -548    8 1878 75
D 48281   0  941   -8
W 48281 -548    8 1878 60
D 48321   0  941    0
W 48321 -548    8 1878 60
D 48361   0  941   -8
W 48361 -548    8 1878 60
D 48401   0  945    0
W 48401 -548    8 1878 60
D 48441   0  946    8
W 48441 -548    8 1878 60
D 48481   0  946    8
W 48481 -548    8 1878 60
D 48521   0  945   -8
W 48521 -548    8 1878 60
D 48561   0  945    0
W 48561 -548    8 1878 60
D 48601   0  945    0
W 48601 -548    8 1878 60
D 48641   0  945    0
W 48641 -548    8 1878 60
D 48681   0  945    0
W 48681 -548    8 1878 60
D 48721   0  945    0
W 48721    0    8 1800 -60
D 48761   0  944    0
W 48761    0    8 1800 -60
D 48801   0  944    0
W 48801    3    8 1801 -60
D 48841   0  944   -8
W 48841    6    8 1802 -60
D 48881   0  945    0
W 48881    9    8 1803 -60
D 48921   0  945    0
W 48921   13    8 1803 -60
D 48961   0  945    0
W 48961   18    8 1803 -60
D 49001   0  945    8
W 49001   22    8 1805 0
D 49041   0  945    8
W 49041   24    8 1805 40
D 49081   0  945    0
W 49081   26    8 1799 45
D 49121   0  943  -16
W 49121   27    8 1786 45
D 49161   0  953   83
W 49161   29    8 1772 45
D 49201   0  954    0
W 49201   30    8 1750 45
D 49241   0  954    0
W 49241   31    8 1729 45
D 49281   0  954   -8
W 49281   32    8 1705 45
D 49321   0  954    0
W 49321   32    8 1681 45
D 49361   0  954    0
W 49361   33    8 1656 45
D 49401   0  954    8
W 49401   33    8 1632 45
D 49441   0  954    0
W 49441   32    8 1609 45
D 49481   0  954    0
W 49481   32    8 1587 45
D 49521   0  954    0
W 49521   32    8 1565 45
D 49561   0  954    8
W 49561   32    8 1544 45
D 49601   0  954    0
W 49601   32    8 1522 45
D 49641   0  954    0
W 49641   32    8 1500 45
D 49681   0  954    0
W 49681   32    8 1479 45
D 49721   0  954   -8
W 49721   32    8 1458 45
D 49761   0  954    0
W 49761   32    8 1438 45
D 49801   0  954    0
W 49801   32    8 1417 45
D 49841   0  953   -8
W 49841   32    8 1396 45
D 49881   0  953  -16
W 49881   32    8 1376 45
D 49921   0  954    8
W 49921   32    8 1356 45
D 49961   0  954    8
W 49961   32    8 1337 45
D 50001   0  954    0
W 50001   32    8 1317 0
D 50041   0  954    8
W 50041   32    8 1299 -40
D 50081   0  954    0
W 50081   32    8 1288 -70
D 50121   0  956    8
W 50121   34    6 1283 -100
D 50161   0  956    0
W 50161   36    3 1283 -127
D 50201   0  955   -8
W 50201   40   -1 1283 -127
D 50241   0  955    0
W 50241   44   -6 1283 -127
D 50281   0  953   -8
W 50281   48  -12 1285 -127
D 50321   0  953    0
W 50321   54  -19 1286 -127
D 50361   0  953    0
W 50361   60  -26 1289 -127
D 50401   0  953    0
W 50401   66  -34 1291 -127
D 50441   0  953    0
W 50441   72  -42 1293 -127
D 50481   0  954    8
W 50481   79  -50 1291 -127
D 50521   0  955    0
W 50521   85  -57 1259 -127
D 50561   0  959   41
W 50561   89  -63 1217 -127
D 50601   0  971   41
W 50601   91  -67 1180 -60
D 50641   0  971    0
W 50641   93  -70 1148 -60
D 50681   0  972   -8
W 50681   94  -73 1116 -60
D 50721   0  972   -8
W 50721   95  -76 1081 -60
D 50761   0  972    0
W 50761   96  -79 1053 -60
D 50801   0  974    8
W 50801   97  -81 1034 -60
D 50841   0  973    0
W 50841   97  -81 1027 -60
D 50881   0  973    0
W 50881   97  -82 1026 -60
D 50921   0  973    0
W 50921   97  -82 1026 -60
D 50961   0  973    0
W 50961   97  -82 1026 -60
D 51001   0  973   -8
W 51001   97  -82 1026 -60
D 51041   0  976    8
W 51041   97  -82 1026 -60
D 51081   0  976    0
W 51081   97  -82 1026 -60
D 51121   0  976    0
W 51121   97  -82 1026 -60
D 51161 127  976    0
W 51161   97  -82 1026 0
D 51201 127  976    0
W 51201   97  -81 1026 0
D 51241 127  998  108
W 51241   96  -80 1027 0
D 51281 127 1027  116
W 51281   96  -79 1026 0
D 51321 127 1066  175
W 51321   96  -78 1026 0
D 51361 127 1116  208
W 51361   96  -77 1027 0
D 51401 127 1183  300
W 51401   96  -77 1027 0
D 51441 127 1258  333
W 51441   96  -76 1028 0
D 51481 127 1346  350
W 51481   95  -75 1028 0
D 51521 127 1431  341
W 51521   95  -75 1030 0
D 51561 127 1449   -8
W 51561   95  -75 1033 0
D 51601 127 1471  125
W 51601   95  -75 1033 0
D 51641 127 1477   33
W 51641   95  -75 1028 0
D 51681 127 1476   -8
W 51681   95  -75 1017 0
D 51721 127 1476    0
W 51721   95  -76 1004 0
D 51761 127 1477    8
W 51761   96  -76 1000 0
D 51801 127 1476    0
W 51801   96  -76 1005 0
D 51841 127 1476    0
W 51841   96  -76 1008 0
D 51881 127 1476    0
W 51881   96  -77 1012 0
D 51921 127 1476    0
W 51921   95  -76 1015 0
D 51961 127 1476    0
W 51961   95  -75 1015 0
D 52001 127 1475   -8
W 52001   95  -74 1015 0
D 52041 127 1475    0
W 52041   95  -74 1015 0
D 52081 127 1477   16
W 52081   95  -73 1017 0
D 52121 127 1476    0
W 52121   95  -73 1019 0
D 52161 127 1477    8
W 52161   95  -73 1021 0
D 52201 127 1476    0
W 52201   95  -73 1020 0
D 52241 127 1476   -8
W 52241   95  -74 1019 0
D 52281 127 1476    0
W 52281   95  -75 1019 0
D 52321 127 1476    0
W 52321   95  -74 1019 0
D 52361 127 1476    0
W 52361   95  -74 1020 0
D 52401 127 1476    0
W 52401   95  -74 1020 0
D 52441 127 1476   -8
W 52441   95  -74 1020 0
D 52481 127 1476    0
W 52481   95  -74 1020 0
D 52521 127 1476    0
W 52521   95  -74 1020 0
D 52561 127 1476    0
W 52561   95  -74 1020 0
D 52601 127 1476   -8
W 52601   95  -74 1020 0
D 52641 127 1476   -8
W 52641   95  -74 1020 0
D 52681 127 1477    8
W 52681   95  -74 1020 0
D 52721 127 1476   -8
W 52721   95  -74 1020 0
D 52761 127 1477    0
W 52761   95  -74 1020 0
D 52801 127 1476    0
W 52801   95  -74 1020 0
D 52841 127 1476   -8
W 52841   95  -74 1020 0
D 52881 127 1476   -8
W 52881   95  -74 1020 0
D 52921 127 1477    8
W 52921   95  -74 1020 0
D 52961 127 1476   -8
W 52961   95  -74 1020 0
D 53001 127 1476    0
W 53001   95  -74 1020 0
D 53041 127 1476   -8
W 53041   95  -74 1020 0
D 53081 127 1476    0
W 53081   95  -74 1020 0
D 53121 127 1476    0
W 53121   95  -74 1021 0
D 53161 127 1476    0
W 53161   95  -74 1021 0
D 53201 127 1476   -8
W 53201   95  -74 1021 0
D 53241 127 1476    0
W 53241   95  -74 1021 0
D 53281 127 1476   -8
W 53281   95  -74 1021 0
D 53321 127 1476    0
W 53321   95  -74 1021 0
D 53361 127 1476    0
W 53361   95  -74 1021 0
D 53401 127 1476    0
W 53401   95  -74 1021 0
D 53441 127 1476    0
W 53441   95  -74 1021 0
D 53481 127 1476    0
W 53481   95  -74 1021 0
D 53521 127 1476    0
W 53521   95  -74 1021 0
D 53561 127 1476    0
W 53561   95  -74 1021 0
D 53601 127 1476    0
W 53601   95  -74 1021 0
D 53641 127 1477    8
W 53641   95  -74 1021 0
D 53681 127 1476    0
W 53681   95  -74 1021 0
D 53721 127 1476    8
W 53721   95  -74 1021 0
D 53761 127 1476    8
W 53761   95  -74 1022 0
D 53801 127 1476    8
W 53801   95  -74 1022 0
D 53841 127 1476    0
W 53841   95  -74 1022 0
D 53881 127 1476    0
W 53881   95  -74 1022 0
D 53921 127 1476    0
W 53921   95  -74 1022 0
D 53961 127 1476    0
W 53961   95  -74 1022 0
D 54001 127 1476    8
W 54001   95  -74 1022 0
D 54041 127 1476    0
W 54041   95  -74 1022 0
D 54081 127 1475   -8
W 54081   95  -74 1021 0
D 54121 127 1475   -8
W 54121   95  -74 1022 0
D 54161 127 1475    0
W 54161   95  -74 1022 0
D 54201 127 1475    0
W 54201   95  -74 1022 0
D 54241 127 1475    0
W 54241   95  -74 1022 0
D 54281 127 1476    8
W 54281   95  -74 1022 0
D 54321 127 1476    8
W 54321   95  -74 1022 0
D 54361 127 1475   -8
W 54361   95  -74 1022 0
D 54401 127 1476    8
W 54401   95  -74 1022 0
D 54441 127 1475    0
W 54441   95  -74 1022 0
D 54481 127 1475   -8
W 54481   95  -74 1022 0
D 54521 127 1476    8
W 54521   95  -74 1022 0
D 54561 127 1475    0
W 54561   95  -74 1022 0
