pre_auton
%  batt 7.80v 8.06v
usercontrol
DUMP_MONITOR=START
DUMP_MONITOR=MONITOR
WHEEL_MONITOR=MONITOR
D   40   0  129    0
W   40  360  200 2700 -40
D   80   0  129    0
W   80  360  200 2700 -70
D  120   0  133   16
W  120  360  203 2700 -100
D  160   0  135    0
W  160  360  208 2700 -127
D  200   0  140    8
W  200  360  215 2700 -127
D  240   0  155  183
W  240  360  223 2700 -127
D  280   0  176   66
W  280  360  233 2701 -127
D  320   0  203  125
W  320  359  244 2702 -127
D  360   0  228   58
W  360  359  254 2701 -127
D  400 -127  255  141
W  400  359  266 2702 -127
D  440 -127  263   25
W  440  359  278 2700 -127
D  480 -127  263    0
W  480  359  289 2700 -127
D  520 -127  247 -116
W  520  359  300 2701 -127
D  560 -127  200 -191
W  560  359  312 2703 -127
D  600 -127  168 -108
W  600  359  322 2715 -127
D  640 -45  138 -150
W  640  359  331 2734 -127
D  680 -45   92 -191
W  680  358  340 2750 -127
D  720 -45   50 -158
W  720  357  351 2757 -127
D  760 -45   28 -100
W  760  356  363 2764 -127
D  800 -45    0 -141
W  800  355  373 2777 -127
D  840 -45   -1   16
W  840  353  385 2781 -127
D  880 -45   -2    0
W  880  351  397 2781 -127
D  920 -45   -2    0
W  920  350  409 2778 0
D  960 -45   -3    0
W  960  348  420 2775 0
D 1000 -45   -3    0
W 1000  347  431 2772 0
D 1040 -45   -3    0
W 1040  346  441 2771 0
D 1080 -45   -3    0
W 1080  344  450 2769 0
D 1120 -45   -3    0
W 1120  343  458 2769 0
D 1160 -45   -3    0
W 1160  343  465 2770 0
D 1200 -45   -3    0
W 1200  342  472 2769 0
D 1240 -45   -3    0
W 1240  341  478 2770 0
D 1280 -45   -3    0
W 1280  340  483 2770 0
D 1320 -45   -2    8
W 1320  340  488 2770 0
D 1360 -45   -3    0
W 1360  339  492 2770 40
D 1400 -45   -3   -8
W 1400  339  492 2770 70
D 1440 -45   -1    0
W 1440  339  491 2771 100
D 1480 -45    0   -8
W 1480  340  488 2773 127
D 1520 -45   -1   -8
W 1520  340  483 2774 127
D 1560 -45   -1    0
W 1560  341  476 2775 127
D 1600 -45   -2    0
W 1600  342  467 2776 127
D 1640 -45   -2    0
W 1640  344  458 2776 127
D 1680 -45   -3   -8
W 1680  345  448 2777 127
D 1720 -45   -3    0
W 1720  346  438 2777 127
D 1760 -45   -3    0
W 1760  348  427 2777 127
D 1800 -45   -3    0
W 1800  349  416 2777 127
D 1840 -45   -3    0
W 1840  351  404 2777 127
D 1880 -45   -3    0
W 1880  353  392 2777 127
D 1920 -45   -3    0
W 1920  354  380 2778 127
D 1960 -45   -3    0
W 1960  356  368 2778 127
D 2000 -45   -3    0
W 2000  358  356 2778 127
D 2040 -45   -3    0
W 2040  359  344 2779 127
D 2080 -45   -3    0
W 2080  361  332 2778 127
D 2120 -45   -4   -8
W 2120  362  320 2772 127
D 2160 -45   -3    0
W 2160  364  309 2768 127
D 2200 -45   -3    0
W 2200  365  298 2764 127
D 2240  40   -5  -16
W 2240  366  289 2758 0
D 2280  40   -5    0
W 2280  367  284 2743 0
D 2320  40   -8    0
W 2320  367  284 2728 -25
D 2360  40  -10  -16
W 2360  367  285 2725 -55
D 2400  40   -8    0
W 2400  366  290 2727 -85
D 2440  40    1   66
W 2440  366  297 2728 -127
D 2480  40   38  166
W 2480  366  306 2729 -127
D 2520  40   78  191
W 2520  365  316 2728 -127
D 2560  40  119  191
W 2560  365  325 2730 -127
D 2600  40  138   66
W 2600  364  336 2732 -127
D 2640  40  170  116
W 2640  363  346 2732 -127
D 2680  40  181   50
W 2680  363  357 2731 -127
D 2720  40  200   91
W 2720  362  369 2730 -127
D 2760  40  219  100
W 2760  362  381 2730 -127
D 2800  40  227   41
W 2800  361  393 2731 -127
D 2840  40  235   33
W 2840  360  406 2732 -127
D 2880  40  245   41
W 2880  360  418 2732 -127
D 2920 127  256   50
W 2920  359  430 2733 -127
D 2960 127  267   75
W 2960  358  443 2734 -127
D 3000 127  288   91
W 3000  357  455 2734 -127
D 3040 127  310   83
W 3040  357  468 2734 -127
D 3080 127  331   50
W 3080  356  480 2735 -127
D 3120 127  350  125
W 3120  355  492 2736 -127
D 3160 127  383  141
W 3160  354  505 2737 -127
D 3200 127  421  175
W 3200  354  517 2738 -127
D 3240 127  462  175
W 3240  353  530 2737 -127
D 3280 127  505  183
W 3280  352  542 2738 -127
D 3320 127  551  175
W 3320  351  554 2738 -75
D 3360 127  592  200
W 3360  350  565 2738 -50
D 3400 127  641  208
W 3400  350  577 2738 -50
D 3440 127  681  175
W 3440  349  587 2739 -50
D 3480 127  726  191
W 3480  348  597 2740 -50
D 3520 127  768  150
W 3520  348  606 2741 -50
D 3560 127  820  233
W 3560  347  615 2741 -50
D 3600 127  870  208
W 3600  346  623 2741 -50
D 3640 127  925  275
W 3640  346  630 2741 -50
D 3680 127  978  225
W 3680  345  637 2741 -50
D 3720 127 1030  250
W 3720  345  644 2742 -50
D 3760 127 1089  258
W 3760  344  650 2742 -50
D 3800 127 1132  166
W 3800  344  656 2742 -50
D 3840 127 1201  258
W 3840  344  661 2742 -50
D 3880   0 1269  283
W 3880  343  666 2743 -50
D 3920   0 1337  241
W 3920  343  670 2743 -50
D 3960 -127 1400  225
W 3960  343  673 2743 -50
D 4000 -127 1456  225
W 4000  343  674 2743 -50
D 4040 -127 1450    0
W 4040  343  675 2738 -50
D 4080 -127 1448   -8
W 4080  343  675 2736 -50
D 4120 -127 1443  -25
W 4120  343  675 2736 -50
D 4160 -127 1390 -250
W 4160  343  675 2736 -50
D 4200 -127 1303 -358
W 4200  343  675 2736 -50
D 4240 -127 1208 -391
W 4240  343  675 2736 -50
D 4280 -127 1129 -316
W 4280  343  675 2736 0
D 4320 -127 1063 -266
W 4320  343  674 2736 0
D 4360 -127 1007 -225
W 4360  343  672 2736 0
D 4400 -127  950 -258
W 4400  343  671 2737 0
D 4440 -127  881 -308
W 4440  343  669 2737 0
D 4480 -127  806 -308
W 4480  343  639 2699 25
D 4520 -127  738 -250
W 4520  343  637 2700 55
D 4560 -127  676 -250
W 4560  343  635 2700 85
D 4600 -127  598 -375
W 4600  343  630 2699 127
D 4640 -127  526 -266
W 4640  343  624 2702 127
D 4680 -127  466 -266
W 4680  343  617 2703 127
D 4720 -127  400 -283
W 4720  343  608 2702 127
D 4760 -127  328 -283
W 4760  343  598 2702 127
D 4800 -127  255 -291
W 4800  343  587 2702 127
D 4840 -127  183 -350
W 4840  343  575 2701 127
D 4880 -45  104 -333
W 4880  343  563 2701 127
D 4920 -45   22 -366
W 4920  343  551 2701 127
D 4960 -45   -3   -8
W 4960  343  540 2709 127
D 5000 -45   -4    0
W 5000  343  528 2702 127
D 5040 -45   -4    0
W 5040  343  516 2695 127
D 5080 -45   -4    0
W 5080  343  505 2692 127
D 5120 -45   -5    0
W 5120  343  493 2692 127
D 5160 -45   -5    0
W 5160  343  480 2693 127
D 5200 -45   -5    0
W 5200  343  468 2691 127
D 5240 -45   -5    0
W 5240  343  456 2691 127
D 5280 -45   -5    0
W 5280  342  444 2692 127
D 5320 -45   -5    0
W 5320  342  432 2692 127
D 5360 -45   -5    0
W 5360  342  420 2692 127
D 5400 -45   -5    0
W 5400  342  408 2692 127
D 5440 -45   -5    0
W 5440  342  396 2692 127
D 5480 -45   -5    0
W 5480  342  383 2692 127
D 5520 -45   -5    0
W 5520  341  371 2692 127
D 5560 -45   -5    0
W 5560  341  359 2692 127
D 5600 -45   -5    0
W 5600  341  346 2692 127
D 5640 -45   -5    0
W 5640  341  334 2692 127
D 5680 -45   -5    0
W 5680  341  322 2689 127
D 5720 -45   -5    0
W 5720  341  311 2688 127
D 5760 -45   -5    0
W 5760  340  300 2687 127
D 5800  40   -5    0
W 5800  340  290 2686 0
D 5840  40   -5    0
W 5840  340  281 2685 0
D 5880  40   -4    0
W 5880  340  273 2684 -25
D 5920  40   -5    0
W 5920  339  269 2677 -55
D 5960  40   -3  -50
W 5960  340  271 2678 -85
D 6000  40   21  200
W 6000  340  275 2678 -127
D 6040  40   54  108
W 6040  340  282 2679 -127
D 6080  40   76   25
W 6080  340  291 2679 -127
D 6120  40  108   83
W 6120  341  300 2679 -127
D 6160  40  127   58
W 6160  341  310 2680 -127
D 6200  40  158  108
W 6200  341  320 2680 -127
D 6240  40  171   66
W 6240  342  332 2679 -127
D 6280  40  192   58
W 6280  342  343 2679 -127
D 6320  40  220  141
W 6320  343  354 2679 -127
D 6360  40  235   75
W 6360  343  367 2680 -127
D 6400  40  261  100
W 6400  344  379 2680 -127
D 6440  40  288  100
W 6440  344  392 2681 -127
D 6480  40  318  108
W 6480  344  405 2681 -127
D 6520  40  336   50
W 6520  345  417 2683 -127
D 6560 127  358   91
W 6560  345  429 2684 -127
D 6600 127  386  108
W 6600  345  442 2684 -127
D 6640 127  421  150
W 6640  346  455 2685 -127
D 6680 127  462  158
W 6680  346  468 2685 -127
D 6720 127  506  191
W 6720  346  480 2687 -127
D 6760 127  551  175
W 6760  347  492 2686 -127
D 6800 127  601  233
W 6800  347  504 2686 -127
D 6840 127  654  191
W 6840  347  517 2687 -127
D 6880 127  710  250
W 6880  348  528 2687 -127
D 6920 127  760  200
W 6920  348  540 2687 -127
D 6960 127  820  266
W 6960  348  552 2687 -60
D 7000 127  880  258
W 7000  348  562 2688 -50
D 7040 127  940  258
W 7040  349  572 2688 -50
D 7080 127 1006  258
W 7080  349  581 2689 -50
D 7120 127 1081  316
W 7120  349  589 2689 -50
D 7160 127 1148  291
W 7160  349  597 2689 -50
D 7200 127 1222  291
W 7200  349  604 2689 -50
D 7240   0 1305  366
W 7240  349  611 2689 -50
D 7280   0 1386  350
W 7280  349  618 2690 -50
D 7320 -127 1431  216
W 7320  350  624 2690 -50
D 7360 -127 1443   41
W 7360  350  630 2689 -50
D 7400 -127 1460   33
W 7400  350  634 2688 -50
D 7440 -127 1457   -8
W 7440  350  636 2685 -50
D 7480 -127 1446  -66
W 7480  350  636 2687 -50
D 7520 -127 1397 -241
W 7520  350  636 2689 -50
D 7560 -127 1302 -400
W 7560  350  637 2689 -50
D 7600 -127 1208 -400
W 7600  350  639 2687 -50
D 7640 -127 1121 -333
W 7640  350  641 2686 0
D 7680 -127 1053 -275
W 7680  350  641 2686 0
D 7720 -127 1007 -200
W 7720  350  641 2687 0
D 7760 -127  936 -350
W 7760  350  640 2688 0
D 7800 -127  843 -375
W 7800  350  639 2687 0
D 7840 -127  771 -275
W 7840  350  639 2700 25
D 7880 -127  720 -275
W 7880  350  638 2701 55
D 7920 -127  652 -300
W 7920  350  637 2700 85
D 7960 -127  571 -325
W 7960  350  632 2698 100
D 8000 -127  510 -216
W 8000  350  627 2699 127
D 8040 -127  456 -241
W 8040  350  620 2699 127
D 8080 -127  385 -333
W 8080  350  611 2697 127
D 8120 -127  318 -241
W 8120  350  601 2696 127
D 8160 -127  245 -275
W 8160  350  590 2697 127
D 8200 -127  170 -391
W 8200  350  579 2697 127
D 8240 -45   91 -325
W 8240  350  567 2697 127
D 8280 -45    8 -350
W 8280  349  555 2701 127
D 8320 -45    8   91
W 8320  350  544 2705 127
D 8360 -45   -3    0
W 8360  350  532 2697 127
D 8400 -45   -4    0
W 8400  350  520 2691 127
D 8440 -45   -3    0
W 8440  349  509 2689 127
D 8480 -45   -5    0
W 8480  349  497 2690 127
D 8520 -45   -4    8
W 8520  349  485 2690 127
D 8560 -45   -5    0
W 8560  349  473 2688 127
D 8600 -45   -5   -8
W 8600  348  461 2688 127
D 8640 -45   -5    0
W 8640  348  449 2688 127
D 8680 -45   -5   -8
W 8680  348  436 2688 127
D 8720 -45   -5    0
W 8720  348  424 2688 127
D 8760 -45   -5    0
W 8760  347  412 2688 127
D 8800 -45   -5    0
W 8800  347  400 2688 127
D 8840 -45   -5    0
W 8840  347  388 2688 127
D 8880 -45   -5   -8
W 8880  347  375 2688 127
D 8920 -45   -5   -8
W 8920  346  363 2688 127
D 8960 -45   -5    0
W 8960  346  350 2689 127
D 9000 -45   -5    0
W 9000  346  337 2689 127
D 9040 -45   -5   -8
W 9040  346  326 2688 127
D 9080 -45   -5   -8
W 9080  345  314 2690 127
D 9120 -45   -5    0
W 9120  345  302 2691 127
D 9160  40   -4    8
W 9160  345  292 2693 0
D 9200  40   -5    0
W 9200  345  282 2693 0
D 9240  40   -4    0
W 9240  345  273 2692 0
D 9280  40   -4   -8
W 9280  345  268 2693 -40
D 9320  40   -5    0
W 9320  345  269 2698 -70
D 9360  40   -3  -16
W 9360  345  273 2699 -100
D 9400  40   40  200
W 9400  345  280 2699 -127
D 9440  40   83  166
W 9440  345  289 2699 -127
D 9480  40  105  100
W 9480  345  298 2701 -127
D 9520  40  129  125
W 9520  345  307 2702 -127
D 9560  40  150   16
W 9560  345  318 2702 -127
D 9600  40  173   83
W 9600  345  329 2701 -127
D 9640  40  200  116
W 9640  345  341 2701 -127
D 9680  40  222  100
W 9680  345  352 2702 -127
D 9720  40  244  133
W 9720  345  365 2704 -127
D 9760  40  272  100
W 9760  344  377 2705 -127
D 9800  40  306  158
W 9800  344  389 2705 -127
D 9840  40  331   83
W 9840  344  402 2706 -127
D 9880  40  356  108
W 9880  344  414 2707 -127
D 9920 127  381   91
W 9920  344  427 2708 -127
D 9960 127  413  141
W 9960  344  439 2708 -127
D 10000 127  451  150
W 10000  344  452 2709 -127
D 10040 127  487  175
W 10040  343  465 2709 -127
D 10080 127  531  158
W 10080  343  477 2710 -127
D 10120 127  578  183
W 10120  343  490 2710 -127
D 10160 127  636  283
W 10160  343  502 2710 -127
D 10200 127  680  225
W 10200  343  514 2710 -127
D 10240 127  736  216
W 10240  342  526 2710 -127
D 10280 127  786  233
W 10280  342  537 2710 -127
D 10320 127  850  258
W 10320  342  549 2710 -75
D 10360 127  908  233
W 10360  342  559 2711 -45
D 10400 127  975  291
W 10400  342  569 2711 -45
D 10440 127 1040  300
W 10440  341  578 2711 -45
D 10480 127 1111  275
W 10480  341  586 2712 -45
D 10520 127 1188  325
W 10520  341  594 2712 -45
D 10560   0 1263  325
W 10560  341  601 2712 -45
D 10600   0 1343  308
W 10600  341  607 2712 -45
D 10640   0 1411  250
W 10640  341  614 2713 -45
D 10680 -127 1440  -16
W 10680  341  620 2712 -45
D 10720 -127 1446    8
W 10720  340  625 2712 -45
D 10760 -127 1456  -25
W 10760  340  629 2712 -45
D 10800 -127 1454  -41
W 10800  340  630 2710 -45
D 10840 -127 1433 -141
W 10840  340  632 2708 -45
D 10880 -127 1379 -275
W 10880  340  632 2708 -45
D 10920 -127 1286 -366
W 10920  340  634 2706 -45
D 10960 -127 1220 -258
W 10960  340  636 2705 -45
D 11000 -127 1136 -341
W 11000  340  641 2700 25
D 11040 -127 1061 -308
W 11040  340  641 2699 55
D 11080 -127 1003 -241
W 11080  340  639 2699 85
D 11120 -127  929 -350
W 11120  340  635 2702 127
D 11160 -127  846 -325
W 11160  340  629 2704 127
D 11200 -127  783 -250
W 11200  340  621 2704 127
D 11240 -127  741 -166
W 11240  340  611 2706 127
D 11280 -127  685 -250
W 11280  341  600 2710 127
D 11320 -127  626 -233
W 11320  341  589 2710 127
D 11360 -127  558 -275
W 11360  341  578 2709 127
D 11400 -127  499 -258
W 11400  341  566 2709 127
D 11440 -127  435 -300
W 11440  341  553 2710 127
D 11480 -127  357 -341
W 11480  342  541 2710 127
D 11520 -127  278 -383
W 11520  342  528 2708 127
D 11560 -127  204 -300
W 11560  342  514 2707 127
D 11600 -45  119 -341
W 11600  342  501 2707 127
D 11640 -45   37 -350
W 11640  342  487 2709 127
D 11680 -45   -2  -58
W 11680  343  476 2717 127
D 11720 -45   -1   16
W 11720  343  463 2709 127
D 11760 -45   -3   -8
W 11760  343  451 2702 127
D 11800 -45   -3   -8
W 11800  343  439 2700 127
D 11840 -45   -3    0
W 11840  343  427 2700 127
D 11880 -45   -3    0
W 11880  343  415 2700 127
D 11920 -45   -3    0
W 11920  343  404 2695 127
D 11960 -45   -4   -8
W 11960  343  394 2690 127
D 12000 -45   -2    8
W 12000  343  386 2673 127
D 12040 -45   -1    8
W 12040  342  380 2646 127
D 12080 -45    0  -16
W 12080  342  376 2608 127
D 12120 -45   -1   -8
W 12120  341  372 2571 127
D 12160 -45    0    0
W 12160  341  371 2534 127
D 12200 -45    0    0
W 12200  340  369 2495 127
D 12240 -45   -1    0
W 12240  340  368 2451 127
D 12280 -45    0    0
W 12280  339  367 2403 127
D 12320 -45   -1    0
W 12320  339  366 2353 127
D 12360 -45   -2   -8
W 12360  338  365 2299 127
D 12400 -45   -3    0
W 12400  338  365 2240 127
D 12440 -45   -3    0
W 12440  337  365 2176 127
D 12480 -45   -3   -8
W 12480  337  364 2109 127
D 12520 -45   -4   -8
W 12520  337  364 2038 0
D 12560 -45   -5   -8
W 12560  336  364 1970 0
D 12600 -45   -5   -8
W 12600  335  364 1914 0
D 12640 -45   -5    0
W 12640  334  363 1882 0
D 12680 -45   -5    0
W 12680  332  363 1856 0
D 12720 -45   -5   -8
W 12720  331  363 1831 0
D 12760 -45   -5    0
W 12760  329  363 1812 68
D 12800 -45   -3    0
W 12800  328  363 1796 68
D 12840 -45   -5   -8
W 12840  327  363 1770 -20
D 12880 -45   -5    0
W 12880  326  363 1753 -5
D 12920 -45   -5    0
W 12920  326  363 1744 40
D 12960 -45   -3   16
W 12960  324  363 1744 70
D 13000 -45   -3    0
W 13000  321  364 1750 100
D 13040 -45   -1    0
W 13040  316  364 1755 127
D 13080 -45   -3  -16
W 13080  310  364 1758 127
D 13120 -45   -3    0
W 13120  302  365 1760 127
D 13160 -45   -4   -8
W 13160  294  366 1761 127
D 13200 -45   -5   -8
W 13200  284  366 1761 127
D 13240 -45   -5    0
W 13240  274  367 1761 127
D 13280 -45   -4    0
W 13280  263  368 1761 127
D 13320 -45   -5    0
W 13320  252  368 1760 127
D 13360 -45   -5    0
W 13360  241  369 1760 127
D 13400 -45   -5   -8
W 13400  229  370 1760 127
D 13440 -45   -5    0
W 13440  217  371 1760 127
D 13480 -45   -4    0
W 13480  206  372 1757 127
D 13520 -45   -4    8
W 13520  194  373 1751 127
D 13560 -45   -5    0
W 13560  184  374 1748 127
D 13600 127   -4    8
W 13600  173  374 1747 127
D 13640 127   -3   -8
W 13640  163  375 1746 127
D 13680 127   -4   -8
W 13680  153  376 1745 127
D 13720 127   -3    8
W 13720  144  377 1744 127
D 13760 127   36  241
W 13760  135  378 1742 127
D 13800 127   87  191
W 13800  126  379 1744 127
D 13840 127  118  108
W 13840  116  380 1745 127
D 13880 127  153  150
W 13880  106  381 1744 127
D 13920 127  190  150
W 13920   95  382 1742 127
D 13960 127  228  141
W 13960   84  383 1738 127
D 14000 127  263  141
W 14000   72  385 1736 127
D 14040  40  311  208
W 14040   59  386 1732 127
D 14080  39  353  191
W 14080   47  387 1730 127
D 14120  27  402  183
W 14120   35  389 1731 127
D 14160  24  453  216
W 14160   22  390 1732 127
D 14200  26  493  183
W 14200   10  392 1733 127
D 14240  19  530  133
W 14240   -3  394 1736 127
D 14280  15  562   83
W 14280  -16  395 1738 127
D 14320  16  597  150
W 14320  -29  396 1739 127
D 14360  16  625  125
W 14360  -42  398 1739 127
D 14400  12  646   50
W 14400  -55  399 1739 127
D 14440  18  662   75
W 14440  -68  401 1739 127
D 14480  13  680   58
W 14480  -81  402 1739 127
D 14520  18  690   58
W 14520  -94  403 1739 127
D 14560  15  700   41
W 14560 -106  405 1738 127
D 14600  16  706   25
W 14600 -119  406 1738 127
D 14640  17  708    0
W 14640 -132  407 1738 127
D 14680  19  708    0
W 14680 -145  409 1739 127
D 14720  19  708    0
W 14720 -157  410 1739 127
D 14760  19  707   -8
W 14760 -170  412 1739 127
D 14800  18  708    0
W 14800 -183  413 1739 127
D 14840  19  708    0
W 14840 -196  414 1739 127
D 14880  19  707   -8
W 14880 -208  416 1738 127
D 14920  20  707    8
W 14920 -221  417 1739 127
D 14960  20  706    0
W 14960 -234  418 1739 127
D 15000  19  706    0
W 15000 -247  420 1739 127
D 15040  19  706    0
W 15040 -260  421 1739 127
D 15080  19  706    0
W 15080 -273  423 1739 127
D 15120  19  706    0
W 15120 -286  424 1740 127
D 15160  19  706    0
W 15160 -298  425 1740 127
D 15200  19  706    0
W 15200 -311  427 1739 127
D 15240  19  706    0
W 15240 -324  428 1739 127
D 15280  19  706    0
W 15280 -337  429 1739 -25
D 15320  19  706    0
W 15320 -348  431 1740 -55
D 15360  18  711   33
W 15360 -355  431 1755 -70
D 15400  21  711   25
W 15400 -360  432 1780 -100
D 15440  18  711    0
W 15440 -363  432 1815 -127
D 15480  19  711    0
W 15480 -366  431 1855 -127
D 15520  20  705  -41
W 15520 -368  431 1904 -127
D 15560  28  690  -50
W 15560 -370  431 1956 -127
D 15600  26  682  -16
W 15600 -369  431 2002 -127
D 15640  22  681    0
W 15640 -369  431 2047 -127
D 15680  21  681    0
W 15680 -369  431 2097 -127
D 15720  22  680    0
W 15720 -369  431 2154 -127
D 15760  23  678    0
W 15760 -369  431 2212 -127
D 15800  22  678    0
W 15800 -368  432 2271 -127
D 15840  22  678    0
W 15840 -368  432 2330 -127
D 15880  22  678    0
W 15880 -368  433 2392 -127
D 15920  22  678    0
W 15920 -367  433 2456 -127
D 15960  22  678    0
W 15960 -367  433 2523 -127
D 16000  23  677    0
W 16000 -367  434 2594 0
D 16040  21  677   -8
W 16040 -367  434 2653 0
D 16080  21  677   -8
W 16080 -367  434 2694 0
D 16120  22  677    0
W 16120 -367  434 2731 0
D 16160  22  678    8
W 16160 -367  434 2764 0
D 16200  23  678    8
W 16200 -367  434 2789 -40
D 16240  23  678    8
W 16240 -367  433 2812 -40
D 16280  22  677   -8
W 16280 -367  432 2836 20
D 16320 127  678    0
W 16320 -367  431 2857 20
D 16360 127  678    0
W 16360 -366  431 2870 -25
D 16400 127  693  100
W 16400 -367  432 2873 -55
D 16440 127  716  125
W 16440 -368  435 2870 -85
D 16480 127  750  175
W 16480 -369  439 2868 -127
D 16520 127  776  133
W 16520 -371  445 2865 -127
D 16560 127  815  183
W 16560 -373  453 2863 -127
D 16600 127  856  166
W 16600 -375  461 2861 -127
D 16640 127  896  150
W 16640 -378  470 2860 -127
D 16680 127  945  183
W 16680 -381  479 2859 -127
D 16720 127  992  175
W 16720 -383  489 2856 -127
D 16760 127 1038  216
W 16760 -386  498 2854 -60
D 16800 127 1085  225
W 16800 -388  507 2852 -45
D 16840 127 1121  166
W 16840 -390  514 2850 -45
D 16880 127 1160  141
W 16880 -392  520 2847 -45
D 16920 127 1201  141
W 16920 -393  525 2844 -45
D 16960   0 1243  216
W 16960 -394  530 2841 -45
D 17000   0 1271  100
W 17000 -395  534 2839 -45
D 17040   0 1297   83
W 17040 -396  537 2836 -45
D 17080 -127 1304   25
W 17080 -396  538 2835 -45
D 17120 -127 1303  -16
W 17120 -397  540 2835 -45
D 17160 -127 1273 -166
W 17160 -397  541 2835 -45
D 17200 -127 1228 -108
W 17200 -398  544 2837 -45
D 17240 -127 1207  -66
W 17240 -399  549 2841 -45
D 17280 -127 1192  -66
W 17280 -401  555 2846 -45
D 17320 -127 1192    0
W 17320 -402  561 2844 -45
D 17360 -127 1171 -158
W 17360 -404  567 2844 -45
D 17400 -127 1125 -208
W 17400 -405  573 2841 -45
D 17440 -127 1084 -158
W 17440 -407  579 2835 -45
D 17480 -127 1045 -150
W 17480 -408  586 2826 -45
D 17520 -127 1006 -158
W 17520 -410  593 2815 -45
D 17560 -127  976 -125
W 17560 -411  600 2804 -45
D 17600 -127  943 -150
W 17600 -412  607 2795 -45
D 17640 -127  907 -158
W 17640 -414  614 2787 -45
D 17680 -127  874 -125
W 17680 -415  621 2779 -45
D 17720 -127  843 -125
W 17720 -416  628 2771 -45
D 17760 -127  820  -83
W 17760 -416  635 2764 -45
D 17800 -127  788 -141
W 17800 -417  641 2760 -45
D 17840 -127  763  -83
W 17840 -417  641 2699 25
D 17880 -127  660 -533
W 17880 -417  640 2700 55
D 17920 -127  603 -258
W 17920 -417  635 2698 85
D 17960 -127  501 -491
W 17960 -417  626 2699 127
D 18000 -127  343 -708
W 18000 -417  616 2701 127
D 18040 -127  226 -383
W 18040 -417  605 2701 127
D 18080 -127  170 -233
W 18080 -417  596 2700 127
D 18120 -45   86 -391
W 18120 -417  585 2698 127
D 18160 -45    1 -325
W 18160 -417  573 2695 127
D 18200 -45   -3    0
W 18200 -417  563 2697 127
D 18240 -45   -3    0
W 18240 -417  552 2696 127
D 18280 -45   -3    0
W 18280 -417  540 2697 127
D 18320 -45   -5    0
W 18320 -417  529 2700 127
D 18360 -45   -5   -8
W 18360 -417  518 2703 127
D 18400 -45   -5   -8
W 18400 -417  506 2703 127
D 18440 -45   -4    8
W 18440 -417  494 2705 127
D 18480 -45   -5    0
W 18480 -417  482 2707 127
D 18520 -45   -5   -8
W 18520 -417  471 2711 127
D 18560 -45   -5   -8
W 18560 -417  459 2716 127
D 18600 -45   -4    8
W 18600 -416  448 2723 127
D 18640 -45   -5    0
W 18640 -416  437 2729 127
D 18680 -45   -4    8
W 18680 -415  426 2735 127
D 18720 -45   -3   16
W 18720 -415  415 2739 127
D 18760 -45   -5    0
W 18760 -414  404 2742 127
D 18800 -45   -5    0
W 18800 -413  394 2744 127
D 18840 -45   -4    8
W 18840 -412  383 2745 127
D 18880 -45   -7  -25
W 18880 -411  373 2743 127
D 18920 -45   -5    8
W 18920 -411  366 2724 127
D 18960 -45   -1   16
W 18960 -411  362 2707 127
D 19000 -45   -5  -41
W 19000 -411  359 2699 127
D 19040 -45   -4    8
W 19040 -411  355 2694 127
D 19080 -45   -2    0
W 19080 -411  353 2697 127
D 19120 -45   -2    8
W 19120 -411  351 2698 127
D 19160 -45   -6  -50
W 19160 -411  350 2697 127
D 19200 -45   -1   16
W 19200 -411  348 2697 127
D 19240 -45   -1    0
W 19240 -411  348 2697 127
D 19280 -45    0    8
W 19280 -411  347 2696 127
D 19320  40   -5  -33
W 19320 -411  346 2696 0
D 19360  40   -8    0
W 19360 -411  347 2696 0
D 19400  40   -8    0
W 19400 -411  349 2695 0
D 19440  40   -9   -8
W 19440 -411  351 2695 -40
D 19480  40   -8    0
W 19480 -411  355 2697 -70
D 19520  40    0   58
W 19520 -411  360 2698 -100
D 19560  40   40  200
W 19560 -411  367 2697 -127
D 19600  40   85  200
W 19600 -411  374 2695 -127
D 19640  40  120  116
W 19640 -411  382 2695 -127
D 19680  40  140  108
W 19680 -411  390 2696 -127
D 19720  40  166  108
W 19720 -411  399 2695 -127
D 19760  40  190   91
W 19760 -410  409 2694 -127
D 19800  40  216  108
W 19800 -410  420 2695 -127
D 19840 127  228   58
W 19840 -410  430 2697 -127
D 19880 127  246   91
W 19880 -410  441 2698 -127
D 19920 127  284  183
W 19920 -410  452 2699 -127
D 19960 127  324  141
W 19960 -410  464 2699 -127
D 20000 127  361  166
W 20000 -410  476 2700 -127
D 20040 127  406  175
W 20040 -410  487 2700 -127
D 20080 127  458  216
W 20080 -410  499 2701 -127
D 20120 127  515  266
W 20120 -410  510 2701 -127
D 20160 127  568  191
W 20160 -410  522 2702 -127
D 20200 127  637  300
W 20200 -410  533 2701 -127
D 20240 127  694  283
W 20240 -410  545 2701 -60
D 20280 127  750  225
W 20280 -410  555 2701 -45
D 20320 127  806  250
W 20320 -410  564 2702 -45
D 20360 127  870  258
W 20360 -410  572 2702 -45
D 20400 127  937  308
W 20400 -410  581 2703 -45
D 20440 127 1003  258
W 20440 -410  588 2703 -45
D 20480 127 1073  291
W 20480 -410  594 2703 -45
D 20520 127 1141  300
W 20520 -410  600 2704 -45
D 20560 127 1211  300
W 20560 -410  605 2705 -45
D 20600   0 1288  316
W 20600 -411  610 2705 -45
D 20640   0 1361  300
W 20640 -411  616 2706 -45
D 20680 -127 1421  200
W 20680 -411  620 2706 -45
D 20720 -127 1450   41
W 20720 -411  625 2705 -45
D 20760 -127 1450    0
W 20760 -411  629 2707 -45
D 20800 -127 1452   -8
W 20800 -411  633 2709 -45
D 20840 -127 1437  -75
W 20840 -411  637 2711 -45
D 20880 -127 1387 -241
W 20880 -411  643 2713 -45
D 20920 -127 1318 -266
W 20920 -411  649 2711 -45
D 20960 -127 1271 -183
W 20960 -411  656 2703 -45
D 21000   0 1235 -125
W 21000 -411  643 2694 25
D 21040   0 1206 -100
W 21040 -411  647 2683 55
D 21080   0 1203    0
W 21080 -411  643 2670 85
D 21120   0 1203    0
W 21120 -412  636 2658 127
D 21160   0 1204    8
W 21160 -413  624 2648 127
D 21200   0 1211   41
W 21200 -414  610 2641 127
D 21240   0 1221   25
W 21240 -416  596 2634 127
D 21280   0 1221    0
W 21280 -417  584 2630 75
D 21320   0 1221    0
W 21320 -418  575 2633 45
D 21360   0 1219  -16
W 21360 -419  570 2632 15
D 21400   0 1216   -8
W 21400 -419  563 2642 -25
D 21440   0 1190 -200
W 21440 -420  555 2664 -55
D 21480   0 1163  -75
W 21480 -420  549 2702 -85
D 21520   0 1144  -41
W 21520 -420  545 2744 -127
D 21560   0 1145    8
W 21560 -420  541 2783 -127
D 21600   0 1145    8
W 21600 -419  538 2820 -127
D 21640   0 1144    0
W 21640 -419  535 2862 -127
D 21680   0 1127  -25
W 21680 -418  533 2910 -127
D 21720 -127 1126    8
W 21720 -418  532 2966 -127
D 21760 -127 1125    0
W 21760 -418  532 3029 -127
D 21800 -127 1120  -33
W 21800 -417  532 3092 -127
D 21840 -127 1089 -141
W 21840 -417  532 3155 -127
D 21880 -127 1044 -200
W 21880 -418  532 3219 -127
D 21920 -127  998 -191
W 21920 -418  532 3292 0
D 21960 -127  963 -141
W 21960 -419  533 3359 0
D 22000 -127  921 -183
W 22000 -419  533 3414 0
D 22040 -127  868 -183
W 22040 -420  533 3456 0
D 22080 -127  812 -233
W 22080 -421  533 3487 0
D 22120 -127  747 -233
W 22120 -421  533 3515 0
D 22160 -127  680 -266
W 22160 -420  533 3535 20
D 22200 -127  616 -283
W 22200 -421  533 3540 5
D 22240 -127  525 -375
W 22240 -421  533 3537 -25
D 22280 -127  443 -325
W 22280 -421  533 3536 -55
D 22320 -127  373 -300
W 22320 -423  534 3537 -85
D 22360 -127  293 -325
W 22360 -427  534 3536 -127
D 22400 -127  227 -258
W 22400 -431  534 3537 -127
D 22440 -127  158 -258
W 22440 -437  535 3539 -127
D 22480 -45  104 -225
W 22480 -445  536 3544 -127
D 22520 -45   56 -183
W 22520 -454  537 3544 -127
D 22560 -45   23 -133
W 22560 -464  538 3540 -127
D 22600 -45   21   25
W 22600 -474  539 3532 -127
D 22640 -45   13  -25
W 22640 -485  540 3527 -127
D 22680 -45    9  -25
W 22680 -496  542 3527 0
D 22720 -45    7   -8
W 22720 -506  543 3529 0
D 22760 -45    5  -16
W 22760 -516  544 3535 0
D 22800 -45    5    8
W 22800 -524  545 3536 25
D 22840 -45    5   16
W 22840 -525  545 3539 55
D 22880 -45    5    0
W 22880 -525  545 3544 85
D 22920 -45    9    0
W 22920 -524  545 3548 127
D 22960 -45    7   -8
W 22960 -520  545 3552 127
D 23000 -45    6    0
W 23000 -515  544 3555 127
D 23040 -45    4  -16
W 23040 -508  544 3559 127
D 23080 -45    2    0
W 23080 -499  543 3559 127
D 23120 -45    1    8
W 23120 -489  542 3559 127
D 23160 -45    2    0
W 23160 -479  542 3561 127
D 23200 -45    1    0
W 23200 -468  541 3561 127
D 23240 -45    1    0
W 23240 -457  540 3561 127
D 23280 -45    1    0
W 23280 -446  539 3561 127
D 23320 -45    1    8
W 23320 -434  539 3561 127
D 23360 -45    1    0
W 23360 -423  538 3562 127
D 23400 -45    1    0
W 23400 -411  537 3563 127
D 23440 -45    1    0
W 23440 -399  536 3563 127
D 23480 -45    0   -8
W 23480 -387  535 3562 127
D 23520 -45    1    0
W 23520 -375  535 3563 127
D 23560 -45    1    0
W 23560 -362  534 3563 127
D 23600 -45    1    0
W 23600 -350  533 3563 127
D 23640 -45    1    8
W 23640 -338  532 3563 127
D 23680 -45    2    8
W 23680 -326  532 3564 127
D 23720 -45    1    0
W 23720 -313  531 3567 127
D 23760 -45    1    0
W 23760 -301  530 3570 127
D 23800 -45    1    0
W 23800 -289  529 3572 127
D 23840 -45    1    0
W 23840 -277  529 3574 127
D 23880 -45    0   -8
W 23880 -265  528 3576 127
D 23920 -45    1    8
W 23920 -253  528 3579 127
D 23960 -45    1    0
W 23960 -241  527 3581 127
D 24000 -45    1    0
W 24000 -229  527 3582 127
D 24040 -45    1    0
W 24040 -217  527 3586 127
D 24080 -45    1    8
W 24080 -206  527 3589 127
D 24120 -45    0   -8
W 24120 -194  526 3593 127
D 24160  40    1    8
W 24160 -182  526 3596 127
D 24200  40    1    0
W 24200 -171  526 3599 127
D 24240  40    1    0
W 24240 -161  526 3604 127
D 24280  40   16  116
W 24280 -150  526 3608 127
D 24320  40   51  133
W 24320 -139  527 3628 127
D 24360  40   84  158
W 24360 -132  527 3649 127
D 24400  40  129  191
W 24400 -126  527 3627 127
D 24440  40  175  191
W 24440 -122  528 3591 127
D 24480  40  215  166
W 24480 -118  527 3553 127
D 24520  40  247  141
W 24520 -115  527 3508 127
D 24560  40  293  183
W 24560 -113  527 3464 127
D 24600  40  349  233
W 24600 -113  527 3423 127
D 24640  40  403  225
W 24640 -112  526 3378 127
D 24680  14  455  225
W 24680 -111  526 3331 127
D 24720   9  505  216
W 24720 -110  525 3280 127
D 24760   1  560  233
W 24760 -110  525 3226 127
D 24800  -1  608  191
W 24800 -110  525 3172 127
D 24840  -8  651  125
W 24840 -109  524 3116 127
D 24880   2  680  141
W 24880 -108  524 3057 127
D 24920   2  698   75
W 24920 -108  523 2994 127
D 24960   6  707   41
W 24960 -108  522 2933 0
D 25000   7  710    8
W 25000 -107  522 2885 0
D 25040   8  712   16
W 25040 -107  521 2843 0
D 25080   9  712    8
W 25080 -107  520 2811 0
D 25120   8  711   -8
W 25120 -107  518 2775 0
D 25160   8  712    0
W 25160 -106  516 2739 0
D 25200   8  711   -8
W 25200 -106  514 2713 40
D 25240   8  711    0
W 25240 -106  512 2697 -20
D 25280 127  709  -16
W 25280 -106  512 2695 -35
D 25320 127  710   -8
W 25320 -106  511 2695 -65
D 25360 127  708    8
W 25360 -106  513 2698 -95
D 25400 127  713   25
W 25400 -106  516 2699 -127
D 25440 127  740  100
W 25440 -106  521 2701 -127
D 25480 127  768  100
W 25480 -106  527 2704 -127
D 25520 127  807  175
W 25520 -106  534 2707 -127
D 25560 127  858  208
W 25560 -106  542 2710 -127
D 25600 127  912  225
W 25600 -107  550 2712 -127
D 25640 127  975  283
W 25640 -107  559 2713 -127
D 25680 127 1030  250
W 25680 -107  567 2714 -60
D 25720 127 1087  258
W 25720 -107  574 2715 -45
D 25760 127 1144  275
W 25760 -107  579 2714 -45
D 25800 127 1221  391
W 25800 -107  586 2717 -45
D 25840   0 1321  383
W 25840 -108  593 2715 -45
D 25880   0 1398  300
W 25880 -108  598 2713 -45
D 25920 -127 1451  208
W 25920 -108  604 2714 -45
D 25960 -127 1456    0
W 25960 -108  608 2716 -45
D 26000 -127 1458   25
W 26000 -108  612 2721 -45
D 26040 -127 1457  -16
W 26040 -108  618 2727 -45
D 26080 -127 1426 -158
W 26080 -109  623 2734 -45
D 26120 -127 1360 -308
W 26120 -109  629 2741 -45
D 26160 -127 1320 -125
W 26160 -110  636 2740 -45
D 26200 -127 1283 -150
W 26200 -110  643 2730 -45
D 26240 -127 1261  -66
W 26240 -110  650 2713 -45
D 26280 -127 1241 -100
W 26280 -110  658 2693 -45
D 26320 -127 1213 -108
W 26320 -110  665 2672 -45
D 26360 -127 1185  -91
W 26360 -110  673 2651 -45
D 26400 -127 1143 -116
W 26400 -109  680 2631 -45
D 26440 -127 1102 -175
W 26440 -108  687 2615 -45
D 26480 -127 1071 -141
W 26480 -107  692 2608 -45
D 26520 -127 1035 -150
W 26520 -107  695 2605 -45
D 26560 -127  938 -466
W 26560 -107  696 2604 -45
D 26600 -127  859 -266
W 26600 -106  697 2604 -45
D 26640 -127  791 -308
W 26640 -106  697 2603 -45
D 26680 -127  683 -583
W 26680 -106  640 2700 25
D 26720 -127  558 -533
W 26720 -106  639 2699 55
D 26760 -127  479 -341
W 26760 -106  636 2698 85
D 26800 -127  379 -466
W 26800 -106  630 2698 127
D 26840 -127  270 -466
W 26840 -106  624 2699 127
D 26880 -127  225 -166
W 26880 -107  617 2697 127
D 26920 -127  184 -183
W 26920 -107  610 2699 127
D 26960 -45  116 -316
W 26960 -107  601 2697 127
D 27000 -45   43 -291
W 27000 -107  590 2697 127
D 27040 -45    1 -108
W 27040 -107  581 2701 127
D 27080 -45   -4  -33
W 27080 -107  571 2697 127
D 27120 -45    0    0
W 27120 -107  559 2693 127
D 27160 -45    0    0
W 27160 -107  549 2690 127
D 27200 -45   -9  -75
W 27200 -107  538 2691 127
D 27240 -45   -1    0
W 27240 -107  526 2692 127
D 27280 -45   -1    0
W 27280 -107  514 2690 127
D 27320 -45    0    8
W 27320 -108  502 2691 127
D 27360 -45   -1    0
W 27360 -108  490 2692 127
D 27400 -45   -1    0
W 27400 -108  478 2691 127
D 27440 -45   -1    0
W 27440 -108  466 2691 127
D 27480 -45   -1    0
W 27480 -108  454 2690 127
D 27520 -45   -1    0
W 27520 -109  442 2690 127
D 27560 -45   -1    0
W 27560 -109  430 2692 127
D 27600 -45   -1    0
W 27600 -109  418 2694 127
D 27640 -45   -1    0
W 27640 -109  406 2695 127
D 27680 -45   -1    0
W 27680 -109  394 2697 127
D 27720 -45   -1    0
W 27720 -109  382 2698 127
D 27760 -45   -1    0
W 27760 -109  370 2699 127
D 27800 -45   -1    0
W 27800 -109  358 2699 127
D 27840 -45   -1    0
W 27840 -109  346 2699 127
D 27880 -45   -1    0
W 27880 -109  334 2699 127
D 27920 -45   -1    0
W 27920 -109  321 2700 127
D 27960 -45   -3  -16
W 27960 -109  309 2700 127
D 28000 -45   -1    0
W 28000 -109  297 2700 127
D 28040  40    0    0
W 28040 -109  287 2704 0
D 28080  40    4   41
W 28080 -109  282 2713 0
D 28120  40   -6   -8
W 28120 -109  282 2731 -25
D 28160  40    2   66
W 28160 -109  284 2740 -55
D 28200  40   -6 -100
W 28200 -110  288 2735 -85
D 28240  40    8  108
W 28240 -110  295 2730 -127
D 28280  40   49  183
W 28280 -111  304 2733 -127
D 28320  40  103  241
W 28320 -111  313 2740 -127
D 28360  40  128  108
W 28360 -112  323 2742 -127
D 28400  40  188  225
W 28400 -113  333 2746 -127
D 28440  40  236  150
W 28440 -114  343 2767 -127
D 28480  40  278  166
W 28480 -115  354 2781 -127
D 28520  40  335  225
W 28520 -117  365 2787 -127
D 28560  40  384  200
W 28560 -118  376 2792 -127
D 28600  14  433  183
W 28600 -120  388 2793 -127
D 28640   7  487  208
W 28640 -122  399 2793 -127
D 28680   0  559  333
W 28680 -124  411 2790 -127
D 28720 127  598  216
W 28720 -126  423 2786 -127
D 28760 127  651  250
W 28760 -128  434 2781 -127
D 28800 127  690  216
W 28800 -129  446 2780 -127
D 28840 127  740  225
W 28840 -131  459 2782 -127
D 28880 127  787  191
W 28880 -133  471 2786 -127
D 28920 127  845  241
W 28920 -135  483 2788 -127
D 28960 127  901  225
W 28960 -136  495 2789 -127
D 29000 127  969  283
W 29000 -138  506 2788 -127
D 29040 127 1031  275
W 29040 -140  517 2787 -127
D 29080 127 1098  291
W 29080 -142  528 2785 -127
D 29120 127 1164  266
W 29120 -143  540 2786 -75
D 29160   0 1241  333
W 29160 -145  551 2787 -45
D 29200   0 1316  308
W 29200 -146  561 2788 -45
D 29240   0 1382  241
W 29240 -148  571 2789 -45
D 29280 -127 1434  216
W 29280 -148  646 2702 40
D 29320 -127 1437  -16
W 29320 -148  650 2707 55
D 29360 -127 1434   -8
W 29360 -148  646 2711 85
D 29400 -127 1435   -8
W 29400 -148  637 2714 127
D 29440 -127 1417 -150
W 29440 -148  626 2717 127
D 29480 -127 1355 -316
W 29480 -147  613 2719 127
D 29520 -127 1293 -191
W 29520 -147  601 2717 127
D 29560 -127 1285  -33
W 29560 -147  588 2726 127
D 29600 -127 1268 -116
W 29600 -146  575 2740 127
D 29640 -127 1254  -58
W 29640 -145  565 2751 127
D 29680 -127 1244    8
W 29680 -145  559 2754 127
D 29720 -127 1217 -133
W 29720 -144  556 2755 127
D 29760 -127 1170 -233
W 29760 -144  555 2755 127
D 29800 -127 1123 -183
W 29800 -144  555 2752 127
D 29840 -127 1088 -125
W 29840 -144  555 2750 127
D 29880 -127 1054 -141
W 29880 -144  555 2747 127
D 29920 -127 1021 -133
W 29920 -144  555 2743 127
D 29960 -127  993 -108
W 29960 -144  555 2736 127
D 30000 -127  965 -116
W 30000 -144  553 2720 127
D 30040 -127  923 -200
W 30040 -144  553 2675 127
D 30080 -127  828 -375
W 30080 -144  552 2644 127
D 30120 -127  765 -216
W 30120 -144  549 2611 127
D 30160 -127  708 -283
W 30160 -145  546 2572 127
D 30200 -127  595 -491
W 30200 -146  544 2523 127
D 30240 -127  486 -416
W 30240 -147  541 2460 127
D 30280 -127  418 -250
W 30280 -148  539 2398 127
D 30320 -127  329 -433
W 30320 -149  537 2327 127
D 30360 -127  227 -391
W 30360 -150  535 2249 127
D 30400 -127  170 -250
W 30400 -152  534 2167 127
D 30440 -45  124 -150
W 30440 -152  534 2103 127
D 30480 -45   64 -141
W 30480 -149  535 2028 0
D 30520 -45   45  -83
W 30520 -147  536 1944 0
D 30560 -45    1 -200
W 30560 -147  536 1898 0
D 30600 -45    0    8
W 30600 -145  537 1851 0
D 30640 -45   -1   -8
W 30640 -145  537 1813 -20
D 30680 -45    0    0
W 30680 -144  537 1783 -20
D 30720 -45   -1    0
W 30720 -144  537 1769 -5
D 30760 -45   -2   -8
W 30760 -144  537 1767 40
D 30800 -45   -1   -8
W 30800 -146  537 1771 70
D 30840 -45    1    8
W 30840 -150  537 1779 100
D 30880 -45    1   -8
W 30880 -154  537 1785 127
D 30920 -45    0    0
W 30920 -160  537 1789 127
D 30960 -45    0    0
W 30960 -168  537 1792 127
D 31000 -45    0    0
W 31000 -176  537 1794 127
D 31040 -45   -1    0
W 31040 -186  537 1795 127
D 31080 -45   -1    0
W 31080 -196  537 1796 127
D 31120 -45   -1    0
W 31120 -206  538 1798 127
D 31160 -45   -1    8
W 31160 -217  538 1798 127
D 31200 -45   -1    0
W 31200 -228  538 1798 127
D 31240 -45   -1    0
W 31240 -240  538 1798 127
D 31280 -45   -1    0
W 31280 -251  538 1798 127
D 31320 -45   -1    0
W 31320 -263  538 1799 127
D 31360 -45   -1    0
W 31360 -275  538 1799 127
D 31400 -45   -1    0
W 31400 -286  538 1799 127
D 31440 -45   -1    0
W 31440 -298  538 1798 127
D 31480 -45   -1   -8
W 31480 -309  538 1799 127
D 31520 -45   -1    0
W 31520 -321  538 1799 127
D 31560 -45   -1    0
W 31560 -333  538 1799 127
D 31600 -45   -1    0
W 31600 -345  538 1799 127
D 31640 -45   -1    0
W 31640 -357  538 1799 127
D 31680 -45   -1    0
W 31680 -370  538 1798 127
D 31720 -45   -2   -8
W 31720 -381  538 1798 127
D 31760 -45   -1    0
W 31760 -393  538 1799 127
D 31800 -45   -1    8
W 31800 -405  538 1800 127
D 31840 -45   -1    0
W 31840 -417  538 1801 127
D 31880  40   -1    0
W 31880 -428  538 1802 0
D 31920  40   -1    0
W 31920 -439  538 1802 0
D 31960  40   -3   -8
W 31960 -448  538 1790 0
D 32000  40   -5    0
W 32000 -451  538 1772 0
D 32040  40   -7  -50
W 32040 -450  538 1750 -25
D 32080  40   -3   33
W 32080 -448  538 1741 -55
D 32120  40    7  108
W 32120 -443  537 1741 -85
D 32160  40   47  158
W 32160 -437  537 1744 -127
D 32200  40  100  225
W 32200 -428  536 1744 -127
D 32240  40  136  191
W 32240 -419  535 1746 -127
D 32280  40  185  208
W 32280 -410  534 1749 -127
D 32320  40  250  283
W 32320 -401  533 1759 -127
D 32360  40  323  316
W 32360 -391  533 1774 -127
D 32400  40  381  291
W 32400 -385  532 1801 -127
D 32440   4  446  233
W 32440 -380  533 1841 -127
D 32480  -2  528  375
W 32480 -375  533 1881 -127
D 32520 -13  608  333
W 32520 -372  534 1924 -127
D 32560 -19  661  100
W 32560 -370  534 1976 -127
D 32600  -3  690   91
W 32600 -369  534 2038 0
D 32640   5  697    8
W 32640 -369  534 2105 0
D 32680   5  705   25
W 32680 -368  535 2169 0
D 32720   6  711   25
W 32720 -367  536 2224 0
D 32760   3  722   50
W 32760 -367  536 2276 20
D 32800   1  734   50
W 32800 -367  536 2322 20
D 32840 -127  741   33
W 32840 -367  537 2351 0
D 32880 -127  748    0
W 32880 -367  536 2371 0
D 32920 -127  748   -8
W 32920 -367  535 2387 0
D 32960 -127  702 -216
W 32960 -368  535 2395 0
D 33000 -127  648 -225
W 33000 -367  535 2396 0
D 33040 -127  582 -266
W 33040 -367  535 2396 40
D 33080 -127  519 -283
W 33080 -368  534 2397 70
D 33120 -127  462 -241
W 33120 -369  532 2400 100
D 33160 -127  408 -225
W 33160 -372  528 2400 127
D 33200 -127  326 -383
W 33200 -375  523 2406 127
D 33240 -127  230 -358
W 33240 -378  516 2411 127
D 33280 -45  130 -341
W 33280 -383  508 2413 127
D 33320 -45   36 -425
W 33320 -388  499 2413 127
D 33360 -45   -6    0
W 33360 -392  490 2416 127
D 33400 -45   -6    0
W 33400 -398  481 2411 127
D 33440 -45   -6   -8
W 33440 -403  471 2406 127
D 33480 -45   -7   -8
W 33480 -408  462 2405 127
D 33520 -45   -7  -16
W 33520 -413  453 2405 127
D 33560 -45   -6    8
W 33560 -419  443 2404 127
D 33600 -45   -8   -8
W 33600 -424  433 2403 127
D 33640 -45   -6    0
W 33640 -430  423 2404 127
D 33680 -45   -6    8
W 33680 -436  413 2405 127
D 33720 -45   -6    8
W 33720 -442  402 2404 127
D 33760 -45   -7    0
W 33760 -448  392 2403 127
D 33800 -45   -6    0
W 33800 -454  381 2402 127
D 33840 -45   -6    8
W 33840 -460  371 2401 127
D 33880 -45   -7   -8
W 33880 -466  360 2400 127
D 33920 -45   -7    0
W 33920 -471  351 2408 127
D 33960 -45   -4    8
W 33960 -474  346 2425 127
D 34000 -45   -5    0
W 34000 -476  342 2448 127
D 34040 -45   -6  -16
W 34040 -477  339 2462 127
D 34080 -45   -5    8
W 34080 -479  336 2467 127
D 34120 -45   -3    0
W 34120 -479  335 2466 127
D 34160 -45   -5  -25
W 34160 -480  334 2465 127
D 34200 -45   -4   -8
W 34200 -480  333 2462 127
D 34240 -45   -3    8
W 34240 -480  333 2461 127
D 34280 -45   -3   50
W 34280 -480  333 2461 127
D 34320 -45   -3    8
W 34320 -480  332 2461 127
D 34360 -45   -3    0
W 34360 -480  332 2461 127
D 34400 -45   -3   25
W 34400 -480  332 2461 127
D 34440 -45   -3    0
W 34440 -480  332 2461 127
D 34480 -45   -3    0
W 34480 -481  332 2461 127
D 34520 -45   -3    0
W 34520 -481  332 2461 127
D 34560 -45   -3   -8
W 34560 -481  332 2461 127
D 34600 -45   -3    0
W 34600 -481  332 2461 127
D 34640  40  -11  -25
W 34640 -480  332 2460 0
D 34680  40  -10   16
W 34680 -480  334 2461 0
D 34720  40  -10   25
W 34720 -479  336 2463 -25
D 34760  40  -11   -8
W 34760 -478  338 2463 -55
D 34800  40   -1   75
W 34800 -476  342 2465 -85
D 34840  40   35  166
W 34840 -474  347 2476 -100
D 34880  40   87  216
W 34880 -471  354 2488 -127
D 34920  40  138  150
W 34920 -469  361 2512 -127
D 34960  40  176  125
W 34960 -466  368 2527 -127
D 35000  40  221  208
W 35000 -464  376 2543 -127
D 35040  40  268  241
W 35040 -461  385 2556 -127
D 35080  40  321  225
W 35080 -459  395 2562 -110
D 35120  40  360  183
W 35120 -457  403 2572 -96
D 35160  40  393  183
W 35160 -456  409 2599 0
D 35200  17  444  233
W 35200 -455  414 2627 -40
D 35240  -2  520  325
W 35240 -454  419 2631 -124
D 35280   2  562  133
W 35280 -454  420 2657 0
D 35320   1  606  183
W 35320 -454  422 2685 20
D 35360  -9  655  166
W 35360 -454  422 2697 20
D 35400 127  698  166
W 35400 -454  423 2706 -40
D 35440 127  741  191
W 35440 -454  424 2718 -70
D 35480 127  782  175
W 35480 -454  427 2729 -100
D 35520 127  834  225
W 35520 -455  432 2735 -127
D 35560 127  882  233
W 35560 -455  438 2736 -127
D 35600 127  913  191
W 35600 -455  445 2737 -127
