

pre_auton
%  batt 7.51v 7.65v
usercontrol
DUMP_MONITOR=START
DUMP_MONITOR=MONITOR
WHEEL_MONITOR=MONITOR
D   40  70  470    0
W   40  360  640 2700 40
D   80  70  471    8
W   80  360  639 2700 70
D  120  70  475   25
W  120  360  637 2701 100
D  160  70  489   91
W  160  360  633 2700 127
D  200  70  519  125
W  200  360  627 2700 127
D  240  70  573  225
W  240  360  620 2700 127
D  280  70  633  241
W  280  360  611 2699 127
D  320  70  708  416
W  320  359  601 2700 127
D  360  70  758  325
W  360  359  590 2700 127
D  400  70  803  258
W  400  360  579 2701 127
D  440  70  871  266
W  440  360  567 2703 127
D  480  70  935  275
W  480  360  555 2703 127
D  520 -70 1000  216
W  520  360  542 2704 127
D  560 -70 1062  241
W  560  360  529 2704 127
D  600 -70 1138  308
W  600  360  517 2704 127
D  640 -70 1216  316
W  640  360  504 2704 127
D  680 -70 1299  366
W  680  360  490 2704 127
D  720 -70 1383  358
W  720  360  477 2704 127
D  760 -70 1442  225
W  760  360  463 2706 127
D  800 -70 1440  -16
W  800  360  450 2708 127
D  840 -70 1447   50
W  840  361  437 2715 127
D  880 -70 1455    0
W  880  361  427 2716 127
D  920 -70 1453   -8
W  920  361  417 2715 127
D  960 -70 1445  -25
W  960  362  405 2718 127
D 1000 -70 1440  -16
W 1000  362  397 2720 127
D 1040   0 1428  -58
W 1040  362  391 2720 127
D 1080   0 1417  -33
W 1080  362  385 2720 127
D 1120   0 1415    0
W 1120  362  377 2720 127
D 1160   0 1415    0
W 1160  363  367 2720 127
D 1200   0 1415    0
W 1200  363  355 2720 127
D 1240   0 1415    0
W 1240  364  344 2722 127
D 1280   0 1415    0
W 1280  364  332 2727 127
D 1320   0 1418   16
W 1320  365  321 2731 127
D 1360   0 1418    0
W 1360  365  309 2734 127
D 1400   0 1418    0
W 1400  366  297 2736 127
D 1440   0 1418    0
W 1440  367  285 2738 127
D 1480   0 1418    0
W 1480  368  274 2736 127
D 1520   0 1420    0
W 1520  368  262 2739 127
D 1560   0 1420    0
W 1560  369  250 2742 127
D 1600   0 1420    0
W 1600  370  238 2741 127
D 1640   0 1420    0
W 1640  371  225 2743 127
D 1680   0 1419   -8
W 1680  372  212 2748 127
D 1720   0 1420    0
W 1720  373  199 2753 127
D 1760   0 1420    0
W 1760  374  186 2753 127
D 1800   0 1419   -8
W 1800  376  174 2754 75
D 1840   0 1419    0
W 1840  377  162 2753 60
D 1880   0 1419    0
W 1880  378  150 2753 60
D 1920   0 1419    0
W 1920  379  139 2755 60
D 1960   0 1419    0
W 1960  380  128 2757 60
D 2000   0 1419    0
W 2000  381  118 2758 60
D 2040   0 1419    0
W 2040  382  108 2759 60
D 2080   0 1419   -8
W 2080  383   97 2759 60
D 2120   0 1419   -8
W 2120  384   87 2760 60
D 2160   0 1420    0
W 2160  385   78 2753 60
D 2200   0 1419   -8
W 2200  385   73 2741 60
D 2240   0 1395 -133
W 2240  386   70 2730 60
D 2280   0 1376  -58
W 2280  386   69 2729 60
D 2320   0 1368  -25
W 2320  386   68 2726 60
D 2360   0 1355  -50
W 2360  386   66 2726 60
D 2400   0 1351   -8
W 2400  386    0 2700 -60
D 2440   0 1352    8
W 2440  386    1 2699 -60
D 2480   0 1353   16
W 2480  386    5 2703 -60
D 2520   0 1353    0
W 2520  386    8 2704 -60
D 2560   0 1354    8
W 2560  386   12 2704 -60
D 2600   0 1361   41
W 2600  386   17 2706 -60
D 2640   0 1365    0
W 2640  386   23 2709 -60
D 2680   0 1366    8
W 2680  386   29 2712 -60
D 2720   0 1371   25
W 2720  385   35 2712 -60
D 2760   0 1375    0
W 2760  385   42 2710 20
D 2800   0 1375    0
W 2800  385   47 2711 25
D 2840   0 1375    0
W 2840  385   50 2710 55
D 2880   0 1375    0
W 2880  385   52 2699 85
D 2920   0 1385   66
W 2920  385   53 2683 127
D 2960   0 1416  150
W 2960  385   53 2652 127
D 3000   0 1440   33
W 3000  385   53 2607 127
D 3040   0 1440    0
W 3040  385   53 2550 127
D 3080   0 1439   -8
W 3080  385   53 2489 127
D 3120   0 1438    0
W 3120  385   53 2427 127
D 3160   0 1439    8
W 3160  385   54 2359 127
D 3200   0 1438   -8
W 3200  386   54 2284 127
D 3240   0 1438    0
W 3240  386   54 2200 127
D 3280   0 1438    0
W 3280  386   54 2114 127
D 3320   0 1438    0
W 3320  387   54 2028 0
D 3360   0 1438    8
W 3360  387   55 1947 0
D 3400   0 1438    8
W 3400  388   55 1877 0
D 3440   0 1437    0
W 3440  389   55 1818 0
D 3480   0 1437    0
W 3480  390   55 1772 0
D 3520   0 1435   -8
W 3520  391   55 1733 0
D 3560   0 1433  -16
W 3560  391   55 1700 -20
D 3600 -127 1426  -16
W 3600  391   55 1684 0
D 3640 -127 1426    0
W 3640  391   55 1685 0
D 3680 -127 1426   -8
W 3680  391   55 1688 0
D 3720 -127 1426   -8
W 3720  391   55 1690 0
D 3760 -127 1426    0
W 3760  391   55 1690 0
D 3800 -127 1426    0
W 3800  391   55 1692 0
D 3840 -127 1427    8
W 3840  391   55 1696 0
D 3880 -127 1427    0
W 3880  391   55 1699 0
D 3920 -127 1428   -8
W 3920  391   55 1699 0
D 3960 -127 1428    0
W 3960  391   55 1699 0
D 4000 -127 1428    8
W 4000  391   55 1698 0
D 4040 -127 1443  100
W 4040  391   55 1700 0
D 4080 -127 1436  -33
W 4080  391   55 1701 0
D 4120 -127 1436    0
W 4120  391   55 1702 0
D 4160 -127 1434   -8
W 4160  391   55 1702 0
D 4200 -127 1427  -50
W 4200  391   55 1702 0
D 4240 -127 1422  -25
W 4240  391   55 1703 0
D 4280 -127 1422    0
W 4280  391   55 1702 0
D 4320 -127 1423    8
W 4320  391   55 1702 0
D 4360   0 1423    0
W 4360  391   55 1703 25
D 4400   0 1423    0
W 4400  391   55 1703 55
D 4440   0 1424    8
W 4440  389   55 1703 70
D 4480   0 1425    8
W 4480  385   56 1709 100
D 4520   0 1425    0
W 4520  380   57 1713 127
D 4560   0 1425    0
W 4560  374   58 1714 127
D 4600   0 1432   33
W 4600  366   59 1716 127
D 4640   0 1438    8
W 4640  358   60 1718 127
D 4680   0 1437   -8
W 4680  350   61 1719 127
D 4720   0 1437    0
W 4720  343   62 1721 127
D 4760   0 1438    8
W 4760  337   63 1722 127
D 4800   0 1437   -8
W 4800  330   64 1724 127
D 4840   0 1437    0
W 4840  322   65 1723 127
D 4880   0 1437    0
W 4880  313   66 1723 127
D 4920   0 1437    0
W 4920  303   68 1724 127
D 4960   0 1437    8
W 4960  294   69 1726 127
D 5000   0 1437    0
W 5000  283   70 1729 127
D 5040   0 1436   -8
W 5040  273   71 1729 127
D 5080   0 1436    0
W 5080  263   73 1730 127
D 5120   0 1437    8
W 5120  252   74 1732 127
D 5160   0 1436    0
W 5160  241   75 1734 127
D 5200   0 1436   -8
W 5200  230   77 1736 127
D 5240   0 1436   -8
W 5240  218   78 1739 127
D 5280   0 1436   -8
W 5280  207   79 1739 127
D 5320   0 1436    0
W 5320  195   80 1738 127
D 5360   0 1436    0
W 5360  183   82 1738 127
D 5400   0 1436    0
W 5400  171   83 1738 127
D 5440   0 1436    0
W 5440  158   84 1739 127
D 5480   0 1436    0
W 5480  145   86 1738 75
D 5520   0 1436    0
W 5520  134   87 1739 60
D 5560   0 1436    0
W 5560  123   88 1739 60
D 5600   0 1436    0
W 5600  112   89 1742 60
D 5640   0 1431  -41
W 5640  106   90 1761 60
D 5680   0 1388 -133
W 5680  104   90 1761 60
D 5720   0 1350  -91
W 5720  104   90 1761 60
D 5760   0 1330  -83
W 5760  103   90 1762 60
D 5800   0 1311  -83
W 5800  103   90 1762 60
D 5840   0 1300  -41
W 5840  103   90 1762 60
D 5880   0 1297   -8
W 5880  103   90 1762 60
D 5920   0 1297    0
W 5920  103   90 1762 60
D 5960   0 1299   16
W 5960  103   90 1762 60
D 6000   0 1320   83
W 6000    0   90 1800 -60
D 6040   0 1346  108
W 6040    2   90 1801 -60
D 6080   0 1375  141
W 6080    5   90 1801 -60
D 6120   0 1383   16
W 6120    8   90 1801 -60
D 6160   0 1395   50
W 6160   13   90 1802 -60
D 6200   0 1398    0
W 6200   18   90 1803 -60
D 6240   0 1398    0
W 6240   24   90 1804 -60
D 6280   0 1400    8
W 6280   30   90 1804 -60
D 6320   0 1400    0
W 6320   37   90 1804 -60
D 6360   0 1400    0
W 6360   43   90 1804 -60
D 6400   0 1400    0
W 6400   50   90 1804 -60
D 6440   0 1400    0
W 6440   57   90 1803 -60
D 6480   0 1400    0
W 6480   64   90 1802 20
D 6520   0 1400    0
W 6520   69   90 1803 25
D 6560   0 1400   -8
W 6560   71   90 1801 55
D 6600   0 1401    0
W 6600   73   90 1787 85
D 6640   0 1415   83
W 6640   74   90 1769 127
D 6680   0 1433   83
W 6680   74   90 1739 127
D 6720   0 1435    0
W 6720   74   90 1698 127
D 6760   0 1436    0
W 6760   74   90 1657 127
D 6800   0 1434   -8
W 6800   74   90 1614 127
D 6840   0 1434    8
W 6840   75   90 1562 127
D 6880   0 1433    0
W 6880   76   90 1498 127
D 6920   0 1433    0
W 6920   76   90 1425 127
D 6960   0 1433    0
W 6960   76   89 1344 127
D 7000   0 1433   -8
W 7000   76   89 1260 127
D 7040   0 1433    0
W 7040   76   89 1174 127
D 7080   0 1433    0
W 7080   76   90 1083 127
D 7120   0 1433    0
W 7120   76   91  988 0
D 7160   0 1433    0
W 7160   76   92  887 0
D 7200   0 1433    0
W 7200   76   93  794 -20
D 7240   0 1433    0
W 7240   76   94  723 -20
D 7280   0 1432   -8
W 7280   76   94  692 -5
D 7320   0 1431    0
W 7320   76   94  685 40
D 7360   0 1431    0
W 7360   76   95  677 45
D 7400   0 1431    0
W 7400   77   95  661 45
D 7440   0 1431    0
W 7440   77   95  635 45
D 7480   0 1431    0
W 7480   77   96  615 45
D 7520   0 1430   -8
W 7520   77   96  600 45
D 7560   0 1430   -8
W 7560   77   96  586 45
D 7600   0 1430    0
W 7600   77   97  566 45
D 7640   0 1431    8
W 7640   77   97  536 45
D 7680   0 1431    8
W 7680   78   97  503 45
D 7720   0 1431    0
W 7720   77   97  469 45
D 7760   0 1431    0
W 7760   77   97  436 45
D 7800   0 1431    0
W 7800   77   97  405 45
D 7840   0 1430    0
W 7840   77   97  375 45
D 7880   0 1431    0
W 7880   77   97  343 45
D 7920   0 1430   -8
W 7920   78   97  309 45
D 7960   0 1431    8
W 7960   78   97  275 45
D 8000   0 1431    8
W 8000   78   97  241 45
D 8040   0 1431    0
W 8040   79   97  206 45
D 8080   0 1431    0
W 8080   79   97  172 45
D 8120   0 1431    0
W 8120   79   98  137 45
D 8160   0 1431    0
W 8160   79   98  101 45
D 8200   0 1431    0
W 8200   80   98   66 45
D 8240   0 1431    0
W 8240   80   98   30 45
D 8280   0 1430   -8
W 8280   81   98   -4 -25
D 8320   0 1431    0
W 8320   81   98  -34 -55
D 8360   0 1431    0
W 8360   79   98  -53 -85
D 8400   0 1431   -8
W 8400   75   98  -60 -127
D 8440   0 1422  -33
W 8440   69   99  -64 -127
D 8480   0 1409  -58
W 8480   62  100  -65 -127
D 8520   0 1391  -83
W 8520   55  101  -67 -127
D 8560   0 1379  -33
W 8560   45  102  -66 -127
D 8600   0 1376   -8
W 8600   36  103  -64 -127
D 8640   0 1376    0
W 8640   25  104  -62 -127
D 8680   0 1376    0
W 8680   15  105  -58 -127
D 8720   0 1376    0
W 8720    4  106  -58 -127
D 8760   0 1376    0
W 8760   -6  107  -58 -127
D 8800   0 1378   16
W 8800  -17  108  -60 -75
D 8840   0 1383   25
W 8840  -28  110  -61 -60
D 8880   0 1393   50
W 8880  -39  111  -61 -60
D 8920   0 1406   50
W 8920  -49  112  -61 -60
D 8960   0 1413   16
W 8960  -59  113  -60 -60
D 9000   0 1414   -8
W 9000  -69  114  -59 -60
D 9040   0 1415    0
W 9040  -77  115  -65 -60
D 9080   0 1415    0
W 9080  -82  115  -79 -60
D 9120   0 1415    0
W 9120  -85  116  -82 -60
D 9160   0 1422   58
W 9160  -89  116  -88 -60
D 9200   0 1428    0
W 9200  -92  117 -100 -60
D 9240   0 1431    8
W 9240  -96  117 -110 -60
D 9280   0 1432    8
W 9280  -97  118 -114 -60
D 9320   0 1431    8
W 9320  -98  118 -113 -60
D 9360   0 1431    0
W 9360  -98  118 -111 -60
