wheel_init
pre_auton
%  batt 7.39v 7.53v
usercontrol
DUMP_MONITOR=START
DUMP_MONITOR=MONITOR
WHEEL_MONITOR=MONITOR
D   40  70 1236   -8
W   40  360  640 2700 0
D   80  70 1236   -8
W   80  360  640 2700 0
D  120  70 1249   83
W  120  360  640 2700 0
D  160  70 1280  125
W  160  360  639 2700 0
D  200  70 1320  183
W  200  360  639 2700 0
D  240  70 1365  208
W  240  360  639 2701 0
D  280  70 1410  141
W  280  360  639 2701 0
D  320  70 1460  175
W  320  360  639 2701 0
D  360  70 1471   25
W  360  360  639 2701 0
D  400  70 1480    0
W  400  360  639 2701 0
D  440  70 1485   16
W  440  360  639 2703 0
D  480  70 1486    8
W  480  359  639 2704 0
D  520 -70 1486    8
W  520  359  639 2706 0
D  560 -70 1486    0
W  560  359  639 2706 0
D  600 -70 1483  -16
W  600  359  639 2706 0
D  640 -70 1479  -16
W  640  359  639 2707 0
D  680 -70 1460  -66
W  680  359  639 2707 0
D  720 -70 1424 -183
W  720  359  639 2707 0
D  760 -70 1390 -150
W  760  359  639 2707 0
D  800 -70 1351 -150
W  800  359  639 2707 0
D  840 -70 1320 -116
W  840  359  639 2707 0
D  880 -70 1285 -166
W  880  359  639 2707 0
D  920 -70 1237 -216
W  920  359  639 2708 0
D  960 -70 1181 -208
W  960  360  639 2708 0
D 1000 -70 1130 -208
W 1000  360  639 2709 0
D 1040   0 1078 -191
W 1040  359  639 2709 40
D 1080   0 1033 -175
W 1080  360  638 2710 70
D 1120   0  991 -191
W 1120  360  635 2711 100
D 1160   0  970  -66
W 1160  360  630 2712 127
D 1200   0  963  -25
W 1200  360  623 2714 127
D 1240   0  962   -8
W 1240  360  615 2716 127
D 1280   0  950  -83
W 1280  360  606 2719 127
D 1320   0  933  -58
W 1320  361  596 2720 127
D 1360   0  929   -8
W 1360  361  585 2720 127
D 1400   0  930    0
W 1400  361  573 2721 127
D 1440   0  930    0
W 1440  362  562 2724 127
D 1480   0  927  -16
W 1480  362  549 2727 127
D 1520   0  931   66
W 1520  363  537 2729 127
D 1560   0  943   58
W 1560  364  525 2731 127
D 1600   0  960   83
W 1600  364  512 2734 127
D 1640   0  970   33
W 1640  365  499 2735 127
D 1680   0  976   25
W 1680  366  487 2736 127
D 1720   0  978    0
W 1720  367  474 2737 127
D 1760   0  979    0
W 1760  368  462 2738 127
D 1800   0  978    0
W 1800  368  449 2739 127
D 1840  70  980    8
W 1840  369  438 2742 0
D 1880  70  985   25
W 1880  370  427 2746 0
D 1920  70  990   33
W 1920  371  416 2749 0
D 1960  70 1007   66
W 1960  372  407 2752 0
D 2000  70 1012   58
W 2000  372  398 2752 0
D 2040  70 1017   33
W 2040  373  390 2752 0
D 2080  70 1038  108
W 2080  374  382 2753 0
D 2120  70 1067  133
W 2120  375  374 2753 0
D 2160  70 1102  141
W 2160  375  367 2754 0
D 2200  70 1146  191
W 2200  376  360 2754 0
D 2240  70 1204  258
W 2240  377  354 2754 0
D 2280  70 1269  283
W 2280  377  348 2755 0
D 2320 -70 1342  308
W 2320  378  343 2757 0
D 2360 -70 1403  233
W 2360  378  337 2758 0
D 2400 -70 1430   50
W 2400  379  333 2759 0
D 2440 -70 1430  150
W 2440  379  329 2760 0
D 2480 -70 1441   91
W 2480  379  328 2760 0
D 2520 -70 1452   -8
W 2520  379  327 2762 0
D 2560 -70 1430 -150
W 2560  379  326 2762 0
D 2600 -70 1410   -8
W 2600  379  326 2763 0
D 2640 -70 1380  -41
W 2640  379  326 2763 0
D 2680 -70 1360 -125
W 2680  379  326 2763 0
D 2720 -70 1355  -16
W 2720  379  326 2763 0
D 2760 -70 1333 -150
W 2760  379  326 2763 0
D 2800 -70 1280 -241
W 2800  379  326 2764 0
D 2840   0 1228 -158
W 2840  379  326 2764 40
D 2880   0 1184 -141
W 2880  379  327 2762 70
D 2920   0 1162  -83
W 2920  379  327 2750 100
D 2960   0 1131 -175
W 2960  379  328 2725 127
D 3000   0 1092 -133
W 3000  379  327 2692 127
D 3040   0 1059 -141
W 3040  379  326 2652 127
D 3080   0 1040  -50
W 3080  379  325 2614 127
D 3120   0 1026  -58
W 3120  379  325 2573 127
D 3160   0 1004 -125
W 3160  379  324 2529 127
D 3200   0  976 -100
W 3200  379  323 2479 127
D 3240   0  958 -116
W 3240  378  323 2423 127
D 3280   0  951  -16
W 3280  378  322 2365 127
D 3320   0  944  -33
W 3320  377  321 2306 127
D 3360   0  931  -50
W 3360  377  321 2244 127
D 3400   0  926   -8
W 3400  376  320 2180 0
D 3440   0  926    0
W 3440  375  319 2122 0
D 3480   0  926    0
W 3480  374  319 2081 0
D 3520   0  925   -8
W 3520  373  318 2049 0
D 3560   0  925    0
W 3560  371  318 2022 40
D 3600   0  925    0
W 3600  370  317 1996 0
D 3640   0  934   50
W 3640  368  316 1971 40
D 3680   0  949   75
W 3680  367  316 1949 40
D 3720   0  968   50
W 3720  366  316 1934 -20
D 3760   0  987   91
W 3760  366  316 1926 -20
D 3800   0  998   58
W 3800  365  316 1928 25
D 3840   0 1015   75
W 3840  364  315 1931 55
D 3880   0 1028   41
W 3880  362  315 1939 85
D 3920   0 1040   33
W 3920  358  314 1947 127
D 3960   0 1053  125
W 3960  352  312 1952 127
D 4000   0 1078  125
W 4000  345  310 1956 127
D 4040   0 1102   75
W 4040  338  308 1964 127
D 4080   0 1113   25
W 4080  330  306 1975 127
D 4120   0 1116    8
W 4120  321  303 1983 127
D 4160   0 1128   66
W 4160  312  300 1987 127
D 4200   0 1155   91
W 4200  303  297 1988 127
D 4240   0 1168   25
W 4240  293  294 1991 127
D 4280   0 1158 -108
W 4280  283  290 1994 127
D 4320   0 1167   25
W 4320  274  287 1995 127
D 4360   0 1169    8
W 4360  264  283 1999 127
D 4400   0 1168    0
W 4400  255  280 2007 127
D 4440   0 1167   -8
W 4440  246  276 2014 127
D 4480   0 1168    0
W 4480  236  272 2017 127
D 4520   0 1164  -33
W 4520  225  268 2013 127
D 4560   0 1150  -50
W 4560  214  264 2010 127
D 4600   0 1138  -41
W 4600  203  260 2012 127
D 4640   0 1133  -25
W 4640  191  255 2013 127
D 4680   0 1128  -16
W 4680  180  251 2016 127
D 4720   0 1128    0
W 4720  168  246 2019 127
D 4760   0 1128    0
W 4760  156  241 2021 127
D 4800   0 1128    0
W 4800  144  236 2021 127
D 4840   0 1128    0
W 4840  134  232 2008 75
D 4880   0 1123  -50
W 4880  125  229 1980 60
D 4920   0 1103 -108
W 4920  121  228 1946 60
D 4960   0 1079 -100
W 4960  116  227 1919 60
D 5000   0 1075   -8
W 5000  112  226 1901 60
D 5040   0 1083   50
W 5040  110  225 1898 60
D 5080   0 1078    0
W 5080  108  225 1891 60
D 5120   0 1078    0
W 5120  108  225 1884 60
D 5160   0 1078    0
W 5160  107  225 1882 60
D 5200   0 1077   -8
W 5200  107  225 1879 60
D 5240   0 1079   -8
W 5240  106  225 1873 60
D 5280   0 1081   16
W 5280  105  225 1864 60
D 5320   0 1092   50
W 5320  104  225 1857 60
D 5360   0 1100   16
W 5360  720  225 3598 -127
D 5400   0 1104   16
W 5400  714  225 3601 -127
D 5440   0 1104    8
W 5440  709  225 3606 -127
D 5480   0 1103   -8
W 5480  702  224 3608 -127
D 5520   0 1098  -25
W 5520  694  224 3608 -127
D 5560   0 1096   -8
W 5560  684  224 3610 -127
D 5600   0 1095   -8
W 5600  674  224 3611 -127
D 5640   0 1096    0
W 5640  664  224 3611 -127
D 5680   0 1096    0
W 5680  653  224 3611 -127
D 5720   0 1095   -8
W 5720  642  223 3611 -127
D 5760   0 1094   -8
W 5760  630  223 3612 -127
D 5800   0 1094   -8
W 5800  618  223 3613 -127
D 5840   0 1094    0
W 5840  606  223 3614 -127
D 5880   0 1095    8
W 5880  594  222 3615 -127
D 5920   0 1095    0
W 5920  582  222 3617 -127
D 5960   0 1095    0
W 5960  570  222 3618 -127
D 6000   0 1097    8
W 6000  557  221 3619 -127
D 6040   0 1097    0
W 6040  545  221 3619 -46
D 6080   0 1098    8
W 6080  534  220 3619 -45
D 6120   0 1098    0
W 6120  522  220 3620 -43
D 6160   0 1098   58
W 6160  512  220 3620 -38
D 6200   0 1099  -25
W 6200  504  219 3621 20
D 6240   0 1099    0
W 6240  502  219 3622 20
D 6280   0 1100    8
W 6280  500  219 3623 0
D 6320   0 1117  116
W 6320  500  219 3624 0
D 6360   0 1160  166
W 6360  499  219 3624 0
D 6400   0 1198  133
W 6400  499  219 3624 0
D 6440   0 1205    8
W 6440  499  219 3624 0
D 6480   0 1206    8
W 6480  499  219 3624 25
D 6520   0 1206  -41
W 6520  499  219 3625 40
D 6560   0 1206  -16
W 6560  498  219 3621 70
D 6600   0 1207    8
W 6600  498  219 3607 100
D 6640   0 1207   33
W 6640  498  219 3567 127
D 6680   0 1206    0
W 6680  497  219 3511 127
D 6720   0 1205    0
W 6720  496  219 3447 127
D 6760   0 1188  -91
W 6760  496  220 3384 127
D 6800   0 1154 -116
W 6800  496  219 3315 127
D 6840   0 1128 -100
W 6840  496  219 3241 127
D 6880   0 1098 -141
W 6880  496  219 3165 127
D 6920   0 1082  -66
W 6920  496  219 3090 127
D 6960   0 1066  -58
W 6960  496  219 3014 127
D 7000   0 1056  -41
W 7000  496  219 2938 127
D 7040   0 1050  -16
W 7040  496  219 2865 127
D 7080   0 1047   -8
W 7080  496  218 2795 127
D 7120   0 1046    0
W 7120  497  218 2726 127
D 7160   0 1035  -66
W 7160  497  217 2659 127
D 7200   0 1017  -91
W 7200  496  216 2588 127
D 7240   0  992  -91
W 7240  496  215 2515 0
D 7280   0  979  -33
W 7280  495  213 2448 0
D 7320   0  978    8
W 7320  494  211 2397 0
D 7360   0  977    0
W 7360  493  209 2365 0
D 7400   0  977    0
W 7400  491  206 2338 0
D 7440   0  978    8
W 7440  489  204 2310 0
D 7480   0  985   33
W 7480  488  202 2285 -20
D 7520  70  994   33
W 7520  487  202 2278 0
D 7560  70 1009   75
W 7560  487  201 2280 0
D 7600  70 1028   83
W 7600  487  201 2279 0
D 7640  70 1056  108
W 7640  486  200 2279 0
D 7680  70 1089  141
W 7680  486  200 2283 0
D 7720  70 1120  150
W 7720  486  200 2286 0
D 7760  70 1160  158
W 7760  486  200 2286 0
D 7800  70 1208  208
W 7800  486  200 2287 0
D 7840  70 1266  250
W 7840  486  200 2287 0
D 7880  70 1333  291
W 7880  486  200 2287 0
D 7920  70 1395  241
W 7920  486  200 2287 0
D 7960  70 1443  200
W 7960  486  200 2287 0
D 8000  70 1449    8
W 8000  486  200 2288 0
D 8040 -70 1456  -16
W 8040  486  200 2288 0
D 8080 -70 1471   25
W 8080  486  200 2290 0
D 8120 -70 1468  -16
W 8120  486  200 2291 0
D 8160 -70 1456  -66
W 8160  486  200 2291 0
D 8200 -70 1456    0
W 8200  486  200 2290 0
D 8240 -70 1445  -33
W 8240  486  200 2289 0
D 8280 -70 1441  -16
W 8280  486  200 2289 0
D 8320 -70 1438  -16
W 8320  486  200 2289 0
D 8360 -70 1415 -100
W 8360  486  200 2290 0
D 8400 -70 1370 -233
W 8400  486  200 2291 0
D 8440 -70 1318 -183
W 8440  486  200 2291 0
D 8480 -70 1262 -200
W 8480  486  200 2290 0
D 8520 -127 1222 -275
W 8520  486  200 2288 -25
D 8560 -127 1173 -241
W 8560  486  200 2290 -55
D 8600 -127 1111 -258
W 8600  487  201 2293 -85
D 8640 -127 1054 -250
W 8640  489  203 2294 -127
D 8680 -127  984 -275
W 8680  492  207 2294 -127
D 8720 -127  916 -308
W 8720  496  212 2295 -127
D 8760 -127  861 -225
W 8760  501  218 2295 -127
D 8800 -127  797 -325
W 8800  507  224 2295 -127
D 8840 -127  706 -425
W 8840  512  231 2297 -127
D 8880 -127  609 -400
W 8880  519  238 2297 -127
D 8920 -127  528 -266
W 8920  525  245 2297 -127
D 8960 -127  451 -283
W 8960  531  253 2299 -127
D 9000 -127  341 -475
W 9000  538  261 2300 -127
D 9040 -127  239 -441
W 9040  544  268 2300 -127
D 9080 -127  150 -375
W 9080  550  276 2300 -127
D 9120 -127   58 -375
W 9120  557  284 2302 -127
D 9160 -127   -3 -141
W 9160  564  292 2299 -127
D 9200 -127   -4  -41
W 9200  571  300 2301 -127
D 9240 -127   -3    0
W 9240  579  310 2297 -127
D 9280 -127   -2    8
W 9280  586  319 2300 -127
D 9320 -127   -8  -33
W 9320  594  328 2305 -127
D 9360 -127  -15  -16
W 9360  601  337 2311 -127
D 9400 -127  -11    0
W 9400  609  346 2313 -127
D 9440 -127  -13   -8
W 9440  616  355 2314 -127
D 9480 -127  -15  -25
W 9480  622  363 2318 -127
D 9520 -127  -15    8
W 9520  628  371 2343 -127
D 9560 -127  -13   16
W 9560  632  377 2369 -127
D 9600 -127  -10   16
W 9600  635  381 2398 -127
D 9640 -127  -11    0
W 9640  636  384 2416 -127
D 9680 -127  -12  -16
W 9680  638  387 2434 -127
D 9720 -127  -10    0
W 9720  639  389 2451 -127
D 9760 -127  -10   -8
W 9760  640  392 2463 -127
D 9800 -127   -8    0
W 9800  641  393 2467 -127
D 9840 -127   -7    0
W 9840  641  394 2468 -127
D 9880 -127   25   33
W 9880  642  394 2469 -127
D 9920 -127   26    8
W 9920  642  394 2469 -127
D 9960 -127   27    8
W 9960  642  394 2470 -127
D 10000 -127   29   16
W 10000  642  394 2471 -127
D 10040   0  -11 -316
W 10040  642  394 2471 -127
D 10080   0  -11    0
W 10080  642  394 2471 -127
D 10120   0  -11    0
W 10120  642  394 2471 -127
D 10160   0  -11    0
W 10160  642  394 2471 -127
D 10200   0  -11    0
W 10200  642  394 2471 -127
D 10240   0  -11    0
W 10240  642  394 2471 -127
D 10280   0  -11    0
W 10280  642  394 2471 -127
D 10320   0  -11   -8
W 10320  642  394 2471 -127
D 10360   0  -11    0
W 10360  642  394 2471 -127
D 10400   0  -11    0
W 10400  642  394 2471 -127
D 10440   0  -11    8
W 10440  642  394 2471 -127
D 10480   0  -11    0
W 10480  642  394 2471 -127
D 10520   0  -11    0
W 10520  642  395 2471 -127
D 10560   0  -12   -8
W 10560  642  395 2471 -127
D 10600   0  -11    0
W 10600  642  395 2471 -127
D 10640   0  -13  -16
W 10640  642  395 2471 -127
D 10680   0  -12   -8
W 10680  642  395 2471 -127
D 10720   0  -11    0
W 10720  642  395 2471 -127
D 10760   0  -11    0
W 10760  642  395 2471 -127
D 10800   0  -13  -16
W 10800  642  395 2471 -127
D 10840   0  -11    0
W 10840  642  395 2471 -127
D 10880   0  -11    0
W 10880  642  395 2471 -127
D 10920   0  -11    8
W 10920  642  395 2471 -127
D 10960   0  -12    0
W 10960  642  395 2471 -127
D 11000   0  -12    0
W 11000  642  395 2471 -127
