SSS v= 7681  t=  270 
SSS    0     0     0     0
%P VOLT1   = 7623
%P VOLT2   = 7685
%P S2_SC   =  1.04
%P L_ANG_MAX = 270
S 7685     0     0     0
B   0 768  124    0
B  10 768  124    0
B  20 768  124    0
B  31 670  124    0
B  41 652  124    0
B  51 648  124    0
B  61 634  124    0
B  71 609  124    1
B  81 586  124    9
B  91 580  124   18
B 102 590  124   27
B 113 609  124   37
B 123 622  124   45
B 133 625  124   55
B 143 622  114   65
B 153 619   91   76
B 163 618   68   87
B 174 628   41  101
B 184 638   41  113
B 194 686   41  125
B 204 707   41  138
B 214 721   41  151
B 225 729   41  163
B 236 733   41  176
B 246 736   41  188
B 257 738   41  199
pull out 203
B 267 739 -124  209
B 279 662 -124  221
B 290 618 -124  227
B 300 627 -124  236
B 310 652 -124  244
B 321 675 -124  250
B 331 686 -124  255
B 341 656 -124  257
B 351 608 -124  257
B 362 575 -124  256
B 372 565 -124  245
B 384 576 -124  229
B 395 605 -124  213
B 405 637 -124  197
B 415 659 -124  181
B 426 675 -124  161
B 436 681 -124  141
B 447 682 -124  119
B 458 683 -124   95
B 468 686 -124   73
B 478 691 -124   50
B 488 699 -124   25
B 498 706 -124    1
push -15 -15
push out at target
B 509 712   83  -22
B 520 704   83  -32
B 531 642   83  -44
B 541 626   83  -58
B 551 644   83  -68
B 563 673   83  -85
B 573 689   83  -98
B 583 675   83 -110
B 594 628   83 -116
B 604 591   36 -117
B 614 575    0 -117
B 624 662   10 -112
B 634 713   10 -100
B 644 734   10  -91
B 654 746   10  -78
B 665 752   10  -65
B 675 756   10  -52
B 685 757   10  -40
B 695 759   10  -27
B 705 759   10  -16
pb end 
SSS v= 7681  t=  270 
SSS    4     0     0    -4
%P VOLT1   = 7623
%P VOLT2   = 7681
%P S2_SC   =  1.04
%P L_ANG_MAX = 270
S 7681     4     0     0
B   0 768  124   -4
B  10 768  124   -4
B  20 768  124   -4
B  30 713  124   -4
B  40 661  124   -4
B  50 657  124   -4
B  60 662  124   -4
B  71 651  124   -4
B  81 617  124    1
B  92 585  124    9
B 103 576  124   20
B 113 589  124   29
B 123 610  124   40
B 133 626  124   49
B 143 633  124   59
B 153 632  106   70
B 163 625   81   81
B 173 621   58   93
B 183 623   41  107
B 194 653   41  120
B 205 681   41  134
B 215 707   41  148
B 226 722   41  163
B 237 730   41  177
B 249 734   41  191
pull out 202
B 259 737 -124  202
B 269 738 -124  214
B 279 735 -124  224
B 290 628 -124  234
B 301 617 -124  243
B 312 639 -124  253
B 324 667 -124  262
B 334 682 -124  268
B 345 659 -124  271
B 355 607 -124  271
B 365 579 -124  271
B 375 566 -124  263
B 385 566 -124  251
B 396 587 -124  235
B 406 618 -124  220
B 416 645 -124  205
B 428 669 -124  184
B 439 678 -124  163
B 450 680 -124  140
B 461 681 -124  116
B 473 685 -124   91
B 483 691 -124   67
B 493 697 -124   43
B 504 705 -124   16
B 514 711 -124   -8
push -17 -15
push out at target
B 524 715   83  -26
B 534 705   83  -37
B 544 676   83  -51
B 554 629   83  -66
B 564 621   83  -80
B 574 641   83  -96
B 584 664   83 -113
B 594 680   83 -129
B 604 654   83 -142
B 614 613   83 -149
B 624 582   49 -151
B 634 565    6 -150
B 644 597   10 -147
B 654 643   10 -134
B 664 696   10 -120
B 674 726   10 -109
B 684 742   10  -96
B 694 749   10  -83
B 704 754   10  -69
B 715 755   10  -55
B 725 758   10  -42
pb end 
SSS v= 7674  t=  270 
SSS    8     0     0    -5
%P VOLT1   = 7623
%P VOLT2   = 7674
%P S2_SC   =  1.04
%P L_ANG_MAX = 270
S 7674     8     0     0
B   0 767  125   -5
B  10 767  125   -5
B  21 767  125   -5
B  31 717  125   -5
B  41 660  125   -5
B  51 654  125   -5
B  61 655  125   -5
B  71 637  125   -4
B  81 606  125    1
B  92 582  125   11
B 102 577  125   21
B 112 591  125   31
B 122 611  125   40
B 132 626  125   49
B 142 632  125   60
B 152 629  107   70
B 162 624   81   81
B 173 621   56   95
B 183 624   41  108
B 194 659   41  121
B 205 700   41  137
B 217 718   41  152
B 227 726   41  165
B 237 731   41  177
B 248 734   41  189
B 259 737   41  201
pull out 209
B 269 738 -125  213
B 280 739 -125  224
B 292 738 -125  235
B 302 681 -125  246
B 313 625 -125  253
B 323 630 -125  263
B 334 654 -125  272
B 345 676 -125  279
B 355 682 -125  285
B 366 640 -125  287
B 377 593 -125  287
B 387 572 -125  285
B 397 563 -125  273
B 407 572 -125  261
B 417 598 -125  246
B 427 627 -125  232
B 438 653 -125  214
B 449 669 -125  196
B 459 675 -125  176
B 469 676 -125  155
B 480 677 -125  132
B 490 682 -125  109
B 501 690 -125   85
B 512 698 -125   58
B 522 706 -125   32
B 533 712 -125    5
push -15 -15
push out at target
B 543 716   83  -19
B 553 714   83  -31
B 564 693   83  -43
B 574 632   83  -59
B 585 624   83  -75
B 595 646   83  -91
B 606 670   83 -107
B 617 680   83 -124
B 627 645   83 -136
B 637 602   83 -141
B 648 576   32 -141
B 658 582   10 -141
B 668 669   10 -135
B 679 715   10 -123
B 689 736   10 -111
B 699 746   10 -101
B 709 752   10  -88
B 720 755   10  -76
B 730 756   10  -64
B 741 758   10  -52
pb end 
SSS v= 7671  t=  270 
SSS   12     0     0     0
%P VOLT1   = 7623
%P VOLT2   = 7671
%P S2_SC   =  1.04
%P L_ANG_MAX = 270
S 7671    12     0     0
B   0 767  125    0
B  10 767  125    0
B  20 754  125    0
B  30 665  125    0
B  40 651  125    0
B  50 649  125    0
B  60 634  125    1
B  70 605  125    2
B  81 584  125   11
B  92 579  125   21
B 103 595  125   32
B 113 613  125   41
B 123 626  125   50
B 133 630  125   60
B 143 626  104   71
B 153 621   81   82
B 163 619   52   95
B 173 623   41  107
B 183 646   41  121
B 193 690   41  133
B 203 711   41  147
B 213 722   41  160
B 223 728   41  172
B 233 731   41  183
B 243 734   41  195
pull out 203
B 253 736 -125  207
B 263 737 -125  217
B 273 719 -125  227
B 283 624 -125  237
B 293 615 -125  243
B 303 635 -125  252
B 313 658 -125  260
B 323 680 -125  266
B 333 675 -125  271
B 343 633 -125  271
B 353 590 -125  271
B 363 571 -125  269
B 373 565 -125  257
B 383 576 -125  243
B 393 600 -125  229
B 403 629 -125  213
B 414 655 -125  195
B 424 672 -125  177
B 434 678 -125  157
B 444 680 -125  136
B 454 681 -125  115
B 464 684 -125   93
B 474 690 -125   70
B 484 696 -125   47
B 494 703 -125   23
B 505 710 -125   -4
push -15 -15
push out at target
B 515 713   83  -24
B 525 705   83  -35
B 535 676   83  -47
B 545 634   83  -61
B 555 619   83  -77
B 565 637   83  -91
B 575 660   83 -107
B 585 679   83 -124
B 596 658   83 -138
B 606 615   83 -145
B 616 583   50 -147
B 626 568    6 -147
B 636 623   10 -144
B 646 691   10 -132
B 656 724   10 -119
B 667 740   10 -108
B 677 748   10  -95
B 689 753   10  -80
B 700 755   10  -66
B 711 756   10  -53
B 721 757   10  -41
pb end 
SSS v= 7660  t=  270 
SSS   16     0     0    -3
%P VOLT1   = 7623
%P VOLT2   = 7664
%P S2_SC   =  1.04
%P L_ANG_MAX = 270
S 7664    16     0     0
B   0 766  125   -3
B  10 766  125   -3
B  20 766  125   -3
B  31 761  125   -3
B  41 667  125   -3
B  51 650  125   -3
B  61 647  125   -3
B  73 630  125   -3
B  83 602  125    3
B  93 581  125   11
B 103 578  125   20
B 113 592  125   29
B 124 611  125   39
B 135 624  125   49
B 145 627  125   61
B 155 624  104   71
B 165 621   81   83
B 175 620   52   95
B 185 624   41  108
B 196 647   41  121
B 206 687   41  135
B 217 708   41  149
B 228 721   41  164
B 238 728   41  177
B 249 731   41  189
B 260 734   41  202
pull out 207
B 270 736 -125  214
B 280 737 -125  224
B 291 647 -125  235
B 301 612 -125  242
B 313 629 -125  253
B 324 654 -125  262
B 334 676 -125  269
B 345 675 -125  274
B 355 628 -125  275
B 365 590 -125  275
B 375 569 -125  272
B 386 563 -125  259
B 397 578 -125  244
B 407 607 -125  229
B 419 641 -125  210
B 429 661 -125  194
B 440 674 -125  174
B 450 678 -125  153
B 461 679 -125  130
B 471 681 -125  109
B 482 686 -125   85
B 494 694 -125   55
B 505 702 -125   29
B 516 709 -125    2
push -17 -15
push out at target
B 526 713   83  -22
B 538 706   83  -35
B 549 677   83  -49
B 560 625   83  -65
B 570 624   83  -80
B 581 646   83  -97
B 592 670   83 -115
B 603 674   83 -131
B 613 636   83 -143
B 623 596   83 -147
B 633 573   24 -147
B 643 565   10 -147
B 654 658   10 -138
B 664 704   10 -124
B 675 730   10 -112
B 685 744   10  -99
B 696 750   10  -86
B 706 753   10  -72
B 718 755   10  -57
B 729 756   10  -44
pb end 
SSS v= 7657  t=  270 
SSS   21     0     0    -5
%P VOLT1   = 7623
%P VOLT2   = 7657
%P S2_SC   =  1.04
%P L_ANG_MAX = 270
S 7657    21     0     0
B   0 765  125   -5
B  10 765  125   -5
B  20 765  125   -5
B  30 733  125   -5
B  40 661  125   -5
B  50 652  125   -5
B  60 651  125   -5
B  70 636  125   -4
B  80 606  125    1
B  90 584  125    9
B 100 575  125   19
B 110 585  125   29
B 120 605  125   37
B 130 621  125   47
B 140 630  125   57
B 150 629  111   68
B 160 624   86   79
B 170 620   60   92
B 180 630   41  104
B 190 642   41  117
B 200 686   41  129
B 210 708   41  143
B 220 720   41  157
B 230 727   41  169
B 240 731   41  180
B 250 733   41  193
pull out 200
B 260 736 -125  203
B 270 737 -125  213
B 280 728 -125  224
B 290 631 -125  233
B 301 616 -125  241
B 311 633 -125  249
B 321 658 -125  257
B 331 678 -125  263
B 341 678 -125  268
B 351 634 -125  269
B 361 590 -125  269
B 371 569 -125  267
B 381 563 -125  255
B 392 573 -125  241
B 403 604 -125  225
B 413 632 -125  209
B 423 655 -125  193
B 433 670 -125  175
B 443 676 -125  156
B 454 677 -125  133
B 465 679 -125  110
B 476 684 -125   87
B 487 690 -125   61
B 497 698 -125   36
B 508 705 -125    9
push -15 -15
push out at target
B 518 711   83  -16
B 528 712   83  -30
B 538 637   83  -42
B 548 608   83  -54
B 558 625   83  -66
B 568 650   83  -79
B 578 673   83  -94
B 588 679   83 -106
B 598 644   83 -115
B 608 605   67 -118
B 618 578   15 -119
B 628 640    0 -118
B 638 695   10 -109
B 648 726   10  -98
B 658 742   10  -87
B 668 747   10  -76
B 678 752   10  -64
B 688 754   10  -52
B 698 755   10  -40
B 708 756   10  -28
B 718 757   10  -17
pb end 
SSS v= 7653  t=  270 
SSS   25     0     0    -2
%P VOLT1   = 7623
%P VOLT2   = 7653
%P S2_SC   =  1.05
%P L_ANG_MAX = 270
S 7653    25     0     0
B   0 765  125   -2
B  11 765  125   -2
B  22 754  125   -2
B  32 668  125   -2
B  42 652  125   -2
B  52 654  125   -2
B  62 649  125   -2
B  72 625  125   -1
B  82 593  125    7
B  92 575  125   16
B 102 577  125   25
B 112 594  125   35
B 122 616  125   45
B 133 630  125   55
B 144 632  115   66
B 154 626   90   78
B 164 620   65   90
B 174 620   41  103
B 184 629   41  115
B 194 679   41  129
B 204 703   41  142
B 215 718   41  156
B 226 726   41  169
B 237 730   41  183
B 247 733   41  195
B 257 734   41  205
pull out 208
B 267 736 -125  217
B 278 679 -125  228
B 289 615 -125  235
B 299 620 -125  245
B 309 641 -125  253
B 319 665 -125  261
B 329 681 -125  267
B 340 660 -125  270
B 350 607 -125  270
B 361 575 -125  269
B 372 563 -125  260
B 383 570 -125  245
B 394 594 -125  230
B 404 625 -125  214
B 414 649 -125  198
B 424 667 -125  180
B 434 676 -125  161
B 445 678 -125  139
B 457 680 -125  113
B 468 684 -125   90
B 478 688 -125   67
B 489 696 -125   41
B 500 704 -125   13
B 510 710 -125  -12
push -15 -15
push out at target
B 521 711   83  -28
B 532 636   83  -40
B 542 612   83  -51
B 552 631   83  -63
B 562 654   83  -75
B 573 678   83  -89
B 583 681   83 -102
B 593 641   83 -109
B 604 599   50 -111
B 614 575    5 -111
B 625 663   10 -110
B 635 713   10  -98
B 645 732   10  -89
B 655 743   10  -79
B 665 750   10  -67
B 676 753   10  -55
B 686 754   10  -42
B 698 755   10  -29
B 709 756   10  -17
pb end 
SSS v= 7650  t=  270 
SSS   29     0     0    -5
%P VOLT1   = 7623
%P VOLT2   = 7650
%P S2_SC   =  1.05
%P L_ANG_MAX = 270
S 7650    29     0     0
B   0 765  125   -5
B  10 764  125   -5
B  20 762  125   -5
B  30 670  125   -5
B  40 652  125   -5
B  50 658  125   -5
B  60 654  125   -5
B  70 630  125   -3
B  80 600  125    5
B  90 580  125   13
B 100 579  125   24
B 110 593  125   33
B 120 612  125   44
B 130 626  125   53
B 140 632  119   64
B 150 629   98   75
B 160 624   73   87
B 170 622   44  100
B 181 624   41  113
B 191 672   41  128
B 202 697   41  142
B 213 715   41  157
B 223 724   41  170
B 234 729   41  183
B 245 733   41  196
pull out 206
B 256 734 -125  209
B 266 736 -125  220
B 276 681 -125  231
B 286 619 -125  237
B 296 616 -125  247
B 307 639 -125  257
B 318 666 -125  265
B 328 680 -125  271
B 338 658 -125  275
B 348 610 -125  275
B 358 579 -125  274
B 368 564 -125  267
B 378 562 -125  255
B 388 581 -125  240
B 398 609 -125  225
B 408 638 -125  209
B 418 659 -125  193
B 428 674 -125  175
B 438 680 -125  153
B 448 680 -125  133
B 458 681 -125  112
B 468 685 -125   89
B 478 689 -125   66
B 488 696 -125   41
B 498 703 -125   19
B 508 708 -125   -7
push -16 -15
push out at target
B 518 712   83  -25
B 528 701   83  -36
B 538 674   83  -48
B 548 628   83  -63
B 558 619   83  -78
B 569 641   83  -95
B 579 666   83 -112
B 590 676   83 -128
B 600 644   83 -141
B 610 601   83 -146
B 621 575   32 -147
B 631 565    0 -147
B 641 635   10 -140
B 651 684   10 -127
B 663 724   10 -112
B 673 739   10 -100
B 684 747   10  -87
B 695 751   10  -73
B 705 753   10  -59
B 716 755   10  -46
B 726 756   10  -33
pb end 
SSS v= 7646  t=  270 
SSS   31     0     0    -6
%P VOLT1   = 7623
%P VOLT2   = 7646
%P S2_SC   =  1.05
%P L_ANG_MAX = 270
S 7646    31     0     0
B   0 764  125   -6
B  10 764  125   -6
B  20 682  125   -6
B  30 652  125   -6
B  40 653  125   -6
B  50 649  125   -6
B  60 625  125   -3
B  70 595  125    4
B  80 576  125   13
B  90 578  125   22
B 100 595  125   32
B 110 613  125   41
B 120 626  125   51
B 130 629  123   61
B 140 626   98   73
B 150 622   75   84
B 160 633   48   97
B 170 660   41  109
B 180 687   41  123
B 190 710   41  135
B 201 722   41  149
B 211 727   41  161
B 222 731   41  174
B 232 733   41  185
B 243 735   41  197
B 253 735   41  207
pull out 208
B 263 735 -125  217
B 273 647 -125  227
B 283 617 -125  233
B 293 629 -125  241
B 303 650 -125  249
B 313 673 -125  256
B 324 681 -125  261
B 335 639 -125  263
B 345 595 -125  263
B 355 571 -125  262
B 366 563 -125  249
B 376 574 -125  235
B 386 600 -125  221
B 397 630 -125  204
B 408 655 -125  186
B 419 672 -125  165
B 429 677 -125  145
B 441 680 -125  121
B 451 681 -125  100
B 461 684 -125   77
B 472 690 -125   53
B 482 697 -125   28
B 492 704 -125    3
push -17 -15
push out at target
B 502 709   83  -21
B 513 706   83  -33
B 524 682   83  -46
B 535 648   83  -63
B 545 609   83  -79
B 556 622   83  -95
B 566 648   83 -113
B 576 670   83 -129
B 586 662   83 -145
B 597 620   83 -155
B 607 582   68 -157
B 617 566    6 -157
B 627 588   10 -157
B 637 674   10 -146
B 647 713   10 -135
B 658 735   10 -123
B 668 745   10 -109
B 680 751   10  -95
B 690 753   10  -83
B 700 754   10  -71
B 710 755   10  -59
pb end 
SSS v= 7643  t=  270 
SSS   36     0     0     2
%P VOLT1   = 7623
%P VOLT2   = 7646
%P S2_SC   =  1.05
%P L_ANG_MAX = 270
S 7646    36     0     0
B   0 764  125    2
B  10 764  125    2
B  20 727  125    2
B  30 659  125    2
B  40 645  125    2
B  50 636  125    3
B  60 618  125    3
B  70 594  125    7
B  80 579  125   15
B  90 580  125   24
B 100 593  125   32
B 110 609  125   41
B 120 620  125   50
B 130 623  125   60
B 140 620  102   71
B 150 618   81   82
B 160 618   56   93
B 170 640   41  107
B 181 657   41  120
B 191 697   41  133
B 201 714   41  145
B 211 723   41  158
B 222 728   41  171
B 232 731   41  183
B 244 733   41  196
B 255 735   41  207
pull out 209
B 265 735 -125  217
B 276 665 -125  228
B 287 617 -125  235
B 297 627 -125  244
B 308 651 -125  253
B 319 676 -125  260
B 330 679 -125  265
B 340 642 -125  266
B 350 594 -125  266
B 361 570 -125  265
B 371 562 -125  253
B 381 572 -125  239
B 392 599 -125  224
B 403 630 -125  207
B 414 656 -125  189
B 424 670 -125  171
B 434 676 -125  151
B 444 677 -125  130
B 454 679 -125  109
B 464 683 -125   87
B 475 688 -125   63
B 485 695 -125   37
B 495 702 -125   13
B 505 708 -125  -11
push -16 -15
push out at target
B 515 710   83  -27
B 525 663   83  -38
B 535 613   83  -50
B 545 624   83  -61
B 555 648   83  -74
B 565 670   83  -87
B 575 683   83  -99
B 585 659   83 -110
B 595 614   83 -115
B 605 583   32 -115
B 616 607   10 -115
B 626 667   10 -107
B 636 707   10  -95
B 646 731   10  -84
B 656 742   10  -74
B 666 749   10  -61
B 677 752   10  -47
B 687 754   10  -34
B 698 755   10  -21
pb end 
SSS v= 7643  t=  270 
SSS   40     0     0    -7
%P VOLT1   = 7623
%P VOLT2   = 7643
%P S2_SC   =  1.05
%P L_ANG_MAX = 270
S 7643    40     0     0
B   0 764  125   -7
B  10 764  125   -7
B  20 764  125   -7
B  30 755  125   -7
B  40 668  125   -7
B  50 653  125   -7
B  60 662  125   -7
B  70 667  125   -7
B  80 646  125   -5
B  90 612  125    2
B 100 586  125   11
B 110 576  125   21
B 120 585  125   31
B 130 606  125   41
B 141 624  125   52
B 151 634  121   63
B 161 633   98   73
B 172 626   71   87
B 182 623   44   99
B 193 629   41  113
B 203 672   41  127
B 213 694   41  141
B 223 713   41  154
B 233 723   41  167
B 243 728   41  180
B 253 731   41  192
B 264 733   41  205
pull out 205
B 275 735 -125  217
B 286 676 -125  229
B 296 615 -125  236
B 306 615 -125  245
B 316 635 -125  254
B 326 661 -125  263
B 336 677 -125  269
B 346 663 -125  273
B 358 606 -125  273
B 369 574 -125  273
B 379 561 -125  265
B 389 563 -125  252
B 400 585 -125  237
B 410 616 -125  221
B 421 645 -125  205
B 433 666 -125  184
B 443 675 -125  163
B 453 677 -125  144
B 464 678 -125  119
B 474 681 -125   99
B 485 687 -125   75
B 495 694 -125   49
B 505 701 -125   25
B 516 708 -125   -1
push -15 -15
push out at target
B 526 711   83  -23
B 538 702   83  -36
B 548 673   83  -49
B 559 624   83  -65
B 569 622   83  -80
B 580 645   83  -97
B 591 668   83 -115
B 601 673   83 -131
B 611 639   83 -142
B 621 598   83 -147
B 631 573   32 -147
B 643 571   10 -147
B 653 651   10 -137
B 664 696   10 -123
B 674 726   10 -111
B 685 741   10  -99
B 695 747   10  -85
B 705 751   10  -71
B 715 753   10  -59
B 726 754   10  -45
pb end 
SSS v= 7639  t=  280 
SSS   44     0     0    -4
%P VOLT1   = 7623
%P VOLT2   = 7639
%P S2_SC   =  1.05
%P L_ANG_MAX = 280
S 7639    44     0     0
B   0 763  125   -4
B  10 763  125   -4
B  20 763  125   -4
B  30 711  125   -4
B  40 655  125   -4
B  50 651  125   -4
B  60 653  125   -4
B  70 637  125   -3
B  81 608  125    1
B  91 582  125   11
B 101 575  125   20
B 111 585  125   29
B 121 605  125   39
B 131 622  125   49
B 141 629  125   59
B 151 628  109   69
B 161 623   86   81
B 171 620   64   93
B 181 622   41  105
B 191 641   41  119
B 201 681   41  132
B 211 705   41  147
B 221 718   41  159
B 231 725   41  173
B 241 729   41  184
B 251 732   41  195
B 261 734   41  207
pull out 212
B 271 735 -125  218
B 283 679 -125  230
B 294 613 -125  238
B 304 617 -125  248
B 314 639 -125  256
B 325 664 -125  264
B 335 679 -125  270
B 346 655 -125  273
B 356 603 -125  273
B 366 575 -125  273
B 377 563 -125  263
B 389 569 -125  248
B 399 593 -125  233
B 410 624 -125  217
B 421 651 -125  200
B 431 667 -125  181
B 441 674 -125  162
B 452 676 -125  141
B 463 677 -125  114
B 473 681 -125   95
B 483 687 -125   72
B 493 694 -125   48
B 504 702 -125   21
B 515 708 -125   -5
push -15 -15
push out at target
B 525 711   83  -25
B 536 643   83  -38
B 547 605   83  -51
B 557 620   83  -61
B 569 650   83  -77
B 579 674   83  -90
B 589 676   83 -103
B 600 637   83 -110
B 610 595   44 -112
B 620 574    6 -112
B 630 667   10 -111
B 640 710   10 -102
B 650 732   10  -91
B 661 743   10  -81
B 671 748   10  -70
B 681 751   10  -58
B 691 753   10  -47
B 703 754   10  -34
B 714 755   10  -23
pb end 
SSS v= 7639  t=  280 
SSS   49     0     0    -4
%P VOLT1   = 7623
%P VOLT2   = 7639
%P S2_SC   =  1.05
%P L_ANG_MAX = 280
S 7639    49     0     0
B   0 764  125   -4
B  10 763  125   -4
B  20 763  125   -4
B  30 763  125   -4
B  40 696  125   -4
B  50 653  125   -4
B  60 653  125   -4
B  72 654  125   -3
B  82 635  125   -3
B  92 606  125    3
B 102 581  125   12
B 112 574  125   21
B 122 585  125   31
B 133 608  125   41
B 143 625  125   52
B 153 632  124   61
B 163 630  103   73
B 173 623   83   84
B 183 619   58   97
B 193 621   41  109
B 203 664   41  122
B 214 700   41  137
B 224 716   41  151
B 234 724   41  162
B 245 729   41  176
B 256 731   41  188
B 267 734   41  201
B 278 735   41  213
pull out 217
B 288 735 -125  223
B 299 734 -125  233
B 309 674 -125  244
B 320 621 -125  251
B 331 628 -125  261
B 343 654 -125  271
B 353 675 -125  278
B 364 677 -125  283
B 374 638 -125  285
B 384 592 -125  285
B 395 569 -125  282
B 406 563 -125  269
B 417 578 -125  253
B 427 603 -125  239
B 437 631 -125  224
B 447 655 -125  206
B 458 670 -125  186
B 468 676 -125  168
B 479 677 -125  144
B 489 679 -125  120
B 499 683 -125  101
B 510 689 -125   76
B 520 698 -125   47
B 530 704 -125   25
B 541 710 -125   -2
push -16 -15
push out at target
B 553 713   83  -25
B 563 704   83  -36
B 573 674   83  -48
B 584 622   83  -65
B 594 628   83  -78
B 605 650   83  -96
B 616 673   83 -113
B 627 670   83 -129
B 637 631   83 -139
B 647 590   76 -142
B 658 569   15 -142
B 668 609   10 -141
B 678 680   10 -132
B 688 715   10 -120
B 698 735   10 -110
B 708 744   10  -99
B 718 749   10  -86
B 729 752   10  -74
B 739 754   10  -61
B 749 754   10  -51
pb end 
SSS v= 7636  t=  280 
SSS   53     0     0    -4
%P VOLT1   = 7623
%P VOLT2   = 7636
%P S2_SC   =  1.05
%P L_ANG_MAX = 280
S 7636    53     0     0
B   0 763  125   -4
B  11 763  125   -4
B  21 724  125   -4
B  31 658  125   -4
B  41 650  125   -4
B  51 648  125   -4
B  61 630  125   -3
B  71 600  125    3
B  81 579  125   11
B  91 576  125   20
B 102 591  125   31
B 112 609  125   40
B 122 622  125   49
B 132 627  125   60
B 142 626  109   71
B 152 621   83   83
B 162 619   60   95
B 172 623   41  108
B 182 641   41  121
B 193 691   41  135
B 204 712   41  150
B 215 721   41  164
B 225 727   41  177
B 237 730   41  190
B 247 733   41  202
B 258 735   41  214
pull out 215
B 268 736 -125  225
B 278 735 -125  235
B 289 730 -125  245
B 300 631 -125  255
B 311 624 -125  264
B 321 642 -125  273
B 331 666 -125  281
B 341 681 -125  287
B 351 663 -125  291
B 361 615 -125  291
B 371 581 -125  291
B 381 565 -125  287
B 391 559 -125  274
B 401 573 -125  261
B 411 600 -125  248
B 421 631 -125  232
B 432 654 -125  215
B 442 668 -125  197
B 452 673 -125  179
B 462 673 -125  157
B 472 673 -125  136
B 482 678 -125  113
B 492 684 -125   93
B 502 693 -125   67
B 512 701 -125   44
B 522 706 -125   20
B 533 711 -125   -7
push -16 -15
push out at target
B 543 713   83  -26
B 553 701   83  -39
B 563 643   83  -51
B 573 619   83  -65
B 585 637   83  -81
B 596 664   83  -99
B 606 679   83 -113
B 616 659   83 -127
B 626 616   83 -133
B 636 582   41 -134
B 646 567    0 -134
B 656 646   10 -131
B 666 705   10 -119
B 677 729   10 -108
B 688 741   10  -96
B 698 747   10  -83
B 708 751   10  -72
B 718 752   10  -59
B 729 754   10  -48
B 739 755   10  -37
pb end 
SSS v= 7629  t=  280 
SSS   59     0     0     0
%P VOLT1   = 7623
%P VOLT2   = 7629
%P S2_SC   =  1.05
%P L_ANG_MAX = 280
S 7629    59     0     0
B   0 762  125    0
B  10 763  125    0
B  20 762  125    0
B  31 671  125    0
B  41 649  125    0
B  51 647  125    0
B  61 633  125    0
B  71 607  125    1
B  81 582  125    9
B  91 574  125   19
B 101 583  125   28
B 111 603  125   37
B 121 619  125   46
B 131 626  125   56
B 141 625  116   67
B 152 620   94   78
B 162 617   71   91
B 172 619   47  103
B 182 624   41  116
B 193 670   41  129
B 204 696   41  144
B 215 715   41  160
B 226 723   41  173
B 237 728   41  186
B 247 731   41  199
pull out 210
B 258 732 -125  211
B 269 734 -125  222
B 279 655 -125  233
B 291 611 -125  241
B 302 623 -125  251
B 312 649 -125  261
B 323 672 -125  267
B 333 675 -125  273
B 344 633 -125  274
B 354 588 -125  274
B 365 567 -125  271
B 376 560 -125  258
B 386 574 -125  243
B 397 602 -125  228
B 408 634 -125  211
B 419 658 -125  193
B 429 671 -125  175
B 440 677 -125  152
B 450 677 -125  131
B 461 680 -125  109
B 472 684 -125   84
B 482 690 -125   59
B 493 697 -125   33
B 503 705 -125    7
push -15 -15
push out at target
B 513 709   83  -17
B 523 710   83  -28
B 533 622   83  -39
B 545 613   83  -53
B 556 637   83  -64
B 566 662   83  -78
B 577 681   83  -91
B 587 670   83 -101
B 597 627   76 -107
B 607 591   41 -107
B 618 597   10 -107
B 629 652   10 -102
B 639 697   10  -89
B 650 727   10  -76
B 661 741   10  -64
B 672 747   10  -50
B 682 751   10  -36
B 693 753   10  -22
B 703 753   10   -8
pb end 
SSS v= 7629  t=  280 
SSS   64     0     0    -5
%P VOLT1   = 7623
%P VOLT2   = 7629
%P S2_SC   =  1.05
%P L_ANG_MAX = 280
S 7629    64     0     0
B   0 762  125   -5
B  10 762  125   -5
B  20 763  125   -5
B  30 739  125   -5
B  41 660  125   -5
B  52 654  125   -5
B  62 665  125   -5
B  72 663  125   -5
B  82 636  125   -3
B  92 600  125    5
B 103 577  125   15
B 113 576  125   25
B 123 593  125   36
B 133 613  125   45
B 144 629  125   56
B 155 633  112   68
B 165 629   90   80
B 175 623   68   92
B 185 621   43  105
B 195 654   41  118
B 206 693   41  132
B 217 713   41  148
B 228 722   41  161
B 239 727   41  173
B 249 731   41  186
B 260 733   41  199
B 271 734   41  210
pull out 213
B 281 735 -125  221
B 293 733 -125  233
B 303 677 -125  243
B 313 621 -125  250
B 323 623 -125  259
B 333 641 -125  267
B 343 666 -125  275
B 353 680 -125  281
B 363 663 -125  285
B 373 612 -125  285
B 383 579 -125  285
B 393 563 -125  278
B 403 562 -125  266
B 413 579 -125  253
B 423 605 -125  238
B 433 635 -125  222
B 443 655 -125  206
B 453 669 -125  189
B 464 674 -125  167
B 475 675 -125  144
B 485 677 -125  120
B 495 682 -125   99
B 506 689 -125   75
B 517 698 -125   47
B 528 705 -125   21
B 539 710 -125   -7
push -15 -15
push out at target
B 550 712   83  -27
B 560 700   83  -39
B 570 668   83  -51
B 580 619   83  -67
B 590 629   83  -81
B 600 649   83  -97
B 610 670   83 -112
B 620 673   83 -127
B 630 638   83 -137
B 640 594   76 -142
B 650 571   33 -142
B 660 581   10 -142
B 670 665   10 -136
B 680 711   10 -123
B 690 732   10 -113
B 700 742   10 -102
B 710 747   10  -91
B 720 751   10  -79
B 730 752   10  -68
B 740 753   10  -56
B 750 754   10  -46
pb end 
SSS v= 7625  t=  280 
SSS   67     0     0     0
%P VOLT1   = 7623
%P VOLT2   = 7625
%P S2_SC   =  1.05
%P L_ANG_MAX = 280
S 7622    67     0     0
B   0 762  125    0
B  11 762  125    0
B  21 762  125    0
B  31 701  125    0
B  41 654  125    0
B  51 648  125    0
B  61 643  125    0
B  71 622  125    1
B  81 593  125    5
B  91 573  125   13
B 101 574  125   23
B 111 590  125   32
B 121 610  125   41
B 131 624  125   50
B 141 627  125   60
B 151 624  105   71
B 161 618   83   83
B 171 617   60   95
B 181 620   41  108
B 191 638   41  120
B 201 676   41  133
B 211 698   41  146
B 221 715   41  161
B 231 722   41  173
B 241 727   41  185
B 251 730   41  197
B 261 732   41  208
pull out 210
B 271 733 -125  219
B 282 689 -125  230
B 293 615 -125  238
B 303 617 -125  248
B 313 637 -125  257
B 323 662 -125  265
B 334 678 -125  271
B 344 658 -125  274
B 356 602 -125  275
B 367 573 -125  274
B 377 561 -125  263
B 387 565 -125  251
B 398 589 -125  235
B 409 620 -125  219
B 419 648 -125  201
B 429 665 -125  185
B 439 675 -125  164
B 450 677 -125  142
B 462 678 -125  116
B 473 682 -125   93
B 484 687 -125   68
B 495 694 -125   41
B 506 702 -125   13
B 516 708 -125  -11
push -15 -15
push out at target
B 526 710   83  -27
B 536 642   83  -37
B 547 608   83  -49
B 557 624   83  -59
B 567 651   83  -73
B 578 674   83  -86
B 588 681   83  -98
B 599 642   83 -107
B 609 600   60 -108
B 620 576    0 -108
B 630 607   10 -107
B 641 648   10  -95
B 651 700   10  -83
B 661 727   10  -72
B 672 740   10  -59
B 682 746   10  -45
B 692 750   10  -31
B 703 752   10  -17
B 713 753   10   -4
pb end 
SSS v= 7625  t=  280 
SSS   73     0     0    -5
%P VOLT1   = 7623
%P VOLT2   = 7622
%P S2_SC   =  1.05
%P L_ANG_MAX = 280
S 7622    73     0     0
B   0 762  125   -5
B  10 762  125   -5
B  20 762  125   -5
B  30 742  125   -5
B  40 662  125   -5
B  50 653  125   -5
B  60 662  125   -5
B  70 665  125   -4
B  80 642  125   -4
B  90 604  125    4
B 100 577  125   13
B 110 571  125   23
B 120 585  125   33
B 130 605  125   42
B 140 625  125   53
B 151 633  120   64
B 161 631   99   75
B 172 623   73   89
B 182 620   51  101
B 192 636   41  114
B 202 684   41  127
B 212 705   41  140
B 222 717   41  153
B 232 724   41  165
B 242 728   41  177
B 252 731   41  189
B 262 733   41  200
B 272 733   41  210
pull out 217
B 282 734 -125  221
B 292 734 -125  231
B 302 690 -125  241
B 313 623 -125  248
B 323 623 -125  257
B 333 643 -125  265
B 343 667 -125  273
B 353 680 -125  279
B 364 658 -125  283
B 374 609 -125  283
B 385 576 -125  282
B 397 563 -125  271
B 407 568 -125  257
B 418 591 -125  242
B 428 622 -125  226
B 439 650 -125  208
B 450 668 -125  189
B 461 676 -125  169
B 473 677 -125  143
B 483 677 -125  119
B 493 681 -125  100
B 504 687 -125   74
B 515 695 -125   47
B 526 703 -125   21
B 536 709 -125   -6
push -15 -15
push out at target
B 547 712   83  -26
B 557 701   83  -37
B 568 671   83  -51
B 578 618   83  -67
B 589 627   83  -81
B 599 650   83  -98
B 610 672   83 -115
B 622 666   83 -132
B 632 624   83 -141
B 642 587   67 -143
B 652 568    6 -143
B 662 612   10 -143
B 672 682   10 -134
B 683 721   10 -120
B 693 736   10 -111
B 703 744   10  -99
B 713 747   10  -88
B 723 751   10  -76
B 733 752   10  -65
B 743 753   10  -54
pb end 
SSS v= 7618  t=  280 
SSS   76     0     0     0
%P VOLT1   = 7623
%P VOLT2   = 7618
%P S2_SC   =  1.05
%P L_ANG_MAX = 280
S 7618    76     0     0
B   0 762  126    0
B  11 761  126    0
B  21 672  126    0
B  31 647  126    0
B  42 642  126    0
B  52 627  126    0
B  62 601  126    2
B  72 581  126   10
B  83 576  126   20
B  93 589  126   29
B 104 607  126   39
B 114 620  126   49
B 124 624  126   59
B 134 622  110   69
B 144 618   89   81
B 156 618   65   95
B 166 621   42  108
B 176 640   42  121
B 186 686   42  134
B 196 706   42  147
B 206 716   42  161
B 216 722   42  173
B 226 726   42  184
B 236 729   42  197
B 246 731   42  208
pull out 213
B 256 732 -126  217
B 266 732 -126  229
B 276 732 -126  238
B 286 683 -126  249
B 296 623 -126  256
B 306 624 -126  265
B 316 644 -126  274
B 326 666 -126  281
B 336 679 -126  288
B 346 659 -126  292
B 356 610 -126  292
B 366 578 -126  292
B 376 563 -126  287
B 387 560 -126  273
B 398 579 -126  258
B 409 609 -126  242
B 419 638 -126  225
B 429 659 -126  209
B 439 671 -126  190
B 449 674 -126  171
B 460 674 -126  148
B 472 676 -126  121
B 482 682 -126  100
B 492 689 -126   76
B 503 697 -126   49
B 514 705 -126   23
B 524 710 -126   -4
push -16 -15
push out at target
B 535 712   84  -25
B 547 700   84  -37
B 557 639   84  -51
B 567 617   84  -65
B 577 634   84  -79
B 588 657   84  -95
B 599 676   84 -111
B 609 659   84 -125
B 619 616   84 -132
B 629 579   50 -133
B 639 562    0 -133
B 651 651   10 -128
B 661 706   10 -116
B 671 727   10 -106
B 681 739   10  -95
B 691 745   10  -83
B 701 748   10  -71
B 711 751   10  -59
B 721 752   10  -47
B 731 753   10  -37
pb end 
SSS v= 7615  t=  280 
SSS   80     0     0    -2
%P VOLT1   = 7623
%P VOLT2   = 7615
%P S2_SC   =  1.05
%P L_ANG_MAX = 280
S 7615    80     0     0
B   0 761  126   -2
B  10 761  126   -2
B  21 758  126   -2
B  31 667  126   -2
B  41 647  126   -2
B  51 648  126   -2
B  61 638  126   -2
B  72 610  126    1
B  82 582  126    9
B  92 570  126   18
B 102 580  126   27
B 113 600  126   37
B 124 620  126   47
B 134 627  126   57
B 144 625  113   67
B 154 619   91   79
B 164 616   70   91
B 174 618   46  103
B 184 626   42  116
B 195 671   42  129
B 205 695   42  144
B 216 712   42  158
B 227 720   42  172
B 238 725   42  185
B 248 728   42  197
B 259 730   42  209
pull out 210
B 270 731 -126  221
B 280 652 -126  231
B 291 609 -126  240
B 301 619 -126  249
B 311 642 -126  257
B 321 667 -126  265
B 332 675 -126  271
B 343 639 -126  273
B 353 591 -126  273
B 364 567 -126  272
B 374 559 -126  260
B 385 570 -126  245
B 397 600 -126  229
B 407 630 -126  213
B 418 654 -126  195
B 428 669 -126  177
B 438 675 -126  157
B 448 675 -126  137
B 459 676 -126  113
B 469 681 -126   91
B 480 686 -126   66
B 490 694 -126   41
B 502 702 -126   13
push -15 -15
push out at target
B 513 707   84  -15
B 524 708   84  -29
B 534 613   84  -41
B 544 604   84  -52
B 554 626   84  -63
B 565 651   84  -76
B 577 675   84  -91
B 587 665   84 -101
B 597 623   76 -107
B 607 587   41 -107
B 617 582   10 -107
B 627 644   10 -103
B 638 689   10  -91
B 648 722   10  -79
B 659 737   10  -67
B 669 745   10  -54
B 681 749   10  -39
B 692 751   10  -24
B 702 752   10  -11
pb end 
SSS v= 7615  t=  280 
SSS   85     0     0    -5
%P VOLT1   = 7623
%P VOLT2   = 7618
%P S2_SC   =  1.05
%P L_ANG_MAX = 280
S 7618    85     0     0
B   0 761  126   -5
B  11 761  126   -5
B  21 761  126   -5
B  31 681  126   -5
B  41 651  126   -5
B  51 656  126   -5
B  61 666  126   -5
B  71 661  126   -5
B  81 627  126   -1
B  91 590  126    7
B 101 572  126   17
B 111 575  126   27
B 121 594  126   37
B 131 614  126   47
B 141 630  126   57
B 151 633  113   67
B 161 629   91   79
B 171 622   72   91
B 181 619   44  104
B 191 636   42  117
B 201 655   42  130
B 211 686   42  144
B 221 709   42  158
B 232 720   42  173
B 242 725   42  185
B 252 728   42  197
B 262 730   42  209
pull out 212
B 272 731 -126  221
B 282 732 -126  231
B 292 732 -126  241
B 302 640 -126  253
B 312 612 -126  260
B 322 623 -126  269
B 332 647 -126  279
B 342 668 -126  285
B 352 675 -126  292
B 362 643 -126  295
B 372 594 -126  295
B 382 568 -126  295
B 392 559 -126  287
B 403 562 -126  273
B 413 581 -126  259
B 423 612 -126  244
B 434 640 -126  227
B 444 659 -126  211
B 456 670 -126  189
B 466 672 -126  168
B 476 672 -126  147
B 488 676 -126  120
B 499 683 -126   97
B 509 690 -126   73
B 519 698 -126   49
B 531 706 -126   19
B 541 710 -126   -7
push -18 -15
push out at target
B 552 712   84  -26
B 562 701   84  -37
B 573 669   84  -51
B 583 638   84  -67
B 594 602   84  -85
B 604 617   84 -101
B 614 641   84 -119
B 625 664   84 -136
B 636 643   84 -152
B 646 601   84 -160
B 656 569   58 -162
B 666 556    6 -162
B 676 604   10 -159
B 686 681   10 -147
B 697 718   10 -135
B 707 735   10 -123
B 717 743   10 -111
B 727 747   10  -98
B 738 750   10  -85
B 748 751   10  -73
B 759 752   10  -62
pb end 
SSS v= 7611  t=  280 
SSS   88     0     0     5
%P VOLT1   = 7623
%P VOLT2   = 7611
%P S2_SC   =  1.05
%P L_ANG_MAX = 280
S 7611    88     0     0
B   0 761  126    5
B  10 761  126    5
B  20 760  126    5
B  30 667  126    5
B  42 643  126    5
B  52 636  126    5
B  62 617  126    5
B  72 593  126    7
B  82 576  126   15
B  92 575  126   24
B 102 588  126   32
B 112 606  126   41
B 122 618  126   49
B 132 620  126   60
B 142 617  110   70
B 152 613   87   81
B 162 614   65   93
B 172 636   44  104
B 182 652   42  117
B 192 690   42  130
B 203 709   42  143
B 214 719   42  157
B 225 724   42  169
B 235 727   42  181
B 245 730   42  193
B 256 731   42  203
B 267 732   42  215
pull out 217
B 278 731 -126  225
B 288 730 -126  235
B 299 644 -126  245
B 310 618 -126  251
B 320 632 -126  261
B 331 656 -126  269
B 342 678 -126  275
B 352 672 -126  279
B 363 625 -126  280
B 373 586 -126  280
B 384 565 -126  275
B 395 562 -126  261
B 405 579 -126  247
B 417 611 -126  230
B 427 640 -126  213
B 437 659 -126  197
B 448 671 -126  177
B 459 674 -126  154
B 470 675 -126  132
B 481 677 -126  109
B 492 684 -126   83
B 503 690 -126   57
B 514 698 -126   31
B 524 705 -126    5
push -15 -15
push out at target
B 534 709   84  -19
B 544 683   84  -31
B 554 605   84  -41
B 565 606   84  -54
B 575 630   84  -64
B 586 656   84  -78
B 597 676   84  -91
B 608 658   84 -101
B 618 611   68 -105
B 628 579   24 -105
B 638 625   10 -105
B 648 680   10  -99
B 659 715   10  -87
B 669 734   10  -77
B 680 744   10  -64
B 690 748   10  -51
B 702 750   10  -36
B 712 752   10  -23
B 722 752   10  -11
pb end 
SSS v= 7611  t=  280 
SSS   92     0     0    -6
%P VOLT1   = 7623
%P VOLT2   = 7611
%P S2_SC   =  1.05
%P L_ANG_MAX = 280
S 7611    92     0     0
B   0 761  126   -6
B  10 760  126   -6
B  20 761  126   -6
B  30 676  126   -6
B  40 650  126   -6
B  50 656  126   -5
B  60 668  126   -5
B  70 662  126   -5
B  80 630  126   -1
B  90 593  126    7
B 100 572  126   17
B 110 573  126   26
B 120 591  126   37
B 130 613  126   46
B 140 630  126   57
B 150 634  113   67
B 160 629   95   79
B 171 621   70   91
B 181 618   44  105
B 192 646   42  119
B 204 670   42  135
B 214 702   42  149
B 224 714   42  161
B 235 722   42  176
B 246 726   42  189
B 256 729   42  201
B 266 731   42  212
pull out 215
B 278 732 -126  225
B 289 731 -126  237
B 300 652 -126  248
B 310 613 -126  256
B 321 625 -126  266
B 332 651 -126  276
B 343 673 -126  283
B 353 672 -126  289
B 364 626 -126  290
B 375 581 -126  290
B 385 564 -126  287
B 396 560 -126  274
B 406 570 -126  262
B 416 599 -126  246
B 426 625 -126  233
B 437 651 -126  215
B 447 666 -126  197
B 458 672 -126  177
B 468 673 -126  155
B 478 673 -126  132
B 488 678 -126  111
B 499 685 -126   87
B 510 693 -126   61
B 520 701 -126   35
B 530 706 -126   10
B 540 710 -126  -14
push -15 -15
push out at target
B 550 711   84  -29
B 560 695   84  -40
B 570 627   84  -54
B 581 616   84  -69
B 591 637   84  -83
B 602 662   84 -100
B 612 675   84 -115
B 624 643   84 -127
B 634 599   76 -132
B 645 570   33 -132
B 655 584   10 -132
B 666 655   10 -123
B 676 699   10 -110
B 686 726   10  -98
B 696 738   10  -87
B 707 746   10  -74
B 717 749   10  -60
B 729 751   10  -46
B 739 752   10  -32
pb end 
SSS v= 7611  t=  290 
SSS   99     0     0    -7
%P VOLT1   = 7623
%P VOLT2   = 7611
%P S2_SC   =  1.05
%P L_ANG_MAX = 290
S 7611    99     0     0
B   0 761  126   -7
B  10 761  126   -7
B  21 761  126   -7
B  31 675  126   -7
B  42 650  126   -7
B  52 656  126   -6
B  62 657  126   -6
B  72 634  126   -4
B  82 597  126    4
B  92 574  126   13
B 103 569  126   23
B 114 588  126   33
B 126 614  126   45
B 136 629  126   55
B 146 631  118   65
B 156 625  103   76
B 166 619   81   88
B 176 617   59  100
B 186 623   42  113
B 196 648   42  125
B 206 673   42  140
B 216 701   42  153
B 226 714   42  166
B 236 722   42  180
B 246 726   42  191
B 256 728   42  204
B 266 730   42  215
B 276 732   42  226
pull out 226
B 286 732 -126  237
B 296 731 -126  247
B 307 730 -126  258
B 317 658 -126  269
B 328 617 -126  277
B 338 625 -126  287
B 349 649 -126  297
B 360 672 -126  301
B 370 677 -126  301
B 381 652 -126  301
B 392 612 -126  293
B 402 590 -126  280
B 412 592 -126  266
B 423 612 -126  250
B 433 637 -126  233
B 443 655 -126  217
B 454 669 -126  197
B 464 673 -126  177
B 474 676 -126  155
B 484 678 -126  133
B 495 683 -126  109
B 506 689 -126   84
B 516 697 -126   58
B 526 703 -126   34
B 536 709 -126    9
push -18 -15
push out at target
B 547 712   84  -19
B 558 713   84  -35
B 568 697   84  -47
B 578 666   84  -61
B 588 615   84  -79
B 598 613   84  -92
B 609 635   84 -111
B 621 664   84 -131
B 631 663   84 -147
B 642 621   84 -158
B 652 580   76 -162
B 663 559   24 -162
B 673 581   10 -161
B 684 671   10 -150
B 694 713   10 -137
B 705 732   10 -127
B 715 742   10 -113
B 726 747   10 -100
B 736 751   10  -87
B 746 751   10  -76
B 757 753   10  -64
pb end 
SSS v= 7608  t=  290 
SSS  103     0     0     3
%P VOLT1   = 7623
%P VOLT2   = 7608
%P S2_SC   =  1.05
%P L_ANG_MAX = 290
S 7608   103     0     0
B   0 760  126    3
B  11 760  126    3
B  21 694  126    3
B  32 648  126    3
B  43 638  126    3
B  53 625  126    4
B  63 603  126    4
B  74 581  126   12
B  84 574  126   20
B  94 581  126   29
B 104 597  126   37
B 114 612  126   46
B 124 619  126   56
B 134 619  120   65
B 144 616  100   76
B 154 614   79   88
B 165 616   59  100
B 176 620   42  115
B 186 668   42  127
B 196 698   42  139
B 206 712   42  153
B 216 719   42  165
B 226 723   42  176
B 236 727   42  188
B 246 730   42  199
B 256 731   42  209
B 266 731   42  219
pull out 222
B 277 731 -126  230
B 287 714 -126  241
B 297 629 -126  249
B 308 620 -126  257
B 318 639 -126  266
B 329 662 -126  274
B 339 678 -126  280
B 350 661 -126  284
B 360 613 -126  285
B 372 576 -126  284
B 382 563 -126  275
B 393 565 -126  261
B 404 588 -126  246
B 416 622 -126  228
B 426 647 -126  211
B 436 663 -126  194
B 446 673 -126  175
B 456 675 -126  153
B 467 675 -126  131
B 478 679 -126  108
B 489 685 -126   82
B 499 692 -126   57
B 509 699 -126   33
B 521 706 -126    4
push -16 -15
push out at target
B 532 710   84  -22
B 543 704   84  -32
B 553 676   84  -45
B 563 623   84  -59
B 574 620   84  -75
B 584 638   84  -89
B 594 662   84 -107
B 604 674   84 -121
B 614 643   84 -133
B 624 599   84 -139
B 635 569   41 -139
B 645 556   10 -139
B 656 655   10 -134
B 667 705   10 -121
B 677 729   10 -110
B 687 740   10  -99
B 698 746   10  -87
B 708 749   10  -75
B 719 750   10  -62
B 729 752   10  -50
pb end 
SSS v= 7604  t=  290 
SSS  108     0     0    -2
%P VOLT1   = 7623
%P VOLT2   = 7604
%P S2_SC   =  1.05
%P L_ANG_MAX = 290
S 7608   108     0     0
B   0 760  126   -2
B  10 760  126   -2
B  20 760  126   -2
B  30 684  126   -2
B  40 648  126   -2
B  50 647  126   -2
B  61 641  126   -1
B  71 616  126   -1
B  81 586  126    6
B  92 570  126   16
B 104 577  126   27
B 114 597  126   36
B 124 616  126   45
B 134 626  126   55
B 144 625  118   65
B 154 620  101   76
B 164 616   81   88
B 174 616   59  100
B 184 621   42  113
B 195 666   42  127
B 206 691   42  141
B 216 710   42  155
B 226 718   42  167
B 238 724   42  181
B 248 727   42  193
B 258 729   42  205
B 268 729   42  215
pull out 224
B 278 731 -126  225
B 289 730 -126  237
B 300 656 -126  249
B 310 617 -126  255
B 320 625 -126  265
B 331 647 -126  274
B 343 673 -126  283
B 354 672 -126  289
B 364 627 -126  289
B 375 583 -126  289
B 386 564 -126  286
B 397 560 -126  273
B 407 573 -126  260
B 419 605 -126  243
B 429 632 -126  229
B 440 655 -126  211
B 450 667 -126  192
B 460 671 -126  173
B 470 671 -126  152
B 481 673 -126  128
B 493 680 -126  102
B 504 687 -126   77
B 514 695 -126   52
B 525 703 -126   25
B 536 708 -126   -1
push -15 -15
push out at target
B 546 711   84  -23
B 557 702   84  -34
B 568 642   84  -47
B 579 616   84  -63
B 590 635   84  -77
B 601 660   84  -93
B 611 677   84 -108
B 622 657   84 -121
B 632 610   84 -127
B 644 574   41 -128
B 654 563    0 -128
B 664 632   10 -121
B 675 679   10 -107
B 685 717   10  -93
B 695 734   10  -82
B 706 743   10  -67
B 718 747   10  -52
B 728 750   10  -38
B 738 751   10  -25
B 748 751   10  -11
pb end 
SSS v= 7608  t=  290 
SSS  114     0     0    -6
%P VOLT1   = 7623
%P VOLT2   = 7608
%P S2_SC   =  1.05
%P L_ANG_MAX = 290
S 7608   114     0     0
B   0 761  126   -6
B  10 760  126   -6
B  20 700  126   -6
B  30 652  126   -6
B  40 651  126   -5
B  50 660  126   -6
B  61 649  126   -5
B  71 618  126    0
B  81 588  126    8
B  91 572  126   17
B 101 577  126   28
B 111 596  126   37
B 121 616  126   47
B 131 629  126   56
B 143 630  113   69
B 153 623   93   81
B 163 618   73   93
B 173 618   54  105
B 184 652   42  119
B 194 683   42  133
B 204 704   42  146
B 215 716   42  160
B 225 722   42  173
B 236 726   42  185
B 246 729   42  197
B 257 730   42  209
B 268 731   42  221
pull out 223
B 279 731 -126  232
B 290 678 -126  243
B 300 620 -126  250
B 311 622 -126  261
B 323 647 -126  271
B 333 670 -126  278
B 343 676 -126  284
B 353 641 -126  286
B 363 597 -126  286
B 373 571 -126  285
B 383 561 -126  276
B 393 563 -126  263
B 403 583 -126  250
B 413 613 -126  235
B 423 639 -126  219
B 433 660 -126  201
B 443 671 -126  183
B 453 674 -126  164
B 463 674 -126  142
B 473 675 -126  120
B 483 681 -126  100
B 493 687 -126   75
B 503 694 -126   52
B 513 702 -126   28
B 523 706 -126    4
push -15 -15
push out at target
B 533 710   84  -22
B 543 707   84  -32
B 553 686   84  -44
B 563 622   84  -59
B 574 617   84  -75
B 584 636   84  -89
B 594 661   84 -107
B 605 673   84 -123
B 615 640   84 -135
B 625 596   84 -140
B 635 568   33 -140
B 646 561   10 -140
B 656 662   10 -135
B 668 712   10 -121
B 678 731   10 -111
B 688 741   10 -100
B 699 746   10  -87
B 709 749   10  -75
B 719 751   10  -65
B 729 752   10  -53
pb end 
SSS v= 7604  t=  290 
SSS  118     0     0     1
%P VOLT1   = 7623
%P VOLT2   = 7604
%P S2_SC   =  1.05
%P L_ANG_MAX = 290
S 7604   118     0     0
B   0 760  126    1
B  10 760  126    1
B  21 760  126    1
B  31 702  126    1
B  41 651  126    1
B  52 646  126    1
B  63 639  126    1
B  73 614  126    1
B  83 587  126    7
B  94 571  126   16
B 105 577  126   26
B 115 599  126   37
B 125 615  126   45
B 136 624  126   55
B 148 623  118   67
B 158 617   96   79
B 168 614   78   91
B 178 616   59  102
B 188 622   42  115
B 199 667   42  129
B 209 688   42  142
B 220 708   42  157
B 230 718   42  170
B 240 723   42  182
B 251 726   42  195
B 261 729   42  207
B 272 730   42  218
pull out 221
B 284 730 -126  231
B 294 730 -126  241
B 304 645 -126  251
B 315 614 -126  259
B 326 628 -126  269
B 336 652 -126  279
B 346 672 -126  285
B 358 669 -126  291
B 368 622 -126  292
B 379 582 -126  292
B 389 564 -126  289
B 400 559 -126  276
B 410 571 -126  263
B 420 598 -126  248
B 430 627 -126  233
B 440 651 -126  215
B 450 665 -126  199
B 460 672 -126  181
B 471 672 -126  158
B 482 673 -126  135
B 494 679 -126  108
B 504 685 -126   85
B 515 693 -126   59
B 526 702 -126   32
B 536 706 -126    5
push -15 -15
push out at target
B 546 710   84  -19
B 557 708   84  -31
B 568 666   84  -45
B 578 615   84  -59
B 589 624   84  -71
B 599 648   84  -89
B 610 669   84 -104
B 621 671   84 -119
B 631 630   84 -128
B 641 589   67 -131
B 651 567   15 -131
B 661 615   10 -131
B 673 689   10 -117
B 683 720   10 -104
B 694 736   10  -93
B 705 744   10  -79
B 715 747   10  -67
B 725 750   10  -54
B 736 751   10  -41
B 746 752   10  -28
pb end 
SSS v= 7597  t=  290 
SSS  122     0     0    -6
%P VOLT1   = 7564
%P VOLT2   = 7601
%P S2_SC   =  1.05
%P L_ANG_MAX = 290
S 7601   122     0     0
B   0 760  126   -6
B  10 759  126   -6
B  20 760  126   -6
B  30 760  126   -6
B  40 677  126   -6
B  50 648  126   -6
B  60 651  126   -6
B  70 651  126   -6
B  80 631  126   -3
B  90 600  126    3
B 100 577  126   12
B 110 572  126   22
B 120 585  126   31
B 130 606  126   41
B 140 622  126   50
B 150 628  126   60
B 160 626  110   71
B 170 620   91   82
B 180 616   69   94
B 190 618   48  107
B 200 633   42  120
B 210 646   42  133
B 221 684   42  148
B 231 707   42  162
B 241 717   42  175
B 251 723   42  188
B 261 726   42  199
B 271 729   42  212
pull out 224
B 283 730   42  226
B 293 731 -126  236
B 303 731 -126  247
B 314 730 -126  258
B 324 679 -126  269
B 334 620 -126  277
B 344 619 -126  286
B 354 640 -126  297
B 364 662 -126  302
B 375 678 -126  302
B 385 668 -126  302
B 396 636 -126  297
B 406 603 -126  284
B 418 594 -126  267
B 429 609 -126  251
B 439 633 -126  233
B 449 653 -126  217
B 459 667 -126  199
B 470 675 -126  178
B 481 678 -126  154
B 491 679 -126  133
B 501 683 -126  110
B 511 688 -126   86
B 523 696 -126   57
B 534 704 -126   29
B 544 709 -126    3
push -20 -15
push out at target
B 555 712   84  -25
B 565 712   84  -39
B 575 699   84  -50
B 586 666   84  -65
B 596 616   84  -83
B 607 608   84  -99
B 617 630   84 -117
B 628 655   84 -136
B 639 662   84 -152
B 649 625   84 -165
B 659 585   84 -171
B 669 561   41 -171
B 679 552   10 -170
B 689 643   10 -165
B 699 700   10 -152
B 710 726   10 -141
B 721 738   10 -129
B 731 745   10 -117
B 741 748   10 -105
B 752 750   10  -93
B 764 751   10  -81
pb end 
SSS v= 7597  t=  290 
SSS  125     0     0     1
%P VOLT1   = 7564
%P VOLT2   = 7597
%P S2_SC   =  1.05
%P L_ANG_MAX = 290
S 7601   125     0     0
B   0 760  126    1
B  11 759  126    1
B  21 716  126    1
B  32 652  126    1
B  42 641  126    1
B  52 633  126    1
B  62 611  126    1
B  72 587  126    7
B  83 572  126   16
B  93 578  126   25
B 103 595  126   33
B 113 611  126   41
B 123 620  126   51
B 133 620  125   61
B 143 616  108   72
B 153 613   88   83
B 163 614   71   95
B 173 618   49  107
B 183 637   42  120
B 193 665   42  132
B 203 689   42  146
B 213 708   42  159
B 224 717   42  173
B 234 723   42  185
B 244 725   42  197
B 254 728   42  209
B 264 729   42  220
pull out 226
B 274 730 -126  231
B 284 730 -126  241
B 294 664 -126  251
B 304 615 -126  258
B 314 622 -126  268
B 324 643 -126  277
B 334 666 -126  284
B 344 676 -126  290
B 354 651 -126  293
B 364 604 -126  293
B 374 573 -126  293
B 384 560 -126  287
B 395 561 -126  273
B 407 583 -126  257
B 418 614 -126  241
B 428 640 -126  225
B 438 658 -126  209
B 449 668 -126  189
B 460 671 -126  168
B 470 672 -126  145
B 480 674 -126  122
B 491 681 -126  100
B 501 689 -126   75
B 513 697 -126   45
B 523 704 -126   21
B 533 708 -126   -3
push -15 -15
push out at target
B 543 710   84  -24
B 554 702   84  -37
B 565 630   84  -51
B 575 613   84  -65
B 585 634   84  -79
B 595 654   84  -94
B 606 673   84 -109
B 617 656   84 -123
B 627 610   84 -129
B 637 576   41 -131
B 647 561    6 -131
B 657 622   10 -127
B 667 666   10 -115
B 677 709   10 -101
B 687 730   10  -91
B 697 740   10  -79
B 707 745   10  -65
B 717 748   10  -51
B 727 750   10  -39
B 737 751   10  -26
B 747 751   10  -13
pb end 
