SSS v= 7765  t=  240 
SSS    0     0     0     0
%P VOLT1   = 7683
%P VOLT2   = 7765
%P S2_SC   =  1.03
%P L_ANG_MAX = 240
S 7765     0     0     0
B   0 776  123    0
B  11 776  123    0
B  21 771  123    0
B  31 682  123    0
B  41 663  123    0
B  51 674  123    0
B  61 690  123    0
B  71 706  123    0
B  81 701  123    0
B  91 664  123    0
B 101 622  123    6
B 111 588  123   15
B 121 580  123   26
B 131 593  123   36
B 141 616  123   46
B 151 636  123   56
B 161 644  115   66
B 171 641   91   76
B 181 632   68   87
B 191 632   44   99
B 201 637   41  113
B 211 687   41  125
B 221 711   41  137
B 231 726   41  150
B 241 735   41  162
B 251 739   41  173
B 261 742   41  183
pull out 185
B 271 744 -123  193
B 281 653 -123  203
B 291 618 -123  211
B 301 630 -123  219
B 311 654 -123  226
B 322 680 -123  233
B 332 687 -123  237
B 343 653 -123  238
B 354 604 -123  238
B 364 579 -123  236
B 374 573 -123  225
B 386 587 -123  209
B 396 615 -123  194
B 407 643 -123  177
B 417 665 -123  159
B 427 680 -123  141
B 438 686 -123  121
B 449 687 -123   99
B 459 687 -123   77
B 469 691 -123   55
B 480 697 -123   30
B 491 704 -123    2
push -17 -15
push out at target
B 501 710   82  -19
B 511 706   82  -28
B 522 680   82  -39
B 532 634   82  -53
B 543 638   82  -66
B 553 661   82  -80
B 564 683   82  -96
B 574 693   82 -110
B 584 662   82 -120
B 594 620   75 -125
B 604 592   32 -125
B 615 581   10 -125
B 627 685   10 -113
B 638 727   10  -99
B 648 746   10  -88
B 659 756   10  -74
B 669 761   10  -61
B 680 764   10  -47
B 691 765   10  -33
B 701 766   10  -19
pb end 
SSS v= 7751  t=  240 
SSS    0     0     0    -1
%P VOLT1   = 7683
%P VOLT2   = 7751
%P S2_SC   =  1.03
%P L_ANG_MAX = 240
S 7751     0     0     0
B   0 775  123   -1
B  10 775  123   -1
B  20 775  123   -1
B  30 720  123   -1
B  40 666  123   -1
B  50 661  123   -1
B  60 660  123   -1
B  70 641  123   -1
B  80 613  123    4
B  90 588  123   14
B 100 583  123   23
B 110 594  123   31
B 121 615  123   42
B 131 631  123   51
B 141 636  121   61
B 151 633  101   72
B 161 629   76   83
B 171 628   52   95
B 182 648   41  109
B 193 681   41  123
B 203 712   41  137
B 213 726   41  149
B 223 733   41  162
B 233 739   41  173
pull out 183
B 243 741 -123  185
B 253 744 -123  196
B 263 706 -123  207
B 273 623 -123  214
B 283 618 -123  223
B 293 639 -123  231
B 303 663 -123  239
B 313 683 -123  244
B 323 676 -123  249
B 333 633 -123  249
B 343 593 -123  249
B 353 576 -123  245
B 363 571 -123  232
B 373 587 -123  218
B 383 613 -123  203
B 393 641 -123  188
B 403 666 -123  170
B 413 680 -123  151
B 423 686 -123  133
B 433 687 -123  113
B 444 687 -123   90
B 455 690 -123   66
B 466 696 -123   39
B 478 704 -123   11
B 488 711 -123  -14
push -15 -15
push out at target
B 499 712   82  -25
B 509 692   82  -36
B 520 635   82  -50
B 530 639   82  -63
B 541 659   82  -76
B 551 683   82  -92
B 562 694   82 -106
B 572 663   82 -117
B 583 616   82 -121
B 593 590   20 -121
B 603 581   10 -121
B 613 579   10 -112
B 623 611   10  -99
B 633 693   10  -85
B 643 727   10  -74
B 653 746   10  -60
B 663 755   10  -46
B 673 759   10  -33
B 683 761   10  -18
B 693 763   10   -4
pb end 
SSS v= 7751  t=  250 
SSS    4     0     0    -4
%P VOLT1   = 7683
%P VOLT2   = 7751
%P S2_SC   =  1.03
%P L_ANG_MAX = 250
S 7751     4     0     0
B   0 775  123   -4
B  10 775  123   -4
B  20 761  123   -4
B  31 675  123   -4
B  41 663  123   -4
B  51 667  123   -4
B  61 656  123   -3
B  71 629  123    1
B  82 600  123   10
B  92 586  123   19
B 102 589  123   28
B 112 606  123   38
B 122 624  123   47
B 132 634  123   57
B 142 637  111   68
B 152 632   89   79
B 162 628   67   91
B 172 646   45  103
B 182 660   41  117
B 192 701   41  129
B 202 722   41  143
B 212 731   41  155
B 222 736   41  167
B 233 740   41  179
B 243 743   41  191
pull out 195
B 253 745 -123  203
B 263 745 -123  212
B 274 719 -123  223
B 284 632 -123  231
B 296 630 -123  241
B 307 653 -123  250
B 317 677 -123  257
B 327 690 -123  263
B 337 667 -123  265
B 348 614 -123  265
B 358 583 -123  265
B 370 570 -123  255
B 380 576 -123  241
B 391 600 -123  227
B 401 631 -123  211
B 411 656 -123  195
B 422 674 -123  175
B 432 683 -123  154
B 443 685 -123  134
B 453 686 -123  113
B 464 689 -123   89
B 476 695 -123   61
B 487 703 -123   35
B 497 710 -123    9
B 507 715 -123  -14
push -15 -15
push out at target
B 517 716   82  -28
B 528 699   82  -41
B 538 667   82  -54
B 548 623   82  -73
B 558 626   82  -85
B 568 648   82 -102
B 578 671   82 -119
B 588 682   82 -134
B 598 653   82 -146
B 608 613   82 -153
B 618 585   49 -154
B 628 574    0 -153
B 638 646   10 -149
B 648 707   10 -137
B 658 734   10 -126
B 668 748   10 -115
B 678 755   10 -103
B 688 760   10  -91
B 698 762   10  -78
B 708 763   10  -67
B 718 765   10  -56
pb end 
SSS v= 7744  t=  260 
SSS    9     0    32     8
%P VOLT1   = 7683
%P VOLT2   = 7744
%P S2_SC   =  1.03
%P L_ANG_MAX = 260
S 7744     9     0    32
B   0 774  123    8
B  10 774  123    8
B  20 774  123    8
B  30 684  123    8
B  40 656  123    8
B  51 648  123    8
B  62 628  123    9
B  72 601  123   11
B  82 584  123   19
B  92 582  123   27
B 102 594  123   35
B 112 613  123   43
B 123 626  123   53
B 133 630  119   63
B 143 627  102   73
B 153 623   86   84
B 163 623   66   95
B 173 650   46  108
B 183 668   41  121
B 193 705   41  133
B 203 722   41  145
B 213 731   41  159
B 223 736   41  170
B 233 740   41  181
B 243 741   41  192
pull out 199
B 253 743 -123  203
B 263 744 -123  212
B 273 741 -123  223
B 283 643 -123  231
B 293 627 -123  239
B 303 642 -123  247
B 314 667 -123  255
B 324 688 -123  261
B 334 683 -123  265
B 344 636 -123  266
B 354 597 -123  266
B 365 575 -123  263
B 375 571 -123  249
B 387 588 -123  233
B 397 616 -123  219
B 407 642 -123  204
B 417 666 -123  186
B 427 679 -123  168
B 438 683 -123  147
B 449 684 -123  124
B 459 687 -123  102
B 469 691 -123   81
B 480 697 -123   55
B 492 706 -123   26
B 503 712 -123   -1
push -17 -15
push out at target
B 513 717   82  -23
B 524 709   82  -34
B 534 681   82  -47
B 545 645   82  -63
B 556 620   82  -81
B 568 643   82  -98
B 578 667   82 -116
B 589 682   82 -133
B 599 656   82 -145
B 609 611   82 -153
B 619 583   57 -153
B 629 574   10 -153
B 639 642   10 -149
B 650 706   10 -137
B 661 736   10 -124
B 673 752   10 -110
B 683 757   10  -97
B 694 761   10  -84
B 705 763   10  -71
B 717 764   10  -57
pb end 
SSS v= 7737  t=  260 
SSS   13     0    25     7
%P VOLT1   = 7683
%P VOLT2   = 7741
%P S2_SC   =  1.03
%P L_ANG_MAX = 260
S 7741    13     0    25
B   0 773  124    7
B  10 773  124    7
B  20 773  124    7
B  30 773  124    7
B  40 680  124    7
B  50 653  124    7
B  60 646  124    7
B  71 629  124    7
B  81 605  124   10
B  91 587  124   18
B 101 584  124   26
B 111 595  124   35
B 121 611  124   43
B 131 624  124   51
B 141 629  121   62
B 151 627  105   73
B 161 624   88   83
B 171 624   68   95
B 181 628   46  107
B 193 635   41  123
B 204 682   41  137
B 214 706   41  151
B 225 724   41  166
B 236 732   41  179
B 246 737   41  192
pull out 195
B 257 740 -124  205
B 269 691 -124  218
B 279 617 -124  226
B 289 615 -124  235
B 299 637 -124  245
B 310 665 -124  254
B 321 681 -124  261
B 331 655 -124  263
B 343 602 -124  263
B 353 577 -124  263
B 364 567 -124  253
B 375 576 -124  239
B 385 602 -124  223
B 395 631 -124  207
B 405 655 -124  192
B 416 674 -124  173
B 426 683 -124  151
B 436 684 -124  133
B 448 686 -124  109
B 458 689 -124   85
B 468 694 -124   63
B 479 700 -124   37
B 489 708 -124   11
B 499 713 -124  -13
push -17 -15
push out at target
B 509 715   82  -27
B 520 670   82  -39
B 531 624   82  -53
B 541 638   82  -65
B 551 661   82  -79
B 561 683   82  -94
B 571 689   82 -106
B 583 645   82 -117
B 594 604   68 -119
B 604 583    5 -119
B 614 659   10 -117
B 624 711   10 -107
B 635 737   10  -94
B 645 750   10  -83
B 656 756   10  -70
B 666 760   10  -57
B 676 762   10  -45
B 686 763   10  -33
B 697 764   10  -21
pb end 
SSS v= 7737  t=  270 
SSS   16    22    19     3
%P VOLT1   = 7683
%P VOLT2   = 7734
%P S2_SC   =  1.03
%P L_ANG_MAX = 270
S 7734    16    22    19
B   0 773  124    3
B  10 773  124    3
B  20 688  124    3
B  30 659  124    3
B  40 660  124    3
B  50 655  124    3
B  60 630  124    3
B  70 598  124    8
B  80 580  124   17
B  90 583  124   26
B 100 601  124   35
B 110 620  124   45
B 120 633  124   54
B 130 636  118   65
B 140 631  102   75
B 150 626   84   87
B 160 625   66   99
B 170 629   46  113
B 180 669   41  126
B 190 702   41  139
B 202 722   41  155
B 212 730   41  169
B 222 735   41  181
B 232 739   41  192
B 243 741   41  205
pull out 209
B 253 743 -124  216
B 263 744 -124  227
B 274 744 -124  238
B 284 724 -124  249
B 294 639 -124  258
B 304 629 -124  266
B 315 647 -124  275
B 325 672 -124  284
B 337 687 -124  291
B 348 658 -124  295
B 358 607 -124  295
B 369 579 -124  295
B 380 568 -124  286
B 390 572 -124  272
B 400 591 -124  259
B 410 625 -124  243
B 421 651 -124  227
B 432 669 -124  209
B 442 678 -124  190
B 452 680 -124  169
B 462 681 -124  149
B 472 684 -124  125
B 482 690 -124  104
B 492 697 -124   81
B 502 705 -124   57
B 512 712 -124   32
B 523 717 -124    6
push -18 -15
push out at target
B 533 720   82  -20
B 543 717   82  -31
B 553 690   82  -44
B 563 629   82  -58
B 573 635   82  -71
B 583 657   82  -87
B 593 678   82 -103
B 604 686   82 -119
B 614 651   82 -129
B 625 605   75 -134
B 635 583   28 -134
B 645 610   10 -134
B 655 687   10 -126
B 665 724   10 -115
B 675 743   10 -104
B 686 753   10  -91
B 698 759   10  -77
B 708 761   10  -65
B 718 763   10  -53
B 728 763   10  -42
pb end 
SSS v= 7730  t=  270 
SSS   17    22    19     2
%P VOLT1   = 7683
%P VOLT2   = 7727
%P S2_SC   =  1.04
%P L_ANG_MAX = 270
S 7727    17    22    19
B   0 772  124    2
B  12 772  124    2
B  22 769  124    2
B  32 679  124    2
B  42 658  124    2
B  52 656  124    2
B  62 644  124    2
B  72 614  124    3
B  82 589  124   11
B  92 582  124   20
B 103 592  124   30
B 113 612  124   40
B 123 627  124   50
B 134 633  124   60
B 144 632  108   71
B 154 627   91   82
B 164 625   72   95
B 174 636   54  107
B 184 645   41  120
B 194 687   41  134
B 204 708   41  147
B 214 723   41  160
B 224 732   41  174
B 234 736   41  186
B 244 739   41  197
pull out 206
B 254 741 -124  209
B 266 743 -124  222
B 276 719 -124  233
B 286 632 -124  242
B 296 620 -124  250
B 306 638 -124  259
B 316 663 -124  268
B 327 683 -124  275
B 338 672 -124  279
B 348 620 -124  280
B 359 583 -124  279
B 371 568 -124  271
B 381 568 -124  258
B 391 589 -124  245
B 401 618 -124  230
B 412 648 -124  214
B 422 668 -124  196
B 433 679 -124  176
B 444 682 -124  154
B 454 682 -124  131
B 465 685 -124  109
B 477 692 -124   82
B 487 699 -124   57
B 497 706 -124   33
B 508 713 -124    7
push -17 -15
push out at target
B 518 717   82  -19
B 529 681   82  -29
B 540 616   82  -41
B 552 630   82  -53
B 563 656   82  -66
B 573 680   82  -79
B 583 691   82  -89
B 594 663   82  -99
B 604 617   67 -101
B 615 591    6 -101
B 627 681   10  -99
B 637 725   10  -87
B 647 742   10  -78
B 657 752   10  -67
B 668 757   10  -54
B 678 760   10  -41
B 689 762   10  -29
B 701 763   10  -15
B 711 764   10   -3
pb end 
SSS v= 7723  t=  270 
SSS   19    22    19    -2
%P VOLT1   = 7683
%P VOLT2   = 7723
%P S2_SC   =  1.04
%P L_ANG_MAX = 270
S 7727    19    22    19
B   0 772  124   -2
B  10 772  124   -2
B  21 772  124   -2
B  31 722  124   -2
B  41 664  124   -2
B  51 660  124   -2
B  61 665  124   -2
B  71 653  124   -2
B  81 625  124    2
B  91 598  124   10
B 101 584  124   19
B 111 590  124   30
B 121 605  124   39
B 131 624  124   49
B 141 634  124   59
B 151 637  109   70
B 161 632   91   82
B 171 628   75   93
B 181 628   55  106
B 191 640   41  119
B 201 674   41  133
B 211 700   41  147
B 221 719   41  161
B 231 729   41  175
B 242 735   41  188
B 254 739   41  203
pull out 205
B 265 741 -124  216
B 276 742 -124  228
B 286 658 -124  239
B 298 616 -124  249
B 309 630 -124  259
B 319 656 -124  269
B 330 679 -124  276
B 340 675 -124  282
B 351 629 -124  283
B 362 587 -124  283
B 373 570 -124  278
B 384 567 -124  264
B 394 583 -124  250
B 405 614 -124  234
B 415 644 -124  218
B 425 665 -124  201
B 436 679 -124  182
B 448 683 -124  157
B 459 683 -124  134
B 470 686 -124  111
B 480 691 -124   87
B 490 698 -124   63
B 501 705 -124   37
B 512 712 -124   10
push -19 -15
push out at target
B 524 717   82  -20
B 535 713   82  -31
B 545 689   82  -44
B 555 637   82  -58
B 566 630   82  -73
B 576 650   82  -89
B 587 674   82 -107
B 599 685   82 -125
B 610 646   82 -137
B 620 605   82 -141
B 630 583   23 -141
B 640 581   10 -141
B 650 663   10 -134
B 660 710   10 -121
B 670 735   10 -109
B 681 748   10  -97
B 691 756   10  -84
B 701 758   10  -73
B 711 761   10  -59
B 721 762   10  -47
pb end 
SSS v= 7716  t=  270 
SSS   24    22    19     1
%P VOLT1   = 7683
%P VOLT2   = 7716
%P S2_SC   =  1.04
%P L_ANG_MAX = 270
S 7720    24    22    19
B   0 772  124    1
B  11 772  124    1
B  21 771  124    1
B  31 697  124    1
B  41 659  124    1
B  51 655  124    1
B  61 646  124    1
B  71 623  124    1
B  81 595  124    9
B  91 580  124   17
B 101 584  124   26
B 111 600  124   35
B 121 619  124   44
B 131 631  124   54
B 141 632  118   64
B 151 629  102   75
B 161 624   84   87
B 171 624   66   99
B 181 629   48  111
B 191 653   41  126
B 201 682   41  139
B 211 707   41  153
B 221 722   41  167
B 231 730   41  179
B 241 734   41  191
B 251 738   41  205
pull out 210
B 261 741 -124  215
B 271 741 -124  227
B 281 691 -124  238
B 291 617 -124  246
B 301 616 -124  255
B 312 640 -124  266
B 323 667 -124  275
B 333 682 -124  282
B 343 661 -124  285
B 354 607 -124  285
B 365 577 -124  285
B 375 567 -124  276
B 386 573 -124  261
B 396 594 -124  247
B 407 624 -124  231
B 418 653 -124  213
B 429 673 -124  193
B 440 681 -124  173
B 451 683 -124  150
B 461 683 -124  127
B 471 686 -124  107
B 481 693 -124   82
B 491 700 -124   59
B 502 707 -124   31
B 513 714 -124    5
push -17 -15
push out at target
B 523 717   82  -20
B 533 714   82  -30
B 544 689   82  -43
B 554 633   82  -59
B 564 631   82  -73
B 575 653   82  -89
B 586 677   82 -107
B 596 686   82 -122
B 607 651   82 -134
B 617 608   82 -139
B 627 581   32 -139
B 637 572   10 -139
B 648 654   10 -133
B 658 700   10 -120
B 669 732   10 -107
B 680 747   10  -95
B 690 754   10  -82
B 702 758   10  -67
B 712 760   10  -54
B 722 762   10  -43
pb end 
SSS v= 7709  t=  270 
SSS   27    22    19    -3
%P VOLT1   = 7683
%P VOLT2   = 7709
%P S2_SC   =  1.04
%P L_ANG_MAX = 270
S 7709    27    22    19
B   0 770  124   -3
B  10 770  124   -3
B  20 770  124   -3
B  30 737  124   -3
B  41 663  124   -3
B  51 656  124   -3
B  61 655  124   -3
B  71 637  124   -2
B  81 608  124    4
B  91 583  124   13
B 101 577  124   23
B 111 590  124   31
B 122 613  124   42
B 132 628  124   51
B 142 634  123   61
B 152 631  108   71
B 162 625   90   83
B 172 623   72   95
B 182 625   54  108
B 192 640   41  121
B 202 676   41  134
B 212 700   41  149
B 222 718   41  162
B 233 728   41  176
B 243 734   41  189
B 255 738   41  203
pull out 211
B 266 740 -124  217
B 276 741 -124  228
B 286 663 -124  239
B 297 613 -124  247
B 308 623 -124  257
B 318 648 -124  267
B 330 676 -124  275
B 341 677 -124  282
B 351 634 -124  283
B 362 590 -124  283
B 372 571 -124  281
B 383 565 -124  267
B 393 578 -124  253
B 405 610 -124  236
B 416 640 -124  219
B 427 664 -124  201
B 437 678 -124  182
B 447 681 -124  163
B 458 681 -124  139
B 469 683 -124  115
B 479 688 -124   93
B 489 695 -124   69
B 499 702 -124   45
B 509 709 -124   22
B 519 715 -124   -5
push -17 -15
push out at target
B 529 717   83  -22
B 539 706   83  -33
B 549 679   83  -45
B 559 627   83  -60
B 569 633   83  -74
B 579 653   83  -89
B 589 675   83 -105
B 599 683   83 -120
B 609 651   83 -131
B 619 608   83 -136
B 629 580   32 -137
B 639 570    0 -137
B 649 645   10 -131
B 659 687   10 -119
B 669 726   10 -107
B 679 742   10  -97
B 689 752   10  -84
B 699 756   10  -72
B 710 759   10  -58
B 720 760   10  -45
B 731 761   10  -33
pb end 
SSS v= 7706  t=  270 
SSS   32    22    19    -3
%P VOLT1   = 7623
%P VOLT2   = 7702
%P S2_SC   =  1.04
%P L_ANG_MAX = 270
S 7706    32    22    19
B   0 770  124   -3
B  10 770  124   -3
B  20 746  124   -3
B  30 669  124   -3
B  41 657  124   -3
B  51 658  124   -3
B  61 640  124   -2
B  72 608  124    4
B  84 580  124   15
B  94 581  124   23
B 104 596  124   33
B 114 615  124   43
B 124 629  124   52
B 134 634  121   62
B 144 630  105   73
B 154 625   87   85
B 164 625   69   98
B 174 636   49  110
B 184 658   41  123
B 194 690   41  137
B 205 712   41  151
B 215 725   41  165
B 225 731   41  177
B 236 736   41  191
B 246 739   41  203
pull out 209
B 257 740 -124  215
B 267 742 -124  225
B 278 651 -124  238
B 288 616 -124  244
B 298 625 -124  253
B 308 647 -124  263
B 318 671 -124  270
B 328 682 -124  276
B 338 651 -124  279
B 348 608 -124  279
B 358 577 -124  278
B 368 566 -124  270
B 378 568 -124  256
B 388 588 -124  243
B 398 618 -124  227
B 408 645 -124  213
B 418 666 -124  195
B 428 678 -124  177
B 438 681 -124  157
B 448 681 -124  135
B 458 683 -124  114
B 468 688 -124   91
B 478 693 -124   70
B 489 701 -124   43
B 499 708 -124   18
B 510 714 -124   -9
push -17 -15
push out at target
B 521 715   83  -26
B 531 625   83  -38
B 542 613   83  -50
B 552 635   83  -61
B 564 663   83  -76
B 574 683   83  -89
B 584 676   83  -99
B 594 634   75 -105
B 604 598   41 -105
B 615 605   10 -105
B 626 689   10 -101
B 636 725   10  -89
B 646 742   10  -81
B 656 751   10  -68
B 668 756   10  -54
B 678 758   10  -41
B 688 761   10  -29
B 698 761   10  -18
pb end 
SSS v= 7709  t=  270 
SSS   35    22    19    -2
%P VOLT1   = 7683
%P VOLT2   = 7709
%P S2_SC   =  1.04
%P L_ANG_MAX = 270
S 7706    35    22    19
B   0 770  124   -2
B  10 770  124   -2
B  20 770  124   -2
B  30 722  124   -2
B  40 665  124   -2
B  50 661  124   -1
B  60 667  124   -1
B  70 659  124   -1
B  80 626  124    1
B  91 592  124   10
B 102 578  124   21
B 112 587  124   31
B 122 607  124   41
B 132 626  124   51
B 142 637  123   61
B 152 637  108   71
B 162 631   90   83
B 172 626   73   95
B 182 626   51  109
B 192 639   41  122
B 202 662   41  136
B 212 690   41  150
B 222 715   41  163
B 232 727   41  178
B 242 732   41  191
B 252 736   41  203
pull out 204
B 262 739 -124  216
B 272 740 -124  227
B 282 693 -124  239
B 292 618 -124  247
B 302 612 -124  257
B 312 634 -124  267
B 322 659 -124  275
B 332 677 -124  282
B 342 666 -124  287
B 353 616 -124  287
B 363 581 -124  287
B 373 567 -124  283
B 384 566 -124  270
B 394 584 -124  255
B 404 609 -124  241
B 415 640 -124  224
B 425 664 -124  204
B 435 674 -124  189
B 446 679 -124  168
B 458 680 -124  142
B 469 683 -124  118
B 479 689 -124   95
B 489 695 -124   73
B 499 703 -124   49
B 510 710 -124   21
B 521 715 -124   -6
push -17 -15
push out at target
B 532 717   83  -25
B 543 702   83  -38
B 553 647   83  -52
B 563 626   83  -66
B 574 645   83  -81
B 585 668   83  -98
B 595 685   83 -114
B 607 654   83 -129
B 617 611   83 -134
B 627 581   32 -135
B 637 569    0 -135
B 647 639   10 -130
B 657 685   10 -118
B 667 723   10 -105
B 678 743   10  -93
B 688 751   10  -81
B 698 755   10  -69
B 708 758   10  -55
B 718 759   10  -43
B 728 761   10  -31
pb end 
SSS v= 7699  t=  270 
SSS   41    22    19    -3
%P VOLT1   = 7623
%P VOLT2   = 7702
%P S2_SC   =  1.04
%P L_ANG_MAX = 270
S 7702    41    22    19
B   0 770  124   -3
B  10 770  124   -3
B  20 707  124   -3
B  30 660  124   -3
B  40 657  124   -3
B  50 656  124   -3
B  60 637  124   -2
B  71 605  124    6
B  81 584  124   14
B  91 581  124   23
B 101 592  124   33
B 111 611  124   43
B 121 627  124   53
B 131 633  121   62
B 141 631  105   73
B 151 626   88   85
B 161 624   69   97
B 171 627   51  111
B 182 655   41  123
B 192 692   41  138
B 204 715   41  154
B 214 726   41  167
B 225 732   41  181
B 236 736   41  193
B 246 739   41  206
pull out 209
B 257 740 -124  218
B 268 741 -124  229
B 278 741 -124  239
B 288 713 -124  250
B 298 629 -124  259
B 308 625 -124  267
B 318 643 -124  277
B 328 668 -124  285
B 338 683 -124  291
B 348 666 -124  296
B 358 617 -124  297
B 369 581 -124  297
B 380 567 -124  292
B 390 566 -124  279
B 400 581 -124  266
B 410 609 -124  251
B 420 636 -124  236
B 430 657 -124  221
B 440 670 -124  202
B 450 675 -124  183
B 460 676 -124  163
B 470 678 -124  142
B 480 683 -124  117
B 490 690 -124   97
B 500 697 -124   74
B 510 705 -124   48
B 520 711 -124   24
B 531 716 -124   -3
push -17 -15
push out at target
B 541 718   83  -23
B 551 708   83  -33
B 561 642   83  -47
B 571 625   83  -61
B 582 643   83  -75
B 593 669   83  -93
B 604 684   83 -108
B 615 662   83 -121
B 625 616   83 -127
B 636 585   41 -127
B 646 579   10 -127
B 657 677   10 -119
B 668 723   10 -104
B 678 740   10  -93
B 688 750   10  -80
B 699 755   10  -67
B 709 758   10  -53
B 719 759   10  -41
B 730 760   10  -27
pb end 
SSS v= 7695  t=  270 
SSS   45    22    19    -1
%P VOLT1   = 7683
%P VOLT2   = 7699
%P S2_SC   =  1.04
%P L_ANG_MAX = 270
S 7699    45    22    19
B   0 769  124   -1
B  10 769  124   -1
B  20 684  124   -1
B  30 657  124   -1
B  40 658  124   -1
B  50 653  124   -1
B  60 626  124    0
B  70 594  124    8
B  80 580  124   17
B  90 581  124   26
B 100 598  124   35
B 110 618  124   45
B 120 630  124   54
B 130 633  117   65
B 140 629  102   75
B 150 624   84   87
B 160 624   66  101
B 170 628   45  113
B 180 663   41  126
B 190 696   41  139
B 200 715   41  153
B 210 726   41  167
B 220 731   41  179
B 230 735   41  191
B 240 738   41  203
pull out 209
B 250 739 -124  215
B 261 740 -124  226
B 272 741 -124  237
B 283 736 -124  249
B 293 635 -124  259
B 303 623 -124  267
B 314 641 -124  277
B 324 665 -124  285
B 336 683 -124  293
B 346 661 -124  297
B 357 611 -124  298
B 367 579 -124  298
B 378 566 -124  292
B 389 566 -124  278
B 399 585 -124  264
B 411 618 -124  247
B 422 648 -124  229
B 433 666 -124  211
B 443 674 -124  193
B 455 677 -124  169
B 465 677 -124  147
B 476 681 -124  122
B 487 689 -124   99
B 497 697 -124   73
B 507 704 -124   51
B 518 711 -124   23
B 530 716 -124   -7
push -16 -15
push out at target
B 541 717   83  -25
B 552 701   83  -37
B 562 625   83  -52
B 572 630   83  -65
B 582 649   83  -77
B 593 673   83  -93
B 603 686   83 -108
B 615 652   83 -120
B 625 606   75 -125
B 635 581   32 -125
B 645 597   10 -124
B 655 665   10 -114
B 665 707   10 -101
B 675 733   10  -89
B 685 746   10  -77
B 695 753   10  -64
B 705 756   10  -51
B 715 758   10  -37
B 725 759   10  -24
pb end 
SSS v= 7695  t=  270 
SSS   49    22    19    -4
%P VOLT1   = 7623
%P VOLT2   = 7692
%P S2_SC   =  1.04
%P L_ANG_MAX = 270
S 7692    49    22    19
B   0 769  124   -4
B  11 768  124   -4
B  21 769  124   -4
B  31 691  124   -4
B  41 657  124   -4
B  51 660  124   -4
B  61 661  124   -3
B  71 640  124   -2
B  81 609  124    5
B  91 584  124   14
B 101 579  124   23
B 111 590  124   33
B 121 612  124   43
B 131 628  124   52
B 141 635  121   63
B 151 633  105   73
B 161 627   87   85
B 171 624   69   97
B 181 626   49  111
B 191 650   41  123
B 201 677   41  137
B 211 704   41  151
B 221 720   41  164
B 231 728   41  177
B 242 733   41  191
B 252 737   41  203
pull out 211
B 262 738 -124  215
B 272 739 -124  226
B 282 669 -124  237
B 292 613 -124  245
B 302 618 -124  255
B 312 643 -124  264
B 322 665 -124  271
B 332 680 -124  278
B 342 657 -124  282
B 352 609 -124  282
B 363 576 -124  281
B 373 565 -124  274
B 383 566 -124  260
B 393 584 -124  247
B 403 613 -124  233
B 413 641 -124  217
B 423 663 -124  200
B 433 677 -124  181
B 443 681 -124  161
B 453 680 -124  141
B 463 681 -124  118
B 474 686 -124   96
B 484 692 -124   71
B 494 699 -124   48
B 504 706 -124   24
B 514 712 -124   -2
push -19 -15
push out at target
B 524 716   83  -22
B 534 705   83  -34
B 544 680   83  -44
B 555 625   83  -61
B 567 633   83  -77
B 578 656   83  -93
B 588 679   83 -110
B 598 677   83 -123
B 608 635   83 -133
B 618 595   75 -137
B 628 588   23 -137
B 638 609   10 -136
B 648 678   10 -127
B 659 717   10 -115
B 671 740   10 -102
B 681 750   10  -89
B 691 755   10  -78
B 701 756   10  -66
B 712 759   10  -53
B 722 759   10  -41
pb end 
SSS v= 7692  t=  270 
SSS   54    22    22    -1
%P VOLT1   = 7623
%P VOLT2   = 7695
%P S2_SC   =  1.04
%P L_ANG_MAX = 270
S 7695    54    22    22
B   0 769  124   -1
B  10 769  124   -1
B  20 755  124   -1
B  31 668  124   -1
B  41 653  124   -1
B  51 653  124   -1
B  62 636  124   -1
B  73 604  124    5
B  83 581  124   14
B  94 579  124   23
B 104 594  124   33
B 115 615  124   43
B 125 628  124   52
B 135 632  121   63
B 145 628  105   74
B 156 623   87   86
B 166 625   67   99
B 176 637   48  111
B 186 664   41  125
B 196 694   41  138
B 206 713   41  151
B 216 724   41  164
B 227 731   41  178
B 237 735   41  191
B 247 737   41  201
pull out 209
B 258 739 -124  214
B 268 739 -124  225
B 278 660 -124  235
B 289 617 -124  243
B 299 627 -124  253
B 311 655 -124  263
B 322 677 -124  270
B 332 677 -124  276
B 343 632 -124  277
B 353 590 -124  277
B 364 570 -124  273
B 374 563 -124  260
B 385 578 -124  245
B 396 608 -124  230
B 406 638 -124  213
B 416 661 -124  197
B 427 676 -124  178
B 437 681 -124  157
B 448 681 -124  134
B 460 683 -124  109
B 471 688 -124   85
B 482 694 -124   59
B 493 701 -124   33
B 503 708 -124    8
push -18 -15
push out at target
B 514 714   83  -19
B 525 710   83  -30
B 535 685   83  -42
B 546 639   83  -58
B 556 620   83  -74
B 567 640   83  -89
B 578 664   83 -107
B 589 679   83 -124
B 599 651   83 -137
B 610 603   83 -143
B 620 578   36 -143
B 630 567   10 -143
B 640 653   10 -137
B 651 709   10 -125
B 662 736   10 -113
B 672 746   10 -101
B 682 753   10  -88
B 692 755   10  -76
B 702 757   10  -63
B 713 759   10  -51
pb end 
SSS v= 7688  t=  270 
SSS   57    22    25     3
%P VOLT1   = 7623
%P VOLT2   = 7688
%P S2_SC   =  1.04
%P L_ANG_MAX = 270
S 7685    57    22    25
B   0 768  124    3
B  10 768  124    3
B  21 759  124    3
B  31 668  124    3
B  41 650  124    3
B  51 644  124    3
B  61 630  124    3
B  71 603  124    6
B  81 584  124   14
B  91 581  124   23
B 101 592  124   31
B 111 609  124   41
B 121 622  124   50
B 131 627  124   59
B 141 625  108   71
B 151 622   91   82
B 161 622   73   94
B 171 625   55  107
B 181 630   41  119
B 191 667   41  133
B 202 689   41  147
B 212 714   41  162
B 222 725   41  175
B 232 731   41  187
B 243 735   41  201
pull out 203
B 253 737 -124  212
B 263 739 -124  225
B 273 734 -124  235
B 284 628 -124  246
B 294 615 -124  255
B 305 635 -124  264
B 316 661 -124  274
B 326 680 -124  281
B 337 662 -124  285
B 347 611 -124  285
B 358 578 -124  285
B 368 565 -124  278
B 378 564 -124  265
B 389 583 -124  251
B 399 614 -124  235
B 410 645 -124  217
B 420 664 -124  201
B 430 677 -124  184
B 440 680 -124  162
B 450 680 -124  143
B 460 681 -124  119
B 470 686 -124   99
B 480 691 -124   76
B 490 699 -124   51
B 500 706 -124   27
B 510 712 -124    1
push -15 -15
push out at target
B 520 715   83  -21
B 530 711   83  -33
B 540 689   83  -45
B 550 629   83  -61
B 560 624   83  -75
B 570 643   83  -90
B 581 668   83 -107
B 592 678   83 -124
B 602 645   83 -136
B 612 603   83 -141
B 622 577   32 -142
B 632 566    0 -141
B 642 640   10 -137
B 652 687   10 -125
B 662 723   10 -113
B 672 740   10 -102
B 684 750   10  -87
B 695 755   10  -72
B 706 757   10  -59
B 717 759   10  -46
B 727 759   10  -33
pb end 
SSS v= 7685  t=  270 
SSS   61    22    25    -2
%P VOLT1   = 7623
%P VOLT2   = 7685
%P S2_SC   =  1.04
%P L_ANG_MAX = 270
S 7685    61    22    25
B   0 768  124   -2
B  10 768  124   -2
B  20 690  124   -2
B  30 655  124   -2
B  41 653  124   -2
B  52 643  124   -1
B  62 617  124    2
B  72 591  124   10
B  82 577  124   18
B  92 582  124   27
B 102 600  124   37
B 112 618  124   46
B 122 629  124   55
B 132 630  115   66
B 142 626   99   77
B 152 622   81   89
B 162 623   63  102
B 172 627   43  114
B 182 669   41  127
B 192 696   41  141
B 203 717   41  155
B 213 725   41  168
B 223 731   41  181
B 233 734   41  193
B 243 737   41  204
pull out 210
B 253 738 -124  215
B 263 739 -124  227
B 273 739 -124  236
B 283 738 -124  247
B 293 639 -124  258
B 303 621 -124  265
B 313 634 -124  274
B 323 658 -124  283
B 333 678 -124  290
B 343 676 -124  295
B 354 629 -124  297
B 364 589 -124  297
B 375 568 -124  296
B 385 562 -124  284
B 395 574 -124  271
B 405 597 -124  257
B 416 626 -124  242
B 428 655 -124  223
B 438 669 -124  204
B 448 674 -124  187
B 459 675 -124  164
B 469 675 -124  142
B 479 680 -124  118
B 489 688 -124   97
B 499 697 -124   73
B 510 704 -124   47
B 520 711 -124   21
B 532 715 -124   -7
push -17 -15
push out at target
B 542 716   83  -25
B 552 703   83  -37
B 562 629   83  -49
B 572 623   83  -63
B 583 644   83  -77
B 593 668   83  -93
B 603 684   83 -106
B 613 661   83 -119
B 623 620   83 -125
B 633 586   41 -125
B 643 572   10 -125
B 654 668   10 -119
B 664 716   10 -106
B 674 736   10  -97
B 684 746   10  -84
B 694 752   10  -71
B 704 756   10  -57
B 714 757   10  -45
B 724 758   10  -33
pb end 
SSS v= 7685  t=  270 
SSS   64    22    25    -1
%P VOLT1   = 7623
%P VOLT2   = 7685
%P S2_SC   =  1.04
%P L_ANG_MAX = 270
S 7681    64    22    25
B   0 768  124   -1
B  10 768  124   -1
B  20 768  124   -1
B  31 694  124   -1
B  42 655  124   -1
B  52 655  124   -1
B  62 649  124   -1
B  72 624  124    1
B  82 593  124    8
B  92 577  124   17
B 102 581  124   27
B 112 596  124   35
B 122 617  124   45
B 132 630  124   54
B 142 632  120   64
B 152 628  102   75
B 162 623   87   87
B 172 622   66   99
B 182 625   48  111
B 192 655   41  125
B 202 682   41  139
B 212 706   41  153
B 222 721   41  166
B 232 728   41  179
B 242 732   41  191
B 252 736   41  203
pull out 209
B 262 737 -124  215
B 272 738 -124  226
B 283 662 -124  237
B 293 614 -124  245
B 303 622 -124  255
B 313 644 -124  263
B 323 668 -124  271
B 334 680 -124  278
B 344 646 -124  281
B 354 598 -124  281
B 364 574 -124  280
B 374 563 -124  271
B 385 566 -124  257
B 396 591 -124  242
B 406 623 -124  227
B 418 654 -124  207
B 429 672 -124  189
B 439 679 -124  168
B 449 680 -124  147
B 460 679 -124  125
B 471 683 -124  102
B 482 690 -124   77
B 492 697 -124   52
B 502 704 -124   27
B 512 710 -124    3
push -17 -15
push out at target
B 522 715   83  -21
B 532 665   83  -31
B 542 607   83  -42
B 552 615   83  -53
B 562 639   83  -63
B 572 666   83  -77
B 582 683   83  -88
B 592 672   83  -97
B 602 628   67 -102
B 612 594   32 -102
B 622 615   10 -102
B 632 669   10  -97
B 642 710   10  -85
B 652 733   10  -74
B 662 746   10  -64
B 672 752   10  -51
B 682 755   10  -39
B 692 757   10  -25
B 703 758   10  -11
pb end 
SSS v= 7678  t=  270 
SSS   67    22    25    -4
%P VOLT1   = 7623
%P VOLT2   = 7678
%P S2_SC   =  1.04
%P L_ANG_MAX = 270
S 7678    67    22    25
B   0 768  125   -4
B  11 769  125   -4
B  21 768  125   -4
B  31 767  125   -4
B  41 676  125   -4
B  51 655  125   -4
B  62 663  125   -4
B  73 667  125   -3
B  83 646  125   -2
B  93 613  125    5
B 103 588  125   13
B 113 577  125   23
B 123 588  125   34
B 133 609  125   43
B 143 626  125   53
B 153 636  121   63
B 163 635  104   75
B 173 628   87   86
B 183 624   67   99
B 193 624   48  111
B 203 670   41  125
B 213 694   41  139
B 224 716   41  153
B 236 727   41  168
B 247 732   41  182
B 258 736   41  195
B 268 737   41  207
pull out 211
B 279 738 -125  218
B 289 738 -125  229
B 299 738 -125  239
B 311 646 -125  251
B 321 619 -125  259
B 331 632 -125  268
B 341 655 -125  277
B 352 677 -125  285
B 363 673 -125  291
B 374 624 -125  291
B 384 581 -125  291
B 394 569 -125  289
B 404 565 -125  276
B 416 579 -125  261
B 426 607 -125  247
B 436 634 -125  232
B 446 656 -125  215
B 456 668 -125  199
B 466 674 -125  179
B 476 675 -125  158
B 486 676 -125  137
B 496 681 -125  115
B 506 688 -125   92
B 516 696 -125   69
B 526 703 -125   45
B 536 710 -125   21
B 546 713 -125   -5
push -18 -15
push out at target
B 556 716   83  -23
B 567 703   83  -35
B 577 645   83  -49
B 587 623   83  -63
B 597 639   83  -77
B 607 660   83  -92
B 617 680   83 -107
B 628 668   83 -122
B 638 627   83 -129
B 648 590   50 -131
B 658 572    6 -131
B 668 637   10 -129
B 678 701   10 -117
B 688 728   10 -105
B 698 742   10  -96
B 708 750   10  -83
B 719 754   10  -69
B 729 756   10  -57
B 740 758   10  -45
B 750 759   10  -32
pb end 
SSS v= 7678  t=  270 
SSS   70    22    25     3
%P VOLT1   = 7623
%P VOLT2   = 7678
%P S2_SC   =  1.04
%P L_ANG_MAX = 270
S 7678    70    22    25
B   0 768  125    3
B  10 767  125    3
B  20 751  125    3
B  30 668  125    3
B  40 653  125    3
B  50 651  125    3
B  60 634  125    3
B  70 606  125    5
B  80 585  125   13
B  90 579  125   22
B 100 589  125   31
B 111 608  125   41
B 121 624  125   51
B 131 630  124   61
B 141 629  109   72
B 151 624   90   83
B 161 622   72   95
B 171 624   52  109
B 181 633   41  122
B 191 684   41  135
B 202 710   41  149
B 212 723   41  163
B 223 729   41  176
B 234 733   41  189
B 244 736   41  202
pull out 209
B 254 738 -125  213
B 265 739 -125  225
B 276 679 -125  236
B 286 616 -125  243
B 296 617 -125  253
B 306 640 -125  262
B 316 663 -125  269
B 326 681 -125  276
B 336 667 -125  279
B 346 615 -125  280
B 356 579 -125  279
B 367 565 -125  273
B 378 565 -125  259
B 388 584 -125  245
B 398 612 -125  231
B 408 640 -125  215
B 418 662 -125  198
B 428 675 -125  180
B 439 679 -125  159
B 449 678 -125  137
B 459 681 -125  115
B 469 685 -125   95
B 479 691 -125   71
B 489 698 -125   47
B 500 705 -125   21
B 510 712 -125   -5
push -15 -15
push out at target
B 520 715   83  -24
B 530 705   83  -35
B 540 676   83  -47
B 550 623   83  -63
B 560 627   83  -76
B 571 650   83  -93
B 581 674   83 -109
B 591 678   83 -124
B 602 639   83 -135
B 613 593   76 -140
B 623 572   28 -140
B 633 587   10 -139
B 643 679   10 -131
B 654 719   10 -119
B 665 739   10 -108
B 676 748   10  -95
B 686 754   10  -82
B 696 755   10  -71
B 707 757   10  -58
B 719 758   10  -45
pb end 
SSS v= 7678  t=  270 
SSS   74    22    25     3
%P VOLT1   = 7623
%P VOLT2   = 7674
%P S2_SC   =  1.04
%P L_ANG_MAX = 270
S 7678    74    22    25
B   0 767  125    3
B  10 767  125    3
B  20 767  125    3
B  30 694  125    3
B  41 652  125    3
B  52 645  125    3
B  63 630  125    3
B  73 605  125    5
B  83 584  125   13
B  93 580  125   22
B 103 590  125   31
B 113 607  125   39
B 123 622  125   49
B 133 627  125   59
B 143 626  110   70
B 153 623   96   81
B 163 622   75   93
B 173 624   57  106
B 183 629   41  119
B 193 673   41  131
B 203 705   41  146
B 213 719   41  159
B 223 726   41  171
B 233 731   41  183
B 243 734   41  195
B 253 736   41  207
pull out 213
B 263 738 -125  218
B 273 739 -125  229
B 283 739 -125  239
B 293 738 -125  250
B 304 640 -125  261
B 315 624 -125  269
B 325 641 -125  279
B 336 665 -125  287
B 348 681 -125  295
B 358 655 -125  299
B 369 607 -125  299
B 379 576 -125  299
B 389 565 -125  291
B 400 565 -125  278
B 410 588 -125  263
B 421 618 -125  248
B 432 647 -125  231
B 442 665 -125  213
B 453 673 -125  194
B 464 674 -125  172
B 475 675 -125  149
B 486 679 -125  123
B 496 687 -125  101
B 506 694 -125   78
B 517 703 -125   51
B 529 711 -125   22
B 540 715 -125   -5
push -17 -15
push out at target
B 550 716   83  -25
B 560 705   83  -37
B 571 635   83  -51
B 582 622   83  -67
B 592 643   83  -81
B 603 668   83  -99
B 614 681   83 -114
B 625 651   83 -126
B 635 607   83 -131
B 645 579   32 -131
B 655 578   10 -131
B 665 675   10 -125
B 676 718   10 -113
B 687 738   10 -102
B 697 748   10  -89
B 709 753   10  -75
B 719 756   10  -62
B 730 757   10  -50
B 740 758   10  -37
pb end 
SSS v= 7674  t=  270 
SSS   79    22    25     4
%P VOLT1   = 7623
%P VOLT2   = 7674
%P S2_SC   =  1.04
%P L_ANG_MAX = 270
S 7674    79    22    25
B   0 767  125    4
B  10 767  125    4
B  21 767  125    4
B  31 754  125    4
B  41 667  125    4
B  51 652  125    4
B  61 652  125    4
B  71 641  125    4
B  81 614  125    5
B  92 585  125   12
B 103 575  125   23
B 113 587  125   31
B 123 606  125   41
B 133 623  125   50
B 143 630  125   59
B 153 629  110   70
B 163 623   95   82
B 173 620   75   94
B 183 622   55  106
B 193 629   41  119
B 203 663   41  133
B 213 683   41  146
B 223 711   41  161
B 233 723   41  174
B 243 729   41  187
B 253 733   41  199
pull out 205
B 263 735 -125  211
B 274 737 -125  223
B 285 704 -125  236
B 295 622 -125  244
B 305 612 -125  254
B 315 631 -125  263
B 326 658 -125  272
B 337 678 -125  279
B 347 663 -125  283
B 358 608 -125  284
B 368 578 -125  283
B 379 563 -125  277
B 390 566 -125  263
B 401 586 -125  247
B 411 617 -125  232
B 421 644 -125  217
B 433 667 -125  197
B 443 677 -125  179
B 453 679 -125  157
B 463 679 -125  136
B 473 681 -125  114
B 483 686 -125   91
B 493 692 -125   69
B 503 700 -125   45
B 514 707 -125   18
B 524 712 -125   -9
push -15 -15
push out at target
B 534 715   83  -25
B 544 700   83  -35
B 554 666   83  -47
B 564 622   83  -63
B 574 633   83  -76
B 585 657   83  -93
B 595 677   83 -109
B 605 674   83 -123
B 615 634   83 -132
B 625 591   67 -135
B 635 573   15 -135
B 645 599   10 -135
B 655 676   10 -126
B 666 717   10 -113
B 676 738   10 -103
B 686 747   10  -91
B 697 753   10  -79
B 707 755   10  -66
B 718 756   10  -53
B 728 758   10  -41
pb end 
SSS v= 7671  t=  270 
SSS   85    22    25     1
%P VOLT1   = 7623
%P VOLT2   = 7671
%P S2_SC   =  1.04
%P L_ANG_MAX = 270
S 7671    85    22    25
B   0 767  125    1
B  10 767  125    1
B  20 688  125    1
B  30 654  125    1
B  40 652  125    1
B  50 646  125    1
B  60 622  125    2
B  70 593  125    9
B  80 575  125   17
B  90 580  125   26
B 100 597  125   35
B 110 617  125   45
B 120 627  125   54
B 130 630  119   65
B 140 625  103   75
B 150 620   84   87
B 160 625   66   99
B 170 641   46  112
B 180 666   41  125
B 190 698   41  139
B 200 714   41  151
B 210 724   41  165
B 220 730   41  177
B 230 734   41  189
B 240 736   41  201
pull out 207
B 250 737 -125  211
B 261 738 -125  223
B 272 664 -125  234
B 283 615 -125  242
B 293 624 -125  251
B 303 649 -125  259
B 313 671 -125  267
B 323 681 -125  273
B 335 641 -125  275
B 346 592 -125  275
B 356 569 -125  273
B 366 561 -125  261
B 377 572 -125  247
B 387 600 -125  232
B 398 631 -125  216
B 410 659 -125  197
B 421 672 -125  178
B 431 677 -125  156
B 441 678 -125  135
B 451 679 -125  115
B 462 684 -125   91
B 472 690 -125   67
B 482 697 -125   43
B 492 704 -125   19
B 503 711 -125   -7
push -17 -15
push out at target
B 513 713   83  -25
B 524 699   83  -37
B 535 667   83  -52
B 545 620   83  -68
B 555 628   83  -83
B 565 648   83  -99
B 575 670   83 -115
B 585 673   83 -131
B 595 638   83 -141
B 605 597   76 -146
B 615 575   32 -146
B 625 564   10 -146
B 635 663   10 -138
B 645 708   10 -126
B 655 732   10 -115
B 665 745   10 -103
B 675 750   10  -91
B 685 754   10  -79
B 695 755   10  -66
B 705 757   10  -54
pb end 
SSS v= 7671  t=  270 
SSS   89    22    25     2
%P VOLT1   = 7623
%P VOLT2   = 7667
%P S2_SC   =  1.04
%P L_ANG_MAX = 270
S 7667    89    22    25
B   0 767  125    2
B  11 767  125    2
B  21 706  125    2
B  31 655  125    2
B  41 646  125    2
B  51 637  125    3
B  62 614  125    3
B  73 588  125   11
B  83 580  125   19
B  93 588  125   28
B 103 604  125   37
B 113 618  125   47
B 123 624  125   56
B 133 625  116   67
B 143 622  100   78
B 153 621   80   91
B 163 623   61  103
B 174 627   41  115
B 185 671   41  130
B 196 704   41  145
B 206 719   41  159
B 217 727   41  173
B 228 732   41  185
B 239 734   41  198
pull out 205
B 251 737 -125  213
B 262 738 -125  224
B 272 687 -125  235
B 283 617 -125  243
B 293 619 -125  253
B 304 642 -125  262
B 315 668 -125  270
B 326 681 -125  277
B 337 647 -125  279
B 348 597 -125  279
B 358 572 -125  279
B 369 563 -125  267
B 380 572 -125  252
B 390 598 -125  237
B 402 633 -125  219
B 412 656 -125  203
B 423 671 -125  184
B 433 677 -125  163
B 443 678 -125  143
B 453 679 -125  120
B 463 683 -125   99
B 473 689 -125   77
B 483 696 -125   53
B 493 703 -125   29
B 503 709 -125    3
push -15 -15
push out at target
B 513 713   83  -20
B 523 711   83  -31
B 533 688   83  -42
B 543 639   83  -57
B 553 620   83  -73
B 563 639   83  -87
B 573 660   83 -103
B 583 679   83 -119
B 593 662   83 -133
B 603 618   83 -141
B 613 584   58 -142
B 623 568    0 -142
B 634 627   10 -141
B 644 695   10 -128
B 654 725   10 -117
B 664 740   10 -107
B 675 749   10  -93
B 686 753   10  -79
B 697 755   10  -67
B 707 757   10  -54
B 718 758   10  -42
pb end 
SSS v= 7671  t=  270 
SSS   93    22    25     3
%P VOLT1   = 7623
%P VOLT2   = 7671
%P S2_SC   =  1.04
%P L_ANG_MAX = 270
S 7671    93    22    25
B   0 767  125    3
B  10 767  125    3
B  20 767  125    3
B  30 695  125    3
B  40 652  125    3
B  51 646  125    3
B  61 634  125    3
B  71 611  125    3
B  82 587  125   11
B  92 581  125   21
B 103 590  125   30
B 113 607  125   39
B 123 620  125   49
B 133 626  125   59
B 143 625  112   69
B 153 622   95   81
B 163 622   78   93
B 173 633   57  106
B 183 646   41  118
B 193 680   41  131
B 203 702   41  145
B 213 717   41  157
B 223 726   41  171
B 233 731   41  183
B 243 734   41  195
B 253 736   41  207
pull out 208
B 263 737 -125  217
B 273 738 -125  227
B 283 658 -125  237
B 294 615 -125  245
B 304 626 -125  255
B 314 650 -125  263
B 325 674 -125  271
B 335 680 -125  277
B 345 641 -125  279
B 355 597 -125  279
B 365 574 -125  278
B 375 563 -125  267
B 385 569 -125  254
B 395 593 -125  239
B 405 620 -125  225
B 416 648 -125  207
B 426 667 -125  189
B 436 677 -125  171
B 446 679 -125  149
B 456 680 -125  129
B 466 683 -125  107
B 476 687 -125   85
B 487 693 -125   59
B 498 701 -125   33
B 508 709 -125    7
push -15 -15
push out at target
B 518 713   83  -17
B 528 711   83  -30
B 538 615   83  -43
B 548 608   83  -55
B 558 630   83  -66
B 568 655   83  -79
B 578 677   83  -93
B 588 673   83 -105
B 599 629   83 -112
B 609 592   44 -113
B 619 593    0 -113
B 629 679   10 -111
B 640 720   10  -99
B 650 738   10  -90
B 660 747   10  -79
B 670 752   10  -68
B 680 754   10  -57
B 691 756   10  -45
B 703 758   10  -32
B 714 758   10  -21
pb end 
SSS v= 7667  t=  270 
SSS   97    22    25     3
%P VOLT1   = 7623
%P VOLT2   = 7667
%P S2_SC   =  1.04
%P L_ANG_MAX = 270
S 7667    97    22    25
B   0 766  125    3
B  10 765  125    3
B  21 669  125    3
B  31 652  125    3
B  41 653  125    3
B  51 647  125    3
B  61 620  125    4
B  71 590  125   10
B  81 575  125   19
B  91 578  125   28
B 101 598  125   38
B 111 617  125   47
B 121 630  125   56
B 131 632  116   67
B 142 626   98   79
B 153 619   78   91
B 163 620   60  104
B 174 633   41  119
B 184 689   41  133
B 195 709   41  147
B 205 721   41  160
B 216 727   41  173
B 227 732   41  186
B 237 734   41  198
B 247 736   41  209
pull out 211
B 258 737 -125  220
B 268 737 -125  231
B 279 736 -125  242
B 289 648 -125  253
B 299 619 -125  259
B 309 631 -125  269
B 319 653 -125  277
B 329 675 -125  284
B 339 679 -125  290
B 351 634 -125  292
B 361 590 -125  292
B 371 570 -125  291
B 381 563 -125  279
B 391 571 -125  267
B 401 596 -125  252
B 411 624 -125  237
B 421 647 -125  222
B 431 665 -125  204
B 441 673 -125  186
B 451 674 -125  167
B 461 674 -125  146
B 471 678 -125  122
B 481 684 -125  101
B 491 691 -125   78
B 501 700 -125   54
B 511 706 -125   30
B 522 711 -125    3
push -15 -15
push out at target
B 532 714   83  -21
B 542 710   83  -32
B 552 674   83  -45
B 562 623   83  -60
B 572 630   83  -72
B 582 651   83  -88
B 592 672   83 -103
B 603 677   83 -119
B 613 639   83 -129
B 623 596   76 -133
B 633 574   24 -133
B 644 605   10 -133
B 654 686   10 -124
B 666 725   10 -110
B 677 740   10  -99
B 688 749   10  -86
B 698 753   10  -73
B 709 755   10  -61
B 719 757   10  -48
B 730 758   10  -36
pb end 
SSS v= 7660  t=  270 
SSS  101    22    25     2
%P VOLT1   = 7623
%P VOLT2   = 7664
%P S2_SC   =  1.04
%P L_ANG_MAX = 270
S 7664   101    22    25
B   0 766  125    2
B  10 756  125    2
B  20 667  125    2
B  30 651  125    2
B  41 650  125    2
B  52 633  125    2
B  62 604  125    5
B  72 582  125   14
B  83 577  125   23
B  93 592  125   33
B 104 611  125   43
B 114 624  125   53
B 126 629  121   65
B 136 625  103   76
B 146 621   84   87
B 156 622   64  101
B 166 625   46  113
B 176 655   41  126
B 186 697   41  140
B 196 715   41  153
B 206 723   41  166
B 216 729   41  179
B 226 732   41  190
B 236 734   41  202
pull out 209
B 246 736 -125  213
B 256 738 -125  223
B 266 685 -125  234
B 276 617 -125  241
B 287 619 -125  251
B 297 642 -125  260
B 307 664 -125  267
B 317 681 -125  274
B 328 659 -125  277
B 338 609 -125  277
B 350 576 -125  277
B 360 564 -125  267
B 371 568 -125  253
B 382 593 -125  238
B 392 623 -125  221
B 402 648 -125  207
B 413 668 -125  187
B 423 677 -125  167
B 434 679 -125  145
B 444 679 -125  123
B 456 682 -125   99
B 467 689 -125   73
B 477 695 -125   49
B 488 703 -125   23
B 500 710 -125   -7
push -15 -15
push out at target
B 511 712   83  -26
B 521 697   83  -37
B 532 666   83  -51
B 542 620   83  -66
B 552 629   83  -81
B 562 650   83  -97
B 572 670   83 -113
B 583 673   83 -129
B 594 628   83 -141
B 605 587   83 -143
B 615 569    5 -143
B 626 563   10 -143
B 636 565   10 -131
B 646 638   10 -117
B 656 696   10 -105
B 666 726   10  -93
B 676 740   10  -81
B 686 748   10  -66
B 697 752   10  -52
B 708 754   10  -38
pb end 
SSS v= 7660  t=  270 
SSS  106    22    25    -2
%P VOLT1   = 7623
%P VOLT2   = 7657
%P S2_SC   =  1.04
%P L_ANG_MAX = 270
S 7657   106    22    25
B   0 766  125   -2
B  10 766  125   -2
B  20 765  125   -2
B  31 706  125   -2
B  41 656  125   -2
B  51 654  125   -2
B  61 654  125   -1
B  71 633  125   -1
B  81 601  125    5
B  91 577  125   14
B 101 574  125   23
B 111 588  125   33
B 122 611  125   43
B 133 627  125   53
B 143 632  121   63
B 153 627  104   74
B 163 622   86   86
B 173 619   67   98
B 183 623   49  111
B 193 647   41  123
B 203 677   41  138
B 214 703   41  152
B 225 719   41  167
B 236 727   41  181
B 246 731   41  194
B 257 733   41  207
pull out 209
B 268 736 -125  219
B 278 736 -125  231
B 288 635 -125  240
B 298 610 -125  248
B 308 624 -125  257
B 318 649 -125  266
B 328 671 -125  273
B 339 673 -125  279
B 349 631 -125  281
B 359 591 -125  281
B 369 569 -125  279
B 379 562 -125  268
B 389 568 -125  255
B 399 594 -125  240
B 409 622 -125  226
B 419 648 -125  210
B 429 666 -125  193
B 440 676 -125  171
B 450 678 -125  151
B 460 677 -125  131
B 470 680 -125  109
B 480 685 -125   86
B 490 691 -125   62
B 500 700 -125   38
B 510 706 -125   14
B 520 712 -125  -13
push -17 -15
push out at target
B 530 712   83  -27
B 540 699   83  -39
B 550 666   83  -52
B 560 620   83  -67
B 570 630   83  -81
B 580 653   83  -98
B 590 673   83 -113
B 601 672   83 -129
B 611 630   83 -139
B 622 590   76 -143
B 632 570   20 -143
B 644 627   10 -141
B 654 684   10 -130
B 664 718   10 -118
B 674 738   10 -108
B 684 746   10  -96
B 695 751   10  -82
B 705 754   10  -69
B 715 755   10  -57
B 725 756   10  -45
pb end 
SSS v= 7657  t=  270 
SSS  110    22    28    -1
%P VOLT1   = 7623
%P VOLT2   = 7657
%P S2_SC   =  1.04
%P L_ANG_MAX = 270
S 7657   110    22    28
B   0 765  125   -1
B  10 766  125   -1
B  20 765  125   -1
B  30 689  125   -1
B  40 652  125   -1
B  52 646  125   -1
B  62 635  125   -1
B  72 611  125    3
B  82 587  125   11
B  92 578  125   19
B 102 586  125   29
B 112 603  125   37
B 122 619  125   47
B 132 626  125   56
B 143 625  115   67
B 153 621   96   79
B 163 620   78   91
B 173 622   60  104
B 184 627   41  117
B 194 662   41  131
B 204 680   41  145
B 215 709   41  159
B 225 722   41  173
B 235 727   41  186
B 245 731   41  198
pull out 207
B 255 734 -125  210
B 266 736 -125  223
B 278 709 -125  235
B 288 618 -125  244
B 298 611 -125  253
B 308 631 -125  263
B 319 657 -125  271
B 330 676 -125  279
B 340 662 -125  283
B 352 604 -125  283
B 363 576 -125  283
B 373 565 -125  274
B 384 568 -125  260
B 395 590 -125  245
B 405 620 -125  229
B 416 647 -125  212
B 427 667 -125  193
B 438 676 -125  171
B 448 678 -125  150
B 459 679 -125  127
B 470 683 -125  103
B 480 688 -125   79
B 490 695 -125   55
B 502 703 -125   27
B 513 710 -125   -1
push -15 -15
push out at target
B 523 713   83  -22
B 533 705   83  -33
B 544 678   83  -46
B 554 623   83  -62
B 565 627   83  -76
B 575 652   83  -95
B 585 672   83 -109
B 596 676   83 -125
B 607 633   83 -137
B 617 590   83 -141
B 627 570   24 -141
B 637 579   10 -141
B 647 659   10 -133
B 657 704   10 -121
B 667 730   10 -109
B 677 742   10  -98
B 687 748   10  -86
B 697 753   10  -74
B 707 754   10  -61
B 717 756   10  -50
B 727 756   10  -38
pb end 
SSS v= 7657  t=  270 
SSS  113    22    28    -1
%P VOLT1   = 7623
%P VOLT2   = 7657
%P S2_SC   =  1.04
%P L_ANG_MAX = 270
S 7657   113    22    28
B   0 765  125   -1
B  12 765  125   -1
B  22 765  125   -1
B  32 765  125   -1
B  42 676  125   -1
B  52 652  125   -1
B  62 652  125   -1
B  72 640  125   -1
B  82 613  125    2
B  92 590  125   10
B 102 577  125   19
B 112 582  125   27
B 122 601  125   37
B 132 617  125   47
B 142 627  125   56
B 152 628  116   67
B 162 624   98   78
B 172 620   81   90
B 182 622   61  102
B 192 625   43  115
B 202 668   41  129
B 212 696   41  142
B 222 713   41  155
B 232 724   41  168
B 242 728   41  180
B 252 731   41  191
B 262 734   41  204
pull out 211
B 272 736 -125  215
B 282 737 -125  225
B 293 737 -125  236
B 303 734 -125  247
B 313 638 -125  257
B 323 619 -125  264
B 333 634 -125  274
B 343 655 -125  282
B 353 676 -125  289
B 363 674 -125  295
B 373 631 -125  296
B 383 588 -125  296
B 393 569 -125  295
B 403 562 -125  285
B 413 569 -125  272
B 424 593 -125  257
B 434 623 -125  241
B 444 646 -125  226
B 454 662 -125  209
B 464 671 -125  191
B 476 674 -125  167
B 486 674 -125  143
B 496 678 -125  122
B 507 686 -125   98
B 517 693 -125   74
B 528 701 -125   48
B 539 708 -125   22
B 551 713 -125   -9
push -17 -15
push out at target
B 561 714   83  -25
B 571 701   83  -37
B 581 631   83  -49
B 592 623   83  -65
B 602 645   83  -79
B 612 667   83  -94
B 622 682   83 -109
B 633 656   83 -121
B 644 609   83 -127
B 654 579   36 -127
B 664 574   10 -127
B 674 673   10 -121
B 686 718   10 -107
B 697 737   10  -96
B 707 746   10  -83
B 718 751   10  -69
B 728 755   10  -57
B 738 755   10  -45
B 748 755   10  -32
pb end 
SSS v= 7653  t=  270 
SSS  118    22    28    -2
%P VOLT1   = 7623
%P VOLT2   = 7653
%P S2_SC   =  1.05
%P L_ANG_MAX = 270
S 7653   118    22    28
B   0 765  125   -2
B  11 765  125   -2
B  21 765  125   -2
B  31 683  125   -2
B  41 653  125   -2
B  51 653  125   -2
B  61 647  125   -2
B  71 624  125   -1
B  81 595  125    7
B  91 575  125   17
B 101 576  125   26
B 111 594  125   35
B 121 614  125   43
B 131 627  125   54
B 141 630  121   63
B 151 625  106   74
B 161 620   86   86
B 171 618   67   98
B 181 622   49  110
B 191 652   41  123
B 201 677   41  137
B 211 703   41  150
B 221 718   41  163
B 231 725   41  177
B 241 730   41  189
B 251 733   41  201
pull out 206
B 261 734 -125  212
B 271 736 -125  223
B 281 674 -125  234
B 291 614 -125  241
B 301 615 -125  251
B 312 638 -125  260
B 322 664 -125  268
B 332 678 -125  275
B 342 657 -125  278
B 352 607 -125  278
B 363 575 -125  277
B 374 561 -125  269
B 384 565 -125  255
B 394 586 -125  242
B 404 616 -125  227
B 416 645 -125  209
B 426 665 -125  191
B 436 674 -125  173
B 446 677 -125  151
B 456 677 -125  131
B 467 679 -125  109
B 478 685 -125   84
B 489 693 -125   58
B 499 699 -125   32
B 509 706 -125    9
B 521 711 -125  -20
push -20 -15
push out at target
B 532 706   83  -31
B 543 679   83  -44
B 553 625   83  -61
B 563 621   83  -74
B 574 643   83  -90
B 584 666   83 -108
B 594 678   83 -122
B 605 646   83 -135
B 615 601   83 -141
B 626 574   41 -141
B 636 564   10 -141
B 647 636   10 -134
B 657 683   10 -121
B 667 718   10 -109
B 677 738   10  -98
B 687 747   10  -86
B 698 751   10  -72
B 709 754   10  -59
B 719 755   10  -46
pb end 
SSS v= 7685  t=  270 
SSS  124    22    28     1
%P VOLT1   = 7623
%P VOLT2   = 7685
%P S2_SC   =  1.04
%P L_ANG_MAX = 270
S 7685   124    22    28
B   0 768  124    1
B  10 768  124    1
B  20 768  124    1
B  30 680  124    1
B  40 655  124    1
B  50 656  124    1
B  60 651  124    1
B  70 624  124    2
B  80 594  124    8
B  90 576  124   17
B 101 580  124   27
B 112 600  124   37
B 123 622  124   47
B 133 630  124   58
B 143 630  114   67
B 153 625   97   79
B 164 621   79   91
B 174 622   60  105
B 185 631   41  118
B 195 658   41  131
B 206 684   41  146
B 217 711   41  161
B 228 725   41  177
B 238 730   41  189
B 249 734   41  202
pull out 203
B 260 737 -124  215
B 270 738 -124  227
B 281 656 -124  238
B 291 610 -124  247
B 301 618 -124  255
B 312 644 -124  265
B 322 669 -124  273
B 333 676 -124  279
B 343 644 -124  281
B 353 595 -124  281
B 363 573 -124  281
B 373 564 -124  271
B 384 570 -124  256
B 394 593 -124  243
B 405 625 -124  226
B 415 652 -124  210
B 426 670 -124  191
B 436 678 -124  171
B 446 679 -124  151
B 457 679 -124  127
B 469 683 -124  102
B 480 690 -124   77
B 491 698 -124   51
B 501 706 -124   25
B 513 712 -124   -5
push -17 -15
push out at target
B 524 715   83  -23
B 534 702   83  -33
B 545 666   83  -47
B 556 624   83  -63
B 567 639   83  -77
B 577 663   83  -93
B 588 682   83 -109
B 599 668   83 -123
B 609 624   83 -130
B 619 588   49 -131
B 629 572    0 -131
B 639 600   10 -129
B 649 644   10 -116
B 659 694   10 -104
B 670 728   10  -92
B 680 743   10  -77
B 690 751   10  -64
B 701 755   10  -50
B 712 757   10  -36
B 723 758   10  -21
pb end 
SSS v= 7678  t=  270 
SSS  130    22    28    -3
%P VOLT1   = 7623
%P VOLT2   = 7678
%P S2_SC   =  1.04
%P L_ANG_MAX = 270
S 7678   130    22    28
B   0 767  125   -3
B  10 767  125   -3
B  20 767  125   -3
B  31 734  125   -3
B  41 663  125   -3
B  51 655  125   -3
B  62 662  125   -3
B  73 647  125   -3
B  83 613  125    3
B  94 584  125   12
B 104 574  125   22
B 114 584  125   31
B 125 608  125   42
B 136 628  125   51
B 146 634  122   63
B 156 631  107   73
B 166 624   89   85
B 176 621   69   98
B 186 623   51  110
B 197 648   41  123
B 208 670   41  139
B 218 703   41  153
B 228 719   41  166
B 238 727   41  179
B 248 732   41  192
B 258 734   41  205
pull out 210
B 268 737 -125  216
B 278 738 -125  227
B 288 652 -125  238
B 298 610 -125  246
B 308 620 -125  255
B 318 643 -125  264
B 328 666 -125  271
B 338 678 -125  278
B 349 643 -125  281
B 359 599 -125  281
B 369 573 -125  280
B 379 563 -125  271
B 390 567 -125  258
B 400 590 -125  243
B 410 619 -125  229
B 420 647 -125  212
B 430 666 -125  195
B 441 677 -125  175
B 451 678 -125  155
B 461 678 -125  132
B 471 680 -125  113
B 481 686 -125   89
B 491 693 -125   65
B 501 701 -125   42
B 512 708 -125   15
B 523 713 -125  -14
push -17 -15
push out at target
B 533 713   83  -29
B 543 699   83  -41
B 554 655   83  -56
B 564 618   83  -73
B 574 633   83  -88
B 584 654   83 -104
B 594 674   83 -121
B 604 666   83 -135
B 614 624   83 -145
B 624 589   76 -147
B 634 570    6 -147
B 644 610   10 -147
B 654 686   10 -137
B 664 721   10 -125
B 674 739   10 -113
B 684 747   10 -102
B 695 753   10  -88
B 706 755   10  -75
B 716 757   10  -63
B 726 758   10  -52
pb end 
SSS v= 7667  t=  270 
SSS  135    22    28     4
%P VOLT1   = 7623
%P VOLT2   = 7667
%P S2_SC   =  1.04
%P L_ANG_MAX = 270
S 7667   135    22    28
B   0 767  125    4
B  10 767  125    4
B  20 767  125    4
B  30 733  125    4
B  41 659  125    4
B  52 649  125    4
B  62 642  125    4
B  72 621  125    5
B  82 596  125    9
B  92 580  125   17
B 102 579  125   26
B 112 593  125   35
B 122 611  125   43
B 132 624  125   53
B 142 627  121   63
B 152 625  104   74
B 162 621   87   86
B 172 620   67   98
B 182 624   49  110
B 193 643   41  125
B 204 668   41  139
B 214 696   41  153
B 224 715   41  167
B 234 725   41  180
B 245 730   41  194
B 256 734   41  207
pull out 207
B 266 736 -125  219
B 276 738 -125  230
B 287 652 -125  242
B 297 610 -125  250
B 307 619 -125  259
B 317 642 -125  268
B 328 668 -125  276
B 339 676 -125  283
B 350 636 -125  285
B 360 593 -125  285
B 371 570 -125  283
B 382 564 -125  270
B 392 575 -125  255
B 403 602 -125  240
B 414 636 -125  222
B 424 658 -125  206
B 434 672 -125  189
B 444 679 -125  168
B 455 680 -125  146
B 465 680 -125  122
B 475 684 -125  102
B 486 690 -125   76
B 496 698 -125   51
B 507 706 -125   25
B 519 712 -125   -5
push -17 -15
push out at target
B 529 715   83  -23
B 540 701   83  -34
B 551 665   83  -47
B 561 624   83  -62
B 572 638   83  -75
B 582 661   83  -92
B 592 680   83 -107
B 602 677   83 -121
B 612 634   83 -130
B 622 595   67 -133
B 633 573   15 -133
B 643 609   10 -132
B 654 687   10 -119
B 665 722   10 -106
B 675 740   10  -95
B 685 748   10  -83
B 695 752   10  -70
B 705 755   10  -57
B 716 756   10  -45
B 726 758   10  -32
pb end 
SSS v= 7667  t=  280 
SSS  140    22    28    -1
%P VOLT1   = 7623
%P VOLT2   = 7671
%P S2_SC   =  1.04
%P L_ANG_MAX = 280
S 7667   140    22    28
B   0 767  125   -1
B  10 766  125   -1
B  20 764  125   -1
B  30 673  125   -1
B  40 652  125   -1
B  50 653  125   -1
B  61 641  125   -1
B  71 610  125    3
B  81 583  125   11
B  91 575  125   20
B 101 584  125   29
B 111 605  125   39
B 122 623  125   48
B 133 631  125   59
B 143 628  113   70
B 153 622   96   82
B 163 619   79   94
B 173 622   62  106
B 183 631   43  119
B 193 668   41  132
B 203 692   41  147
B 213 713   41  160
B 223 724   41  174
B 233 729   41  186
B 243 733   41  198
B 253 736   41  210
pull out 217
B 263 737 -125  221
B 273 734 -125  231
B 283 629 -125  242
B 294 613 -125  250
B 304 631 -125  259
B 314 656 -125  269
B 324 676 -125  275
B 334 670 -125  280
B 344 624 -125  281
B 355 584 -125  281
B 366 567 -125  277
B 376 562 -125  263
B 386 576 -125  251
B 396 608 -125  235
B 407 636 -125  219
B 418 660 -125  201
B 429 674 -125  181
B 439 678 -125  161
B 450 677 -125  138
B 460 680 -125  115
B 470 684 -125   95
B 481 691 -125   69
B 491 699 -125   43
B 501 706 -125   19
B 512 711 -125   -7
push -15 -15
push out at target
B 522 713   83  -25
B 533 619   83  -38
B 543 606   83  -49
B 553 626   83  -59
B 563 653   83  -72
B 573 675   83  -84
B 583 682   83  -95
B 593 645   83 -103
B 603 605   58 -105
B 613 580    6 -105
B 623 664   10 -105
B 633 711   10  -95
B 643 734   10  -85
B 653 744   10  -77
B 663 750   10  -65
B 673 753   10  -54
B 683 756   10  -42
B 693 757   10  -32
B 703 758   10  -21
B 713 758   10  -10
pb end 
SSS v= 7667  t=  280 
SSS  145    22    28    -2
%P VOLT1   = 7623
%P VOLT2   = 7667
%P S2_SC   =  1.04
%P L_ANG_MAX = 280
S 7667   145    22    28
B   0 766  125   -2
B  10 766  125   -2
B  20 766  125   -2
B  30 766  125   -2
B  40 685  125   -2
B  50 655  125   -2
B  61 657  125   -2
B  72 653  125   -2
B  82 629  125   -1
B  92 598  125    7
B 102 580  125   15
B 112 580  125   25
B 122 593  125   35
B 132 613  125   45
B 142 628  125   55
B 152 632  118   65
B 162 630  102   77
B 172 624   85   89
B 182 622   68  102
B 192 625   50  114
B 202 666   41  128
B 212 690   41  142
B 223 713   41  156
B 233 723   41  169
B 244 730   41  183
B 254 733   41  195
B 264 735   41  207
pull out 218
B 275 737 -125  219
B 286 738 -125  231
B 297 737 -125  243
B 307 688 -125  253
B 318 622 -125  261
B 328 625 -125  271
B 338 644 -125  280
B 348 669 -125  288
B 359 680 -125  295
B 370 648 -125  299
B 380 597 -125  299
B 390 574 -125  299
B 400 562 -125  291
B 410 563 -125  279
B 421 583 -125  265
B 433 617 -125  247
B 443 645 -125  231
B 454 663 -125  213
B 465 672 -125  194
B 477 673 -125  170
B 488 674 -125  146
B 498 678 -125  122
B 508 685 -125  101
B 518 694 -125   77
B 529 702 -125   50
B 540 709 -125   23
B 552 714 -125   -6
push -15 -15
push out at target
B 562 715   83  -25
B 573 702   83  -37
B 584 620   83  -52
B 594 623   83  -65
B 604 644   83  -79
B 615 669   83  -95
B 625 681   83 -110
B 635 653   83 -120
B 646 607   76 -125
B 657 577   28 -125
B 667 604   10 -125
B 677 670   10 -116
B 688 712   10 -102
B 699 736   10  -91
B 710 746   10  -76
B 720 752   10  -63
B 732 755   10  -48
B 743 756   10  -33
B 753 758   10  -20
pb end 
SSS v= 7664  t=  280 
SSS  150    22    32    -3
%P VOLT1   = 7623
%P VOLT2   = 7664
%P S2_SC   =  1.04
%P L_ANG_MAX = 280
S 7664   150    22    32
B   0 766  125   -3
B  10 765  125   -3
B  20 766  125   -3
B  31 686  125   -3
B  41 654  125   -3
B  51 658  125   -3
B  61 660  125   -3
B  71 641  125   -2
B  81 606  125    4
B  91 580  125   13
B 101 573  125   23
B 111 587  125   33
B 121 608  125   42
B 131 626  125   51
B 141 634  124   62
B 151 631  109   72
B 161 625   93   84
B 171 620   74   97
B 181 622   57  110
B 192 645   41  125
B 202 664   41  138
B 212 696   41  152
B 222 714   41  166
B 232 724   41  179
B 242 729   41  192
B 252 732   41  204
B 262 735   41  215
pull out 218
B 273 737 -125  228
B 283 737 -125  240
B 294 735 -125  251
B 305 632 -125  262
B 315 615 -125  271
B 325 632 -125  280
B 336 657 -125  289
B 346 677 -125  296
B 357 666 -125  301
B 367 616 -125  301
B 378 579 -125  301
B 389 566 -125  291
B 400 571 -125  276
B 411 596 -125  262
B 421 625 -125  247
B 431 648 -125  231
B 441 663 -125  214
B 452 670 -125  195
B 462 671 -125  174
B 474 673 -125  148
B 485 678 -125  123
B 496 686 -125  101
B 506 695 -125   75
B 516 703 -125   51
B 527 709 -125   25
B 538 713 -125   -3
push -17 -15
push out at target
B 549 716   83  -31
B 559 712   83  -42
B 570 644   83  -52
B 580 619   83  -64
B 591 639   83  -73
B 601 663   83  -85
B 612 685   83  -99
B 624 682   83 -111
B 634 638   76 -117
B 644 597   41 -117
B 654 577   10 -117
B 665 645   10 -113
B 676 689   10 -101
B 687 726   10  -87
B 697 741   10  -76
B 708 749   10  -63
B 719 753   10  -49
B 729 755   10  -36
B 740 756   10  -22
pb end 
SSS v= 7660  t=  280 
SSS  155    22    32    -4
%P VOLT1   = 7623
%P VOLT2   = 7664
%P S2_SC   =  1.04
%P L_ANG_MAX = 280
S 7664   155    22    32
B   0 766  125   -4
B  10 765  125   -4
B  20 766  125   -4
B  30 746  125   -4
B  41 663  125   -4
B  51 655  125   -3
B  62 666  125   -3
B  72 663  125   -3
B  83 628  125    0
B  93 590  125    9
B 103 572  125   18
B 113 577  125   28
B 123 597  125   38
B 134 619  125   48
B 144 633  125   59
B 154 635  113   70
B 164 629   97   81
B 174 622   79   93
B 185 622   62  106
B 195 649   43  120
B 205 682   41  134
B 216 706   41  148
B 227 721   41  163
B 237 729   41  176
B 249 732   41  190
B 260 735   41  203
B 270 736   41  215
pull out 215
B 280 737 -125  225
B 291 737 -125  237
B 301 699 -125  248
B 312 625 -125  256
B 324 625 -125  267
B 334 647 -125  276
B 345 672 -125  284
B 356 678 -125  291
B 366 643 -125  293
B 376 598 -125  293
B 386 572 -125  293
B 396 562 -125  284
B 407 565 -125  271
B 417 588 -125  256
B 429 624 -125  239
B 439 649 -125  223
B 450 666 -125  204
B 461 674 -125  185
B 471 674 -125  163
B 481 674 -125  142
B 492 678 -125  118
B 503 686 -125   93
B 513 695 -125   69
B 523 702 -125   46
B 533 709 -125   19
B 543 713 -125   -5
push -17 -15
push out at target
B 554 715   83  -24
B 565 700   83  -37
B 576 632   83  -51
B 586 623   83  -66
B 596 642   83  -79
B 606 668   83  -97
B 616 682   83 -110
B 627 659   83 -123
B 639 608   83 -130
B 649 578   39 -130
B 659 574   10 -130
B 670 673   10 -123
B 681 717   10 -110
B 691 736   10 -100
B 701 746   10  -87
B 711 751   10  -74
B 722 754   10  -61
B 733 755   10  -49
B 744 756   10  -35
pb end 
SSS v= 7657  t=  280 
SSS  161    22    32    -1
%P VOLT1   = 7623
%P VOLT2   = 7657
%P S2_SC   =  1.04
%P L_ANG_MAX = 280
S 7653   161    22    32
B   0 765  125   -1
B  10 765  125   -1
B  21 754  125   -1
B  31 668  125   -1
B  41 652  125   -1
B  51 653  125   -1
B  61 643  125   -1
B  71 612  125    2
B  81 586  125   10
B  91 573  125   19
B 101 582  125   29
B 111 602  125   38
B 122 621  125   47
B 132 630  125   57
B 142 629  116   68
B 152 623   99   79
B 162 618   82   91
B 172 620   65  104
B 182 625   47  116
B 192 657   41  130
B 202 679   41  144
B 212 705   41  157
B 222 718   41  171
B 232 726   41  185
B 242 731   41  196
B 252 733   41  208
pull out 213
B 262 735 -125  221
B 272 736 -125  231
B 282 636 -125  241
B 292 609 -125  249
B 302 622 -125  259
B 312 648 -125  268
B 322 670 -125  275
B 332 674 -125  281
B 343 632 -125  283
B 354 586 -125  283
B 364 566 -125  281
B 374 560 -125  268
B 384 569 -125  255
B 396 601 -125  239
B 406 631 -125  223
B 416 655 -125  205
B 426 670 -125  188
B 437 676 -125  168
B 448 677 -125  145
B 459 677 -125  121
B 469 683 -125   98
B 479 689 -125   75
B 489 695 -125   53
B 499 704 -125   26
B 509 709 -125    2
push -16 -15
push out at target
B 519 712   83  -20
B 529 705   83  -31
B 539 683   83  -42
B 549 632   83  -57
B 559 624   83  -72
B 569 642   83  -86
B 579 663   83 -102
B 589 679   83 -118
B 600 654   83 -131
B 611 606   83 -138
B 621 576   44 -139
B 631 565    0 -138
B 641 624   10 -134
B 651 665   10 -122
B 661 710   10 -110
B 671 732   10  -99
B 681 744   10  -86
B 691 749   10  -75
B 701 753   10  -61
B 711 754   10  -49
B 721 755   10  -37
B 731 756   10  -25
pb end 
SSS v= 7653  t=  280 
SSS  165    22    32    -5
%P VOLT1   = 7623
%P VOLT2   = 7653
%P S2_SC   =  1.05
%P L_ANG_MAX = 280
S 7653   165    22    32
B   0 765  125   -5
B  10 765  125   -5
B  20 765  125   -5
B  30 741  125   -5
B  40 663  125   -5
B  50 653  125   -5
B  60 656  125   -5
B  71 643  125   -3
B  81 610  125    3
B  91 584  125   11
B 102 574  125   21
B 113 587  125   31
B 123 607  125   41
B 133 624  125   50
B 143 631  125   59
B 153 629  110   71
B 163 623   95   83
B 173 620   76   95
B 183 621   60  107
B 193 641   43  120
B 204 683   41  135
B 214 705   41  149
B 224 719   41  162
B 234 726   41  175
B 244 730   41  187
B 255 733   41  199
B 265 735   41  212
pull out 217
B 276 736 -125  223
B 286 736 -125  234
B 297 736 -125  245
B 308 638 -125  256
B 318 620 -125  263
B 328 636 -125  273
B 339 659 -125  282
B 350 679 -125  289
B 360 666 -125  294
B 371 616 -125  295
B 383 578 -125  295
B 393 563 -125  288
B 403 563 -125  277
B 414 580 -125  261
B 424 609 -125  247
B 435 639 -125  230
B 446 661 -125  211
B 456 673 -125  191
B 466 675 -125  174
B 477 675 -125  151
B 489 677 -125  123
B 500 684 -125  101
B 510 691 -125   77
B 520 700 -125   51
B 530 707 -125   26
B 540 711 -125    1
push -19 -15
push out at target
B 550 714   83  -21
B 561 708   83  -33
B 572 656   83  -45
B 582 620   83  -61
B 593 637   83  -75
B 604 660   83  -92
B 615 680   83 -108
B 625 665   83 -121
B 635 622   83 -129
B 645 587   58 -130
B 656 569    0 -130
B 666 652   10 -127
B 676 705   10 -115
B 686 729   10 -105
B 696 742   10  -93
B 706 748   10  -82
B 716 752   10  -69
B 728 755   10  -56
B 739 755   10  -44
B 749 757   10  -33
pb end 
SSS v= 7650  t=  280 
SSS  170    22    32     1
%P VOLT1   = 7623
%P VOLT2   = 7650
%P S2_SC   =  1.05
%P L_ANG_MAX = 280
S 7650   170    22    32
B   0 765  125    1
B  10 764  125    1
B  20 764  125    1
B  30 764  125    1
B  40 682  125    1
B  50 651  125    1
B  60 648  125    1
B  70 639  125    1
B  80 615  125    2
B  90 588  125    9
B 100 576  125   18
B 110 583  125   27
B 120 600  125   36
B 130 617  125   46
B 140 626  125   55
B 150 626  118   65
B 160 622  103   77
B 170 618   86   89
B 180 620   68  101
B 190 624   51  114
B 200 660   41  126
B 210 693   41  141
B 220 710   41  153
B 230 720   41  166
B 240 726   41  179
B 250 731   41  191
B 261 733   41  203
B 271 735   41  215
pull out 217
B 283 736 -125  227
B 294 736 -125  239
B 304 712 -125  249
B 315 625 -125  259
B 325 621 -125  267
B 336 641 -125  277
B 347 666 -125  285
B 357 679 -125  292
B 368 653 -125  296
B 378 603 -125  296
B 389 573 -125  295
B 400 562 -125  287
B 411 566 -125  273
B 421 588 -125  259
B 432 618 -125  243
B 442 645 -125  227
B 452 662 -125  210
B 462 672 -125  192
B 472 674 -125  173
B 482 674 -125  151
B 492 676 -125  130
B 502 682 -125  109
B 512 689 -125   83
B 522 697 -125   61
B 532 704 -125   36
B 542 710 -125   11
push -15 -15
push out at target
B 552 713   83  -15
B 562 712   83  -27
B 572 695   83  -38
B 582 623   83  -53
B 592 627   83  -65
B 602 647   83  -79
B 613 672   83  -95
B 623 682   83 -110
B 633 654   83 -121
B 643 608   83 -125
B 653 580   24 -126
B 663 576    0 -126
B 673 671   10 -119
B 683 713   10 -107
B 693 734   10  -96
B 703 744   10  -84
B 713 749   10  -72
B 723 752   10  -59
B 733 754   10  -47
B 743 755   10  -35
B 753 756   10  -23
pb end 
SSS v= 7646  t=  280 
SSS  175    22    32    -1
%P VOLT1   = 7623
%P VOLT2   = 7646
%P S2_SC   =  1.05
%P L_ANG_MAX = 280
S 7646   175    22    32
B   0 764  125   -1
B  10 764  125   -1
B  20 715  125   -1
B  31 655  125   -1
B  41 648  125   -1
B  51 645  125    0
B  61 625  125    0
B  71 598  125    6
B  81 577  125   14
B  92 575  125   23
B 103 591  125   33
B 114 614  125   43
B 124 626  125   53
B 135 627  123   63
B 145 622  106   75
B 155 617   89   87
B 165 620   72   99
B 175 626   55  111
B 185 655   41  123
B 196 681   41  138
B 207 708   41  153
B 219 722   41  168
B 229 727   41  182
B 239 731   41  194
B 249 733   41  205
pull out 215
B 260 735 -125  217
B 271 717 -125  228
B 281 619 -125  237
B 291 611 -125  245
B 301 630 -125  255
B 312 656 -125  263
B 324 677 -125  270
B 335 660 -125  274
B 345 608 -125  274
B 356 574 -125  274
B 367 562 -125  265
B 377 565 -125  252
B 388 588 -125  237
B 399 622 -125  220
B 409 647 -125  205
B 419 663 -125  189
B 429 673 -125  169
B 439 675 -125  149
B 449 675 -125  128
B 460 678 -125  106
B 470 684 -125   83
B 480 691 -125   58
B 490 698 -125   34
B 500 705 -125   10
B 510 710 -125  -14
push -17 -15
push out at target
B 520 710   83  -27
B 530 690   83  -38
B 540 654   83  -53
B 550 618   83  -67
B 560 629   83  -81
B 570 653   83  -97
B 580 673   83 -113
B 590 672   83 -128
B 600 633   83 -137
B 610 592   67 -141
B 620 572   24 -141
B 630 577   10 -141
B 640 668   10 -133
B 650 713   10 -121
B 660 733   10 -110
B 671 744   10  -97
B 682 750   10  -84
B 692 752   10  -72
B 703 754   10  -59
B 714 755   10  -46
pb end 
SSS v= 7639  t=  280 
SSS  181    22    32    -1
B   0 764    0   -1
%P VOLT1   = 7623
%P VOLT2   = 7646
%P S2_SC   =  1.05
%P L_ANG_MAX = 280
S 7646   181    22    32
B  10 764  125   -1
B  21 721  125   -1
B  31 657  125   -1
B  43 647  125   -1
B  53 639  125   -1
B  63 617  125    0
B  73 591  125    7
B  84 578  125   17
B  94 583  125   27
B 104 598  125   35
B 114 614  125   45
B 125 624  125   55
B 135 626  118   66
B 145 622  102   78
B 155 619   86   89
B 165 620   69  101
B 176 625   51  114
B 186 661   41  127
B 197 695   41  142
B 209 715   41  159
B 220 724   41  173
B 231 729   41  185
B 241 732   41  198
B 251 734   41  209
B 261 736   41  220
pull out 224
B 272 736 -125  231
B 283 735 -125  243
B 293 670 -125  253
B 303 620 -125  260
B 313 624 -125  270
B 324 646 -125  279
B 335 670 -125  287
B 345 678 -125  293
B 355 646 -125  296
B 366 596 -125  296
B 376 571 -125  295
B 386 562 -125  286
B 397 567 -125  272
B 407 589 -125  259
B 418 619 -125  243
B 429 646 -125  225
B 439 664 -125  207
B 450 672 -125  188
B 461 674 -125  166
B 472 674 -125  142
B 483 679 -125  118
B 493 686 -125   95
B 503 694 -125   71
B 513 701 -125   47
B 523 707 -125   23
B 533 712 -125   -4
push -17 -15
push out at target
B 543 713   83  -22
B 553 704   83  -34
B 563 643   83  -45
B 573 620   83  -60
B 583 636   83  -72
B 593 659   83  -88
B 603 678   83 -102
B 613 675   83 -115
B 623 633   83 -124
B 633 594   67 -126
B 644 572    6 -126
B 654 636   10 -125
B 664 699   10 -113
B 674 726   10 -101
B 684 739   10  -89
B 695 747   10  -76
B 706 751   10  -62
B 716 753   10  -49
B 726 754   10  -37
B 737 755   10  -24
pb end 
SSS v= 7639  t=  280 
SSS  186    22    32    -1
%P VOLT1   = 7623
%P VOLT2   = 7639
%P S2_SC   =  1.05
%P L_ANG_MAX = 280
S 7639   186    22    32
B   0 763  125   -1
B  11 763  125   -1
B  21 763  125   -1
B  31 714  125   -1
B  41 658  125   -1
B  51 651  125   -1
B  61 649  125   -1
B  71 633  125   -1
B  81 606  125    5
B  91 583  125   13
B 101 577  125   22
B 111 587  125   31
B 121 603  125   40
B 131 619  125   50
B 141 627  125   59
B 151 625  111   70
B 161 621   99   82
B 171 619   79   94
B 181 621   61  106
B 191 629   43  119
B 202 657   41  134
B 212 681   41  147
B 222 708   41  162
B 232 719   41  175
B 243 726   41  189
B 253 730   41  201
pull out 213
B 263 732 -125  213
B 273 734 -125  224
B 284 679 -125  237
B 294 609 -125  245
B 304 609 -125  254
B 314 631 -125  263
B 324 655 -125  272
B 334 674 -125  279
B 344 661 -125  283
B 354 613 -125  283
B 365 578 -125  283
B 375 564 -125  277
B 387 562 -125  263
B 398 583 -125  247
B 409 616 -125  231
B 419 642 -125  216
B 429 663 -125  198
B 439 673 -125  181
B 450 676 -125  158
B 462 676 -125  133
B 472 679 -125  111
B 482 683 -125   88
B 492 690 -125   66
B 502 698 -125   39
B 512 705 -125   15
B 522 710 -125   -9
push -15 -15
push out at target
B 532 712   83  -25
B 542 698   83  -37
B 552 658   83  -50
B 562 618   83  -66
B 572 630   83  -79
B 582 651   83  -95
B 593 674   83 -113
B 603 669   83 -127
B 613 627   83 -137
B 623 589   76 -139
B 633 569    6 -139
B 643 608   10 -139
B 653 681   10 -131
B 664 722   10 -117
B 674 736   10 -109
B 684 745   10  -97
B 694 750   10  -85
B 704 752   10  -73
B 716 754   10  -61
B 726 754   10  -49
pb end 
