messed up
SSS v= 8395  t=  220
SSS  -14   -80     0     3
%P VOLT1   = 8274
%P VOLT2   = 8395
%P S2_SC   =  0.95
%P L_ANG_MAX = 220
S 8395   -14   -80     0
B   0 839  114    3
B  10 839  114    3
B  20 749  114    3
B  30 710  114    3
B  40 713  114    3
B  50 717  114    3
B  61 698  114    3
B  72 658  114   11
B  82 628  114   21
B  94 620  114   33
B 104 637  114   44
B 114 662  114   54
B 124 681  103   64
B 134 687   77   75
B 144 683   40   87
B 154 674   28   99
B 164 715   28  112
B 174 745   28  126
B 184 779   28  139
B 194 797   28  151
B 204 807   28  163
pull out 163
B 214 811 -114  175
B 224 814 -114  186
B 234 741 -114  197
B 244 669 -114  207
B 254 669 -114  215
B 264 693 -114  224
B 274 719 -114  230
B 284 726 -114  235
B 294 689 -114  237
B 304 646 -114  237
B 314 618 -114  237
B 324 607 -114  224
B 334 613 -114  211
B 344 640 -114  196
B 354 674 -114  179
B 364 703 -114  163
B 374 725 -114  145
B 384 735 -114  126
B 394 736 -114  106
B 404 734 -114   84
B 414 735 -114   60
B 424 739 -114   37
B 434 747 -114   11
push -13 -10
push out at target
B 444 756   76  -13
B 454 760   76  -25
B 464 738   76  -37
B 474 682   76  -51
B 484 694   76  -63
B 494 718   76  -78
B 504 742   76  -93
B 514 755   76 -107
B 525 728   76 -121
B 535 683   76 -126
B 547 648   30 -127
B 557 675    0 -126
B 567 733    9 -121
B 577 775    9 -109
B 587 802    9  -97
B 597 816    9  -87
B 607 822    9  -75
B 617 825    9  -63
B 627 827    9  -51
B 637 828    9  -40
B 647 829    9  -28
B 657 830    9  -17
pb end 
B 667 830   10   -6
B 677 831   10    3
SSS v= 8307  t=  221
SSS  -18   -73     0     3
%P VOLT1   = 8274
%P VOLT2   = 8307
%P S2_SC   =  0.96
%P L_ANG_MAX = 221
S 8311   -18   -73     0
B 687 831  115   11
B 698 825  115   17
B 708 755  115   21
B 718 745  115   24
B 728 754  115   27
B 739 770  115   31
B 749 777  115   32
B 759 761  115   35
B 769 714  115   39
B 779 674  115   47
B 789 650  115   57
B 799 629   95   67
B 809 631   60   80
B 820 650   28   92
B 830 718   28  104
B 840 763   28  115
B 850 788   28  127
B 860 801   28  137
B 870 806   28  148
B 880 810   28  158
B 890 811   28  167
pull out 169
B 900 813 -115  177
B 910 814 -115  186
B 920 716 -115  194
B 930 668 -115  199
B 940 676 -115  206
B 950 700 -115  212
B 960 726 -115  216
B 970 740 -115  219
B 980 717 -115  219
B 990 667 -115  219
B 1000 629 -115  219
B 1010 611 -115  207
B 1020 616 -115  193
B 1030 641 -115  179
B 1040 674 -115  163
B 1050 703 -115  147
B 1060 723 -115  129
B 1070 731 -115  111
B 1080 731 -115   90
B 1090 729 -115   68
B 1100 730 -115   46
B 1110 735 -115   20
B 1120 744 -115   -4
push -11 -10
push out at target
B 1130 751   77  -18
B 1140 744   77  -30
B 1150 704   77  -43
B 1160 679   77  -57
B 1170 698   77  -69
B 1180 723   77  -85
B 1190 745   77 -101
B 1200 748   77 -115
B 1211 709   77 -126
B 1222 660   70 -130
B 1232 636   19 -130
B 1242 634    9 -130
B 1252 646    9 -122
B 1262 717    9 -110
B 1272 773    9  -98
B 1282 801    9  -89
B 1292 812    9  -76
B 1302 819    9  -64
B 1312 823    9  -52
B 1322 825    9  -39
pb end 
B 1332 825   10  -27
B 1342 826   10  -16
SSS v= 8272  t=  226
SSS  -22   -67    -6    -5
%P VOLT1   = 8274
%P VOLT2   = 8272
%P S2_SC   =  0.97
%P L_ANG_MAX = 226
S 8276   -22   -67    -6
B 1353 827  116   -3
B 1363 827  116    7
B 1373 746  116   15
B 1383 734  116   21
B 1393 744  116   27
B 1403 759  116   31
B 1413 774  116   34
B 1423 784  116   40
B 1433 774  116   43
B 1443 735  116   49
B 1453 682  116   57
B 1463 641   96   68
B 1473 620   61   79
B 1483 624   29   92
B 1493 672   29  104
B 1503 732   29  115
B 1513 767   29  127
B 1523 790   29  138
B 1533 800   29  149
B 1543 805   29  159
B 1553 808   29  170
pull out 173
B 1563 809 -116  180
B 1573 810 -116  190
B 1583 752 -116  199
B 1593 673 -116  204
B 1603 670 -116  211
B 1613 692 -116  218
B 1623 719 -116  223
B 1633 737 -116  227
B 1643 723 -116  229
B 1653 677 -116  229
B 1663 635 -116  229
B 1673 613 -116  220
B 1683 612 -116  207
B 1693 632 -116  192
B 1703 663 -116  177
B 1713 693 -116  159
B 1723 716 -116  142
B 1733 729 -116  123
B 1743 732 -116  103
B 1753 730 -116   81
B 1763 731 -116   59
B 1773 734 -116   36
B 1783 741 -116   11
push -13 -10
push out at target
B 1794 750   77  -13
B 1804 751   77  -23
B 1814 729   77  -36
B 1824 677   77  -49
B 1834 689   77  -61
B 1844 714   77  -76
B 1854 737   77  -90
B 1864 751   77 -105
B 1874 729   77 -117
B 1884 680   77 -122
B 1894 648   30 -123
B 1905 652    0 -123
B 1915 747    9 -117
B 1925 786    9 -106
B 1935 804    9  -97
B 1945 814    9  -85
B 1955 818    9  -74
B 1965 822    9  -62
B 1975 824    9  -51
B 1985 825    9  -41
B 1995 825    9  -30
pb end 
B 2005 826   10  -21
B 2015 827   10  -12
SSS v= 8279  t=  226
SSS  -26   -38   -28   -12
%P VOLT1   = 8274
%P VOLT2   = 8279
%P S2_SC   =  0.97
%P L_ANG_MAX = 226
S 8276   -26   -38   -28
B 2026 827  115   -4
B 2036 827  115    2
B 2047 827  115    7
B 2057 756  115   11
B 2067 741  115   15
B 2077 749  115   17
B 2087 762  115   23
B 2097 765  115   25
B 2107 737  115   28
B 2117 699  115   34
B 2128 669  115   42
B 2138 644  115   52
B 2148 630  110   63
B 2158 632   78   74
B 2168 648   46   85
B 2178 696   28   96
B 2188 739   28  107
B 2198 771   28  119
B 2208 790   28  130
B 2218 799   28  141
B 2228 803   28  151
B 2238 806   28  160
B 2248 808   28  170
pull out 173
B 2258 810 -115  179
B 2268 737 -115  188
B 2278 667 -115  195
B 2288 667 -115  202
B 2298 690 -115  208
B 2308 717 -115  213
B 2318 733 -115  216
B 2328 715 -115  217
B 2338 669 -115  218
B 2348 630 -115  217
B 2358 611 -115  207
B 2368 613 -115  193
B 2378 634 -115  179
B 2388 665 -115  163
B 2398 694 -115  147
B 2408 715 -115  129
B 2418 726 -115  111
B 2428 728 -115   91
B 2438 726 -115   69
B 2448 727 -115   47
B 2458 732 -115   22
B 2468 739 -115   -2
push -11 -10
push out at target
B 2478 746   77  -17
B 2488 740   77  -29
B 2498 714   77  -41
B 2508 673   77  -55
B 2518 688   77  -69
B 2528 712   77  -83
B 2538 737   77  -98
B 2548 747   77 -113
B 2558 713   77 -125
B 2568 670   77 -130
B 2578 638   30 -131
B 2588 637    0 -130
B 2598 712    9 -126
B 2608 757    9 -115
B 2618 791    9 -104
B 2628 807    9  -94
B 2638 815    9  -83
B 2648 819    9  -71
B 2658 822    9  -61
B 2668 822    9  -49
B 2678 823    9  -37
B 2688 825    9  -27
pb end 
B 2698 824   10  -16
B 2708 825   10   -6
SSS v= 8251  t=  231
SSS   66    99  -105    -6
%P VOLT1   = 8274
%P VOLT2   = 8251
%P S2_SC   =  0.97
%P L_ANG_MAX = 231
S 8251    66    99  -105
B 2718 825  116    3
B 2728 825  116    9
B 2739 763  116   14
B 2749 738  116   18
B 2759 744  116   21
B 2770 758  116   23
B 2782 773  116   29
B 2792 766  116   31
B 2802 724  116   35
B 2812 683  116   41
B 2822 648  116   51
B 2832 624  111   62
B 2842 623   79   74
B 2852 638   44   85
B 2862 661   29   96
B 2872 681   29  108
B 2882 733   29  120
B 2892 771   29  132
B 2902 789   29  145
B 2912 796   29  157
B 2922 801   29  167
pull out 171
B 2932 804    8  179
B 2942 806    8  190
B 2952 812    8  199
B 2962 819    8  209
B 2972 822    8  218
B 2982 824    8  226
B 2992 825    8  232
B 3002 825    8  239
B 3012 826    8  245
B 3023 826    8  251
B 3033 827    8  257
B 3043 827    8  261
B 3053 827    8  265
B 3063 827    8  268
B 3073 827    8  271
B 3083 827    8  273
B 3093 827 -116  275
B 3103 827 -116  275
B 3113 772 -116  276
B 3123 708 -116  276
B 3133 704 -116  276
B 3144 721 -116  276
B 3154 743 -116  276
B 3164 758 -116  277
B 3174 753 -116  276
B 3184 716 -116  272
B 3194 669 -116  261
B 3204 641 -116  247
B 3214 636 -116  233
B 3224 654 -116  217
B 3234 680 -116  201
B 3244 707 -116  181
B 3254 727 -116  162
B 3264 736 -116  143
B 3274 738 -116  120
B 3284 738 -116   97
B 3294 739 -116   75
B 3304 743 -116   48
B 3314 749 -116   22
B 3324 756 -116   -3
push -10 -10
push out at target
B 3334 762   77  -19
B 3344 746   77  -31
B 3354 676   77  -45
B 3364 682   77  -57
B 3374 707   77  -70
B 3384 731   77  -85
B 3394 749   77  -99
B 3404 734   77 -111
B 3414 689   77 -119
B 3424 649   54 -120
B 3434 637    0 -120
B 3444 740    9 -117
B 3454 783    9 -107
B 3464 801    9  -98
B 3474 811    9  -87
B 3484 817    9  -77
B 3494 820    9  -66
B 3504 822    9  -55
B 3514 823    9  -46
B 3524 824    9  -36
pb end 
B 3534 824   10  -26
B 3544 825   10  -17
SSS v= 8255  t=  226
SSS   62    99  -105   -11
%P VOLT1   = 8274
%P VOLT2   = 8255
%P S2_SC   =  0.97
%P L_ANG_MAX = 226
S 8251    62    99  -105
B 3555 825  116   -9
B 3565 825  116   -3
B 3575 825  116    2
B 3586 758  116    7
B 3596 736  116   11
B 3607 744  116   14
B 3617 758  116   21
B 3628 767  116   23
B 3638 750  116   26
B 3648 710  116   31
B 3659 674  116   39
B 3669 659  116   49
B 3679 636  116   60
B 3689 634   85   71
B 3699 648   50   83
B 3709 691   29   94
B 3719 727   29  106
B 3729 764   29  118
B 3739 785   29  129
B 3749 795   29  141
B 3759 800   29  151
B 3769 803   29  161
pull out 171
B 3779 805 -116  171
B 3789 806 -116  181
B 3799 725 -116  191
B 3809 663 -116  198
B 3819 665 -116  206
B 3829 688 -116  213
B 3839 715 -116  217
B 3849 729 -116  221
B 3859 704 -116  223
B 3869 660 -116  223
B 3879 625 -116  222
B 3889 607 -116  211
B 3899 609 -116  198
B 3909 631 -116  183
B 3919 663 -116  168
B 3929 693 -116  151
B 3939 715 -116  134
B 3949 725 -116  115
B 3959 727 -116   96
B 3969 726 -116   74
B 3979 726 -116   51
B 3989 730 -116   27
B 3999 737 -116    3
push -11 -10
push out at target
B 4009 745   77  -16
B 4019 743   77  -26
B 4029 714   77  -39
B 4039 673   77  -53
B 4049 689   77  -65
B 4059 713   77  -79
B 4069 736   77  -94
B 4079 747   77 -109
B 4089 718   77 -120
B 4099 674   77 -125
B 4109 642   30 -126
B 4119 643    0 -125
B 4129 718    9 -120
B 4139 760    9 -108
B 4149 791    9  -96
B 4159 806    9  -85
B 4169 813    9  -73
B 4179 817    9  -61
B 4189 819    9  -49
B 4199 820    9  -36
B 4209 822    9  -23
pb end 
B 4219 822   10  -12
B 4229 823   10   -1
SSS v= 8241  t=  231
SSS   57    99  -105     8
%P VOLT1   = 8274
%P VOLT2   = 8241
%P S2_SC   =  0.97
%P L_ANG_MAX = 231
S 8237    57    99  -105
B 4240 823  116   10
B 4250 824  116   17
B 4260 824  116   22
B 4270 759  116   26
B 4280 739  116   29
B 4290 745  116   31
B 4300 759  116   35
B 4310 769  116   37
B 4320 755  116   38
B 4330 710  116   42
B 4340 673  116   49
B 4350 642  116   58
B 4360 618   90   69
B 4370 615   58   80
B 4380 632   29   91
B 4390 670   29  103
B 4400 724   29  113
B 4410 758   29  125
B 4420 782   29  136
B 4430 793   29  147
B 4440 798   29  158
B 4450 801   29  168
pull out 175
B 4460 803 -116  178
B 4470 805 -116  187
B 4480 761 -116  197
B 4490 670 -116  203
B 4500 660 -116  210
B 4510 680 -116  217
B 4520 706 -116  222
B 4530 727 -116  226
B 4540 721 -116  227
B 4550 679 -116  227
B 4560 638 -116  227
B 4570 610 -116  219
B 4580 606 -116  207
B 4590 622 -116  194
B 4600 651 -116  179
B 4610 683 -116  161
B 4620 706 -116  145
B 4630 722 -116  126
B 4640 727 -116  107
B 4650 726 -116   87
B 4660 725 -116   63
B 4670 728 -116   41
B 4680 733 -116   15
B 4690 743 -116  -10
push -10 -10
push out at target
B 4700 750   77  -26
B 4710 744   77  -37
B 4720 675   77  -49
B 4730 677   77  -61
B 4740 700   77  -74
B 4750 725   77  -89
B 4760 744   77 -101
B 4770 739   77 -114
B 4780 697   77 -123
B 4790 655   62 -125
B 4801 632    6 -125
B 4811 730    9 -123
B 4822 780    9 -111
B 4832 798    9 -103
B 4842 809    9  -93
B 4852 814    9  -81
B 4862 817    9  -70
B 4872 819    9  -59
B 4882 820    9  -49
B 4892 821    9  -39
pb end 
B 4902 822   10  -29
B 4912 822   10  -19
SSS v= 8227  t=  236
SSS   41    64   -89   -13
%P VOLT1   = 8274
%P VOLT2   = 8227
%P S2_SC   =  0.97
%P L_ANG_MAX = 236
S 8227    41    64   -89
B 4922 823  116  -12
B 4932 823  116   -5
B 4942 823  116    0
B 4952 765  116    5
B 4962 737  116    9
B 4972 741  116   11
B 4982 754  116   14
B 4992 767  116   20
B 5002 762  116   23
B 5012 728  116   26
B 5022 686  116   33
B 5032 654  116   42
B 5042 630  116   52
B 5052 622  105   64
B 5062 633   73   75
B 5072 655   38   87
B 5082 690   29   98
B 5092 720   29  109
B 5102 764   29  121
B 5112 784   29  133
B 5122 793   29  145
B 5132 797   29  155
B 5142 801   29  166
B 5152 803   29  176
pull out 177
B 5162 804    8  186
B 5172 805    8  195
B 5182 809    8  203
B 5192 816    8  213
B 5202 820    8  220
B 5212 822    8  227
B 5222 823    8  233
B 5232 823    8  239
B 5242 823    8  243
B 5252 824    8  247
B 5262 824    8  251
B 5272 825    8  255
B 5282 824    8  258
B 5292 824    8  259
B 5302 825    8  262
B 5312 825    8  263
B 5322 825 -116  263
B 5332 726 -116  263
B 5342 696 -116  263
B 5352 703 -116  263
B 5362 724 -116  263
B 5372 744 -116  263
B 5382 752 -116  263
B 5392 731 -116  259
B 5402 688 -116  250
B 5412 650 -116  237
B 5422 636 -116  223
B 5432 647 -116  207
B 5442 672 -116  189
B 5452 697 -116  171
B 5462 719 -116  152
B 5472 733 -116  132
B 5482 738 -116  111
B 5492 738 -116   87
B 5502 738 -116   65
B 5512 740 -116   41
B 5522 744 -116   14
B 5532 751 -116  -10
push -11 -10
push out at target
B 5542 756   77  -23
B 5552 740   77  -36
B 5562 690   77  -50
B 5572 674   77  -65
B 5582 694   77  -79
B 5592 718   77  -95
B 5602 739   77 -111
B 5612 733   77 -126
B 5622 692   77 -135
B 5632 649   62 -139
B 5642 627   22 -138
B 5652 637    9 -138
B 5662 660    9 -132
B 5672 725    9 -121
B 5682 774    9 -108
B 5692 797    9  -98
B 5702 808    9  -86
B 5712 813    9  -73
B 5722 817    9  -61
B 5732 818    9  -50
pb end 
B 5742 819   10  -38
B 5752 820   10  -26
SSS v= 8213  t=  231
SSS   -2     9   -67   -16
%P VOLT1   = 8274
%P VOLT2   = 8216
%P S2_SC   =  0.97
B 5762 822   10  -14
%P L_ANG_MAX = 231
S 8227    -2     9   -67
B 5772 821  116   -5
B 5782 741  116    4
B 5792 725  116   11
B 5802 734  116   18
B 5812 750  116   23
B 5822 766  116   28
B 5832 776  116   35
B 5842 777  116   39
B 5852 751  116   43
B 5862 696  116   51
B 5872 653  116   62
B 5882 623   76   74
B 5892 617   41   86
B 5902 645   29   98
B 5912 695   29  110
B 5922 739   29  121
B 5932 774   29  133
B 5942 789   29  145
B 5952 796   29  156
B 5962 800   29  167
pull out 175
B 5972 802 -116  178
B 5982 803 -116  187
B 5992 766 -116  197
B 6002 670 -116  204
B 6012 660 -116  212
B 6022 679 -116  219
B 6032 705 -116  225
B 6042 726 -116  230
B 6052 717 -116  232
B 6062 669 -116  232
B 6072 629 -116  232
B 6082 606 -116  225
B 6092 601 -116  213
B 6102 618 -116  199
B 6112 650 -116  183
B 6122 680 -116  167
B 6132 705 -116  151
B 6142 720 -116  132
B 6152 725 -116  113
B 6162 723 -116   91
B 6172 722 -116   69
B 6182 725 -116   47
B 6192 731 -116   23
B 6202 740 -116   -2
push -11 -10
push out at target
B 6212 747   77  -18
B 6222 741   77  -29
B 6232 672   77  -42
B 6242 673   77  -54
B 6252 697   77  -66
B 6262 723   77  -81
B 6272 743   77  -94
B 6282 739   77 -107
B 6292 695   77 -115
B 6302 654   54 -117
B 6312 631    6 -117
B 6322 719    9 -117
B 6332 771    9 -108
B 6342 794    9  -98
B 6352 805    9  -89
B 6362 812    9  -78
B 6372 815    9  -69
B 6382 817    9  -58
B 6392 818    9  -48
B 6402 819    9  -38
B 6412 820    9  -29
pb end 
B 6422 820   10  -19
SSS v= 8209  t=  236
SSS   -2     9   -73   -11
%P VOLT1   = 8274
%P VOLT2   = 8209
%P S2_SC   =  0.97
%P L_ANG_MAX = 236
S 8213    -2     9   -73
B 6433 820  116   -9
B 6443 821  116   -2
B 6453 822  116    3
B 6463 767  116    7
B 6473 732  116   11
B 6483 734  116   15
B 6493 747  116   17
B 6503 761  116   23
B 6513 764  116   24
B 6523 736  116   27
B 6533 693  116   33
B 6543 658  116   41
B 6553 629  116   51
B 6563 616  108   63
B 6573 626   76   74
B 6583 647   44   85
B 6593 697   29   96
B 6603 726   29  107
B 6613 767   29  119
B 6623 784   29  130
B 6633 792   29  141
B 6643 797   29  151
B 6653 799   29  161
B 6663 801   29  171
B 6673 803   29  181
pull out 181
B 6683 803 -116  190
B 6693 782 -116  199
B 6703 670 -116  205
B 6713 652 -116  211
B 6723 670 -116  217
B 6733 697 -116  222
B 6743 722 -116  225
B 6753 730 -116  227
B 6763 698 -116  227
B 6773 650 -116  227
B 6783 617 -116  222
B 6793 604 -116  211
B 6803 614 -116  197
B 6813 641 -116  182
B 6823 673 -116  166
B 6833 699 -116  149
B 6843 716 -116  131
B 6853 724 -116  112
B 6863 724 -116   91
B 6873 722 -116   69
B 6883 723 -116   46
B 6893 729 -116   22
B 6903 737 -116   -2
push -11 -10
push out at target
B 6913 743   77  -17
B 6923 736   77  -29
B 6933 709   77  -42
B 6943 679   77  -57
B 6953 653   77  -73
B 6963 670   77  -87
B 6973 696   77 -105
B 6983 722   77 -122
B 6993 728   77 -137
B 7003 691   77 -149
B 7013 650   77 -155
B 7023 626   38 -155
B 7033 617    9 -154
B 7043 721    9 -150
B 7053 769    9 -139
B 7063 793    9 -129
B 7073 805    9 -118
B 7083 811    9 -106
B 7093 815    9  -95
B 7103 816    9  -83
B 7113 817    9  -73
pb end 
B 7123 818   10  -62
B 7133 818   10  -53
SSS v= 8195  t=  241
SSS   -4     9   -83   -45
%P VOLT1   = 8274
%P VOLT2   = 8195
%P S2_SC   =  0.98
%P L_ANG_MAX = 241
S 8195    -4     9   -83
B 7143 819  117  -42
B 7153 819  117  -35
B 7163 779  117  -29
B 7173 730  117  -22
B 7183 729  117  -15
B 7193 740  117   -9
B 7203 755  117   -3
B 7214 769  117    7
B 7224 774  117   12
B 7234 756  117   19
B 7244 712  117   28
B 7254 671  117   39
B 7264 642  117   51
B 7274 634  109   64
B 7284 645   68   78
B 7294 663   29   90
B 7304 686   29  103
B 7314 750   29  116
B 7324 777   29  129
B 7334 789   29  142
B 7344 795   29  155
B 7354 798   29  165
B 7364 800   29  177
pull out 179
B 7374 802 -117  188
B 7384 803 -117  198
B 7394 790 -117  207
B 7404 669 -117  217
B 7414 649 -117  224
B 7424 666 -117  231
B 7434 694 -117  239
B 7444 717 -117  243
B 7454 714 -117  246
B 7464 672 -117  247
B 7474 631 -117  246
B 7484 605 -117  243
B 7494 598 -117  230
B 7504 611 -117  218
B 7514 638 -117  203
B 7524 668 -117  187
B 7534 695 -117  171
B 7544 711 -117  153
B 7554 719 -117  134
B 7564 719 -117  114
B 7574 718 -117   91
B 7584 722 -117   68
B 7595 728 -117   43
B 7605 736 -117   19
B 7615 746 -117   -7
push -11 -10
push out at target
B 7625 751   78  -19
B 7635 738   78  -31
B 7645 706   78  -45
B 7655 664   78  -58
B 7665 676   78  -73
B 7675 701   78  -90
B 7685 725   78 -106
B 7695 734   78 -121
B 7706 698   78 -134
B 7717 650   78 -139
B 7727 623   26 -140
B 7737 613    0 -139
B 7747 613    9 -134
B 7757 661    9 -123
B 7767 743    9 -110
B 7777 781    9 -100
B 7787 798    9  -87
B 7797 807    9  -75
B 7807 811    9  -62
B 7817 814    9  -50
B 7827 815    9  -38
B 7837 816    9  -27
pb end 
B 7847 817   10  -15
SSS v= 8185  t=  241
SSS  -22   -48   -57    -7
%P VOLT1   = 8274
%P VOLT2   = 8185
%P S2_SC   =  0.98
%P L_ANG_MAX = 241
S 8185   -22   -48   -57
B 7858 818  117   -3
B 7868 818  117    6
B 7878 819  117   12
B 7888 752  117   17
B 7898 733  117   21
B 7908 741  117   24
B 7918 753  117   26
B 7928 765  117   31
B 7938 764  117   32
B 7948 731  117   35
B 7958 682  117   42
B 7968 646  117   51
B 7978 618  115   61
B 7988 610   85   72
B 7998 625   44   85
B 8008 666   29   95
B 8018 733   29  106
B 8028 765   29  117
B 8038 782   29  127
B 8048 791   29  138
B 8058 795   29  147
B 8068 798   29  157
B 8078 799   29  166
B 8088 800   29  175
B 8098 801   29  183
pull out 186
B 8108 802 -117  191
B 8118 733 -117  198
B 8128 666 -117  203
B 8138 666 -117  209
B 8148 687 -117  214
B 8158 712 -117  218
B 8168 734 -117  221
B 8178 725 -117  222
B 8188 681 -117  222
B 8198 636 -117  222
B 8208 608 -117  213
B 8218 603 -117  199
B 8228 622 -117  185
B 8238 650 -117  170
B 8248 681 -117  153
B 8258 705 -117  135
B 8268 718 -117  119
B 8278 723 -117   99
B 8288 720 -117   76
B 8298 719 -117   55
B 8308 722 -117   31
B 8318 729 -117    6
push -11 -10
push out at target
B 8328 738   78  -14
B 8338 739   78  -25
B 8348 712   78  -38
B 8358 663   78  -50
B 8368 674   78  -62
B 8378 698   78  -77
B 8388 723   78  -91
B 8398 738   78 -105
B 8408 714   78 -117
B 8418 669   78 -124
B 8428 636   46 -125
B 8438 625    0 -125
B 8448 680    9 -121
B 8458 724    9 -109
B 8468 772    9  -97
B 8478 794    9  -86
B 8488 805    9  -74
B 8498 810    9  -61
B 8508 813    9  -49
B 8518 815    9  -37
B 8528 816    9  -25
pb end 
B 8538 816   10  -13
B 8548 817   10   -1
SSS v= 8181  t=  246
SSS  -60   -67   -32     9
%P VOLT1   = 8274
%P VOLT2   = 8181
%P S2_SC   =  0.98
%P L_ANG_MAX = 246
S 8181   -60   -67   -32
B 8559 818  117   11
B 8569 818  117   19
B 8579 818  117   24
B 8589 751  117   28
B 8599 731  117   31
B 8610 737  117   34
B 8620 750  117   35
B 8630 762  117   39
B 8640 754  117   40
B 8650 714  117   43
B 8660 668  117   50
B 8671 632  117   59
B 8681 606   91   70
B 8693 607   56   83
B 8703 627   29   93
B 8713 679   29  104
B 8723 719   29  115
B 8733 759   29  126
B 8743 779   29  137
B 8753 788   29  147
B 8763 793   29  157
B 8773 796   29  167
B 8783 797   29  176
B 8793 800   29  185
pull out 190
B 8803 800 -117  194
B 8813 801 -117  202
B 8823 802 -117  210
B 8833 797 -117  217
B 8843 682 -117  223
B 8853 662 -117  226
B 8863 677 -117  231
B 8873 702 -117  236
B 8883 725 -117  239
B 8893 737 -117  241
B 8903 710 -117  241
B 8913 657 -117  241
B 8923 618 -117  239
B 8934 600 -117  225
B 8944 609 -117  211
B 8954 635 -117  197
B 8964 665 -117  182
B 8974 693 -117  164
B 8984 711 -117  147
B 8994 720 -117  128
B 9004 722 -117  107
B 9014 718 -117   85
B 9024 720 -117   63
B 9034 725 -117   39
B 9044 733 -117   12
B 9054 741 -117  -11
push -11 -10
push out at target
B 9064 745   78  -22
B 9074 729   78  -34
B 9084 694   78  -47
B 9094 659   78  -61
B 9104 671   78  -76
B 9114 696   78  -93
B 9124 720   78 -109
B 9134 730   78 -125
B 9145 697   78 -137
B 9155 652   78 -142
B 9165 622   30 -143
B 9175 611    0 -142
B 9185 716    9 -139
B 9195 769    9 -129
B 9205 791    9 -120
B 9215 802    9 -108
B 9225 808    9  -97
B 9235 812    9  -85
B 9245 813    9  -74
B 9255 815    9  -65
B 9265 816    9  -54
pb end 
B 9275 816   10  -45
B 9285 817   10  -37
SSS v= 8174  t=  241
SSS  -91  -115    54   -30
%P VOLT1   = 8214
%P VOLT2   = 8174
%P S2_SC   =  0.98
%P L_ANG_MAX = 241
S 8174   -91  -115    54
B 9296 817  117  -29
B 9307 817  117  -23
B 9317 818  117  -17
B 9327 750  117  -12
B 9337 726  117   -7
B 9347 731  117   -1
B 9357 744  117    5
B 9367 758  117   11
B 9377 756  117   15
B 9387 725  117   22
B 9397 687  117   30
B 9407 661  117   39
B 9417 642  117   50
B 9427 633  115   61
B 9437 637   82   73
B 9447 649   44   85
B 9457 662   29   96
B 9467 700   29  108
B 9477 752   29  121
B 9487 775   29  133
B 9497 786   29  145
B 9507 792   29  155
B 9517 795   29  167
B 9527 797   29  178
pull out 183
B 9537 799 -117  187
B 9547 800 -117  197
B 9557 744 -117  206
B 9567 655 -117  214
B 9577 646 -117  221
B 9587 667 -117  227
B 9597 694 -117  233
B 9607 716 -117  236
B 9617 707 -117  238
B 9627 662 -117  238
B 9637 624 -117  238
B 9647 599 -117  231
B 9657 594 -117  219
B 9667 611 -117  205
B 9677 641 -117  190
B 9687 672 -117  174
B 9697 696 -117  157
B 9707 712 -117  139
B 9717 717 -117  120
B 9727 714 -117   99
B 9737 713 -117   77
B 9747 717 -117   54
B 9757 724 -117   30
B 9767 734 -117    4
push -11 -10
push out at target
B 9777 742   78  -15
B 9787 740   78  -26
B 9797 717   78  -38
B 9807 681   78  -53
B 9817 655   78  -67
B 9827 673   78  -81
B 9837 697   78  -98
B 9847 722   78 -114
B 9857 723   78 -129
B 9867 685   78 -139
B 9877 641   71 -144
B 9887 616   30 -144
B 9897 629    9 -143
B 9907 727    9 -138
B 9917 770    9 -127
B 9927 792    9 -118
B 9937 803    9 -106
B 9947 808    9  -94
B 9957 811    9  -82
B 9967 813    9  -71
B 9977 814    9  -61
pb end 
B 9987 815   10  -50
B 9997 816   10  -40
SSS v= 8164  t=  241
SSS  -83   -48     0   -33
%P VOLT1   = 8274
%P VOLT2   = 8164
%P S2_SC   =  0.98
%P L_ANG_MAX = 241
S 8164   -83   -48     0
B 10008 816  117  -29
B 10018 816  117  -21
B 10028 751  117  -14
B 10038 722  117   -8
B 10048 727  117   -1
B 10058 741  117    4
B 10068 755  117    9
B 10078 767  117   18
B 10088 767  117   22
B 10098 737  117   27
B 10108 687  117   37
B 10118 649  117   47
B 10128 623  117   59
B 10138 618   85   71
B 10148 632   50   83
B 10158 652   29   95
B 10168 693   29  107
B 10178 749   29  119
B 10188 774   29  131
B 10198 784   29  143
B 10208 790   29  155
B 10218 794   29  165
B 10228 796   29  176
pull out 183
B 10238 798 -117  187
B 10248 799 -117  196
B 10258 758 -117  205
B 10268 655 -117  213
B 10278 642 -117  220
B 10288 662 -117  227
B 10298 689 -117  233
B 10308 713 -117  237
B 10318 710 -117  239
B 10328 667 -117  239
B 10338 625 -117  239
B 10348 598 -117  234
B 10358 592 -117  222
B 10368 605 -117  209
B 10378 633 -117  194
B 10388 664 -117  178
B 10398 689 -117  161
B 10408 706 -117  143
B 10418 713 -117  125
B 10428 712 -117  105
B 10438 711 -117   82
B 10448 713 -117   60
B 10458 720 -117   37
B 10468 729 -117   11
push -11 -10
push out at target
B 10478 738   78  -13
B 10488 741   78  -23
B 10498 723   78  -35
B 10508 691   78  -49
B 10518 653   78  -63
B 10528 668   78  -78
B 10538 694   78  -95
B 10548 718   78 -110
B 10558 725   78 -126
B 10568 690   78 -137
B 10578 644   78 -142
B 10588 616   30 -143
B 10598 613    0 -142
B 10608 696    9 -139
B 10618 744    9 -128
B 10628 779    9 -116
B 10638 797    9 -106
B 10648 805    9  -94
B 10658 809    9  -82
B 10668 811    9  -70
B 10678 813    9  -58
B 10688 813    9  -47
pb end 
B 10698 815   10  -36
B 10708 815   10  -25
SSS v= 8167  t=  246
B 10718 816   10  -14
SSS  -86   -48    -3   -14
%P VOLT1   = 8274
%P VOLT2   = 8171
%P S2_SC   =  0.98
%P L_ANG_MAX = 246
S 8167   -86   -48    -3
B 10728 816  117   -6
B 10738 816  117    1
B 10748 755  117    7
B 10758 727  117   11
B 10768 730  117   16
B 10778 743  117   19
B 10788 758  117   26
B 10798 763  117   27
B 10808 739  117   31
B 10818 692  117   37
B 10828 655  117   45
B 10838 623  117   56
B 10848 608   97   67
B 10858 613   65   79
B 10868 632   32   90
B 10878 653   29  100
B 10888 689   29  111
B 10898 746   29  123
B 10908 770   29  135
B 10918 783   29  147
B 10928 789   29  157
B 10938 792   29  168
B 10948 794   29  179
pull out 187
B 10958 796 -117  189
B 10968 797 -117  198
B 10978 798 -117  206
B 10988 800 -117  215
B 10998 722 -117  223
B 11008 646 -117  227
B 11018 643 -117  233
B 11028 665 -117  238
B 11038 693 -117  243
B 11048 717 -117  246
B 11058 722 -117  247
B 11068 687 -117  247
B 11078 637 -117  247
B 11088 603 -117  241
B 11098 590 -117  227
B 11108 602 -117  215
B 11118 630 -117  201
B 11128 660 -117  185
B 11138 688 -117  168
B 11148 706 -117  150
B 11158 713 -117  131
B 11168 712 -117  111
B 11178 710 -117   89
B 11188 712 -117   66
B 11198 718 -117   43
B 11208 727 -117   17
B 11218 736 -117   -7
push -11 -10
push out at target
B 11228 743   78  -21
B 11238 730   78  -32
B 11248 686   78  -45
B 11258 655   78  -58
B 11268 672   78  -73
B 11278 697   78  -89
B 11288 720   78 -103
B 11298 725   78 -118
B 11308 688   78 -129
B 11318 639   78 -134
B 11328 607   30 -134
B 11338 595    9 -134
B 11348 595    9 -130
B 11358 658    9 -120
B 11368 740    9 -109
B 11378 777    9  -99
B 11388 795    9  -89
B 11398 804    9  -77
B 11408 808    9  -66
B 11418 810    9  -55
pb end 
B 11428 812   10  -44
B 11438 813   10  -35
SSS v= 8139  t=  246
SSS  -90   -48    -3   -29
%P VOLT1   = 8274
%P VOLT2   = 8136
%P S2_SC   =  0.98
%P L_ANG_MAX = 246
S 8136   -90   -48    -3
B 11449 813  117  -26
B 11459 814  117  -18
B 11469 721  117  -10
B 11479 692  117   -3
B 11489 700  117    4
B 11499 718  117   11
B 11510 738  117   16
B 11520 754  117   21
B 11530 765  117   28
B 11540 752  117   33
B 11550 704  117   40
B 11560 643  117   51
B 11570 607  109   63
B 11580 596   73   76
B 11591 611   38   89
B 11602 641   29  102
B 11612 711   29  114
B 11622 756   29  125
B 11632 776   29  136
B 11642 785   29  149
B 11652 789   29  159
B 11662 792   29  170
B 11672 794   29  179
B 11682 795   29  190
pull out 193
B 11692 796 -117  199
B 11702 797 -117  208
B 11712 798 -117  216
B 11722 676 -117  223
B 11732 639 -117  227
B 11742 651 -117  234
B 11752 676 -117  239
B 11762 704 -117  243
B 11772 719 -117  246
B 11782 703 -117  247
B 11792 650 -117  247
B 11802 610 -117  246
B 11812 586 -117  235
B 11822 582 -117  223
B 11832 602 -117  210
B 11842 633 -117  194
B 11852 664 -117  178
B 11862 688 -117  161
B 11872 703 -117  143
B 11882 706 -117  124
B 11892 704 -117  103
B 11902 703 -117   80
B 11912 707 -117   58
B 11922 715 -117   35
B 11932 724 -117    8
push -10 -10
push out at target
B 11942 733   78  -13
B 11952 734   78  -24
B 11962 712   78  -36
B 11972 655   78  -49
B 11982 652   78  -62
B 11992 675   78  -76
B 12002 701   78  -91
B 12012 722   78 -106
B 12022 710   78 -121
B 12032 663   78 -129
B 12042 617   55 -132
B 12052 588   14 -132
B 12062 669    9 -131
B 12072 739    9 -125
B 12082 776    9 -114
B 12092 794    9 -107
B 12102 803    9  -97
B 12112 808    9  -87
B 12122 810    9  -77
B 12132 812    9  -68
B 12142 813    9  -58
pb end 
B 12152 813   10  -49
B 12162 815   10  -41
B 12172 814   10  -32
SSS v= 8143  t=  251
SSS  -96   -48    -3   -32
%P VOLT1   = 8274
%P VOLT2   = 8143
%P S2_SC   =  0.98
%P L_ANG_MAX = 251
S 8143   -96   -48    -3
B 12182 814  117  -23
B 12192 814  117  -17
B 12202 776  117  -10
B 12212 714  117   -4
B 12222 706  117    1
B 12232 719  117    6
B 12242 736  117   10
B 12252 751  117   18
B 12262 758  117   21
B 12272 735  117   25
B 12282 682  117   32
B 12293 634  117   42
B 12303 600  117   54
B 12314 590  100   67
B 12324 604   65   78
B 12334 626   32   89
B 12344 655   29  100
B 12354 730   29  111
B 12364 762   29  123
B 12374 777   29  135
B 12384 784   29  145
B 12394 788   29  155
B 12404 790   29  165
B 12414 792   29  175
B 12424 794   29  184
pull out 193
B 12434 795 -117  193
B 12444 796 -117  202
B 12454 738 -117  210
B 12464 639 -117  215
B 12474 628 -117  219
B 12484 647 -117  225
B 12494 677 -117  230
B 12504 702 -117  232
B 12514 713 -117  234
B 12524 682 -117  234
B 12534 631 -117  234
B 12544 589 -117  230
B 12554 562 -117  219
B 12564 560 -117  206
B 12574 582 -117  191
B 12584 614 -117  175
B 12594 645 -117  160
B 12604 673 -117  142
B 12614 688 -117  124
B 12624 691 -117  107
B 12634 687 -117   83
B 12644 683 -117   63
B 12654 685 -117   42
B 12664 694 -117   16
B 12674 705 -117   -7
push -10 -10
push out at target
B 12684 713   78  -19
B 12694 703   78  -30
B 12704 667   78  -42
B 12714 615   78  -56
B 12724 627   78  -69
B 12734 653   78  -84
B 12744 680   78  -99
B 12754 697   78 -114
B 12764 663   78 -126
B 12774 604   78 -133
B 12784 526   47 -134
B 12795 508    0 -134
B 12805 674    9 -133
B 12815 743    9 -130
B 12825 775    9 -122
B 12835 792    9 -115
B 12845 801    9 -109
B 12855 806    9 -104
B 12865 809    9  -98
B 12875 804    9  -95
B 12885 804    9  -93
pb end 
B 12895 808   10  -93
B 12905 810   10  -93
SSS v= 8118  t=  256
SSS -100   -48    -3   -93
%P VOLT1   = 8214
%P VOLT2   = 8115
%P S2_SC   =  0.99
%P L_ANG_MAX = 256
S 8115  -100   -48    -3
B 12916 812  118  -93
B 12927 812  118  -93
B 12937 800  118  -93
B 12947 677  118  -93
B 12958 642  118  -93
B 12968 636  118  -93
B 12978 629  118  -93
B 12988 610  118  -93
B 12998 539  118  -93
B 13008 448  118  -93
B 13018 432  118  -86
B 13029 425  118  -78
B 13039 432  118  -69
B 13050 466  118  -61
B 13060 508  118  -53
B 13070 538  118  -49
B 13080 534  118  -46
B 13090 494  118  -46
B 13100 443  118  -46
B 13110 412  118  -46
B 13120 384  118  -46
B 13130 361  118  -45
B 13141 347  118  -45
B 13152 338  118  -45
B 13162 333  118  -45
B 13172 329  118  -45
B 13182 327  118  -45
B 13192 325  118  -45
B 13202 324  118  -45
B 13212 438  118  -45
B 13222 611  118  -45
B 13232 538  118  -45
B 13242 445  118  -45
B 13252 433  118  -45
B 13262 452  118  -45
B 13272 486  118  -45
B 13282 524  118  -45
B 13292 553  118  -45
B 13302 496  118  -45
B 13312 444  118  -45
B 13322 490  118  -45
B 13332 532  118  -45
B 13342 568  118  -45
B 13352 603  118  -45
B 13363 628  118  -45
B 13373 594  118  -45
B 13383 482  118  -45
B 13393 419  118  -45
B 13403 408  118  -45
B 13413 432  118  -45
pull bail out
push -45 -10
push out at target
B 13423 471   78  -45
B 13433 536   78  -45
B 13443 580   78  -45
B 13453 584   78  -45
B 13463 512   78  -45
B 13473 441   78  -45
B 13483 420   78  -45
B 13493 439   78  -45
B 13503 470    9  -45
B 13513 515    9  -45
B 13523 662    9  -45
B 13533 734    9  -45
B 13543 768    9  -45
B 13553 784    9  -45
B 13563 791    9  -45
B 13573 789    9  -45
B 13583 789    9  -45
B 13593 788    9  -45
pb end 
B 13603 789   10  -45
B 13613 789   10  -45
SSS v= 7902  t=  261
SSS -102   -48    -3   -45
%P VOLT1   = 8214
%P VOLT2   = 7902
%P S2_SC   =  1.01
%P L_ANG_MAX = 261
S 7902  -102   -48    -3
B 13623 791  121  -45
B 13634 793  121  -45
B 13644 638  121  -45
B 13654 489  121  -45
B 13664 438  121  -45
B 13675 429  121  -45
B 13685 444  121  -45
B 13696 468  121  -45
B 13706 484  121  -45
B 13717 443  121  -45
B 13727 391  121  -45
B 13738 378  121  -45
B 13748 390  121  -45
B 13758 596  121  -45
B 13768 707  121  -45
B 13778 757  121  -45
B 13788 782  121  -45
B 13798 793  121  -45
B 13808 713  121  -45
B 13818 666  121  -45
B 13829 493  121  -45
B 13840 433  121  -45
B 13852 443  121  -45
B 13862 479  121  -45
B 13872 515  121  -45
B 13882 549  121  -45
B 13893 560  121  -45
B 13903 478  121  -45
B 13913 408  121  -45
B 13924 393  121  -45
B 13934 523  121  -45
B 13944 674  121  -45
B 13954 743  121  -42
B 13964 774  121  -39
B 13974 790  121  -36
B 13984 798  121  -33
B 13994 802  121  -30
B 14004 631  121  -26
B 14014 494  121  -23
B 14025 449  121  -19
B 14035 453  121  -16
B 14045 468  121  -12
B 14055 465  121   -9
B 14065 425  121   -5
B 14075 502  121   -1
B 14085 658  121    1
B 14095 583  121    4
B 14105 526  121    7
pull bail out
B 14115 458  121    8
B 14125 448   17    9
B 14135 468   17   11
B 14145 531   15   11
B 14155 666   12   11
B 14165 728   11   13
B 14175 757   10   13
B 14185 773   10   13
B 14195 781   10   13
B 14205 773   10   13
B 14215 771   10   13
B 14225 772   10   13
B 14235 775   10   13
B 14245 777   10   13
B 14255 781   10   13
B 14265 783   10   13
B 14275 786   10   13
B 14285 787   10   13
B 14295 789   10   13
B 14305 790   10   13
B 14315 792   10   13
B 14325 794   10   13
B 14335 796   10   12
B 14345 798   10   12
B 14355 800    9   12
B 14365 801 -121   12
B 14375 802 -121   12
B 14385 596 -121   12
B 14395 465 -121   12
B 14405 415 -121   12
B 14415 409 -121   12
B 14425 422 -121   12
B 14435 442 -121   11
B 14445 466 -121   11
B 14455 487 -121   11
B 14465 482 -121   10
B 14475 427 -121    9
B 14485 379 -121    7
B 14495 368 -121    5
B 14505 387 -121    4
B 14515 423 -121    4
B 14525 461 -121    2
B 14535 500 -121    0
B 14545 538 -121   -1
B 14555 564 -121   -1
B 14565 509 -121   -1
B 14575 465 -121   -3
B 14585 472 -121   -3
B 14595 506 -121   -3
B 14605 541 -121   -3
B 14615 572 -121   -3
B 14625 599 -121   -3
B 14635 604 -121   -4
B 14645 539 -121   -4
B 14655 454 -121   -4
B 14665 432 -121   -5
B 14675 391 -121   -5
B 14685 393 -121   -5
B 14695 419 -121   -5
B 14705 452 -121   -5
B 14715 488 -121   -6
B 14725 522 -121   -6
B 14735 548 -121   -6
B 14745 507 -121   -6
B 14755 425 -121   -7
push bail out 
B 14765 394   80   -8
B 14775 437   80   -8
B 14785 628   80   -8
B 14795 718   80   -8
B 14805 761   80   -8
B 14815 781   80   -8
B 14825 791   80   -8
B 14835 610   80   -8
B 14845 514   10   -8
B 14855 500   10   -8
B 14865 547   10   -8
B 14875 675   10   -7
B 14885 734   10   -5
B 14895 760   10   -4
B 14905 774   10   -3
B 14915 781   10   -3
B 14925 786   10   -2
B 14935 787   10   -1
pb end 
B 14945 779   10   -1
B 14955 777   10    0
SSS v= 7776  t=  266
SSS -104   -48    -3     0
%P VOLT1   = 8274
%P VOLT2   = 7776
%P S2_SC   =  1.03
%P L_ANG_MAX = 266
S 7772  -104   -48    -3
B 14966 776  123    1
B 14977 615  123    1
B 14987 513  123    2
B 14997 486  123    4
B 15007 463  123    4
B 15017 413  123    4
B 15027 368  123    5
B 15037 346  123    5
B 15047 416  123    6
B 15057 622  123    7
B 15067 716  123    8
B 15077 758  123    8
B 15087 558  123    8
B 15097 464  123    8
B 15107 444  123    8
B 15117 458  123    8
B 15127 485  123    8
B 15137 445  123    8
B 15147 391  123    8
B 15157 401  123    8
B 15167 553  123    8
B 15177 643  123    8
B 15187 724  123    8
B 15197 763  123    8
B 15207 782  123    8
B 15217 792  123    8
B 15227 797  123    8
B 15237 800  123    8
B 15247 654  123    8
B 15257 737  123    8
B 15267 554  123    8
B 15277 475  123    8
B 15287 461  123    8
B 15297 449  123    8
B 15307 522  123    8
B 15317 670  123    8
B 15327 741  123    8
B 15337 593  123    8
B 15347 487  123    8
B 15357 417  123    8
B 15367 380  123    8
B 15377 363  123    8
B 15387 588  123    8
B 15397 696  123    8
B 15407 721  123    8
B 15417 762  123    8
B 15427 590  123    8
B 15437 468  123    8
B 15447 580  123    8
pull bail out
B 15457 700 -123    8
B 15467 753 -123    8
B 15477 697 -123    8
B 15487 516 -123    8
B 15497 540 -123    8
B 15507 679 -123    8
B 15517 745 -123    8
B 15527 774 -123    8
B 15537 574 -123    8
B 15547 481 -123    8
B 15557 463 -123    8
B 15567 476 -123    8
B 15577 502 -123    8
B 15587 474 -123    8
B 15597 421 -123    8
B 15607 400 -123    8
B 15617 409 -123    7
B 15627 591 -123    6
B 15637 680 -123    6
B 15647 504 -123    6
B 15657 445 -123    5
B 15667 440 -123    4
B 15677 458 -123    3
B 15687 485 -123    2
B 15697 448 -123    1
B 15707 419 -123   -1
B 15717 459 -123   -2
B 15727 481 -123   -3
B 15737 436 -123   -4
B 15747 599 -123   -5
B 15757 703 -123   -5
B 15767 752 -123   -6
B 15777 776 -123   -6
B 15787 751 -123   -6
B 15797 777 -123   -6
B 15807 588 -123   -6
B 15817 460 -123   -6
B 15827 419 -123   -6
B 15837 457 -123   -6
B 15847 640 -123   -6
push bail out 
B 15857 725   82   -6
B 15867 763   82   -6
B 15877 671   82   -6
B 15887 742   82   -6
B 15897 556   82   -6
B 15907 465   82   -6
B 15917 444   82   -6
B 15927 440   82   -5
B 15937 433   82   -5
B 15947 397   10   -5
B 15957 553   10   -5
B 15967 682   10   -4
B 15977 741   10   -2
B 15987 761   10   -2
B 15997 770   10   -1
B 16007 775   10    0
B 16017 774   10    1
B 16027 767   10    2
pb end 
B 16037 761   10    2
B 16047 757   10    3
B 16057 758   10    3
SSS v= 7580  t=  271
SSS -104   -48    -3     3
%P VOLT1   = 8274
%P VOLT2   = 7580
%P S2_SC   =  1.06
%P L_ANG_MAX = 271
S 7580  -104   -48    -3
B 16067 759  126    3
B 16077 762  126    3
B 16087 740  126    3
B 16097 538  126    3
B 16107 471  126    3
B 16117 448  126    3
B 16127 425  126    3
B 16137 547  126    3
B 16147 685  126    3
B 16157 747  126    3
B 16167 775  126    3
B 16177 751  126    3
B 16187 538  126    3
B 16197 470  126    3
B 16207 459  126    3
B 16217 477  126    3
B 16227 503  126    3
B 16237 524  126    3
B 16247 514  126    3
B 16257 548  126    3
B 16267 650  126    3
B 16277 487  126    3
B 16287 433  126    3
B 16297 429  126    3
B 16307 445  126    5
B 16317 454  126    6
B 16327 546  126    6
B 16337 675  126    7
B 16347 719  126    7
B 16357 736  126    7
B 16367 763  126    7
B 16377 782  126    7
B 16387 793  126    7
B 16397 797  126    7
B 16407 800  126    7
B 16417 617  126    7
B 16427 488  126    7
B 16437 599  126    7
B 16447 672  126    7
B 16457 493  126    7
B 16467 434  126    7
B 16477 427  126    7
B 16487 444  126    6
B 16497 451  126    5
B 16507 491  126    5
B 16517 654  126    5
B 16527 693  126    5
B 16537 719  126    5
B 16547 696  126    5
B 16557 751  126    5
pull bail out
B 16567 778 -126    5
B 16577 790 -126    5
B 16587 796 -126    5
B 16597 659 -126    5
B 16607 550 -126    5
B 16617 514 -126    5
B 16627 517 -126    5
B 16637 484 -126    5
B 16647 407 -126    5
B 16657 511 -126    4
B 16667 663 -126    2
B 16677 735 -126    2
B 16687 612 -126    1
B 16697 478 -126    0
B 16707 610 -126   -1
B 16717 711 -126   -1
B 16727 523 -126   -1
B 16737 444 -126   -1
B 16747 430 -126   -2
B 16757 432 -126   -3
B 16767 628 -126   -3
B 16777 719 -126   -3
B 16787 760 -126   -3
B 16797 552 -126   -3
B 16807 443 -126   -3
B 16817 389 -126   -3
B 16827 502 -126   -3
B 16837 656 -126   -3
B 16847 693 -126   -3
B 16857 749 -126   -3
B 16867 774 -126   -3
B 16877 787 -126   -3
B 16887 655 -126   -3
B 16897 732 -126   -3
B 16907 769 -126   -3
B 16917 740 -126   -3
B 16927 533 -126   -3
B 16937 440 -126   -3
B 16947 383 -126   -3
B 16957 370 -126   -3
push bail out 
B 16967 386   84   -3
B 16977 414   84   -3
B 16987 440   84   -3
B 16997 595   84   -3
B 17007 701   84   -3
B 17017 750   84   -3
B 17027 640   84   -3
B 17037 497   84   -3
B 17047 454   10   -3
B 17057 454   10   -3
B 17067 598   10   -3
B 17077 696   10   -3
B 17087 727   10   -3
B 17097 742   10   -3
B 17107 750   10   -3
B 17117 751   10   -3
B 17127 750   10   -3
B 17137 749   10   -3
pb end 
B 17147 751   10   -3
B 17157 752   10   -3
SSS v= 7527  t=  276
SSS -104   -48    -3    -3
%P VOLT1   = 8214
%P VOLT2   = 7527
%P S2_SC   =  1.06
%P L_ANG_MAX = 276
S 7527  -104   -48    -3
B 17167 754  127   -3
B 17177 756  127   -3
B 17187 668  127   -2
B 17197 505  127   -1
B 17207 446  127   -1
B 17217 441  127   -1
B 17227 459  127    0
B 17237 476  127    0
B 17247 459  127    0
B 17257 409  127    2
B 17267 612  127    2
B 17277 622  127    2
B 17287 534  127    2
B 17297 510  127    2
B 17307 518  127    2
B 17317 538  127    2
B 17327 555  127    2
B 17337 517  127    2
B 17347 607  127    3
B 17357 690  127    3
B 17367 645  127    3
B 17377 492  127    3
B 17387 432  127    4
B 17397 415  127    6
B 17407 395  127    6
B 17417 574  127    7
B 17427 694  127    7
B 17437 747  127    7
B 17447 742  127    7
B 17457 732  127    7
B 17467 769  127    7
B 17477 786  127    7
B 17487 793  127    7
B 17497 606  127    7
B 17507 467  127    7
B 17517 418  127    7
B 17527 412  127    7
B 17537 594  127    7
B 17547 662  127    7
B 17557 737  127    7
B 17567 769  127    7
B 17578 787  127    7
B 17588 794  127    7
B 17599 798  127    7
B 17610 800  127    7
B 17620 677  127    7
B 17630 506  127    7
B 17640 422  127    7
B 17650 376  127    7
pull bail out
B 17660 358 -127    7
B 17670 352 -127    7
B 17680 586 -127    7
B 17690 695 -127    7
B 17700 748 -127    7
B 17710 683 -127    7
B 17720 500 -127    7
B 17730 539 -127    7
B 17740 680 -127    7
B 17750 718 -127    7
B 17760 761 -127    7
B 17770 553 -127    7
B 17780 463 -127    7
B 17790 443 -127    7
B 17800 454 -127    7
B 17810 476 -127    7
B 17820 441 -127    7
B 17830 416 -127    5
B 17840 566 -127    4
B 17850 689 -127    3
B 17860 746 -127    2
B 17870 772 -127    1
B 17880 786 -127    0
B 17890 792 -127    0
B 17900 795 -127   -1
B 17910 625 -127   -1
B 17920 480 -127   -1
B 17930 481 -127   -3
B 17940 652 -127   -3
B 17950 729 -127   -3
B 17960 767 -127   -3
B 17970 785 -127   -3
B 17980 793 -127   -3
B 17990 797 -127   -3
B 18000 633 -127   -3
B 18010 490 -127   -3
B 18020 420 -127   -3
B 18030 382 -127   -3
B 18040 369 -127   -3
B 18050 360 -127   -3
push bail out 
B 18060 591   85   -3
B 18070 696   85   -3
B 18080 749   85   -3
B 18090 768   85   -3
B 18100 774   85   -3
B 18110 746   85   -3
B 18120 775   85   -3
B 18130 788   85   -3
B 18140 734   10   -3
B 18150 554   10   -3
B 18160 568   10   -3
B 18170 688   10   -3
B 18180 743   10   -3
B 18190 769   10   -3
B 18200 764   10   -3
B 18210 760   10   -3
B 18220 759   10   -3
B 18230 758   10   -3
pb end 
B 18240 760   10   -3
B 18250 760   10   -3
SSS v= 7615  t=  281
SSS -104   -48    -3    -3
%P VOLT1   = 8274
%P VOLT2   = 7615
%P S2_SC   =  1.05
%P L_ANG_MAX = 281
S 7615  -104   -48    -3
B 18260 762  126   -3
B 18271 762  126   -2
B 18282 764  126   -2
B 18292 551  126   -2
B 18302 463  126   -2
B 18312 443  126   -2
B 18322 434  126   -2
B 18332 407  126   -1
B 18342 614  126   -1
B 18352 708  126   -1
B 18362 759  126   -1
B 18373 753  126   -1
B 18383 551  126   -1
B 18393 495  126   -1
B 18403 489  126   -1
B 18414 508  126   -1
B 18424 534  126   -1
B 18434 536  126   -1
B 18444 473  126    0
B 18454 638  126    1
B 18464 651  126    2
B 18474 487  126    2
B 18484 430  126    3
B 18495 403  126    4
B 18505 398  126    5
B 18515 611  126    6
B 18525 702  126    6
B 18536 732  126    7
B 18547 751  126    7
B 18557 745  126    7
B 18568 776  126    7
B 18578 789  126    7
B 18588 794  126    7
B 18598 547  126    7
B 18608 450  126    7
B 18618 419  126    7
B 18628 445  126    7
B 18638 638  126    7
B 18648 695  126    7
B 18658 752  126    7
B 18669 777  126    6
B 18679 790  126    6
B 18689 796  126    6
B 18699 799  126    6
B 18709 801  126    5
B 18719 643  126    5
B 18729 496  126    6
B 18739 413  126    6
B 18749 377  126    6
pull bail out
B 18759 380   21    6
B 18769 402   19    6
B 18779 429   18    6
B 18789 486   16    6
B 18799 619   12    6
B 18809 654   12    6
B 18819 715   11    6
B 18829 731   10    6
B 18839 738   10    6
B 18849 749   10    6
B 18859 756   10    6
B 18869 761   10    6
B 18879 763   10    6
B 18889 764   10    6
B 18899 763   10    6
B 18909 762   10    6
B 18919 762   10    6
B 18929 762   10    6
B 18939 764   10    6
B 18949 765   10    6
B 18959 767   10    6
B 18969 767   10    6
B 18979 767   10    6
B 18989 767   10    6
B 18999 768   10    6
B 19009 769   10    6
B 19019 772   10    6
B 19029 772   10    6
B 19039 772   10    6
B 19049 773   10    6
B 19059 772   10    6
B 19069 774   10    6
B 19079 775   10    6
B 19089 778   10    6
B 19099 779   10    6
B 19109 780   10    6
B 19119 782   10    6
B 19129 783   10    6
B 19139 784   10    6
B 19149 786   10    6
B 19159 787   10    6
B 19169 788   10    6
B 19179 789   10    6
B 19189 790   10    6
B 19199 791   10    6
B 19209 793   10    6
B 19219 794   10    6
B 19229 794   10    6
B 19239 795   10    6
B 19249 796   10    6
B 19259 797   10    6
B 19269 799   10    6
B 19279 799   10    6
B 19289 800    9    6
B 19299 802    9    6
B 19309 803    9    6
B 19319 805    9    6
B 19329 806    9    6
B 19339 808    9    6
B 19349 808    9    6
B 19359 808    9    6
B 19369 809    9    6
B 19379 810    9    6
B 19389 810    9    6
B 19399 811    9    6
B 19409 811    9    6
B 19419 811    9    6
B 19429 811    9    6
B 19439 812    9    6
B 19449 812    9    6
B 19459 813    9    6
B 19469 813    9    6
B 19479 814    9    6
B 19489 814    9    6
B 19499 814    9    6
B 19509 814    9    6
B 19519 815    9    6
B 19529 815    9    6
B 19539 815    9    6
B 19549 815    9    6
B 19559 815    9    6
B 19569 815    9    6
B 19579 816    9    6
B 19589 816    9    6
B 19599 816    9    6
B 19609 816    9    6
B 19619 816    9    6
B 19629 817    9    6
B 19639 817    9    6
B 19649 817    9    6
B 19660 817    9    6
B 19670 817    9    6
B 19680 817    9    6
B 19690 817    9    6
B 19700 818    9    6
B 19710 818    9    6
B 19720 818    9    6
B 19730 818    9    6
B 19740 818    9    6
B 19750 818    9    6
B 19760 818    9    6
B 19770 818    9    6
B 19780 818    9    6
B 19790 819    9    6
B 19800 819    9    6
B 19810 818    9    6
B 19820 818    9    6
B 19830 819    9    6
B 19840 819    9    6
B 19850 819    9    6
B 19860 819    9    6
B 19870 819    9    6
B 19880 818    9    6
B 19890 819    9    6
B 19900 819    9    6
B 19910 819    9    6
B 19920 819    9    6
B 19930 819    9    6
B 19940 820    9    6
B 19950 819    9    6
B 19960 819    9    6
B 19970 820    9    6
B 19980 819    9    6
B 19990 820    9    6
B 20000 820    9    6
B 20010 820    9    6
B 20020 820    9    6
B 20030 820    9    6
B 20040 820    9    6
B 20050 819    9    6
B 20060 820    9    6
B 20070 820    9    6
B 20080 820    9    6
B 20090 820    9    6
B 20100 821    9    6
B 20110 820    9    6
B 20120 820    9    6
B 20130 820    9    6
B 20140 821    9    6
B 20150 821    9    6
B 20160 821    9    6
B 20170 821    9    6
B 20180 820    9    6
B 20190 820    9    6
B 20200 821    9    6
B 20210 820    9    6
B 20220 821    9    6
B 20230 820    9    6
B 20240 820    9    6
B 20250 821    9    6
B 20261 820    9    6
B 20272 820    9    6
B 20282 820    9    6
B 20292 821    9    6
B 20302 821    9    6
B 20312 821    9    6
B 20322 821    9    6
B 20332 821    9    6
B 20342 821    9    6
B 20352 821    9    6
B 20362 821    9    6
B 20372 821    9    6
B 20382 821    9    6
B 20392 822    9    6
B 20402 821    9    6
B 20412 821    9    6
B 20422 821    9    6
B 20432 822    9    6
B 20442 821    9    6
B 20452 822    9    6
B 20462 821    9    6
B 20472 822    9    6
B 20482 821    9    6
B 20492 821    9    6
B 20502 822    9    6
B 20513 821    9    6
B 20523 821    9    6
B 20533 822    9    6
B 20543 821    9    6
B 20553 822    9    6
B 20563 822    9    6
B 20573 822    9    6
B 20583 822    9    6
B 20593 822    9    6
B 20603 822    9    6
B 20613 822    9    6
B 20623 822    9    6
B 20633 822    9    6
B 20643 822    9    6
B 20653 822    9    6
B 20663 822    9    6
B 20673 822    9    6
B 20683 822    9    6
B 20693 822    9    6
B 20703 822    9    6
B 20713 822    9    6
B 20723 822    9    6
B 20733 822    9    6
B 20743 822    9    6
B 20753 822    9    6
B 20763 822  -20    6
B 20773 822  -20    6
B 20783 822  -20    6
B 20793 814  -20    6
B 20803 810  -20    6
B 20813 810  -20    6
B 20823 809  -20    6
B 20833 809  -20    6
B 20843 810  -20    6
B 20853 810  -20    6
B 20864 810  -20    5
reset done 
B 20874 811   10    5
SSS v= 8104  t=  281
SSS -104   -48    -3     5
%P VOLT1   = 8274
%P VOLT2   = 8104
%P S2_SC   =  0.99
%P L_ANG_MAX = 281
S 8108  -104   -48    -3
B 20885 810  118    5
B 20895 756  118    4
B 20905 637  118    4
B 20915 609  118    4
B 20925 619  118    4
B 20936 647  118    4
B 20947 676  118    4
B 20957 680  118    5
B 20967 636  118    5
B 20977 537  118    9
B 20987 471  118   19
B 20997 445  118   29
B 21007 441  118   38
B 21017 464  118   47
B 21027 500  118   55
B 21037 528  110   63
B 21047 536   92   69
B 21057 512   74   75
B 21067 463   62   79
B 21077 414   53   82
B 21087 390   44   86
B 21097 394   35   88
B 21107 405   29   91
B 21117 468   29   92
B 21127 515   29   92
B 21137 572   29   93
B 21147 607   29   93
B 21157 630   29   93
B 21167 622   29   93
B 21177 605   29   93
B 21187 593   29   93
B 21197 581   29   93
B 21207 573   29   91
B 21217 561   29   91
pull out 90
B 21227 558 -118   89
B 21237 555 -118   89
B 21247 555 -118   89
B 21257 503 -118   89
B 21267 471 -118   89
B 21277 491 -118   89
B 21287 527 -118   89
B 21297 564 -118   89
B 21307 600 -118   89
B 21317 630 -118   88
B 21327 627 -118   85
B 21337 545 -118   81
B 21347 463 -118   79
B 21357 477 -118   76
B 21367 511 -118   74
B 21377 549 -118   69
B 21387 584 -118   63
B 21397 619 -118   58
B 21407 637 -118   52
B 21417 612 -118   44
B 21427 532 -118   39
B 21437 445 -118   33
B 21447 413 -118   25
B 21457 422 -118   19
B 21467 440 -118   11
B 21477 462 -118    5
B 21487 487 -118   -1
B 21497 509 -118   -3
B 21507 528 -118   -5
B 21517 536 -118   -8
push -10 -10
push out at target
B 21527 478   78  -13
B 21537 410   78  -15
B 21547 409   78  -16
B 21557 466   78  -17
B 21567 523   78  -18
B 21577 566   78  -18
B 21587 602   78  -18
B 21597 633   78  -18
B 21607 648    9  -18
B 21617 669    9  -18
B 21627 728    9  -18
B 21637 753    9  -18
B 21647 765    9  -18
B 21657 770    9  -18
B 21667 775    9  -18
B 21677 781    9  -18
B 21687 785    9  -18
B 21697 789    9  -17
pb end 
B 21707 791   10  -14
B 21717 794   10  -12
SSS v= 7947  t=  286
SSS -104   -48    -3   -11
%P VOLT1   = 8274
%P VOLT2   = 7951
%P S2_SC   =  1.01
%P L_ANG_MAX = 286
S 7951  -104   -48    -3
B 21727 795  120   -9
B 21737 796  120   -7
B 21747 582  120   -5
B 21757 463  120   -3
B 21767 426  120   -2
B 21777 422  120   -1
B 21787 429  120    3
B 21797 425  120    5
B 21807 391  120    6
B 21817 394  120    7
B 21827 403  120    8
B 21837 417  120    8
B 21847 589  120    9
B 21857 525  120    9
B 21867 516  120    9
B 21877 531  120    9
B 21887 557  120    9
B 21897 567  120    9
B 21907 482  120    9
B 21917 531  120    9
B 21927 478  120    9
B 21937 436  120   10
B 21947 633  120   10
B 21957 724  120   10
B 21967 765  120   11
B 21977 787  120   10
B 21987 797  120   10
B 21997 612  120   10
B 22007 510  120   10
B 22017 483  120   10
B 22027 485  120   10
B 22037 511  120   10
B 22047 528  120   10
B 22057 466  120   10
B 22067 394  120   11
B 22077 416  120   11
B 22087 619  120   11
B 22097 716  120   11
B 22107 558  120   11
B 22117 459  120   11
B 22127 625  120   11
B 22137 722  120   11
B 22147 764  120   10
B 22157 785  120   10
B 22167 795  120   10
B 22177 602  120   10
B 22187 463  120   10
B 22197 414  120   10
B 22207 409  120   10
B 22217 590  120   10
pull bail out
B 22227 702 -120    9
B 22237 756 -120    8
B 22247 781 -120    7
B 22257 794 -120    7
B 22267 800 -120    7
B 22277 803 -120    7
B 22287 805 -120    7
B 22297 771 -120    7
B 22307 582 -120    7
B 22317 526 -120    7
B 22327 523 -120    7
B 22337 544 -120    7
B 22347 570 -120    7
B 22357 594 -120    6
B 22367 576 -120    5
B 22377 470 -120    4
B 22387 399 -120    3
B 22397 376 -120    1
B 22407 379 -120    1
B 22417 404 -120    1
B 22427 437 -120   -1
B 22437 472 -120   -3
B 22447 482 -120   -4
B 22457 433 -120   -5
B 22467 383 -120   -5
B 22477 531 -120   -6
B 22487 648 -120   -7
B 22497 639 -120   -7
B 22507 486 -120   -7
B 22517 435 -120   -7
B 22527 434 -120   -7
B 22537 456 -120   -7
B 22547 483 -120   -7
B 22557 514 -120   -7
B 22567 520 -120   -7
B 22577 477 -120   -7
B 22587 541 -120   -7
B 22597 680 -120   -6
B 22607 744 -120   -6
B 22617 774 -120   -6
push bail out 
B 22627 789   80   -6
B 22637 796   80   -6
B 22647 800   80   -6
B 22657 780   80   -6
B 22667 568   80   -6
B 22677 488   80   -6
B 22687 429   80   -5
B 22697 410   80   -2
B 22707 391   10   -1
B 22717 529   10    0
B 22727 667   10    2
B 22737 733   10    3
B 22747 763   10    3
B 22757 765   10    3
B 22767 767   10    3
B 22777 769   10    3
B 22787 769   10    3
B 22797 771   10    3
pb end 
B 22807 769   10    3
B 22817 769   10    3
SSS v= 7695  t=  291
SSS -104   -48    -3     3
%P VOLT1   = 8274
%P VOLT2   = 7695
%P S2_SC   =  1.04
%P L_ANG_MAX = 291
S 7695  -104   -48    -3
B 22827 770  124    3
B 22837 740  124    3
B 22847 540  124    3
B 22857 474  124    3
B 22867 467  124    3
B 22877 484  124    3
B 22887 478  124    3
B 22897 410  124    3
B 22907 366  124    3
B 22918 581  124    3
B 22928 623  124    3
B 22938 539  124    3
B 22948 548  124    3
B 22959 691  124    4
B 22969 752  124    4
B 22979 779  124    4
B 22989 791  124    4
B 22999 748  124    4
B 23010 517  124    4
B 23021 501  124    4
B 23032 680  124    4
B 23042 545  124    4
B 23053 441  124    4
B 23063 415  124    4
B 23073 426  124    4
B 23083 452  124    4
B 23093 479  124    4
B 23103 474  124    4
B 23114 568  124    4
B 23124 696  124    4
B 23134 750  124    4
B 23144 778  124    4
B 23154 791  124    4
B 23164 797  124    4
B 23175 801  124    4
B 23186 803  124    4
B 23197 747  124    4
B 23207 775  124    4
B 23218 793  124    4
B 23228 801  124    4
B 23238 804  124    4
B 23248 806  124    4
B 23258 808  124    4
B 23268 808  124    4
B 23278 808  124    4
B 23288 729  124    4
B 23298 552  124    4
B 23309 499  124    4
pull bail out
B 23319 500 -124    4
B 23329 523 -124    4
B 23339 552 -124    4
B 23349 662 -124    4
B 23359 740 -124    4
B 23369 775 -124    4
B 23379 688 -124    4
B 23389 519 -124    4
B 23399 465 -124    4
B 23409 466 -124    4
B 23419 488 -124    4
B 23429 518 -124    4
B 23439 467 -124    4
B 23449 414 -124    4
B 23459 446 -124    4
B 23469 445 -124    4
B 23479 404 -124    4
B 23489 395 -124    4
B 23499 383 -124    4
B 23509 398 -124    3
B 23519 440 -124    1
B 23529 475 -124   -1
B 23539 500 -124   -2
B 23549 445 -124   -4
B 23559 453 -124   -5
B 23569 391 -124   -5
B 23579 380 -124   -5
B 23589 395 -124   -5
B 23599 420 -124   -5
B 23609 449 -124   -5
B 23619 473 -124   -5
B 23629 492 -124   -6
B 23639 437 -124   -7
B 23649 536 -124   -7
B 23659 672 -124   -8
B 23669 738 -124   -7
B 23679 768 -124   -7
B 23689 784 -124   -7
B 23699 791 -124   -7
B 23709 696 -124   -7
B 23719 750 -124   -7
push bail out 
B 23729 640   83   -7
B 23739 572   83   -7
B 23749 540   83   -7
B 23759 500   83   -7
B 23769 423   83   -7
B 23779 561   83   -6
B 23789 688   83   -4
B 23799 723   83   -3
B 23809 764   10   -1
B 23819 782   10    1
B 23829 786   10    3
B 23839 780   10    5
B 23849 778   10    6
B 23859 779   10    7
B 23869 774   10    7
B 23879 773   10    7
B 23889 768   10    7
B 23899 766   10    7
pb end 
B 23909 765   10    7
B 23919 766   10    7
SSS v= 7660  t=  296
SSS -104   -48    -3     7
%P VOLT1   = 8274
%P VOLT2   = 7660
%P S2_SC   =  1.04
%P L_ANG_MAX = 296
S 7664  -104   -48    -3
B 23929 766  125    7
B 23939 768  125    7
B 23949 770  125    7
B 23959 594  125    7
B 23969 490  125    7
B 23979 466  125    7
B 23989 478  125    6
B 23999 501  125    5
B 24009 495  125    4
B 24019 421  125    4
B 24029 451  125    4
B 24039 633  125    4
B 24049 663  125    4
B 24060 739  125    4
B 24070 774  125    4
B 24080 789  125    4
B 24091 797  125    4
B 24101 801  125    4
B 24112 803  125    4
B 24122 575  125    4
B 24132 448  125    4
B 24143 613  125    4
B 24153 714  125    4
B 24163 761  125    4
B 24173 785  125    4
B 24183 795  125    4
B 24194 801  125    4
B 24204 804  125    4
B 24214 805  125    4
B 24224 712  125    4
B 24234 533  125    4
B 24244 473  125    4
B 24255 467  125    4
B 24266 492  125    4
B 24277 525  125    4
B 24287 550  125    3
B 24297 540  125    3
B 24307 480  125    4
B 24317 479  125    4
B 24327 468  125    4
B 24337 483  125    4
B 24347 509  125    4
B 24357 538  125    4
B 24367 565  125    4
B 24377 569  125    4
B 24387 494  125    4
B 24397 656  125    5
B 24407 668  125    7
B 24417 743  125    7
pull bail out
B 24427 775 -125    7
B 24437 790 -125    7
B 24447 798 -125    7
B 24457 801 -125    7
B 24467 805 -125    7
B 24477 741 -125    7
B 24487 619 -125    7
B 24497 518 -125    7
B 24507 436 -125    7
B 24517 397 -125    7
B 24527 397 -125    7
B 24537 428 -125    7
B 24547 441 -125    3
B 24557 406 -125    1
B 24567 467 -125   -2
B 24577 645 -125   -5
B 24587 615 -125   -5
B 24597 484 -125   -5
B 24607 580 -125   -5
B 24617 696 -125   -5
B 24627 730 -125   -5
B 24637 768 -125   -5
B 24647 785 -125   -5
B 24657 737 -125   -5
B 24667 518 -125   -5
B 24677 502 -125   -5
B 24687 661 -125   -5
B 24697 555 -125   -5
B 24707 443 -125   -5
B 24717 595 -125   -5
B 24727 705 -125   -5
B 24737 756 -125   -5
B 24747 780 -125   -5
B 24757 792 -125   -5
B 24767 677 -125   -5
B 24777 501 -125   -5
B 24787 584 -125   -5
B 24797 701 -125   -5
B 24807 531 -125   -5
B 24817 433 -125   -5
push bail out 
B 24827 404   83   -5
B 24837 409   83   -5
B 24847 423   83   -5
B 24857 496   83   -5
B 24867 657   83   -5
B 24877 679   83   -5
B 24887 742   83   -5
B 24897 745   83   -5
B 24907 775   10   -5
B 24917 788   10   -5
B 24927 795   10   -5
B 24937 799   10   -5
B 24947 798   10   -5
B 24957 796   10   -5
B 24967 785   10   -5
B 24977 777   10   -5
B 24987 770   10   -5
B 24997 766   10   -5
pb end 
B 25007 765   10   -5
B 25017 764   10   -5
SSS v= 7646  t=  301
SSS -104   -48    -3    -5
%P VOLT1   = 8214
%P VOLT2   = 7643
%P S2_SC   =  1.05
%P L_ANG_MAX = 301
S 7643  -104   -48    -3
B 25027 763  125   -5
B 25037 635  125   -5
B 25047 495  125   -5
B 25057 456  125   -5
B 25067 461  125   -5
B 25077 486  125   -5
B 25087 515  125   -5
B 25097 541  125   -1
B 25107 546  125   -1
B 25117 461  125   -1
B 25127 472  125    1
B 25137 655  125    3
B 25147 732  125    4
B 25157 769  125    4
B 25167 787  125    4
B 25177 796  125    5
B 25187 800  125    6
B 25197 803  125    6
B 25207 803  125    6
B 25217 655  125    6
B 25227 504  125    6
B 25237 459  125    6
B 25247 461  125    6
B 25257 484  125    6
B 25267 513  125    6
B 25277 528  125    6
B 25287 496  125    6
B 25297 546  125    6
B 25307 531  125    6
B 25317 666  125    6
B 25327 741  125    6
B 25337 774  125    6
B 25347 789  125    6
B 25357 797  125    6
B 25367 800  125    6
B 25377 755  125    6
B 25387 783  125    6
B 25397 647  125    6
B 25407 507  125    6
B 25417 470  125    6
B 25428 478  125    6
B 25438 478  125    6
B 25448 439  125    6
B 25458 581  125    6
B 25468 618  125    6
B 25478 543  125    6
B 25488 459  125    6
B 25499 476  125    6
B 25510 511  125    6
pull bail out
B 25520 543 -125    6
B 25530 543 -125    6
B 25540 563 -125    6
B 25550 690 -125    6
B 25560 750 -125    6
B 25570 777 -125    6
B 25580 592 -125    6
B 25590 476 -125    6
B 25600 445 -125    6
B 25610 451 -125    6
B 25620 473 -125    6
B 25630 461 -125    6
B 25640 437 -125    6
B 25650 429 -125    6
B 25660 398 -125    6
B 25670 427 -125    6
B 25680 408 -125    6
B 25690 581 -125    3
B 25700 695 -125    0
B 25710 748 -125   -2
B 25720 733 -125   -2
B 25730 770 -125   -3
B 25740 785 -125   -3
B 25750 793 -125   -3
B 25760 770 -125   -3
B 25770 775 -125   -3
B 25780 537 -125   -3
B 25790 445 -125   -3
B 25800 424 -125   -3
B 25810 433 -125   -3
B 25820 455 -125   -3
B 25830 444 -125   -3
B 25840 473 -125   -3
B 25850 616 -125   -3
B 25860 712 -125   -3
B 25870 758 -125   -3
B 25880 700 -125   -3
B 25890 696 -125   -3
B 25900 722 -125   -3
B 25910 765 -125   -3
push bail out 
B 25920 784   83   -3
B 25930 793   83   -3
B 25940 615   83   -3
B 25950 538   83   -3
B 25960 522   83   -3
B 25970 501   83   -3
B 25980 438   83   -3
B 25990 466   83   -3
B 26000 648   10   -1
B 26010 726   10    0
B 26020 765   10    0
B 26030 773   10    1
B 26040 776   10    3
B 26050 778   10    3
B 26060 778   10    4
B 26070 775   10    5
B 26080 768   10    5
B 26090 759   10    5
pb end 
B 26100 758   10    5
B 26110 760   10    5
** 26130
