  0 798   70   -1
 11 7984   70   -1
 21 7981   70   -1
 31 7867   70   -1
 42 7835   70   -1
 52 7853   70   -1
 62 7863   70   -1
 72 7454   70   -1
 83 7421   70    6
 93 7599   70   14
103 7499   70   23
113 7499   70   31
123 7340   70   42
133 7321   70   51
143 7330   70   61
153 7371   42   71
163 7513   30   81
173 7561   30   92
183 7616   30  103
193 7603   30  114
203 7612   30  123
213 7833   30  132
223 7871   30  141
233 7875 -100  151
243 7878 -100  159
253 7879 -100  169
263 7721 -100  177
273 7605 -100  182
283 7624 -100  187
293 7685 -100  194
303 7282 -100  197
313 7383 -100  200
323 7326 -100  201
333 7337 -100  201
343 7404 -100  201
353 7373  -97  187
363 7280  -97  173
373 6987  -97  157
383 7058  -97  140
393 7048  -97  123
403 7226  -97  104
413 7240  -97   83
423 7387  -97   62
433 7563  -97   39
443 7566  -97   16
453 7539  -97   -7
463 7541   80  -17
473 7512   80  -29
483 7409   80  -43
493 7476   80  -57
503 7530   80  -69
513 7543   80  -83
523 7351   80  -97
533 7271   80 -109
543 7301   80 -114
553 7429   31 -114
563 7416   10 -114
573 7537   10 -109
583 7126   10  -95
593 7193   10  -81
603 7293   10  -69
613 7806   10  -54
623 7814   10  -40
633 7892   10  -25
643 7892   10  -10
653 7893   10    3
99999 0 0 0 
663 7894    0   17
673 7933    0   27
683 7933    0   36
693 7935    0   42
703 7935    0   46
713 7937    0   48
723 7935    0   49
733 7937    0   50
743 7938    0   49
753 7938    0   49
763 7938    0   50
773 7940    0   50
783 7938    0   50
793 7940    0   50
803 7941    0   50
813 7938    0   50
823 7938    0   49
833 7940    0   47
843 7940    0   45
853 7940    0   42
863 7941    0   39
873 7941    0   35
883 7940    0   32
893 7941    0   29
903 7976    0   25
913 7941   70   22
923 7940   70   19
933 7791   70   15
943 7770   70   13
953 7791   70   11
963 7791   70   11
973 7439   70   11
983 7407   70   12
993 7367   70   15
1003 7248   70   23
1013 7267   70   31
1023 7228   70   40
1033 7283   70   49
1043 7289   70   57
1053 7398   50   67
1063 7464   30   77
1073 7512   30   88
1083 7570   30   99
1093 7596   30  110
1103 7607   30  119
1113 7612   30  128
1123 7831   30  137
1133 7834   30  146
1143 7837 -100  155
1153 7837 -100  165
1163 7701 -100  172
1173 7610 -100  177
1183 7630 -100  183
1193 7685 -100  189
1203 7742 -100  193
1213 7308 -100  195
1223 7255 -100  197
1233 7297 -100  196
1243 7399 -103  195
1253 7369 -103  184
1263 7304 -103  169
1273 7010 -103  154
1283 7085 -103  137
1293 7045 -103  119
1303 7189 -103  101
1313 7205 -103   81
1323 7457 -103   60
1333 7522 -103   38
1343 7523 -103   14
1353 7532 -103   -8
1363 7496   80  -18
1373 7464   80  -30
1383 7441   80  -44
1393 7469   80  -57
1403 7522   80  -70
1413 7181   80  -85
1423 7310   80  -98
1433 7236   80 -110
1443 7413   80 -115
1453 7431   31 -116
1463 7413    0 -116
1473 7315   10 -110
1483 7192   10  -96
1493 7257   10  -81
1503 7573   10  -69
1513 7767   10  -54
1523 7774   10  -39
1533 7885   10  -24
1543 7888   10   -9
1553 7890   10    6
99999 0 0 0 
1563 7890    0   19
1573 7893    0   30
1583 7893    0   39
1593 7930    0   44
1603 7931    0   48
1613 7931    0   51
1623 7934    0   52
1633 7933    0   53
1643 7934    0   53
1653 7934    0   54
1663 7934    0   55
1673 7935    0   55
1683 7935    0   55
1693 7935    0   55
1703 7935    0   55
1713 7937    0   55
1723 7935    0   55
1733 7935    0   55
1743 7935    0   53
1753 7935    0   50
1763 7937    0   47
1773 7937    0   43
1783 7937    0   39
1793 7938    0   36
1803 7935    0   32
1813 7937   70   28
1823 7935   70   25
1833 7937   70   21
1843 7905   70   18
1854 7779   70   15
1864 7776   70   13
1874 7784   70   12
1884 7766   70   12
1894 7347   70   13
1904 7377   70   13
1914 7357   70   19
1924 7298   70   27
1934 7180   70   35
1944 7199   70   44
1954 7318   70   53
1964 7323   68   63
1974 7320   45   73
1984 7429   30   83
1994 7523   30   95
2004 7556   30  106
2014 7515   30  116
2024 7566   30  127
2034 7576   30  135
2044 7793   30  145
2054 7831 -100  155
2064 7834 -100  164
2074 7834 -100  173
2084 7628 -100  181
2094 7564 -100  186
2104 7638 -100  192
2114 7696 -100  198
2124 7748 -100  202
2134 7262 -100  205
2144 7353 -100  206
2154 7230 -100  206
2164 7348 -101  203
2174 7331 -101  190
2184 7357 -101  175
2194 7032 -101  159
2204 6961 -101  142
2214 7018 -101  123
2224 7186 -101  105
2234 7307 -101   85
2244 7308 -101   63
2254 7485 -101   40
2264 7527 -101   17
2274 7539 -101   -6
2284 7541   80  -17
2294 7509   80  -29
2304 7442   80  -43
2314 7420   80  -60
2324 7350   80  -76
2334 7404   80  -91
2344 7320   80 -108
2354 7284   80 -125
2364 7217   80 -140
2374 7265   80 -149
2384 7384   65 -151
2394 7358    6 -150
2404 7392   10 -149
2414 7150   10 -136
2424 7217   10 -122
2434 7213   10 -110
2444 7833   10  -96
2454 7841   10  -81
2464 7845   10  -67
2474 7883   10  -53
2484 7886   10  -41
99999 0 0 0 
2494 7888    0  -27
2504 7888    0  -15
2514 7892    0   -5
2524 7892    0    3
2534 7893    0    9
2544 7893    0   14
2554 7930    0   17
2564 7930    0   20
2574 7930    0   23
2584 7930    0   23
2594 7933    0   27
2604 7931    0   27
2614 7931    0   27
2624 7931    0   27
2634 7931    0   27
2644 7933    0   27
2654 7933    0   27
2664 7933    0   27
2674 7933    0   27
2684 7968    0   27
2694 7970    0   27
2704 7934    0   27
2714 7934    0   27
2724 7934    0   27
2734 7934    0   27
2744 7935   70   26
2754 7934   70   23
2764 7934   70   21
2774 7935   70   19
2784 7823   70   17
2794 7777   70   15
2804 7786   70   15
2814 7780   70   15
2824 7366   70   15
2834 7450   70   15
2844 7417   70   18
2854 7369   70   26
2864 7202   70   34
2874 7224   70   43
2884 7313   70   51
2894 7359   70   61
2904 7361   49   70
2914 7429   30   80
2924 7484   30   91
2934 7528   30  102
2944 7491   30  113
2954 7555   30  124
2964 7567   30  135
2974 7752   30  143
2984 7825   30  153
2994 7830 -100  163
3004 7831 -100  172
3014 7764 -100  182
3024 7577 -100  187
3034 7596 -100  194
3044 7651 -100  200
3054 7708 -100  206
3064 7044 -100  209
3074 7416 -100  211
3084 7305 -100  211
3094 7312 -100  211
3104 7266  -99  205
3114 7270  -99  191
3124 7135  -99  175
3134 6886  -99  159
3144 6948  -99  142
3154 6990  -99  123
3164 7298  -99  103
3174 7300  -99   84
3184 7406  -99   62
3194 7516  -99   39
3204 7526  -99   15
3214 7543  -99   -8
3224 7546   80  -19
3234 7428   80  -31
3244 7396   80  -45
3254 7478   80  -57
3264 7532   80  -69
3274 7149   80  -82
3284 7399   80  -94
3294 7301   80 -103
3305 7310   65 -105
3315 7377    5 -105
3326 7411   10 -105
3336 7511   10  -94
3346 7200   10  -83
3356 7468   10  -72
3366 7481   10  -59
3376 7842   10  -47
3386 7882   10  -34
3396 7883   10  -22
3406 7886   10  -10
99999 0 0 0 
3416 7888    0    1
3426 7888    0   11
3436 7888    0   19
3446 7889    0   24
3456 7892    0   27
3466 7892    0   30
3476 7894    0   31
3486 7892    0   32
3496 7893    0   32
3506 7931    0   32
3516 7930    0   33
3526 7930    0   33
3536 7930    0   33
3546 7931    0   33
3556 7929    0   33
3566 7931    0   33
3576 7930    0   33
3586 7930    0   32
3596 7931    0   32
3606 7931    0   30
3616 7931    0   28
3626 7933    0   26
3636 7931    0   23
3646 7933    0   21
3656 7933    0   19
3666 7933   70   17
3676 7933   70   15
3686 7795   70   13
3696 7772   70   11
3706 7793   70   11
3716 7565   70   11
3726 7549   70   11
3737 7481   70   11
3747 7433   70   14
3757 7424   70   23
3767 7268   70   32
3777 7263   70   41
3787 7289   70   50
3797 7332   70   59
3807 7434   52   69
3817 7429   30   79
3827 7485   30   90
3837 7509   30  101
3847 7555   30  113
3857 7548   30  124
3867 7634   30  135
3877 7644   30  144
3887 7789   30  154
3897 7828 -100  164
3907 7830 -100  174
3917 7691 -100  183
3927 7568 -100  190
3937 7588 -100  197
3947 7641 -100  203
3957 7023 -100  208
3967 7042 -100  212
3977 7326 -100  213
3987 7346 -100  213
3997 7287 -100  213
4007 7262  -98  202
4017 7099  -98  187
4027 7152  -98  172
4037 6904  -98  155
4047 6997  -98  137
4057 7035  -98  119
4067 7300  -98   99
4077 7407  -98   77
4087 7407  -98   57
4097 7518  -98   33
4107 7492  -98    9
4117 7512  -98  -11
4127 7503   80  -21
4137 7364   80  -34
4147 7373   80  -47
4157 7496   80  -58
4167 7266   80  -71
4177 7302   80  -85
4187 7382   80  -96
4197 7407   80 -103
4207 7335   48 -105
4217 7373    6 -105
4227 7423   10 -104
4237 7514   10  -93
4247 7200   10  -82
4257 7540   10  -71
4267 7550   10  -58
4277 7842   10  -46
4287 7880   10  -34
4297 7880   10  -22
4307 7883   10  -10
99999 0 0 0 
4317 7880    0    2
4327 7885    0   11
4337 7888    0   19
4347 7888    0   25
4357 7892    0   29
4367 7890    0   31
4377 7890    0   33
4387 7892    0   33
4397 7927    0   33
4407 7927    0   33
4417 7929    0   33
4427 7930    0   33
4437 7927    0   33
4447 7930    0   33
4457 7929    0   33
4467 7929    0   33
4477 7930    0   33
4487 7929    0   32
4497 7930    0   31
4507 7930    0   28
4517 7929    0   27
4527 7930    0   24
4537 7930    0   23
4547 7930    0   21
4557 7930    0   19
4567 7930   70   17
4577 7931   70   15
4587 7789   70   13
4597 7770   70   12
4607 7791   70   11
4617 7550   70   11
4627 7518   70   11
4637 7467   70   12
4647 7393   70   15
4657 7382   70   24
4667 7265   70   33
4677 7262   70   43
4687 7283   70   51
4697 7328   70   61
4707 7433   47   71
4717 7429   30   81
4727 7522   30   91
4737 7513   30  103
4747 7555   30  115
4757 7549   30  126
4767 7633   30  136
4777 7639   30  146
4787 7787   30  155
4797 7825 -100  165
4807 7827 -100  175
4817 7687 -100  185
4827 7564 -100  191
4837 7582 -100  198
4847 7639 -100  205
4857 7020 -100  209
4867 7045 -100  213
4877 7333 -100  215
4887 7346 -100  215
4897 7283  -97  214
4907 7293  -97  203
4917 7123  -97  190
4927 7182  -97  174
4937 6896  -97  158
4947 6993  -97  140
4957 7036  -97  123
4967 7300  -97  103
4977 7407  -97   82
4987 7406  -97   60
4997 7482  -97   37
5007 7523  -97   13
5017 7543  -97   -9
5027 7508   80  -19
5037 7399   80  -31
5047 7406   80  -43
5057 7494   80  -54
5067 7266   80  -67
5077 7301   80  -79
5087 7390   80  -90
5097 7389   80  -97
5107 7312   48  -98
5117 7384    0  -98
5127 7462   10  -97
5137 7554   10  -86
5147 7202   10  -75
5157 7360   10  -65
5167 7372   10  -53
5177 7839   10  -41
5187 7841   10  -29
5197 7845   10  -17
5207 7883   10   -5
99999 0 0 0 
5217 7880    0    6
5227 7885    0   15
5237 7885    0   22
5247 7888    0   27
5257 7889    0   31
5267 7889    0   33
5277 7889    0   34
5287 7890    0   35
5297 7890    0   35
5307 7890    0   35
5317 7889    0   35
5327 7890    0   35
5337 7892    0   35
5347 7892    0   35
5357 7927    0   35
5367 7929    0   35
5377 7927    0   35
5387 7927    0   34
5397 7929    0   31
5407 7927    0   29
5417 7929    0   27
5427 7929    0   24
5437 7927    0   22
5447 7929    0   19
5457 7927    0   16
5467 7929   70   13
5477 7927   70   10
5487 7787   70    7
5497 7769   70    5
5507 7790   70    4
5517 7560   70    4
5527 7522   70    4
5537 7465   70    4
5547 7387   70    7
5557 7387   70   16
5567 7230   70   25
5577 7227   70   35
5587 7249   70   43
5597 7330   70   53
5607 7436   64   63
5617 7427   43   74
5627 7466   30   85
5637 7468   30   96
5647 7527   30  107
5657 7535   30  119
5667 7556   30  131
5677 7565   30  141
5687 7782   30  150
5697 7823   30  161
5707 7824 -100  170
5717 7825 -100  180
5727 7827 -100  191
5737 7635 -100  198
5747 7561 -100  203
5757 7596 -100  210
5767 7656 -100  216
5777 7031 -100  220
5787 7290 -100  223
5797 7202 -100  223
5807 7337 -100  223
5817 7352  -93  221
5827 7334  -93  209
5837 7143  -93  194
5847 6990  -93  179
5857 7062  -93  161
5867 7008  -93  143
5877 7185  -93  124
5887 7196  -93  105
5897 7409  -93   83
5907 7477  -93   61
5917 7482  -93   37
5927 7530  -93   13
5937 7510  -93   -9
5947 7510   80  -19
5957 7467   80  -32
5967 7457   80  -47
5977 7437   80  -62
5987 7486   80  -75
5997 7398   80  -93
6007 7434   80 -108
6017 7290   80 -122
6028 7323   80 -133
6038 7259   73 -135
6048 7373    6 -135
6058 7378   10 -135
6068 7516   10 -124
6078 7182   10 -111
6088 7247   10 -100
6098 7259   10  -87
6108 7834   10  -74
6118 7839   10  -61
6128 7842   10  -49
6138 7879   10  -37
99999 0 0 0 
6148 7880    0  -25
6158 7880    0  -14
6168 7883    0   -5
6178 7885    0    2
6188 7883    0    8
6198 7886    0   13
6208 7888    0   16
6218 7888    0   19
6228 7888    0   21
6238 7889    0   23
6248 7889    0   26
6258 7889    0   26
6268 7889    0   26
6278 7889    0   26
6288 7889    0   26
6298 7889    0   26
6308 7890    0   26
6318 7892    0   26
6328 7890    0   26
6338 7890    0   26
6348 7889    0   26
6358 7890    0   26
6368 7889    0   25
6378 7927    0   25
6388 7927    0   25
6399 7927   70   23
6409 7892   70   20
6419 7831   70   18
6429 7775   70   17
6439 7779   70   16
6449 7773   70   16
6459 7751   70   16
6469 7374   70   17
6479 7376   70   19
6489 7367   70   26
6499 7235   70   35
6509 7290   70   43
6519 7307   70   51
6529 7350   70   60
6539 7386   52   70
6549 7388   30   80
6559 7468   30   90
6569 7509   30  101
6579 7542   30  112
6589 7522   30  122
6599 7635   30  130
6609 7641   30  139
6619 7784   30  148
6629 7825   30  157
6639 7823 -100  167
6649 7803 -100  175
6659 7589 -100  181
6669 7568 -100  186
6679 7610 -100  192
6689 7527 -100  197
6699 7574 -100  200
6709 7321 -100  203
6719 7362 -100  203
6729 7253 -103  202
6739 7348 -103  197
6749 7267 -103  183
6759 7303 -103  168
6769 6978 -103  151
6779 6973 -103  135
6789 7021 -103  117
6799 7190 -103   98
6809 7341 -103   77
6819 7336 -103   55
6829 7475 -103   33
6839 7519 -103    9
6849 7529 -103  -10
6859 7491   80  -21
6869 7427   80  -34
6879 7402   80  -47
6889 7449   80  -60
6899 7500   80  -73
6909 7540   80  -86
6919 7321   80  -99
6929 7315   80 -109
6939 7237   73 -110
6949 7376    0 -110
6959 7469   10 -110
6969 7588   10 -101
6979 7220   10  -88
6989 7210   10  -77
6999 7224   10  -65
7009 7834   10  -52
7019 7837   10  -39
7029 7841   10  -26
7039 7878   10  -13
7049 7880   10   -1
99999 0 0 0 
7059 7882    0    9
7069 7882    0   17
7079 7882    0   23
7089 7885    0   27
7099 7885    0   29
7109 7886    0   31
7119 7889    0   31
7129 7888    0   32
7139 7889    0   32
7149 7889    0   34
7159 7888    0   34
7169 7889    0   34
7179 7888    0   34
7189 7888    0   34
7199 7889    0   34
7209 7889    0   33
7219 7889    0   33
7229 7889    0   33
7239 7889    0   33
7249 7890    0   31
7259 7889    0   28
7269 7889    0   26
7279 7926    0   24
7289 7927    0   22
7299 7924    0   19
7309 7892   70   17
7319 7924   70   15
7329 7927   70   13
7339 7801   70   11
7349 7729   70   10
7359 7749   70    9
7369 7797   70    9
7379 7353   70    9
7389 7312   70    9
7399 7442   70   12
7409 7355   70   21
7419 7367   70   30
7429 7249   70   39
7439 7241   70   48
7449 7252   70   57
7459 7357   58   67
7469 7392   35   78
7479 7416   30   88
7489 7497   30   99
7499 7564   30  111
7509 7586   30  121
7519 7597   30  131
7529 7745   30  140
7539 7751   30  150
7549 7821 -101  159
7559 7787 -101  169
7569 7695 -101  178
7579 7575 -101  183
7589 7581 -101  190
7599 7630 -101  196
7609 7509 -101  201
7619 7116 -101  205
7629 7072 -101  206
7639 7304 -101  206
7649 7301 -101  206
7659 7266 -102  197
7669 7276 -102  183
7679 6932 -102  167
7689 6998 -102  151
7699 6952 -102  133
7710 7172 -102  114
7721 7332 -102   91
7731 7336 -102   71
7741 7471 -102   49
7751 7477 -102   27
7761 7488 -102    2
7771 7499   81  -14
7781 7489   81  -25
7791 7431   81  -38
7801 7413   81  -53
7811 7378   81  -69
7821 7421   81  -83
7831 7263   81 -101
7841 7094   81 -116
7851 7063   81 -132
7861 7311   81 -142
7871 7354   74 -146
7881 7316   23 -146
7891 7220   10 -146
7901 7113   10 -137
7911 7195   10 -122
7921 7199   10 -112
7931 7784   10  -98
7941 7794   10  -83
7951 7835   10  -69
7961 7838   10  -57
7971 7839   10  -43
7981 7842   10  -30
99999 0 0 0 
7991 7878    0  -19
8001 7879    0   -8
8011 7882    0    1
8021 7882    0    7
8031 7883    0   13
8041 7885    0   17
8051 7886    0   19
8061 7885    0   22
8071 7886    0   23
8081 7885    0   27
8091 7888    0   27
8101 7886    0   27
8111 7886    0   27
8121 7888    0   27
8131 7888    0   27
8141 7886    0   27
8151 7888    0   27
8161 7888    0   27
8171 7888    0   27
8181 7888    0   27
8191 7889    0   27
8201 7889    0   27
8211 7888    0   27
8221 7888    0   26
8231 7888    0   26
8242 7890   70   23
8252 7889   70   21
8262 7889   70   19
8272 7802   70   16
8282 7739   70   15
8292 7743   70   13
8302 7742   70   13
8312 7330   70   13
8322 7449   70   14
8333 7412   70   15
8343 7288   70   23
8353 7217   70   31
8364 7240   70   40
8375 7262   70   49
8385 7314   70   58
8396 7460   54   68
8406 7462   33   78
8416 7443   30   88
8426 7467   30   99
8436 7509   30  110
8446 7470   30  121
8456 7624   30  131
8466 7635   30  140
8476 7782   30  150
8486 7784   30  159
8496 7786 -101  168
8506 7787 -101  178
8516 7825 -101  186
8526 7652 -101  193
8536 7531 -101  198
8546 7593 -101  203
8556 7647 -101  209
8566 7023 -101  213
8576 7404 -101  216
8586 7347 -101  217
8596 7326 -101  217
8606 7362 -101  217
8616 7333  -97  206
8626 7239  -97  191
8636 6904  -97  175
8646 6974  -97  159
8656 6995  -97  142
8666 7214  -97  123
8676 7226  -97  104
8686 7371  -97   83
8696 7511  -97   61
8706 7511  -97   39
8716 7488  -97   15
8726 7505  -97   -8
8736 7503   81  -19
8746 7508   81  -33
8756 7441   81  -47
8766 7389   81  -63
8776 7469   81  -77
8786 7381   81  -94
8796 7421   81 -110
8806 7145   81 -125
8816 7355   81 -136
8826 7286   81 -139
8837 7362   14 -139
8847 7190   10 -139
8857 7342   10 -129
8867 7199   10 -115
8877 7200   10 -105
8887 7217   10  -90
8897 7793   10  -77
8907 7834   10  -63
8917 7835   10  -50
8927 7838   10  -37
99999 0 0 0 
8937 7841    0  -24
8947 7841    0  -12
8957 7878    0   -1
8967 7879    0    7
8977 7879    0   14
8987 7882    0   19
8997 7882    0   22
9007 7883    0   24
9017 7883    0   26
9027 7883    0   27
9037 7885    0   30
9047 7885    0   30
9057 7885    0   30
9067 7885    0   30
9077 7885    0   30
9087 7886    0   30
9097 7886    0   30
9107 7920    0   30
9117 7889    0   30
9127 7886    0   30
9137 7888    0   30
9147 7888    0   30
9157 7888    0   30
9167 7886    0   30
9177 7888    0   28
9188 7888   70   26
9198 7924   70   23
9209 7784   70   20
9219 7734   70   18
9229 7745   70   17
9239 7753   70   16
9249 7729   70   16
9259 7317   70   17
9269 7421   70   17
9279 7401   70   23
9289 7294   70   32
9299 7206   70   40
9309 7225   70   48
9319 7239   70   57
9329 7316   58   67
9341 7425   37   78
9351 7454   30   89
9361 7507   30  100
9371 7500   30  110
9381 7516   30  121
9391 7738   30  129
9401 7745   30  137
9411 7746   30  147
9421 7783   30  156
9431 7823 -101  165
9441 7735 -101  173
9451 7577 -101  178
9461 7578 -101  183
9471 7631 -101  190
9481 7010 -101  194
9491 7192 -101  197
9501 7156 -101  199
9511 7328 -101  199
9521 7380 -101  198
9531 7344 -106  190
9541 7234 -106  175
9551 6925 -106  160
9561 6991 -106  143
9571 6984 -106  127
9581 7206 -106  108
9591 7227 -106   89
9601 7375 -106   69
9611 7477 -106   47
9621 7475 -106   24
9631 7482 -106    1
9641 7489   81  -14
9651 7474   81  -25
9661 7403   81  -38
9671 7405   81  -51
9681 7453   81  -64
9691 7434   81  -77
9701 7326   81  -90
9711 7286   81 -103
9721 7327   81 -110
9731 7401   48 -111
9741 7371    0 -112
9751 7358    0 -110
9761 7042   10  -97
9771 7141   10  -83
9781 7190   10  -71
9791 7567   10  -57
9801 7579   10  -42
9811 7833   10  -27
9821 7835   10  -13
9831 7838   10    2
9841 7839   10   15
9851 7841   10   27
99999 0 0 0 
9861 7842    0   36
9871 7878    0   43
9881 7879    0   47
9891 7880    0   50
9901 7882    0   52
9911 7882    0   53
9921 7882    0   53
9931 7883    0   53
9941 7885    0   54
9951 7883    0   54
9961 7883    0   54
9971 7885    0   54
9981 7885    0   54
9991 7883    0   54
10001 7885    0   54
10011 7886    0   53
10021 7885    0   51
10031 7886    0   49
10041 7885    0   47
10051 7886    0   43
10061 7886    0   41
10071 7886    0   37
10081 7886    0   34
10091 7888    0   31
10101 7886   71   27
10111 7888   71   23
10121 7886   71   19
10131 7739   71   16
10141 7720   71   13
10151 7743   71   11
10161 7764   71   10
10171 7341   71   11
10181 7383   71   11
10191 7342   71   13
10201 7191   71   22
10211 7144   71   30
10221 7175   71   39
10231 7200   71   47
10241 7320   71   57
10251 7316   63   66
10261 7413   46   75
10271 7437   30   87
10281 7465   30   98
10291 7511   30  109
10301 7648   30  120
10311 7660   30  130
10321 7596   30  139
10331 7779   30  149
10341 7782   30  158
10351 7819 -101  167
10361 7784 -101  177
10371 7786 -101  185
10381 7635 -101  192
10391 7572 -101  197
10401 7603 -101  203
10411 7656 -101  209
10421 7210 -101  212
10431 7224 -101  215
10441 7326 -101  215
10451 7384 -101  215
10461 7324 -100  215
10471 7338 -100  203
10481 7036 -100  189
10491 7090 -100  173
10501 6942 -100  157
10511 7034 -100  139
10521 7069 -100  121
10531 7259 -100  101
10541 7439 -100   80
10551 7433 -100   59
10561 7474 -100   35
10571 7482 -100   10
10581 7506 -100   -9
10591 7499   81  -20
10601 7491   81  -33
10611 7419   81  -47
10621 7393   81  -62
10631 7333   81  -76
10641 7382   81  -93
10651 7208   81 -108
10661 7351   81 -122
10671 7243   81 -133
10681 7284   81 -135
10691 7294    6 -135
10701 7379   10 -135
10711 7317   10 -126
10721 7171   10 -113
10731 7200   10 -103
10741 7427   10  -89
10751 7827   10  -76
10761 7831   10  -63
10771 7835   10  -51
10781 7835   10  -38
99999 0 0 0 
10791 7833    0  -26
10801 7839    0  -16
10811 7878    0   -6
10821 7879    0    2
10831 7845    0    7
10841 7880    0   12
10851 7880    0   16
10861 7882    0   19
10871 7880    0   20
10881 7880    0   23
10891 7883    0   25
10901 7883    0   24
10911 7882    0   24
10921 7882    0   24
10931 7888    0   25
10941 7885    0   25
10951 7883    0   25
10961 7883    0   25
10971 7885    0   25
10981 7883    0   25
10991 7885    0   25
11001 7885    0   25
11011 7885    0   24
11021 7885    0   24
11031 7885    0   23
11041 7885   71   23
11051 7886   71   21
11062 7799   71   19
11072 7728   71   16
11082 7736   71   15
11092 7762   71   15
11102 7546   71   15
11113 7457   71   16
11123 7394   71   17
11133 7293   71   25
11143 7164   71   33
11154 7200   71   42
11164 7231   71   51
11174 7283   71   60
11184 7280   56   69
11194 7378   39   80
11204 7423   30   91
11214 7459   30  101
11224 7462   30  113
11234 7498   30  124
11244 7514   30  135
11254 7628   30  144
11264 7775   30  153
11274 7780   30  163
11284 7782 -101  173
11294 7784 -101  183
11304 7784 -101  191
11314 7683 -101  199
11324 7572 -101  203
11334 7592 -101  209
11344 7641 -101  215
11354 7055 -101  219
11364 7079 -101  223
11375 7241 -101  223
11385 7369 -101  223
11396 7363 -101  223
11406 7343  -97  211
11416 7143  -97  197
11426 7021  -97  181
11436 7085  -97  164
11446 7034  -97  146
11456 7178  -97  127
11466 7191  -97  108
11476 7404  -97   87
11486 7440  -97   65
11496 7444  -97   41
11506 7486  -97   17
11516 7505  -97   -6
11526 7506   81  -18
11536 7508   81  -30
11546 7442   81  -45
11556 7396   81  -60
11566 7435   81  -73
11576 7382   81  -90
11586 7420   81 -105
11596 7257   81 -121
11606 7300   81 -131
11616 7226   74 -135
11626 7366   23 -135
11636 7299   10 -135
11646 7454   10 -127
11656 7110   10 -114
11666 7188   10 -101
11676 7208   10  -89
11686 7786   10  -75
11696 7830   10  -62
11706 7834   10  -49
11716 7835   10  -35
11726 7837   10  -21
99999 0 0 0 
11736 7838    0   -9
11746 7872    0    3
11756 7841    0   12
11766 7841    0   19
11776 7878    0   25
11786 7880    0   28
11796 7879    0   31
11806 7880    0   32
11816 7880    0   33
11826 7882    0   35
11836 7880    0   36
11846 7882    0   36
11856 7882    0   36
11866 7882    0   36
11876 7882    0   36
11886 7879    0   36
11896 7883    0   36
11906 7883    0   36
11916 7883    0   36
11926 7882    0   36
11936 7885    0   36
11946 7883    0   35
11956 7883    0   33
11966 7885    0   30
11977 7885   71   27
11987 7880   71   24
11997 7805   71   21
12008 7726   71   19
12018 7736   71   17
12028 7760   71   16
12039 7752   71   16
12049 7375   71   17
12059 7363   71   17
12069 7343   71   24
12079 7175   71   32
12090 7202   71   42
12101 7230   71   51
12111 7238   71   60
12121 7347   56   70
12131 7415   41   80
12141 7444   30   91
12151 7496   30  102
12161 7491   30  112
12171 7511   30  123
12181 7522   30  132
12191 7739   30  141
12201 7742   30  150
12211 7779   30  159
12221 7783 -101  169
12231 7686 -101  178
12241 7572 -101  182
12251 7577 -101  189
12261 7624 -101  195
12271 7642 -101  199
12281 7254 -101  203
12291 7217 -101  205
12301 7282 -105  204
12311 7376 -105  204
12321 7343 -105  196
12331 7311 -105  182
12341 6967 -105  167
12351 7030 -105  150
12361 6946 -105  133
12371 7131 -105  115
12381 7149 -105   96
12391 7297 -105   75
12401 7474 -105   53
12411 7474 -105   31
12421 7484 -105    7
12431 7459   81  -11
12441 7448   81  -21
12451 7440   81  -34
12461 7414   81  -49
12471 7368   81  -65
12481 7407   81  -78
12491 7248   81  -95
12501 7298   81 -112
12511 7074   81 -129
12521 7300   81 -140
12531 7220   81 -145
12541 7293   31 -145
12551 7207   10 -145
12561 7366   10 -139
12571 7211   10 -126
12581 7174   10 -111
12591 7202   10 -101
12601 7712   10  -86
12611 7827   10  -72
12621 7830   10  -58
12631 7831   10  -45
12641 7834   10  -31
99999 0 0 0 
12651 7835    0  -18
12661 7835    0   -6
12671 7835    0    4
12681 7839    0   12
12691 7841    0   19
12701 7842    0   23
12711 7842    0   26
12721 7878    0   28
12731 7879    0   29
12741 7878    0   30
12751 7880    0   33
12761 7880    0   32
12771 7879    0   32
12781 7880    0   33
12791 7880    0   32
12801 7880    0   33
12811 7879    0   32
12821 7882    0   33
12831 7880    0   33
12841 7882    0   33
12851 7879    0   32
12861 7882    0   32
12871 7883    0   32
12881 7883    0   31
12891 7882   71   27
12901 7882   71   25
12911 7882   71   23
12921 7740   71   20
12931 7721   71   18
12941 7777   71   16
12951 7791   71   16
12961 7344   71   17
12971 7404   71   17
12981 7355   71   19
12991 7273   71   27
13001 7216   71   35
13011 7243   71   43
13021 7195   71   51
13031 7348   70   61
13041 7348   56   69
13051 7380   39   79
13061 7412   30   89
13071 7444   30  100
13081 7480   30  111
13091 7505   30  121
13101 7516   30  131
13111 7701   30  139
13121 7776   30  149
13131 7778   30  158
13141 7780 -101  167
13151 7782 -101  175
13161 7780 -101  183
13171 7601 -101  190
13181 7538 -101  195
13191 7570 -101  200
13201 7655 -101  206
13211 7136 -101  209
13221 7150 -101  212
13231 7408 -101  213
13241 7396 -101  213
13251 7332 -101  212
13261 7275 -101  200
13271 7079 -101  186
13281 7128 -101  170
13291 6908 -101  153
13301 6997 -101  136
13311 7032 -101  118
13321 7294 -101   99
13331 7402 -101   78
13341 7402 -101   55
13351 7475 -101   33
13361 7484 -101    8
13371 7502   81  -11
13381 7492   81  -21
13391 7445   81  -33
13401 7375   81  -49
13411 7392   81  -63
13421 7335   81  -77
13431 7381   81  -93
13441 7133   81 -109
13451 7313   81 -123
13461 7212   81 -133
13471 7363   74 -137
13481 7331   23 -137
13491 7392   10 -137
13501 7145   10 -126
13511 7150   10 -113
13521 7189   10  -99
13531 7742   10  -87
13541 7753   10  -73
13551 7756   10  -58
13561 7831   10  -45
13571 7834   10  -31
99999 0 0 0 
13581 7834    0  -17
13591 7835    0   -5
13601 7838    0    7
13611 7838    0   15
13621 7841    0   21
13631 7841    0   26
13641 7841    0   29
13651 7878    0   31
13661 7879    0   32
13671 7879    0   33
13681 7879    0   35
13691 7880    0   35
13701 7879    0   35
13711 7880    0   35
13721 7879    0   35
13731 7879    0   35
13741 7882    0   35
13751 7879    0   35
13761 7880    0   35
13771 7880    0   35
13781 7880    0   35
13791 7882    0   35
13801 7880    0   35
13811 7879    0   32
13821 7882    0   29
13831 7882   71   26
13841 7883   71   23
13851 7798   71   20
13861 7724   71   17
13871 7729   71   15
13881 7752   71   15
13891 7360   71   15
13901 7427   71   15
13911 7381   71   16
13921 7243   71   21
13931 7206   71   29
13941 7224   71   38
13951 7214   71   46
13962 7303   71   55
13973 7310   65   65
13984 7418   46   76
13994 7389   30   87
14004 7414   30   98
14014 7448   30  108
14024 7491   30  119
14034 7511   30  130
14044 7590   30  139
14054 7772   30  148
14064 7776   30  157
14074 7779 -101  167
14084 7782 -101  177
14094 7782 -101  185
14104 7656 -101  193
14114 7531 -101  197
14124 7542 -101  203
14134 7628 -101  209
14144 6972 -101  213
14154 7006 -101  216
14164 7330 -101  217
14174 7356 -101  217
14184 7278 -101  217
14194 7347 -100  209
14204 7204 -100  195
14214 7250 -100  180
14224 6960 -100  164
14234 6945 -100  147
14244 6988 -100  128
14254 7223 -100  111
14264 7366 -100   89
14274 7363 -100   68
14284 7471 -100   45
14294 7478 -100   23
14304 7492 -100   -3
14314 7503   81  -15
14324 7475   81  -27
14334 7424   81  -41
14344 7388   81  -55
14354 7421   81  -69
14364 7473   81  -85
14374 7128   81 -100
14384 7232   81 -115
14394 7143   81 -126
14404 7306   81 -131
14414 7336   31 -132
14424 7332    0 -132
14434 7210   10 -126
14444 7118   10 -114
14454 7175   10 -101
14464 7522   10  -89
14474 7712   10  -75
14484 7716   10  -62
14494 7828   10  -49
14504 7831   10  -34
14514 7833   10  -21
99999 0 0 0 
14524 7835    0   -9
14534 7835    0    3
14544 7835    0   14
14554 7839    0   21
14564 7839    0   27
14574 7838    0   31
14584 7841    0   33
14594 7875    0   35
14604 7876    0   35
14614 7878    0   35
14624 7878    0   37
14634 7878    0   37
14644 7879    0   37
14654 7878    0   37
14664 7879    0   37
14674 7879    0   37
14684 7879    0   37
14694 7879    0   37
14704 7880    0   37
14714 7879    0   37
14724 7880    0   35
14734 7879    0   32
14744 7879    0   30
14754 7879    0   27
14764 7879    0   25
14775 7882   71   22
14786 7880   71   19
14797 7882   71   16
14807 7774   71   14
14817 7724   71   12
14827 7735   71   11
14837 7756   71   11
14847 7428   71   11
14858 7384   71   11
14868 7369   71   13
14878 7157   71   21
14888 7169   71   30
14898 7199   71   38
14909 7230   71   47
14919 7244   71   55
14929 7350   65   65
14939 7416   46   75
14949 7437   30   86
14959 7469   30   96
14969 7470   30  107
14979 7498   30  118
14989 7480   30  128
14999 7734   30  137
15009 7738   30  146
15019 7779   30  155
15029 7778   30  164
15039 7780 -101  173
15049 7780 -101  181
15059 7621 -101  188
15069 7534 -101  192
15079 7593 -101  199
15089 7322 -101  204
15099 7372 -101  208
15109 7147 -101  211
15119 7419 -101  211
15129 7307 -101  211
15139 7305 -101  211
15149 7275 -102  202
15159 7281 -102  187
15169 7150 -102  173
15179 6897 -102  156
15189 6954 -102  139
15199 6992 -102  121
15209 7293 -102  103
15219 7294 -102   83
15229 7394 -102   61
15239 7466 -102   38
15249 7477 -102   15
15259 7492 -102   -8
15269 7498   81  -19
15279 7464   81  -31
15289 7401   81  -45
15299 7389   81  -61
15309 7428   81  -74
15319 7409   81  -90
15329 7129   81 -106
15339 7117   81 -121
15349 7229   81 -132
15359 7335   81 -137
15369 7301   31 -137
15379 7360   10 -137
15389 7082   10 -129
15399 7157   10 -115
15409 7178   10 -101
15419 7664   10  -89
15429 7676   10  -75
15439 7719   10  -61
15449 7827   10  -46
15459 7830   10  -33
15469 7833   10  -19
99999 0 0 0 
15479 7834    0   -5
15489 7839    0    7
15499 7838    0   16
15509 7837    0   23
15519 7839    0   28
15529 7839    0   31
15539 7875    0   33
15549 7875    0   35
15559 7841    0   35
15569 7876    0   37
15579 7876    0   38
15589 7876    0   38
15599 7878    0   38
15609 7878    0   38
15619 7878    0   38
15629 7879    0   38
15639 7878    0   38
15649 7878    0   38
15659 7879    0   38
15669 7879    0   37
15679 7879    0   37
15689 7879    0   35
15699 7879    0   31
15709 7879    0   29
15719 7880    0   25
15729 7880   71   22
15739 7833   71   19
15749 7731   71   17
15761 7731   71   15
15771 7750   71   15
15781 7325   71   15
15791 7388   71   15
15801 7339   71   15
15811 7209   71   20
15821 7205   71   28
15831 7227   71   36
15841 7214   71   44
15851 7303   71   53
15861 7310   70   61
15871 7412   53   71
15881 7411   36   81
15891 7429   30   91
15901 7410   30  102
15911 7438   30  113
15921 7466   30  123
15931 7546   30  134
15941 7766   30  142
15951 7770   30  151
15961 7773   30  160
15971 7775 -101  169
15981 7778 -101  179
15991 7730 -101  187
16001 7547 -101  193
16011 7530 -101  198
16021 7573 -101  203
16031 6991 -101  209
16041 7031 -101  211
16051 7389 -101  213
16061 7397 -101  214
16071 7303 -101  214
16081 7325 -101  209
16091 7205 -101  196
16101 7230 -101  182
16111 6936 -101  166
16121 6929 -101  149
16131 6973 -101  131
16141 7220 -101  113
16151 7334 -101   93
16161 7331 -101   72
16171 7472 -101   50
16181 7474 -101   27
16191 7486 -101    3
16201 7464   81  -13
16211 7480   81  -23
16221 7429   81  -37
16231 7391   81  -51
16241 7373   81  -65
16251 7421   81  -79
16261 7111   81  -95
16271 7241   81 -110
16281 7172   81 -123
16291 7324   81 -130
16301 7349   48 -132
16311 7325    6 -132
16321 7171   10 -131
16331 7032   10 -118
16341 7133   10 -105
16351 7428   10  -92
16361 7556   10  -80
16371 7569   10  -66
16381 7789   10  -52
16391 7827   10  -38
16401 7830   10  -25
99999 0 0 0 
16411 7831    0  -11
16421 7833    0    2
16431 7833    0   12
16441 7833    0   21
16451 7838    0   27
16461 7841    0   31
16471 7837    0   35
16481 7875    0   36
16491 7875    0   37
16501 7839    0   37
16511 7876    0   39
16521 7875    0   39
16531 7878    0   39
16541 7878    0   39
16551 7876    0   39
16561 7876    0   39
16571 7876    0   39
16581 7878    0   39
16591 7878    0   39
16601 7875    0   39
16611 7876    0   37
16621 7876    0   35
16631 7878    0   32
16641 7878    0   29
16651 7878    0   26
16661 7878    0   23
16671 7876   71   20
16681 7879   71   18
16691 7875   71   15
16701 7745   71   13
16711 7726   71   11
16721 7748   71   11
16731 7766   71   11
16741 7431   71   11
16751 7377   71   11
16761 7328   71   15
16771 7174   71   23
16781 7186   71   31
16792 7214   71   41
16802 7238   71   50
16812 7353   71   59
16823 7350   60   69
16833 7415   39   79
16843 7416   30   90
16853 7440   30  101
16863 7484   30  111
16873 7470   30  121
16883 7480   30  131
16893 7699   30  140
16903 7772   30  149
16913 7775   30  158
16923 7778 -101  168
16933 7778 -101  175
16943 7775 -101  183
16953 7572 -101  190
16963 7542 -101  194
16973 7582 -101  200
16983 7312 -101  206
16993 7139 -101  209
17003 7140 -101  211
17013 7371 -101  211
17023 7340 -101  211
17033 7293 -102  207
17043 7277 -102  195
17053 7120 -102  182
17063 7181 -102  165
17073 6924 -102  149
17083 7042 -102  132
17093 7074 -102  113
17103 7332 -102   94
17113 7402 -102   73
17123 7398 -102   51
17133 7474 -102   27
17143 7445 -102    5
17153 7461   81  -12
17163 7447   81  -22
17173 7435   81  -35
17183 7362   81  -50
17193 7406   81  -65
17203 7380   81  -78
17213 7425   81  -94
17223 7136   81 -109
17233 7262   81 -122
17243 7154   81 -131
17253 7318   65 -133
17263 7332    6 -133
17273 7465   10 -133
17283 7195   10 -122
17293 7175   10 -109
17303 7199   10  -99
17313 7779   10  -87
17323 7787   10  -74
17333 7790   10  -62
17343 7825   10  -50
17353 7830   10  -39
17363 7831   10  -28
99999 0 0 0 
17373 7833    0  -17
17383 7869    0   -9
17393 7871    0   -1
17403 7837    0    5
17413 7837    0    9
17423 7838    0   13
17433 7837    0   15
17443 7838    0   17
17453 7839    0   19
17463 7874    0   22
17473 7875    0   22
17483 7875    0   22
17493 7875    0   22
17503 7875    0   22
17513 7878    0   22
17523 7875    0   22
17533 7876    0   22
17543 7876    0   22
17553 7876    0   22
17563 7876    0   22
17573 7876    0   21
17583 7876    0   21
17593 7878    0   21
17603 7875    0   21
17613 7876    0   19
17623 7878   71   18
17633 7770   71   16
17643 7725   71   15
17653 7735   71   14
17663 7753   71   14
17673 7349   71   15
17683 7368   71   15
17694 7321   71   17
17704 7298   71   25
17714 7212   71   34
17726 7181   71   43
17737 7206   71   52
17747 7318   70   62
17757 7385   53   71
17768 7375   36   81
17778 7437   30   93
17788 7424   30  103
17798 7472   30  114
17808 7500   30  124
17818 7583   30  135
17828 7589   30  143
17838 7769   30  152
17848 7773   30  162
17858 7775 -101  171
17868 7775 -101  179
17878 7779 -101  187
17888 7575 -101  195
17898 7540 -101  199
17908 7572 -101  205
17918 7621 -101  210
17928 7063 -101  213
17938 7285 -101  215
17948 7217 -101  216
17958 7319 -101  216
17968 7372 -101  215
17978 7351 -100  203
17988 7157 -100  188
17998 7032 -100  173
18008 7092 -100  156
18018 7004 -100  139
18028 7107 -100  121
18038 7117 -100  102
18048 7365 -100   81
18058 7432 -100   59
18068 7430 -100   37
18078 7480 -100   13
18088 7496 -100   -9
18098 7494   81  -19
18108 7460   81  -31
18118 7414   81  -45
18128 7403   81  -60
18138 7411   81  -73
18148 7348   81  -89
18158 7385   81 -104
18168 7280   81 -117
18178 7332   81 -126
18188 7264   65 -129
18198 7340   14 -129
18208 7343   10 -129
18218 7462   10 -120
18228 7202   10 -107
18238 7197   10  -97
18248 7211   10  -85
18258 7786   10  -71
18268 7789   10  -58
18278 7793   10  -46
18288 7830   10  -34
99999 0 0 0 
18298 7830    0  -21
18308 7831    0  -10
18318 7831    0    0
18328 7833    0    9
18338 7835    0   15
18348 7835    0   19
18358 7835    0   23
18368 7837    0   25
18378 7838    0   26
18388 7838    0   27
18398 7838    0   27
18408 7838    0   29
18418 7839    0   29
18428 7839    0   29
18438 7875    0   29
18448 7876    0   29
18458 7874    0   29
18468 7876    0   29
18478 7875    0   29
18488 7875    0   29
18498 7876    0   29
18508 7875    0   28
18518 7876    0   27
18528 7876    0   25
18538 7875    0   23
18548 7876   71   20
18558 7878   71   19
18568 7790   71   16
18578 7717   71   15
18588 7725   71   13
18598 7748   71   13
18608 7749   71   13
18618 7394   71   14
18628 7418   71   14
18638 7389   71   21
18648 7216   71   29
18658 7202   71   37
18668 7227   71   46
18678 7275   71   54
18688 7313   66   63
18698 7313   51   73
18708 7416   32   83
18718 7435   30   93
18728 7462   30  104
18738 7496   30  114
18748 7616   30  124
18758 7625   30  133
18768 7732   30  141
18778 7770   30  151
18788 7775   30  159
18798 7775 -101  167
18808 7776 -101  175
18818 7705 -101  182
18828 7559 -101  188
18838 7556 -101  193
18848 7598 -101  198
18858 7043 -101  203
18868 7217 -101  206
18878 7194 -101  207
18888 7346 -101  207
18898 7363 -101  207
18908 7327 -104  201
18918 7250 -104  187
18928 7073 -104  173
18938 7133 -104  156
18948 6979 -104  139
18958 7056 -104  122
18968 7080 -104  103
18978 7335 -104   83
18988 7439 -104   63
18998 7434 -104   40
19008 7477 -104   17
19018 7486 -104   -6
19028 7494   81  -17
19038 7433   81  -29
19048 7410   81  -43
19058 7355   81  -58
19068 7379   81  -73
19078 7319   81  -88
19088 7362   81 -104
19098 7160   81 -119
19108 7297   81 -133
19118 7215   81 -139
19128 7349   40 -140
19138 7298    0 -140
19148 7475   10 -137
19158 7177   10 -125
19168 7182   10 -114
19178 7202   10 -103
19188 7780   10  -90
19198 7786   10  -78
19208 7789   10  -66
19218 7828   10  -55
19228 7830   10  -44
99999 0 0 0 
19238 7828    0  -33
19248 7830    0  -24
19258 7837    0  -16
19268 7834    0   -9
19278 7835    0   -3
19288 7837    0    2
19298 7835    0    6
19308 7835    0    9
19318 7837    0   12
19328 7837    0   14
19338 7838    0   16
19348 7874    0   19
19358 7874    0   19
19368 7839    0   19
19378 7838    0   19
19388 7839    0   19
19398 7876    0   19
19408 7874    0   19
19418 7875    0   19
19428 7841    0   19
19438 7839    0   19
19448 7839    0   19
19458 7875    0   19
19468 7874    0   18
19478 7876    0   18
19488 7876   71   18
19498 7875   71   17
19508 7876   71   15
19518 7860   71   13
19528 7739   71   11
19538 7718   71   10
19548 7714   71   10
19558 7316   71   10
19568 7306   71   10
19578 7391   71   11
19588 7340   71   19
19599 7342   71   27
19609 7175   71   35
19619 7221   71   43
19631 7302   71   52
19641 7307   70   62
19651 7413   56   71
19661 7416   42   81
19671 7434   30   91
19681 7417   30  102
19691 7439   30  112
19701 7464   30  123
19711 7511   30  132
19721 7731   30  141
19731 7734   30  150
19741 7772   30  159
19751 7775   30  168
19761 7775 -101  177
19771 7776 -101  185
19781 7776 -101  191
19791 7685 -101  199
19801 7561 -101  204
19811 7566 -101  209
19821 7606 -101  214
19831 7263 -101  218
19841 7362 -101  221
19851 7341 -101  222
19861 7352 -101  222
19871 7405 -101  222
19881 7369 -100  214
19891 7298 -100  200
19901 6946 -100  184
19911 7001 -100  169
19921 6986 -100  151
19931 7169 -100  133
19941 7189 -100  115
19951 7304 -100   95
19961 7443 -100   72
19971 7444 -100   51
19981 7480 -100   27
19991 7458 -100    3
20001 7475   81  -13
20011 7489   81  -24
20021 7477   81  -37
20031 7403   81  -52
20041 7421   81  -65
20051 7326   81  -80
20061 7366   81  -95
20071 7135   81 -110
20081 7384   81 -122
20091 7296   81 -129
20101 7321   48 -129
20111 7166   10 -129
20121 7277   10 -126
20131 7138   10 -114
20141 7151   10 -101
20151 7188   10  -89
20161 7597   10  -77
20171 7782   10  -63
20181 7786   10  -49
20191 7789   10  -36
20201 7827   10  -23
99999 0 0 0 
20211 7828    0   -9
20221 7831    0    3
20231 7831    0   14
20241 7833    0   22
20251 7835    0   28
20261 7834    0   32
20271 7835    0   35
20281 7835    0   37
20291 7833    0   37
20301 7837    0   37
20311 7837    0   38
20321 7837    0   39
20331 7837    0   39
20341 7838    0   39
20351 7874    0   39
20361 7875    0   39
20371 7838    0   39
20381 7875    0   39
20391 7874    0   39
20401 7874    0   37
20411 7875    0   35
20421 7875    0   32
20431 7839    0   30
20441 7876    0   27
20451 7875    0   25
20461 7876   71   22
20471 7874   71   19
20481 7736   71   17
20491 7717   71   15
20501 7735   71   14
20511 7756   71   14
20521 7364   71   14
20531 7423   71   15
20541 7363   71   15
20551 7242   71   23
20561 7146   71   31
20571 7174   71   39
20581 7238   71   48
20591 7320   71   56
20601 7321   64   65
20611 7422   50   75
20621 7396   39   84
20631 7413   30   95
20641 7456   30  105
20651 7550   30  115
20661 7572   30  125
20671 7549   30  135
20681 7693   30  144
20691 7699   30  153
20701 7770   30  162
20711 7775   30  170
20721 7775 -101  178
20731 7775 -101  186
20741 7775 -101  193
20751 7596 -101  199
20761 7559 -101  203
20771 7592 -101  209
20781 7636 -101  214
20791 7104 -101  217
20801 7426 -101  219
20811 7356 -101  219
20821 7357 -101  219
20831 7340 -101  215
20841 7330 -101  203
20851 7177 -101  189
20861 6913 -101  173
20871 6967 -101  157
20881 7014 -101  139
20891 7256 -101  121
20901 7266 -101  101
20911 7375 -101   81
20921 7478 -101   58
20931 7480 -101   35
20941 7486 -101   12
20951 7464 -101   -9
20961 7464   81  -21
20971 7467   81  -33
20981 7421   81  -47
20991 7419   81  -61
21001 7418   81  -74
21011 7069   81  -90
21021 7101   81 -105
21031 7241   81 -120
21041 7364   81 -129
21051 7310   65 -131
21061 7354    6 -131
21071 7190   10 -131
21081 7304   10 -122
21091 7175   10 -111
21101 7729   10 -101
21111 7742   10  -89
21121 7784   10  -77
21131 7784   10  -66
21141 7790   10  -54
21151 7827   10  -43
21161 7828   10  -33
99999 0 0 0 
21171 7831    0  -23
21181 7831    0  -14
21191 7833    0   -7
21201 7834    0   -1
21211 7834    0    4
21221 7835    0    8
21231 7837    0   11
21241 7835    0   14
21251 7838    0   15
21261 7837    0   16
21271 7837    0   17
21281 7838    0   19
21291 7835    0   19
21301 7838    0   19
21311 7838    0   19
21321 7837    0   19
21331 7837    0   19
21341 7874    0   19
21351 7872    0   19
21361 7874    0   19
21371 7875    0   19
21381 7875    0   19
21391 7839    0   19
21401 7874    0   18
21411 7875   71   16
21421 7875   71   15
21431 7780   71   13
21441 7731   71   11
21451 7735   71   11
21461 7342   71   11
21471 7318   71   11
21481 7360   71   11
21491 7328   71   14
21501 7321   71   22
21511 7270   71   30
21521 7220   71   38
21531 7238   71   47
21541 7244   71   55
21551 7351   67   63
21561 7348   53   73
21571 7389   39   83
21581 7404   30   93
21591 7432   30  103
21601 7496   30  113
21611 7651   30  123
21621 7658   30  131
21631 7696   30  139
21641 7737   30  148
21651 7738   30  156
21661 7772   30  164
21671 7741 -101  171
21681 7653 -101  179
21692 7558 -101  183
21702 7565 -101  189
21712 7604 -101  194
21722 7328 -101  199
21732 7322 -101  201
21742 7303 -101  202
21752 7359 -101  202
21762 7415 -101  202
21772 7380 -109  194
21782 7315 -109  179
21792 6961 -109  165
21802 7013 -109  148
21812 6991 -109  131
21822 7172 -109  114
21832 7196 -109   95
21842 7308 -109   75
21852 7450 -109   54
21862 7447 -109   31
21872 7448 -109    8
21882 7491   81  -11
21892 7485   81  -21
21902 7416   81  -34
21912 7406   81  -49
21922 7355   81  -65
21932 7383   81  -77
21942 7251   81  -94
21952 7290   81 -110
21962 7113   81 -126
21972 7360   81 -138
21982 7287   81 -143
21992 7326   31 -144
22002 7153    0 -143
22012 7293   10 -139
22022 7159   10 -126
22032 7174   10 -113
22042 7197   10 -103
22052 7672   10  -90
22062 7783   10  -77
22072 7787   10  -64
22082 7790   10  -51
22092 7792   10  -39
99999 0 0 0 
22102 7793    0  -27
22112 7830    0  -16
22122 7830    0   -5
22132 7830    0    3
22142 7833    0    9
22152 7834    0   14
22162 7834    0   18
22172 7834    0   20
22182 7835    0   22
22192 7835    0   23
22202 7835    0   23
22212 7835    0   26
22222 7837    0   26
22232 7835    0   26
22242 7837    0   26
22252 7837    0   26
22262 7835    0   26
22272 7837    0   26
22282 7835    0   26
22292 7838    0   26
22302 7838    0   26
22312 7838    0   26
22322 7874    0   25
22332 7872    0   25
22342 7872    0   23
22352 7838   71   21
22362 7874   71   19
22372 7874   71   17
22382 7781   71   15
22392 7698   71   14
22402 7695   71   13
22412 7749   71   13
22422 7359   71   13
22432 7335   71   13
22442 7426   71   14
22452 7329   71   18
22462 7313   71   26
22472 7317   71   34
22483 7261   71   43
22493 7273   71   51
22503 7282   71   60
22513 7394   62   69
22523 7394   49   79
22533 7376   39   88
22543 7424   30   99
22553 7456   30  110
22563 7517   30  120
22573 7538   30  130
22583 7548   30  140
22593 7698   30  149
22603 7734   30  158
22613 7738   30  167
22623 7737 -102  175
22633 7773 -102  183
22643 7775 -102  191
22653 7681 -102  198
22663 7566 -102  203
22673 7572 -102  208
22683 7608 -102  214
22693 7044 -102  218
22703 7077 -102  220
22713 7379 -102  222
22723 7404 -102  222
22733 7323 -102  222
22743 7360 -103  214
22753 7223 -103  200
22763 7259 -103  185
22773 6955 -103  170
22783 7001 -103  152
22793 7039 -103  135
22803 7237 -103  116
22813 7352 -103   97
22823 7350 -103   76
22833 7453 -103   54
22843 7453 -103   31
22853 7459 -103    7
22863 7475   81  -11
22873 7465   81  -21
22883 7429   81  -34
22893 7425   81  -49
22903 7444   81  -61
22913 7480   81  -74
22923 7125   81  -89
22933 7248   81 -104
22944 7188   81 -117
22955 7355   81 -122
22965 7391   28 -123
22976 7220    0 -123
22986 7332   10 -118
22996 7151   10 -106
23006 7510   10  -94
23016 7525   10  -85
23026 7712   10  -73
23036 7787   10  -61
23046 7789   10  -49
23056 7792   10  -37
23066 7827   10  -25
99999 0 0 0 
23076 7828    0  -13
23086 7830    0   -3
23096 7831    0    6
23106 7833    0   12
23116 7834    0   17
23126 7833    0   21
23136 7834    0   23
23146 7835    0   25
23156 7835    0   25
23166 7835    0   25
23176 7835    0   27
23186 7837    0   27
23196 7835    0   27
23206 7837    0   27
23216 7835    0   27
23226 7837    0   27
23236 7835    0   27
23246 7837    0   27
23256 7838    0   27
23266 7837    0   27
23276 7837    0   27
23286 7837    0   25
23296 7838    0   23
23306 7837    0   21
23316 7837    0   19
23326 7872   71   17
23336 7875   71   15
23346 7872   71   12
23356 7788   71   11
23366 7734   71    9
23376 7738   71    8
23386 7754   71    8
23396 7430   71    8
23406 7407   71    8
23416 7391   71    8
23426 7265   71   14
23436 7252   71   22
23446 7290   71   31
23456 7231   71   39
23467 7245   71   48
23477 7326   71   57
23487 7434   65   66
23497 7439   53   75
23507 7445   41   86
23517 7428   30   96
23527 7455   30  106
23537 7447   30  116
23547 7607   30  127
23557 7617   30  136
23567 7658   30  145
23577 7734   30  154
23587 7735   30  163
23597 7772   30  171
23607 7773 -101  179
23617 7775 -101  187
23627 7773 -101  194
23637 7773 -101  201
23647 7625 -101  207
23657 7587 -101  210
23667 7608 -101  215
23677 7640 -101  221
23687 7069 -101  223
23697 7399 -101  226
23707 7348 -101  226
23717 7368 -101  226
23727 7390 -100  224
23737 7381 -100  213
23747 7295 -100  199
23757 6983 -100  183
23767 7031 -100  167
23777 6995 -100  150
23787 7237 -100  132
23797 7252 -100  114
23807 7366 -100   94
23817 7473 -100   73
23827 7473 -100   51
23837 7476 -100   28
23847 7481 -100    5
23857 7490   81  -12
23867 7473   81  -22
23877 7445   81  -34
23887 7412   81  -49
23897 7475   81  -61
23907 7114   81  -74
23917 7142   81  -88
23927 7252   81 -101
23937 7445   81 -111
23947 7392   74 -117
23957 7444   40 -117
23967 7317   10 -117
23977 7387   10 -112
23987 7192   10 -101
23997 7477   10  -89
24007 7492   10  -79
24017 7641   10  -66
24027 7786   10  -54
24037 7792   10  -42
24047 7792   10  -30
99999 0 0 0 
24057 7827    0  -19
24067 7830    0   -8
24077 7833    0    3
24087 7831    0   11
24097 7831    0   17
24107 7833    0   23
24117 7834    0   27
24127 7834    0   29
24137 7837    0   31
24147 7834    0   31
24157 7835    0   31
24167 7835    0   31
24177 7835    0   32
24187 7835    0   32
24197 7837    0   32
24207 7837    0   32
24217 7837    0   32
24227 7837    0   32
24237 7837    0   32
24247 7837    0   32
24257 7838    0   31
24267 7837    0   28
24277 7838    0   25
24287 7837    0   22
24297 7839    0   19
24307 7837   71   16
24317 7835   71   14
24327 7771   71   11
24338 7704   71    8
24348 7707   71    7
24358 7367   71    6
24368 7383   71    5
24378 7440   71    5
24388 7467   71    6
24398 7445   71    6
24408 7395   71   14
24418 7306   71   23
24428 7328   71   31
24438 7277   71   39
24448 7359   71   48
24458 7363   71   56
24468 7359   65   65
24478 7426   53   75
24488 7431   43   84
24498 7452   30   94
24508 7433   30  103
24518 7449   30  114
24528 7505   30  123
24538 7693   30  132
24548 7698   30  141
24558 7699   30  149
24568 7773   30  157
24578 7773   30  165
24588 7738   30  173
24598 7775 -102  179
24608 7772 -102  187
24618 7663 -102  193
24628 7610 -102  197
24638 7621 -102  202
24648 7649 -102  207
24658 7213 -102  210
24668 7228 -102  212
24678 7349 -102  213
24688 7514 -102  213
24698 7483 -102  213
24708 7472 -107  205
24718 7206 -107  192
24728 7238 -107  178
24738 7087 -107  163
24748 7075 -107  147
24758 7093 -107  130
24768 7208 -107  112
24778 7428 -107   93
24788 7425 -107   73
24798 7459 -107   53
24808 7496 -107   31
24818 7501 -107    8
24828 7469 -107  -10
24838 7504   81  -20
24848 7475   81  -31
24858 7447   81  -43
24868 7461   81  -53
24878 7481   81  -65
24888 7458   81  -77
24898 7436   81  -89
24908 7411   81 -101
24918 7461   81 -106
24928 7573   32 -108
24938 7608    6 -108
24948 7534   10 -108
24958 7200   10 -104
24968 7214   10  -95
24978 7255   10  -88
24988 7757   10  -79
24998 7756   10  -71
25008 7796   10  -62
25018 7794   10  -55
25028 7796   10  -48
99999 0 0 0 
25038 7831    0  -42
25048 7831    0  -36
25058 7831    0  -30
25068 7835    0  -24
25078 7835    0  -18
25088 7835    0  -12
25098 7837    0   -6
25108 7835    0   -1
25118 7835    0    4
25128 7837    0    8
25138 7835    0   11
25148 7837    0   14
25158 7837    0   15
25168 7837    0   16
25178 7837    0   16
25188 7838    0   16
25198 7837    0   16
25208 7838    0   16
25218 7838    0   16
25228 7837    0   16
25238 7838    0   16
25248 7837    0   16
25258 7837    0   15
25268 7838    0   15
25278 7837    0   12
25289 7838   71   10
25299 7837   71    8
25309 7838   71    7
25319 7767   71    5
25329 7725   71    4
25339 7713   71    4
25349 7496   71    4
25361 7417   71    4
25371 7418   71    4
25381 7502   71    4
25391 7550   71    9
25401 7563   71   15
25411 7500   71   23
25421 7436   71   30
25431 7439   71   37
25441 7406   71   44
25451 7373   71   52
25461 7370   71   59
25471 7446   65   67
25481 7415   57   74
25491 7415   48   82
25501 7419   41   89
25511 7460   33   97
25521 7470   30  105
25531 7475   30  113
25541 7592   30  121
25551 7596   30  128
25561 7668   30  135
25571 7741   30  142
25581 7742   30  148
25591 7779   30  154
25601 7779   30  159
25611 7779   30  165
25621 7780   30  170
25631 7779   30  175
25641 7779 -102  179
25651 7778 -102  184
25661 7720 -102  188
25671 7688 -102  191
25681 7694 -102  192
25691 7705 -102  195
25701 7714 -102  196
25711 7368 -102  196
25721 7517 -102  196
25731 7520 -102  196
25741 7656 -118  195
25751 7647 -118  190
25761 7653 -118  179
25771 7343 -118  167
25781 7172 -118  152
25791 7174 -118  138
25801 7174 -118  123
25811 7246 -118  105
25821 7247 -118   89
25831 7461 -118   70
25841 7500 -118   50
25851 7498 -118   31
25861 7505 -118   11
25871 7510 -118   -7
25881 7512   81  -15
25891 7514   81  -23
25901 7549   81  -33
25911 7524   81  -45
25921 7450   81  -56
25931 7316   81  -66
25941 7324   81  -80
25951 7257   81  -90
25961 7440   74 -102
25971 7444   81 -112
25981 7621   74 -119
25992 7661   48 -121
26002 7661    5 -121
26012 7346   10 -121
26022 7357   10 -121
26032 7366   10 -113
26042 7581   10 -104
26052 7585   10  -98
26062 7585   10  -89
26072 7798   10  -81
26082 7798   10  -73
26092 7800   10  -66
99999 0 0 0 
26102 7837    0  -58
26112 7835    0  -51
26122 7835    0  -44
26132 7838    0  -37
26142 7837    0  -29
26152 7838    0  -22
26162 7839    0  -16
26172 7838    0  -10
26182 7838    0   -5
26192 7841    0    0
26202 7838    0    4
26212 7838    0    7
26222 7839    0    9
26232 7838    0   10
26242 7839    0   11
26252 7839    0   11
26262 7875    0   11
26272 7876    0   11
26282 7838    0   11
26292 7839    0   11
26302 7841    0   11
26312 7839    0   11
26322 7839    0   11
26332 7839    0   10
26342 7839    0   10
26353 7839   71    8
26363 7839   71    7
26373 7842   71    6
26383 7769   71    5
26393 7741   71    5
26403 7739   71    5
26413 7741   71    5
26423 7747   71    5
26433 7504   71    6
26443 7585   71    6
26453 7592   71   10
26463 7565   71   15
26473 7531   71   22
26483 7535   71   28
26493 7469   71   35
26503 7398   71   41
26513 7401   71   47
26523 7401   71   53
26533 7434   71   59
26543 7433   67   66
26553 7433   60   73
26563 7470   54   80
26573 7469   46   87
26584 7440   40   94
26594 7447   33  102
26604 7450   30  108
26614 7562   30  115
26624 7567   30  121
26634 7569   30  127
26644 7676   30  133
26654 7749   30  139
26664 7748   30  144
26674 7749   30  149
26684 7783   30  153
26694 7784   30  158
26704 7786   30  162
26714 7784   30  165
26724 7783   30  169
26734 7780   30  173
26744 7745   30  177
26754 7746 -102  179
26764 7780 -102  183
26774 7727 -102  185
26784 7689 -102  186
26794 7692 -102  186
26804 7733 -102  187
26814 7740 -102  187
26824 7283 -102  187
26834 7466 -102  187
26844 7467 -102  187
26854 7611 -125  187
26864 7687 -125  181
26874 7687 -125  171
26884 7580 -125  160
26894 7405 -125  148
26904 7405 -125  135
26914 7122 -125  121
26924 7158 -125  107
26934 7158 -125   91
26944 7371 -125   74
26954 7440 -125   55
26964 7439 -125   36
26974 7510 -125   16
26984 7475 -125   -4
26994 7475   81  -13
27004 7474   81  -23
27014 7455   81  -34
27024 7460   81  -46
27034 7502   81  -57
27044 7434   81  -67
27054 7440   81  -78
27064 7439   81  -90
27074 7549   81  -99
27084 7549   65 -105
27094 7655   40 -106
27104 7592    0 -106
27114 7594   10 -106
27124 7222   10 -103
27134 7230   10  -94
27144 7232   10  -85
27154 7411   10  -77
27164 7801   10  -67
27174 7800   10  -57
27184 7801   10  -47
27194 7803   10  -37
99999 0 0 0 
27204 7801    0  -27
27214 7803    0  -17
27224 7838    0   -8
27234 7839    0    1
27244 7839    0   10
27254 7839    0   16
27264 7839    0   20
27274 7841    0   23
27284 7839    0   24
27294 7839    0   25
27304 7841    0   25
27314 7841    0   25
27324 7841    0   25
27334 7841    0   25
27344 7839    0   25
27354 7841    0   25
27364 7841    0   24
27374 7841    0   22
27384 7841    0   19
27394 7841    0   16
27404 7842    0   14
27414 7841    0   12
27424 7838    0   11
27434 7841    0    9
27444 7842    0    7
27454 7844   71    7
27464 7841   71    6
27474 7830   71    5
27484 7774   71    5
27494 7760   71    5
27504 7764   71    5
27514 7730   71    5
27524 7412   71    6
27534 7415   71    6
27544 7525   71    7
27554 7564   71   14
27564 7565   71   21
27574 7391   71   27
27584 7393   71   35
27594 7396   71   41
27604 7399   71   47
27614 7436   71   54
27624 7437   71   60
27634 7475   66   67
27644 7475   61   73
27654 7477   55   81
27664 7446   49   87
27674 7412   43   95
27684 7412   36  102
27694 7416   31  109
27704 7565   30  116
27714 7569   30  123
27724 7607   30  129
27734 7713   30  135
27744 7715   30  140
27754 7749   30  146
27764 7751   30  151
27774 7751   30  155
27784 7752   30  160
27794 7786   30  164
27804 7787   30  168
27814 7751   30  171
27824 7784   30  175
27834 7786   30  179
27844 7783   30  182
27854 7783 -102  185
27864 7783 -102  187
27874 7752 -102  190
27884 7697 -102  190
27894 7700 -102  190
27904 7740 -102  191
27914 7213 -102  191
27924 7216 -102  190
27934 7504 -126  190
27944 7579 -126  190
27954 7582 -126  190
27964 7689 -126  182
27974 7657 -126  171
27984 7655 -126  160
27994 7338 -126  147
28004 7196 -126  134
28014 7194 -126  120
28024 7197 -126  105
28034 7338 -126   88
28044 7338 -126   71
28054 7480 -126   53
28064 7514 -126   33
28074 7514 -126   13
28084 7480 -126   -5
28094 7480   81  -15
28104 7473   81  -24
28114 7494   81  -35
28124 7502   81  -46
28134 7508   81  -55
28144 7478   81  -67
28154 7302   81  -78
28164 7305   81  -89
28174 7555   81  -97
28184 7664   57 -102
28194 7664   32 -102
28204 7563   10 -102
28214 7354   10 -102
28224 7368   10  -99
28234 7266   10  -89
28244 7481   10  -79
28254 7482   10  -70
28264 7694   10  -62
28274 7800   10  -51
28284 7801   10  -41
28294 7803   10  -30
99999 0 0 0 
28304 7803    0  -20
28314 7803    0   -9
28324 7803    0    1
28334 7839    0   11
28344 7841    0   19
28354 7841    0   25
28364 7839    0   30
28374 7841    0   33
28384 7841    0   35
28394 7839    0   35
28404 7841    0   36
28414 7842    0   36
28424 7841    0   36
28434 7841    0   36
28444 7842    0   36
28454 7842    0   36
28464 7841    0   35
28474 7842    0   35
28484 7842    0   31
28494 7841    0   28
28504 7842    0   25
28514 7842    0   22
28524 7841    0   19
28534 7842    0   15
28544 7842    0   12
28554 7842   71    9
28564 7842   71    6
28574 7811   71    3
28584 7771   71    2
28594 7767   71    1
28604 7769   71    1
28614 7774   71    1
28624 7493   71    1
28634 7569   71    2
28644 7569   71    2
28654 7573   71    9
28664 7467   71   15
28676 7328   71   23
28686 7328   71   31
28696 7364   71   38
28706 7437   71   44
28716 7440   71   51
28726 7512   71   58
28737 7478   68   66
28747 7478   62   73
28757 7483   57   79
28767 7448   51   87
28777 7453   46   93
28787 7419   41  101
28797 7489   35  108
28807 7491   30  115
28817 7601   30  122
28827 7676   30  129
28837 7678   30  135
28847 7680   30  141
28857 7715   30  147
28867 7716   30  152
28877 7752   30  157
28887 7789   30  163
28897 7784   30  167
28907 7752   30  171
28917 7786   30  175
28927 7784   30  179
28937 7751   30  183
28947 7751   30  186
28957 7751 -102  189
28967 7783 -102  191
28977 7710 -102  193
28987 7703 -102  194
28997 7744 -102  194
29007 7183 -102  194
29017 7185 -102  194
29027 7366 -102  194
29037 7616 -102  194
29047 7620 -102  194
29057 7692 -127  191
29067 7657 -127  182
29077 7654 -127  170
29087 7516 -127  158
29097 7163 -127  145
29107 7165 -127  131
29117 7165 -127  116
29128 7343 -127   99
29138 7343 -127   82
29148 7415 -127   64
29158 7521 -127   46
29168 7522 -127   26
29178 7487 -127    6
29188 7488 -127  -10
29198 7488   81  -19
29208 7485   81  -30
29218 7514   81  -42
29228 7498   81  -56
29238 7502   81  -69
29248 7332   81  -81
29258 7336   81  -95
29268 7199   81 -109
29278 7484   81 -122
29288 7489   81 -133
29299 7593   81 -139
29310 7593   35 -140
29321 7382    0 -140
29331 7388   10 -139
29341 7222   10 -131
29351 7195   10 -121
29361 7193   10 -114
29371 7766   10 -103
29381 7804   10  -93
29391 7803   10  -83
29401 7803   10  -74
29411 7803   10  -64
99999 0 0 0 
29421 7803    0  -54
29431 7804    0  -46
29441 7804    0  -38
29451 7804    0  -30
29461 7841    0  -23
29471 7841    0  -17
29481 7842    0  -13
29491 7842    0   -8
29501 7842    0   -4
29511 7842    0   -1
29521 7844    0    2
29531 7842    0    4
29541 7841    0    6
29551 7841    0    7
29561 7841    0    7
29571 7842    0    7
29581 7842    0    8
29591 7841    0   10
29601 7844    0   10
29611 7841    0   10
29621 7844    0   10
29631 7842    0   10
29641 7842    0   10
29651 7844    0   10
29661 7841    0   10
29672 7841   71   10
29682 7842   71    9
29692 7800   71    9
29702 7774   71    9
29712 7772   71    9
29722 7777   71    9
29732 7422   71    9
29742 7494   71   10
29753 7497   71   10
29763 7576   71   13
29773 7575   71   19
29783 7582   71   25
29793 7369   71   31
29803 7372   71   35
29813 7376   71   41
29823 7376   71   46
29833 7413   71   51
29843 7415   71   56
29853 7485   71   62
29863 7487   67   67
29873 7484   62   73
29883 7450   58   79
29893 7376   54   85
29903 7376   50   91
29913 7451   46   97
29923 7489   42  103
29933 7492   37  109
29943 7495   34  115
29953 7567   30  120
29963 7573   30  126
29973 7647   30  131
29983 7719   30  136
29993 7719   30  141
30003 7753   30  145
30013 7755   30  149
30023 7755   30  153
30033 7755   30  156
30043 7755   30  160
30053 7752   30  163
30063 7755   30  166
30073 7787   30  169
30083 7787   30  171
30093 7752   30  174
30103 7786 -101  175
30113 7783 -101  178
30123 7751 -101  179
30133 7749 -101  180
30143 7724 -101  181
30153 7711 -101  182
30163 7713 -101  182
30173 7715 -101  182
30183 7224 -101  182
30193 7403 -129  181
30203 7407 -129  181
30213 7586 -129  181
30223 7660 -129  175
30233 7661 -129  167
30243 7698 -129  155
30253 7590 -129  143
30263 7590 -129  131
30273 7202 -129  117
30283 7166 -129  103
30293 7169 -129   87
30303 7309 -129   71
30313 7417 -129   53
30323 7417 -129   35
30333 7524 -129   15
30343 7524 -129   -4
30353 7522   81  -13
30363 7489   81  -21
30373 7478   81  -31
30383 7470   81  -41
30393 7512   81  -52
30403 7413   81  -63
30413 7419   81  -73
30423 7383   81  -81
30434 7528   57  -91
30444 7529   66  -99
30454 7674   57 -102
30464 7674   14 -103
30474 7357    0 -103
30484 7363   10 -103
30494 7337   10  -97
30504 7340   10  -88
30514 7377   10  -82
30524 7731   10  -73
30534 7733   10  -65
30544 7803   10  -57
30554 7806   10  -49
30564 7806   10  -43
30574 7804   10  -37
99999 0 0 0 
30584 7806    0  -29
30594 7806    0  -23
30604 7841    0  -16
30614 7839    0  -10
30624 7841    0   -4
30634 7842    0    2
30644 7842    0    7
30654 7842    0   11
30664 7842    0   13
30674 7844    0   15
30684 7844    0   16
30694 7842    0   16
30704 7844    0   16
30714 7844    0   16
30724 7844    0   16
30734 7842    0   16
30744 7842    0   16
30754 7842    0   16
30764 7842    0   15
30774 7842    0   15
30784 7842    0   15
30794 7842    0   13
30804 7844    0   11
30814 7844    0    9
30824 7844    0    7
