SSS vs= 1.02  t=  218
%P VOLT1   = 7801
%P VOLT2   = 7895
%P S2_SC   =  1.02
%P L_ANG_MAX = 218
B   0 783   71    1
B  10 7837   71    1
B  20 7821   71    1
B  31 7701   71    1
B  43 7698   71    1
B  54 7723   71    1
B  64 7387   71    1
B  74 7479   71    2
B  84 7427   71    8
B  94 7417   71   16
B 104 7310   71   25
B 115 7307   71   35
B 126 7149   71   45
B 136 7172   71   54
B 146 7186   69   63
B 157 7326   57   73
B 168 7329   47   83
B 178 7368   36   95
B 188 7416   30  105
B 198 7390   30  115
B 208 7452   30  125
*** dt = 49 , A = 129 , rpm = 332 
B 218 7463   30  135
B 228 7685   30  144
B 238 7724   30  152
B 248 7727   30  162
B 258 7729   30  171
pull out 173
B 268 7728 -102  179
B 278 7731 -102  187
B 288 7734 -102  194
B 298 7575 -102  200
B 308 7520 -102  203
B 318 7518 -102  210
B 328 6968 -102  214
B 338 7016 -102  217
B 348 7241 -102  219
B 358 7415 -102  219
B 368 7294 -102  219
B 378 7296 -102  218
*** amax = 219  vhit = 100
B 388 7092 -102  206
B 398 7113 -102  191
B 408 6996 -102  175
B 418 6856 -102  157
B 428 6908 -102  141
B 438 7048 -102  123
B 448 7306 -102  103
B 458 7310 -102   81
B 468 7380 -102   59
B 478 7422 -102   35
B 488 7430 -102   12
B 498 7448 -102   -9
push -11 -10
push out at target
B 508 7441   81  -19
B 518 7397   81  -31
B 528 7351   81  -46
B 538 7297   81  -61
B 548 7348   81  -74
B 558 7292   81  -90
B 568 7221   81 -105
B 578 7185   81 -119
B 588 7218   81 -129
B 598 7289   74 -131
B 608 7258    6 -131
B 618 7153   10 -131
B 628 6791   10 -121
B 638 6917   10 -107
B 648 7067   10  -93
B 658 7228   10  -80
B 668 7254   10  -65
B 678 7689   10  -51
B 688 7735   10  -35
B 698 7739   10  -21
pb end 
B 708 7778   10   -7
B 718 7779   10    6
B 728 7780   10   18
B 738 7780   10   27
B 748 7784   10   33
B 758 7783   10   37
B 768 7784   10   39
B 778 7786   10   41
B 788 7784   10   41
B 798 7786   10   41
B 808 7789   10   42
SSS vs= 1.02  t=  228
%P VOLT1   = 7742
%P VOLT2   = 7856
%P S2_SC   =  1.03
%P L_ANG_MAX = 228
B 818 7789   71   42
B 828 7786   71   42
B 838 7681   71   42
B 848 7618   71   42
B 858 7566   71   42
B 868 7242   71   42
B 878 7221   71   42
B 888 7211   71   42
B 898 7245   71   47
B 908 7268   71   53
B 918 7219   71   60
B 928 7207   64   67
B 938 7216   55   75
B 948 7202   47   83
B 958 7220   38   91
B 968 7252   30   99
B 978 7317   30  108
B 988 7523   30  117
*** adj PULL_V2->30 
*** dt = 76 , A = 124 , rpm = 298 
B 998 7545   30  125
B 1008 7561   30  133
B 1018 7638   30  141
B 1028 7643   30  149
B 1038 7681   30  156
B 1048 7685   30  163
B 1058 7687   30  169
B 1068 7721   30  176
pull out 179
B 1078 7724 -102  182
B 1088 7723 -102  188
B 1098 7721 -102  194
B 1108 7548 -102  199
B 1118 7503 -102  202
B 1128 7535 -102  207
B 1138 7015 -102  210
B 1148 7057 -102  212
B 1158 7242 -102  213
B 1168 7407 -102  213
B 1178 7282 -102  213
*** amax = 213  vhit = 107
B 1188 7288 -109  209
B 1198 7087 -109  195
B 1208 7113 -109  181
B 1218 7001 -109  165
B 1228 6897 -109  147
B 1238 6950 -109  130
B 1248 7090 -109  111
B 1258 7313 -109   91
B 1268 7313 -109   70
B 1278 7381 -109   47
B 1288 7381 -109   24
B 1298 7391 -109    0
push -10 -10
push out at target
B 1308 7437   82  -15
B 1318 7413   82  -26
B 1328 7359   82  -39
B 1338 7287   82  -55
B 1348 7205   82  -71
B 1358 7261   82  -85
B 1368 7244   82 -102
B 1378 7172   82 -118
B 1388 7113   82 -133
B 1398 7145   82 -142
B 1408 7225   66 -145
B 1418 7197   14 -144
B 1428 7115   10 -144
B 1438 6789   10 -131
B 1448 6909   10 -117
B 1458 7041   10 -102
B 1468 7302   10  -90
B 1478 7324   10  -75
B 1488 7689   10  -61
B 1498 7731   10  -45
B 1508 7735   10  -31
pb end 
B 1518 7737   10  -17
B 1528 7775   10   -3
B 1538 7776   10    8
B 1548 7778   10   18
B 1558 7779   10   24
B 1568 7778   10   29
B 1578 7780   10   31
B 1588 7779   10   33
B 1598 7780   10   34
B 1608 7782   10   34
B 1618 7784   10   35
SSS vs= 1.03  t=  228
%P VOLT1   = 7742
%P VOLT2   = 7846
%P S2_SC   =  1.03
%P L_ANG_MAX = 228
B 1628 7784   71   35
B 1638 7784   71   35
B 1648 7678   71   35
B 1658 7607   71   35
B 1668 7542   71   35
B 1678 7219   71   35
B 1688 7199   71   35
B 1698 7199   71   37
B 1709 7208   71   43
B 1719 7233   71   49
B 1729 7220   71   55
B 1739 7205   68   63
B 1749 7213   60   71
B 1759 7188   51   79
B 1769 7199   42   87
B 1779 7225   34   96
B 1789 7293   30  104
B 1799 7430   30  114
B 1809 7460   30  123
*** dt = 67 , A = 126 , rpm = 315 
B 1819 7480   30  131
B 1829 7596   30  140
B 1839 7602   30  147
B 1849 7677   30  155
B 1859 7678   30  163
B 1869 7681   30  170
B 1879 7718   30  176
pull out 177
B 1889 7718 -102  183
B 1899 7718 -102  189
B 1909 7717 -102  195
B 1919 7535 -102  201
B 1929 7507 -102  203
B 1939 7542 -102  208
B 1949 7023 -102  213
B 1959 7057 -102  214
B 1969 7228 -102  215
B 1979 7373 -102  215
B 1989 7264 -102  215
*** amax = 215  vhit = 106
B 1999 7282 -108  210
B 2009 7098 -108  195
B 2019 7130 -108  181
B 2029 6980 -108  165
B 2039 6867 -108  147
B 2049 6915 -108  130
B 2059 7048 -108  111
B 2069 7304 -108   90
B 2079 7303 -108   70
B 2089 7372 -108   47
B 2099 7380 -108   23
B 2109 7389 -108    0
push -10 -10
push out at target
B 2119 7403   82  -14
B 2129 7378   82  -26
B 2139 7322   82  -39
B 2149 7282   82  -54
B 2159 7251   82  -70
B 2169 7304   82  -84
B 2179 7249   82 -100
B 2189 7138   82 -117
B 2199 7070   82 -130
B 2209 7108   82 -138
B 2219 7231   57 -140
B 2229 7203    6 -140
B 2239 7147   10 -139
B 2249 6873   10 -125
B 2259 6984   10 -111
B 2269 7056   10  -97
B 2279 7378   10  -84
B 2289 7396   10  -69
B 2299 7689   10  -54
B 2309 7731   10  -39
B 2319 7732   10  -25
pb end 
B 2329 7734   10  -10
B 2339 7738   10    3
B 2349 7738   10   15
B 2359 7773   10   23
B 2369 7779   10   29
B 2379 7778   10   33
B 2389 7778   10   35
B 2399 7780   10   36
B 2409 7779   10   37
B 2419 7780   10   37
SSS vs= 1.03  t=  228
%P VOLT1   = 7742
%P VOLT2   = 7828
%P S2_SC   =  1.03
%P L_ANG_MAX = 228
B 2430 7780   72   38
B 2440 7780   72   38
B 2450 7780   72   38
B 2460 7646   72   38
B 2470 7579   72   38
B 2480 7533   72   38
B 2490 7221   72   38
B 2500 7207   72   38
B 2510 7196   72   42
B 2520 7203   72   47
B 2531 7225   72   54
B 2541 7219   71   61
B 2551 7165   64   69
B 2561 7183   56   76
B 2571 7125   46   84
B 2581 7185   37   93
B 2591 7206   30  101
B 2601 7317   30  110
B 2611 7446   30  119
*** adj PULL_V2->30 
*** dt = 75 , A = 125 , rpm = 298 
B 2621 7472   30  127
B 2631 7518   30  136
B 2641 7633   30  144
B 2651 7637   30  151
B 2661 7675   30  159
B 2671 7678   30  166
B 2681 7679   30  172
B 2691 7679   30  179
pull out 179
B 2701 7678 -102  185
B 2711 7677 -102  191
B 2721 7685 -102  197
B 2731 7511 -102  201
B 2741 7503 -102  205
B 2751 7545 -102  209
B 2761 6994 -102  212
B 2771 7026 -102  213
B 2781 7220 -102  214
B 2791 7361 -102  214
B 2801 7257 -102  214
*** amax = 214  vhit = 107
B 2811 7252 -110  206
B 2821 7103 -110  192
B 2831 7141 -110  177
B 2841 6992 -110  161
B 2851 6911 -110  143
B 2861 6956 -110  125
B 2871 7048 -110  106
B 2881 7303 -110   86
B 2891 7300 -110   64
B 2901 7337 -110   41
B 2911 7380 -110   18
B 2921 7391 -110   -5
push -10 -10
push out at target
B 2931 7395   82  -17
B 2941 7364   82  -28
B 2951 7301   82  -42
B 2961 7267   82  -57
B 2971 7255   82  -73
B 2981 7310   82  -87
B 2991 7220   82 -103
B 3001 7130   82 -119
B 3011 7048   82 -132
B 3021 7124   82 -139
B 3031 7217   49 -140
B 3041 7194    0 -140
B 3051 7185   10 -136
B 3061 6911   10 -123
B 3071 7019   10 -109
B 3081 7073   10  -95
B 3091 7490   10  -82
B 3101 7504   10  -67
B 3111 7688   10  -53
B 3121 7728   10  -38
B 3131 7732   10  -25
pb end 
B 3141 7732   10  -10
B 3151 7732   10    3
B 3161 7735   10   14
B 3171 7737   10   22
B 3181 7738   10   27
B 3191 7739   10   31
B 3201 7775   10   34
B 3211 7776   10   35
B 3221 7776   10   35
B 3231 7778   10   35
SSS vs= 1.03  t=  228
%P VOLT1   = 7742
%P VOLT2   = 7835
%P S2_SC   =  1.03
%P L_ANG_MAX = 228
B 3241 7778   71   37
B 3251 7779   71   37
B 3261 7764   71   37
B 3271 7646   71   37
B 3281 7576   71   37
B 3291 7524   71   37
B 3301 7174   71   36
B 3311 7170   71   37
B 3321 7203   71   40
B 3331 7215   71   45
B 3341 7239   71   51
B 3351 7228   71   58
B 3361 7203   66   65
B 3371 7215   59   72
B 3381 7147   50   80
B 3391 7137   41   89
B 3401 7161   32   97
B 3411 7263   30  105
B 3421 7387   30  114
B 3431 7425   30  123
*** adj PULL_V2->30 
*** dt = 76 , A = 124 , rpm = 298 
B 3441 7514   30  131
B 3451 7593   30  139
B 3461 7599   30  147
B 3471 7636   30  154
B 3481 7673   30  161
B 3491 7675   30  168
B 3501 7677   30  174
pull out 179
B 3511 7677 -102  181
B 3521 7677 -102  187
B 3531 7696 -102  193
B 3541 7518 -102  198
B 3551 7509 -102  201
B 3561 7549 -102  205
B 3571 6992 -102  209
B 3581 7022 -102  210
B 3591 7176 -102  211
B 3601 7318 -102  211
*** amax = 211  vhit = 108
B 3611 7213 -111  210
B 3621 7239 -111  203
B 3631 7135 -111  189
B 3641 7178 -111  173
B 3651 7062 -111  157
B 3661 6877 -111  140
B 3671 6919 -111  122
B 3681 7048 -111  103
B 3691 7265 -111   83
B 3701 7262 -111   61
B 3711 7334 -111   39
B 3721 7375 -111   15
B 3731 7388 -111   -7
push -10 -10
push out at target
B 3741 7391   82  -17
B 3751 7360   82  -29
B 3761 7294   82  -43
B 3771 7300   82  -59
B 3781 7248   82  -74
B 3791 7305   82  -89
B 3801 7216   82 -105
B 3811 7126   82 -121
B 3821 7039   82 -134
B 3831 7085   82 -141
B 3841 7211   49 -142
B 3851 7190    0 -142
B 3861 7218   10 -138
B 3871 6910   10 -125
B 3881 7017   10 -111
B 3891 7037   10  -97
B 3901 7416   10  -85
B 3911 7430   10  -70
B 3921 7651   10  -55
B 3931 7725   10  -41
B 3941 7728   10  -27
pb end 
B 3951 7731   10  -13
B 3961 7732   10   -1
B 3971 7732   10   11
B 3981 7735   10   19
B 3991 7735   10   25
B 4001 7738   10   29
B 4011 7738   10   32
B 4021 7775   10   33
B 4031 7775   10   34
B 4041 7773   10   34
SSS vs= 1.03  t=  228
%P VOLT1   = 7742
%P VOLT2   = 7828
%P S2_SC   =  1.03
%P L_ANG_MAX = 228
B 4051 7778   72   35
B 4061 7776   72   35
B 4071 7756   72   35
B 4081 7639   72   35
B 4091 7580   72   35
B 4101 7528   72   35
B 4111 7184   72   35
B 4121 7176   72   36
B 4131 7207   72   40
B 4141 7255   72   47
B 4151 7238   72   54
B 4161 7257   72   60
B 4171 7198   65   68
B 4181 7210   56   76
B 4191 7153   47   84
B 4202 7220   37   93
B 4213 7206   30  103
B 4223 7248   30  112
B 4233 7377   30  121
*** adj PULL_V2->30 
*** dt = 75 , A = 125 , rpm = 298 
B 4243 7507   30  130
B 4253 7518   30  139
B 4263 7596   30  147
B 4273 7668   30  154
B 4283 7673   30  161
B 4293 7674   30  168
B 4303 7675   30  175
pull out 182
B 4313 7675 -102  182
B 4323 7675 -102  188
B 4333 7675 -102  194
B 4343 7603 -102  200
B 4353 7467 -102  203
B 4363 7471 -102  208
B 4373 7515 -102  212
B 4383 6996 -102  215
B 4393 7166 -102  217
B 4403 7132 -102  217
B 4413 7306 -102  217
B 4423 7279 -102  217
*** amax = 217  vhit = 105
B 4433 7239 -108  207
B 4443 7136 -108  193
B 4453 7010 -108  176
B 4463 7072 -108  160
B 4473 6883 -108  143
B 4483 6998 -108  124
B 4493 7015 -108  105
B 4503 7266 -108   85
B 4513 7337 -108   63
B 4523 7337 -108   41
B 4533 7380 -108   17
B 4543 7391 -108   -7
push -11 -10
push out at target
B 4553 7395   82  -17
B 4563 7364   82  -29
B 4573 7335   82  -42
B 4583 7275   82  -57
B 4593 7309   82  -71
B 4603 7253   82  -86
B 4613 7299   82 -102
B 4623 7053   82 -117
B 4633 7170   82 -129
B 4643 7085   82 -135
B 4653 7218   40 -135
B 4663 7167   10 -135
B 4673 7303   10 -131
B 4683 6960   10 -118
B 4693 7011   10 -104
B 4703 7051   10  -92
B 4713 7528   10  -78
B 4723 7681   10  -63
B 4733 7688   10  -49
B 4743 7727   10  -35
pb end 
B 4753 7731   10  -21
B 4763 7729   10   -8
B 4773 7734   10    5
B 4783 7769   10   15
B 4793 7769   10   23
B 4803 7735   10   29
B 4813 7737   10   33
B 4823 7735   10   35
B 4833 7772   10   36
B 4843 7772   10   36
SSS vs= 1.03  t=  228
%P VOLT1   = 7742
%P VOLT2   = 7821
%P S2_SC   =  1.03
%P L_ANG_MAX = 228
B 4853 7773   72   36
B 4863 7775   72   38
B 4873 7775   72   38
B 4883 7726   72   38
B 4893 7628   72   38
B 4904 7565   72   38
B 4914 7514   72   38
B 4924 7173   72   38
B 4934 7200   72   38
B 4945 7197   72   43
B 4955 7213   72   48
B 4966 7198   72   55
B 4976 7188   70   63
B 4986 7201   63   70
B 4997 7111   54   78
B 5008 7158   44   87
B 5019 7191   34   96
B 5029 7297   30  106
B 5039 7358   30  115
B 5049 7386   30  123
*** adj PULL_V2->30 
*** dt = 83 , A = 124 , rpm = 281 
B 5059 7510   30  131
B 5069 7591   30  139
B 5079 7593   30  147
B 5090 7670   30  155
B 5100 7671   30  163
B 5110 7671   30  169
B 5120 7674   30  175
B 5130 7671   30  182
pull out 184
B 5140 7673 -102  188
B 5150 7668 -102  194
B 5160 7481 -102  199
B 5170 7470 -102  202
B 5180 7506 -102  206
B 5190 7021 -102  210
B 5200 7053 -102  211
B 5210 7293 -102  212
B 5220 7297 -102  212
B 5230 7189 -102  211
*** amax = 212  vhit = 108
B 5240 7247 -111  205
B 5250 7162 -111  192
B 5260 7197 -111  177
B 5270 6910 -111  161
B 5280 6867 -111  143
B 5290 6913 -111  126
B 5300 7083 -111  107
B 5310 7232 -111   87
B 5320 7230 -111   66
B 5330 7370 -111   43
B 5340 7371 -111   20
B 5350 7382 -111   -3
push -10 -10
push out at target
B 5360 7391   82  -15
B 5370 7366   82  -27
B 5380 7308   82  -41
B 5390 7271   82  -55
B 5400 7283   82  -70
B 5410 7332   82  -85
B 5420 7171   82 -101
B 5430 6988   82 -116
B 5440 6911   82 -130
B 5450 7172   82 -137
B 5460 7194   49 -138
B 5470 7166    0 -138
B 5480 7107   10 -136
B 5490 6941   10 -123
B 5500 7044   10 -109
B 5510 7032   10  -94
B 5520 7484   10  -82
B 5530 7498   10  -67
B 5540 7681   10  -53
B 5550 7684   10  -37
B 5560 7689   10  -23
B 5570 7727   10   -9
pb end 
B 5580 7729   10    3
B 5590 7729   10   15
B 5600 7732   10   23
B 5610 7732   10   28
B 5620 7734   10   32
B 5630 7734   10   34
B 5640 7734   10   35
B 5650 7735   10   35
B 5660 7735   10   37
B 5670 7737   10   38
SSS vs= 1.03  t=  228
%P VOLT1   = 7683
%P VOLT2   = 7821
%P S2_SC   =  1.03
%P L_ANG_MAX = 228
B 5680 7738   72   38
B 5690 7766   72   38
B 5700 7643   72   38
B 5710 7584   72   38
B 5720 7531   72   38
B 5730 7361   72   38
B 5740 7347   72   38
B 5750 7237   72   42
B 5760 7240   72   47
B 5770 7254   72   53
B 5780 7208   72   60
B 5790 7196   65   67
B 5800 7210   56   75
B 5810 7152   48   83
B 5820 7178   39   91
B 5830 7199   31   99
B 5840 7300   31  108
B 5850 7360   31  117
*** adj PULL_V2->30 
*** dt = 76 , A = 124 , rpm = 298 
B 5860 7387   31  126
B 5870 7507   31  134
B 5880 7588   31  142
B 5890 7592   31  150
B 5900 7665   31  157
B 5910 7633   31  164
B 5920 7633   31  171
B 5930 7670   31  178
pull out 180
B 5940 7668 -103  184
B 5950 7670 -103  190
B 5960 7667 -103  196
B 5970 7481 -103  202
B 5980 7465 -103  205
B 5990 7501 -103  209
B 6000 7510 -103  213
B 6010 7546 -103  214
B 6020 7259 -103  215
B 6030 7269 -103  215
B 6040 7157 -103  215
*** amax = 215  vhit = 106
B 6050 7248 -109  209
B 6060 7200 -109  195
B 6070 7238 -109  181
B 6080 6940 -109  165
B 6090 6862 -109  147
B 6100 6911 -109  130
B 6110 7077 -109  111
B 6120 7228 -109   91
B 6130 7227 -109   70
B 6140 7366 -109   47
B 6150 7372 -109   25
B 6160 7381 -109    1
push -10 -10
push out at target
B 6170 7392   82  -13
B 6180 7372   82  -25
B 6190 7318   82  -38
B 6200 7279   82  -53
B 6210 7290   82  -68
B 6220 7339   82  -82
B 6230 7211   82  -98
B 6240 6992   82 -113
B 6250 6926   82 -127
B 6260 7183   82 -135
B 6270 7201   57 -137
B 6280 7174    6 -137
B 6290 7094   10 -134
B 6300 6913   10 -122
B 6310 7026   10 -107
B 6320 7058   10  -93
B 6330 7408   10  -81
B 6340 7422   10  -65
B 6350 7679   10  -50
B 6360 7685   10  -36
B 6370 7687   10  -21
pb end 
B 6380 7728   10   -7
B 6390 7727   10    7
B 6400 7728   10   17
B 6410 7728   10   26
B 6420 7766   10   31
B 6430 7768   10   35
B 6440 7732   10   38
B 6450 7734   10   39
B 6460 7734   10   39
B 6470 7734   10   40
SSS vs= 1.03  t=  228
B 6480 7735   10   42
%P VOLT1   = 7683
%P VOLT2   = 7818
%P S2_SC   =  1.03
%P L_ANG_MAX = 228
B 6490 7735   72   42
B 6500 7729   72   42
B 6510 7616   72   42
B 6520 7560   72   42
B 6530 7548   72   42
B 6540 7476   72   42
B 6550 7458   72   42
B 6560 7208   72   45
B 6570 7244   72   51
B 6580 7256   72   56
B 6591 7211   69   63
B 6601 7195   61   71
B 6614 7152   51   81
B 6624 7166   41   89
B 6634 7161   33   97
B 6644 7286   31  106
B 6654 7325   31  115
B 6664 7418   31  123
*** adj PULL_V2->30 
*** dt = 83 , A = 124 , rpm = 281 
B 6674 7506   31  131
B 6684 7514   31  139
B 6694 7626   31  147
B 6704 7663   31  154
B 6714 7667   31  161
B 6724 7633   31  168
B 6734 7667   31  174
B 6744 7668   31  181
pull out 183
B 6754 7667 -103  187
B 6764 7667 -103  193
B 6774 7569 -103  198
B 6784 7461 -103  201
B 6794 7474 -103  206
B 6804 7515 -103  210
B 6814 7558 -103  212
B 6824 7266 -103  213
B 6834 7235 -103  214
B 6844 7227 -103  214
*** amax = 214  vhit = 107
B 6854 7284 -110  213
B 6864 7249 -110  202
B 6874 7220 -110  188
B 6884 6913 -110  173
B 6894 6974 -110  156
B 6904 6887 -110  139
B 6914 7066 -110  121
B 6924 7082 -110  101
B 6934 7191 -110   81
B 6944 7330 -110   59
B 6954 7330 -110   37
B 6964 7375 -110   14
B 6974 7386 -110   -8
push -10 -10
push out at target
B 6984 7388   82  -18
B 6994 7353   82  -30
B 7004 7332   82  -45
B 7014 7275   82  -61
B 7024 7310   82  -73
B 7034 7182   82  -89
B 7044 7227   82 -105
B 7054 6978   82 -121
B 7064 7198   82 -133
B 7074 7117   82 -138
B 7084 7184   32 -138
B 7094 7060   10 -138
B 7104 7228   10 -132
B 7114 7063   10 -119
B 7124 7058   10 -105
B 7134 7089   10  -93
B 7144 7564   10  -79
B 7154 7678   10  -65
B 7164 7684   10  -50
B 7174 7685   10  -37
pb end 
B 7184 7724   10  -23
B 7194 7727   10  -10
B 7204 7727   10    3
B 7214 7728   10   12
B 7224 7729   10   20
B 7234 7729   10   25
B 7244 7734   10   29
B 7254 7732   10   31
B 7264 7732   10   32
B 7274 7734   10   33
SSS vs= 1.03  t=  228
%P VOLT1   = 7683
%P VOLT2   = 7811
%P S2_SC   =  1.03
%P L_ANG_MAX = 228
B 7284 7734   72   33
B 7294 7734   72   35
B 7304 7734   72   35
B 7314 7683   72   35
B 7324 7621   72   35
B 7334 7529   72   35
B 7344 7487   72   35
B 7354 7219   72   35
B 7364 7210   72   36
B 7374 7213   72   41
B 7384 7254   72   47
B 7394 7198   72   54
B 7404 7218   72   61
B 7414 7201   64   68
B 7424 7143   56   76
B 7434 7150   47   85
B 7444 7184   37   93
B 7454 7235   31  102
B 7464 7274   31  111
B 7474 7333   31  119
*** adj PULL_V2->30 
*** dt = 82 , A = 125 , rpm = 281 
B 7484 7497   31  129
B 7494 7510   31  137
B 7504 7586   31  145
B 7514 7626   31  153
B 7524 7629   31  160
B 7534 7665   31  167
B 7544 7667   31  174
B 7554 7667   31  181
pull out 186
B 7564 7665 -103  187
B 7574 7665 -103  194
B 7584 7562 -103  199
B 7594 7459 -103  202
B 7604 7474 -103  207
B 7614 7516 -103  211
B 7624 6992 -103  214
B 7634 7193 -103  216
B 7644 7153 -103  216
B 7654 7293 -103  216
B 7664 7277 -103  215
*** amax = 216  vhit = 106
B 7674 7239 -109  204
B 7684 7105 -109  191
B 7694 6944 -109  175
B 7704 7005 -109  159
B 7714 6884 -109  141
B 7724 6997 -109  123
B 7734 7011 -109  104
B 7744 7265 -109   84
B 7754 7298 -109   61
B 7764 7298 -109   39
B 7774 7375 -109   16
B 7784 7385 -109   -7
push -10 -10
push out at target
B 7794 7389   82  -17
B 7804 7360   82  -29
B 7814 7304   82  -43
B 7824 7242   82  -58
B 7834 7311   82  -71
B 7844 7253   82  -86
B 7854 7300   82 -103
B 7864 7083   82 -118
B 7874 7164   82 -129
B 7885 7082   82 -134
B 7895 7220   28 -135
B 7905 7163    0 -134
B 7915 7322   10 -129
B 7925 7013   10 -115
B 7935 7032   10 -102
B 7945 7056   10  -91
B 7955 7600   10  -77
B 7965 7678   10  -64
B 7975 7682   10  -50
B 7985 7723   10  -37
B 7995 7724   10  -24
pb end 
B 8005 7728   10  -11
B 8015 7727   10    1
B 8025 7727   10   10
B 8035 7728   10   18
B 8045 7729   10   23
B 8055 7731   10   26
B 8065 7731   10   28
B 8075 7732   10   30
B 8085 7731   10   30
B 8095 7732   10   31
SSS vs= 1.03  t=  228
%P VOLT1   = 7683
%P VOLT2   = 7807
%P S2_SC   =  1.03
%P L_ANG_MAX = 228
B 8106 7732   72   32
B 8116 7734   72   32
B 8126 7650   72   32
B 8136 7585   72   32
B 8146 7534   72   32
B 8156 7487   72   32
B 8166 7183   72   32
B 8176 7200   72   35
B 8186 7244   72   40
B 8196 7255   72   46
B 8206 7241   72   52
B 8218 7195   72   61
B 8228 7207   63   69
B 8238 7180   55   77
B 8248 7150   46   85
B 8258 7175   36   94
B 8268 7202   31  103
B 8278 7300   31  112
B 8288 7331   31  121
*** adj PULL_V2->30 
*** dt = 74 , A = 126 , rpm = 298 
B 8298 7462   31  130
B 8308 7542   31  139
B 8318 7550   31  147
B 8328 7626   31  155
B 8338 7629   31  163
B 8348 7630   31  170
B 8358 7632   31  177
pull out 183
B 8368 7665 -103  183
B 8378 7667 -103  190
B 8388 7665 -103  197
B 8398 7498 -103  203
B 8408 7456 -103  206
B 8418 7484 -103  211
B 8428 6927 -103  215
B 8438 6965 -103  217
B 8448 7150 -103  219
B 8458 7325 -103  219
B 8468 7214 -103  219
*** amax = 219  vhit = 104
B 8478 7228 -107  215
B 8488 7138 -107  202
B 8498 7161 -107  187
B 8508 7000 -107  171
B 8518 6890 -107  154
B 8528 6934 -107  137
B 8538 7000 -107  119
B 8548 7227 -107   98
B 8558 7230 -107   78
B 8568 7299 -107   56
B 8578 7372 -107   32
B 8588 7380 -107    9
B 8598 7392 -107   -9
push -10 -10
push out at target
B 8608 7382   82  -19
B 8618 7336   82  -30
B 8628 7262   82  -44
B 8638 7290   82  -58
B 8648 7338   82  -71
B 8658 7276   82  -86
B 8668 7099   82 -101
B 8678 7068   82 -114
B 8688 7136   82 -123
B 8698 7243   66 -125
B 8708 7211    6 -125
B 8718 7204   10 -125
B 8728 6836   10 -115
B 8738 6946   10 -102
B 8748 6999   10  -89
B 8758 7253   10  -77
B 8768 7274   10  -63
B 8778 7602   10  -49
B 8788 7679   10  -36
B 8798 7682   10  -22
pb end 
B 8808 7685   10   -9
B 8818 7725   10    5
B 8828 7724   10   16
B 8838 7725   10   25
B 8848 7725   10   31
B 8858 7728   10   36
B 8868 7728   10   39
B 8878 7728   10   40
B 8888 7729   10   40
B 8898 7729   10   40
B 8908 7729   10   40
SSS vs= 1.03  t=  228
%P VOLT1   = 7683
%P VOLT2   = 7800
%P S2_SC   =  1.04
%P L_ANG_MAX = 228
B 8918 7731   72   41
B 8928 7731   72   41
B 8938 7626   72   41
B 8948 7576   72   41
B 8958 7532   72   41
B 8968 7250   72   41
B 8978 7219   72   41
B 8988 7242   72   41
B 8998 7235   72   44
B 9008 7251   72   51
B 9018 7233   72   58
B 9028 7152   67   65
B 9038 7172   60   72
B 9048 7152   52   79
B 9058 7164   43   87
B 9068 7191   34   96
B 9078 7219   31  105
B 9088 7317   31  113
B 9098 7340   31  122
*** adj PULL_V2->30 
*** dt = 82 , A = 125 , rpm = 281 
B 9108 7500   31  131
B 9118 7581   31  139
B 9128 7586   31  146
B 9138 7624   31  153
B 9148 7627   31  160
B 9158 7629   31  167
B 9168 7630   31  174
B 9178 7664   31  179
pull out 183
B 9188 7664   10  186
B 9198 7661   10  192
B 9208 7678   10  198
B 9218 7685   10  203
B 9228 7689   10  207
B 9238 7728   10  210
B 9248 7728   10  213
B 9258 7729   10  215
B 9268 7729   10  218
B 9278 7731   10  219
B 9288 7732   10  219
B 9298 7729   10  219
B 9308 7731   10  219
B 9318 7732   10  219
B 9328 7732   10  219
B 9338 7734   10  219
B 9348 7732 -103  219
B 9358 7734 -103  219
B 9368 7734 -103  219
*** amax = 219  vhit = 104
B 9378 7732 -107  218
B 9388 7579 -107  215
B 9398 7543 -107  213
B 9408 7566 -107  209
B 9418 7103 -107  206
B 9428 7136 -107  202
B 9438 7298 -107  194
B 9448 7508 -107  187
B 9458 7450 -107  179
B 9468 7423 -107  167
B 9478 7356 -107  153
B 9488 7330 -107  137
B 9498 7332 -107  119
B 9508 7138 -107  101
B 9518 7192 -107   82
B 9528 7161 -107   61
B 9538 7259 -107   39
B 9548 7267 -107   18
B 9558 7338 -107   -5
push -10 -10
push out at target
B 9568 7392   82  -16
B 9578 7358   82  -27
B 9588 7258   82  -41
B 9598 7283   82  -53
B 9608 7328   82  -66
B 9618 7299   82  -79
B 9628 7213   82  -93
B 9638 7149   82 -103
B 9648 7152   75 -109
B 9658 7238   40 -109
B 9668 7220   10 -109
B 9678 7291   10 -105
B 9688 6984   10  -93
B 9698 7052   10  -79
B 9708 7051   10  -67
B 9718 7493   10  -54
B 9728 7500   10  -41
B 9738 7681   10  -26
B 9748 7721   10  -13
pb end 
B 9758 7724   10    1
B 9768 7724   10   14
B 9778 7725   10   25
B 9788 7724   10   34
B 9798 7725   10   40
B 9808 7728   10   44
B 9818 7729   10   47
B 9828 7729   10   48
B 9838 7729   10   48
B 9848 7732   10   48
SSS vs= 1.04  t=  233
%P VOLT1   = 7683
%P VOLT2   = 7800
%P S2_SC   =  1.03
%P L_ANG_MAX = 233
B 9858 7732   72   48
B 9868 7732   72   48
B 9878 7732   72   48
B 9888 7671   72   48
B 9898 7593   72   48
B 9908 7552   72   48
B 9918 7504   72   47
B 9928 7194   72   47
B 9938 7177   72   47
B 9948 7240   72   47
B 9958 7201   72   49
B 9968 7214   72   56
B 9978 7208   70   63
B 9988 7165   62   71
B 9998 7182   55   78
B 10008 7112   48   86
B 10018 7227   41   95
B 10028 7248   31  103
B 10038 7281   31  112
B 10048 7478   31  121
*** adj PULL_V2->30 
*** dt = 75 , A = 130 , rpm = 298 
B 10058 7499   31  130
B 10068 7510   31  138
B 10078 7586   31  146
B 10088 7589   31  153
B 10098 7627   31  161
B 10108 7665   31  168
B 10118 7664   31  175
B 10128 7664   31  181
pull out 184
B 10138 7664 -103  187
B 10148 7664 -103  194
B 10158 7559 -103  199
B 10168 7459 -103  203
B 10178 7468 -103  207
B 10188 7509 -103  211
B 10198 7058 -103  214
B 10208 7082 -103  215
B 10218 7234 -103  216
B 10228 7340 -103  216
*** amax = 216  vhit = 108
B 10238 7253 -111  215
B 10248 7249 -111  205
B 10258 7003 -111  191
B 10268 7049 -111  176
B 10278 6930 -111  159
B 10288 6918 -111  142
B 10298 6957 -111  124
B 10308 7082 -111  105
B 10318 7302 -111   85
B 10328 7300 -111   63
B 10338 7334 -111   41
B 10348 7375 -111   18
B 10358 7384 -111   -5
push -11 -10
push out at target
B 10368 7354   82  -17
B 10378 7366   82  -29
B 10388 7314   82  -42
B 10398 7244   82  -57
B 10408 7241   82  -70
B 10418 7289   82  -86
B 10428 7225   82 -102
B 10438 7192   82 -117
B 10448 7100   82 -129
B 10458 7163   82 -134
B 10468 7194   32 -134
B 10478 7183   10 -134
B 10488 7198   10 -130
B 10498 6998   10 -117
B 10508 7058   10 -105
B 10518 7086   10  -93
B 10528 7562   10  -79
B 10538 7569   10  -66
B 10548 7679   10  -53
B 10558 7685   10  -40
pb end 
B 10568 7684   10  -27
B 10578 7685   10  -14
B 10588 7721   10   -2
B 10598 7724   10    8
B 10608 7725   10   16
B 10618 7727   10   21
B 10628 7728   10   25
B 10638 7727   10   27
B 10648 7729   10   29
B 10658 7728   10   29
SSS vs= 1.03  t=  233
%P VOLT1   = 7683
%P VOLT2   = 7797
%P S2_SC   =  1.04
%P L_ANG_MAX = 233
B 10668 7728   72   29
B 10678 7729   72   31
B 10688 7731   72   31
B 10698 7667   72   31
B 10708 7593   72   31
B 10718 7549   72   31
B 10728 7504   72   31
B 10739 7221   72   31
B 10750 7205   72   31
B 10760 7242   72   36
B 10770 7221   72   42
B 10781 7245   72   49
B 10791 7193   72   56
B 10801 7206   70   63
B 10811 7212   62   71
B 10821 7146   54   79
B 10832 7207   47   88
B 10843 7198   38   98
B 10853 7223   31  107
B 10863 7391   31  116
B 10873 7411   31  124
*** adj PULL_V2->30 
*** dt = 82 , A = 130 , rpm = 281 
B 10883 7429   31  133
B 10893 7510   31  141
B 10903 7619   31  148
B 10913 7624   31  156
B 10923 7626   31  163
B 10933 7626   31  170
B 10943 7627   31  177
B 10953 7661   31  183
pull out 189
B 10963 7626 -103  190
B 10973 7626 -103  195
B 10983 7660 -103  201
B 10993 7661 -103  207
B 11003 7584 -103  211
B 11013 7427 -103  215
B 11023 7470 -103  218
B 11033 7507 -103  221
B 11043 6947 -103  223
B 11053 7155 -103  224
B 11063 7145 -103  224
B 11073 7298 -103  224
B 11083 7271 -103  224
*** amax = 224  vhit = 104
B 11093 7226 -107  214
B 11103 7154 -107  199
B 11113 7056 -107  184
B 11123 7113 -107  167
B 11133 6921 -107  150
B 11143 6995 -107  131
B 11153 7015 -107  113
B 11163 7234 -107   92
B 11173 7302 -107   71
B 11183 7300 -107   48
B 11193 7374 -107   24
B 11203 7386 -107    0
push -10 -10
push out at target
B 11213 7394   82  -13
B 11223 7374   82  -25
B 11233 7324   82  -38
B 11243 7252   82  -53
B 11253 7311   82  -67
B 11263 7287   82  -82
B 11273 7329   82  -97
B 11283 7090   82 -113
B 11293 7138   82 -126
B 11303 7070   82 -130
B 11313 7199   23 -131
B 11323 7181    0 -131
B 11333 7342   10 -129
B 11343 7006   10 -117
B 11353 7027   10 -103
B 11363 7052   10  -93
B 11373 7597   10  -80
B 11383 7674   10  -66
B 11393 7677   10  -54
B 11403 7681   10  -41
B 11413 7682   10  -29
pb end 
B 11423 7684   10  -17
B 11433 7723   10   -5
B 11443 7723   10    5
B 11453 7725   10   12
B 11463 7725   10   18
B 11473 7725   10   22
B 11483 7727   10   25
B 11493 7727   10   26
B 11503 7728   10   27
B 11513 7727   10   27
SSS vs= 1.04  t=  233
%P VOLT1   = 7683
%P VOLT2   = 7797
%P S2_SC   =  1.04
%P L_ANG_MAX = 233
B 11523 7728   72   29
B 11533 7729   72   29
B 11543 7689   72   29
B 11553 7605   72   29
B 11563 7556   72   29
B 11573 7511   72   29
B 11583 7197   72   29
B 11593 7255   72   29
B 11603 7248   72   33
B 11613 7219   72   38
B 11623 7235   72   44
B 11633 7253   72   51
B 11643 7201   72   58
B 11653 7178   68   66
B 11663 7180   60   73
B 11673 7154   52   82
B 11683 7157   45   90
B 11693 7188   35   99
B 11703 7242   31  108
B 11713 7364   31  117
B 11723 7386   31  127
*** dt = 67 , A = 131 , rpm = 315 
B 11733 7469   31  135
B 11743 7616   31  143
B 11753 7618   31  151
B 11763 7624   31  159
B 11773 7624   31  167
B 11783 7626   31  173
B 11793 7661   31  179
pull out 181
B 11803 7627 -103  186
B 11813 7548 -103  192
B 11823 7459 -103  198
B 11833 7464 -103  201
B 11843 7502 -103  206
B 11853 6943 -103  210
B 11863 7149 -103  211
B 11873 7135 -103  213
B 11883 7327 -103  213
*** amax = 213  vhit = 110
B 11893 7270 -113  212
B 11903 7229 -113  205
B 11913 7119 -113  191
B 11923 6979 -113  175
B 11933 7033 -113  160
B 11943 6871 -113  143
B 11953 6952 -113  125
B 11963 6970 -113  107
B 11973 7228 -113   87
B 11983 7333 -113   65
B 11993 7330 -113   44
B 12003 7334 -113   21
B 12013 7344 -113   -3
push -10 -10
push out at target
B 12023 7354   82  -15
B 12033 7371   82  -28
B 12043 7324   82  -43
B 12053 7246   82  -57
B 12063 7268   82  -71
B 12073 7240   82  -86
B 12083 7285   82 -102
B 12093 7087   82 -118
B 12103 7151   82 -131
B 12113 7068   82 -137
B 12123 7202   40 -138
B 12133 7144    0 -138
B 12143 7273   10 -134
B 12153 6963   10 -122
B 12163 7004   10 -109
B 12173 7041   10  -97
B 12183 7450   10  -83
B 12193 7634   10  -70
B 12203 7640   10  -57
B 12213 7679   10  -43
B 12223 7678   10  -29
pb end 
B 12233 7682   10  -17
B 12243 7682   10   -4
B 12253 7687   10    7
B 12263 7688   10   15
B 12273 7724   10   20
B 12283 7725   10   25
B 12293 7727   10   27
B 12303 7727   10   29
B 12313 7724   10   29
B 12323 7727   10   30
SSS vs= 1.04  t=  233
%P VOLT1   = 7683
%P VOLT2   = 7793
%P S2_SC   =  1.04
%P L_ANG_MAX = 233
B 12333 7727   72   31
B 12343 7728   72   31
B 12353 7676   72   31
B 12363 7595   72   31
B 12373 7549   72   31
B 12383 7500   72   31
B 12393 7198   72   31
B 12403 7258   72   31
B 12413 7256   72   36
B 12423 7231   72   42
B 12433 7242   72   48
B 12443 7260   72   54
B 12453 7205   72   61
B 12463 7143   64   69
B 12473 7144   57   77
B 12483 7160   50   84
B 12493 7167   41   93
B 12503 7199   33  102
B 12513 7256   31  111
B 12523 7405   31  119
B 12533 7424   31  128
*** adj PULL_V2->30 
*** dt = 82 , A = 130 , rpm = 281 
B 12543 7469   31  136
B 12553 7616   31  144
B 12563 7620   31  151
B 12573 7623   31  159
B 12583 7626   31  167
B 12593 7626   31  173
B 12603 7661   31  179
B 12613 7659   31  186
pull out 188
B 12623 7659   10  191
B 12633 7659   10  198
B 12643 7670   10  203
B 12653 7681   10  209
B 12663 7650   10  213
B 12673 7723   10  215
B 12683 7727   10  219
B 12693 7727   10  221
B 12703 7727 -104  223
B 12713 7654 -104  225
B 12723 7535 -104  225
B 12733 7531 -104  226
B 12743 7560 -104  226
B 12753 7104 -104  226
B 12763 7341 -104  226
*** amax = 226  vhit = 103
B 12773 7330 -107  225
B 12783 7329 -107  223
B 12793 7335 -107  212
B 12803 7287 -107  199
B 12813 7225 -107  183
B 12823 7022 -107  165
B 12833 7078 -107  148
B 12843 7022 -107  129
B 12853 7165 -107  110
B 12863 7185 -107   90
B 12873 7255 -107   68
B 12883 7392 -107   46
B 12893 7388 -107   23
B 12903 7388 -107   -1
push -11 -10
push out at target
B 12913 7389   83  -15
B 12923 7371   83  -26
B 12933 7270   83  -39
B 12943 7303   83  -53
B 12953 7342   83  -65
B 12963 7316   83  -79
B 12973 7169   83  -93
B 12983 7136   83 -105
B 12993 7177   83 -113
B 13003 7222   58 -114
B 13013 7194    0 -114
B 13023 7190   10 -114
B 13033 6859   10 -101
B 13043 6969   10  -88
B 13053 7025   10  -75
B 13063 7334   10  -62
B 13073 7350   10  -49
B 13083 7674   10  -34
B 13093 7679   10  -20
B 13103 7681   10   -6
B 13113 7682   10    7
pb end 
B 13123 7718   10   19
B 13133 7721   10   29
B 13143 7723   10   37
B 13153 7723   10   41
B 13163 7724   10   45
B 13173 7724   10   47
B 13183 7727   10   47
B 13193 7725   10   47
B 13203 7725   10   47
B 13213 7728   10   47
SSS vs= 1.04  t=  233
%P VOLT1   = 7683
%P VOLT2   = 7793
%P S2_SC   =  1.04
%P L_ANG_MAX = 233
B 13223 7727   72   47
B 13233 7762   72   47
B 13243 7727   72   47
B 13253 7667   72   47
B 13263 7570   72   47
B 13273 7515   72   46
B 13283 7487   72   46
B 13293 7262   72   46
B 13303 7181   72   46
B 13313 7177   72   46
B 13323 7222   72   47
B 13333 7175   72   53
B 13343 7199   72   59
B 13353 7213   67   66
B 13363 7146   60   73
B 13373 7143   52   81
B 13383 7166   45   89
B 13393 7218   37   97
B 13403 7249   31  106
B 13413 7270   31  114
B 13423 7377   31  123
*** adj PULL_V2->30 
*** dt = 83 , A = 129 , rpm = 281 
B 13433 7391   31  131
B 13443 7507   31  139
B 13453 7616   31  147
B 13463 7622   31  155
B 13473 7622   31  162
B 13483 7659   31  168
B 13493 7661   31  175
B 13503 7623   31  181
B 13513 7659   31  187
pull out 188
B 13523 7659 -103  194
B 13533 7623 -103  199
B 13543 7507 -103  204
B 13553 7434 -103  207
B 13563 7482 -103  211
B 13573 6954 -103  215
B 13583 6991 -103  217
B 13593 7155 -103  218
B 13603 7368 -103  218
B 13613 7272 -103  218
*** amax = 218  vhit = 107
B 13623 7268 -110  217
B 13633 7170 -110  205
B 13643 7180 -110  191
B 13653 7041 -110  175
B 13663 6851 -110  159
B 13673 6897 -110  141
B 13683 6966 -110  124
B 13693 7232 -110  105
B 13703 7235 -110   85
B 13713 7339 -110   63
B 13723 7372 -110   41
B 13733 7375 -110   18
B 13743 7350 -110   -5
push -10 -10
push out at target
B 13753 7354   82  -16
B 13763 7334   82  -27
B 13773 7319   82  -41
B 13783 7262   82  -56
B 13793 7290   82  -69
B 13803 7261   82  -84
B 13813 7049   82  -99
B 13823 7053   82 -113
B 13833 7157   82 -125
B 13843 7254   82 -130
B 13853 7218   32 -130
B 13863 7205   10 -130
B 13873 6828   10 -126
B 13883 6905   10 -113
B 13893 6961   10 -101
B 13903 7018   10  -89
B 13913 7049   10  -75
B 13923 7487   10  -62
B 13933 7671   10  -49
B 13943 7677   10  -35
pb end 
B 13953 7677   10  -21
B 13963 7682   10   -9
B 13973 7681   10    3
B 13983 7684   10   14
B 13993 7685   10   22
B 14003 7687   10   27
B 14013 7687   10   31
B 14023 7724   10   33
B 14033 7723   10   34
B 14043 7724   10   34
B 14053 7727   10   34
SSS vs= 1.04  t=  233
%P VOLT1   = 7683
%P VOLT2   = 7790
%P S2_SC   =  1.04
%P L_ANG_MAX = 233
B 14063 7725   72   35
B 14073 7727   72   35
B 14083 7661   72   35
B 14093 7598   72   35
B 14103 7560   72   35
B 14113 7237   72   35
B 14123 7214   72   35
B 14133 7274   72   35
B 14143 7270   72   38
B 14153 7277   72   44
B 14163 7257   72   51
B 14173 7205   72   57
B 14183 7223   69   64
B 14193 7197   62   72
B 14203 7166   54   79
B 14213 7178   47   87
B 14223 7191   39   95
B 14233 7270   31  104
B 14243 7294   31  113
B 14253 7387   31  121
B 14263 7538   31  129
*** adj PULL_V2->30 
*** dt = 91 , A = 129 , rpm = 264 
B 14273 7544   31  136
B 14283 7619   31  143
B 14293 7622   31  150
B 14303 7624   31  157
B 14313 7624   31  163
B 14323 7624   31  169
B 14333 7626   31  175
B 14343 7622   31  181
B 14353 7623   31  186
pull out 187
B 14363 7623 -103  191
B 14373 7623 -103  197
B 14383 7622 -103  202
B 14393 7462 -103  205
B 14403 7468 -103  207
B 14413 7460 -103  210
B 14423 7493 -103  212
B 14433 7035 -103  213
B 14443 7339 -103  213
B 14453 7307 -103  213
B 14463 7323 -103  213
*** amax = 213  vhit = 110
B 14473 7325 -113  209
B 14483 7301 -113  195
B 14493 7175 -113  181
B 14503 6900 -113  165
B 14513 6948 -113  149
B 14523 6921 -113  131
B 14533 7128 -113  112
B 14543 7141 -113   95
B 14553 7250 -113   75
B 14563 7351 -113   53
B 14573 7350 -113   31
B 14583 7350 -113    8
B 14593 7354 -113  -10
push -10 -10
push out at target
B 14603 7350   82  -21
B 14613 7312   82  -32
B 14623 7287   82  -46
B 14633 7283   82  -60
B 14643 7316   82  -73
B 14653 7000   82  -87
B 14663 7028   82 -102
B 14673 7107   82 -116
B 14684 7233   82 -125
B 14694 7183   59 -127
B 14704 7245    6 -127
B 14714 7152   10 -127
B 14724 7245   10 -118
B 14734 7073   10 -107
B 14744 7517   10  -98
B 14754 7527   10  -86
B 14764 7674   10  -75
B 14774 7677   10  -65
B 14784 7679   10  -54
B 14794 7682   10  -45
pb end 
B 14804 7682   10  -34
B 14814 7684   10  -26
B 14824 7685   10  -18
B 14834 7721   10  -11
B 14844 7724   10   -5
B 14854 7723   10    0
B 14864 7723   10    5
B 14874 7724   10    8
B 14884 7725   10   11
B 14894 7724   10   13
SSS vs= 1.04  t=  238
%P VOLT1   = 7683
%P VOLT2   = 7793
%P S2_SC   =  1.04
%P L_ANG_MAX = 238
B 14904 7725   72   15
B 14914 7725   72   17
B 14924 7720   72   18
B 14934 7639   72   18
B 14944 7602   72   18
B 14954 7573   72   18
B 14964 7531   72   18
B 14974 7228   72   19
B 14984 7358   72   23
B 14994 7359   72   26
B 15005 7337   72   31
B 15015 7278   72   38
B 15026 7297   72   45
B 15036 7313   72   52
B 15046 7181   72   59
B 15056 7186   67   66
B 15066 7151   61   73
B 15076 7194   55   81
B 15086 7198   49   89
B 15097 7217   41   97
B 15108 7341   33  107
B 15118 7358   31  115
B 15128 7380   31  123
B 15138 7431   31  131
*** adj PULL_V2->30 
*** dt = 93 , A = 132 , rpm = 264 
B 15148 7545   31  139
B 15158 7550   31  146
B 15168 7623   31  153
B 15178 7623   31  160
B 15188 7624   31  167
B 15198 7624   31  173
B 15208 7624   31  179
B 15218 7624   31  185
B 15228 7624   31  190
pull out 193
B 15238 7623 -103  195
B 15248 7620 -103  201
B 15258 7476 -103  205
B 15268 7489 -103  207
B 15278 7509 -103  210
B 15288 7151 -103  213
B 15298 7108 -103  214
B 15308 7126 -103  214
B 15318 7353 -103  214
B 15328 7343 -103  214
*** amax = 214  vhit = 112
B 15338 7287 -115  210
B 15348 7285 -115  198
B 15358 7170 -115  183
B 15368 7205 -115  169
B 15378 6921 -115  153
B 15388 6951 -115  135
B 15398 6971 -115  119
B 15408 7200 -115  100
B 15418 7315 -115   81
B 15428 7314 -115   60
B 15438 7386 -115   39
B 15448 7387 -115   16
B 15458 7390 -115   -5
push -11 -10
push out at target
B 15468 7393   82  -16
B 15478 7377   82  -27
B 15488 7344   82  -41
B 15498 7346   82  -55
B 15508 7285   82  -71
B 15518 7299   82  -84
B 15528 7147   82 -101
B 15538 7031   82 -117
B 15548 7044   82 -134
B 15558 7242   82 -147
B 15568 7367   82 -155
B 15578 7385   57 -157
B 15588 7407    6 -157
B 15598 7068   10 -157
B 15608 7094   10 -149
B 15618 7069   10 -139
B 15628 7641   10 -133
B 15638 7644   10 -123
B 15648 7684   10 -114
B 15658 7684   10 -106
B 15668 7685   10 -100
B 15678 7687   10  -94
B 15688 7689   10  -89
pb end 
B 15698 7688   10  -85
B 15708 7688   10  -80
B 15718 7689   10  -76
B 15728 7689   10  -73
B 15738 7689   10  -69
B 15748 7727   10  -66
B 15758 7727   10  -62
B 15768 7727   10  -59
B 15778 7727   10  -57
SSS vs= 1.04  t=  243
%P VOLT1   = 7683
%P VOLT2   = 7793
%P S2_SC   =  1.04
%P L_ANG_MAX = 243
B 15788 7727   72  -53
B 15798 7728   72  -51
B 15808 7709   72  -51
B 15818 7650   72  -51
B 15828 7640   72  -49
B 15838 7390   72  -49
B 15848 7380   72  -49
B 15858 7323   72  -49
B 15868 7456   72  -47
B 15878 7462   72  -45
B 15888 7508   72  -44
B 15898 7519   72  -44
B 15908 7529   72  -44
B 15918 7430   72  -44
B 15928 7151   72  -44
B 15938 7159   72  -44
B 15948 7197   72  -44
B 15958 7165   72  -44
B 15968 7167   72  -44
B 15978 7205   72  -44
B 15988 7206   72  -44
B 15998 7208   72  -44
B 16008 7175   72  -44
B 16018 7174   72  -44
B 16028 7175   72  -44
B 16038 7143   72  -44
B 16048 7179   72  -44
B 16058 7179   72  -44
B 16068 7146   72  -44
B 16078 7181   72  -44
B 16088 7182   72  -44
B 16098 7184   72  -44
B 16108 7150   72  -44
B 16118 7150   72  -44
B 16128 7185   72  -44
B 16139 7187   72  -44
B 16149 7187   72  -44
B 16159 7189   72  -44
B 16169 7185   72  -44
B 16179 7185   72  -44
B 16189 7184   72  -44
B 16199 7220   72  -44
B 16209 7222   72  -44
B 16219 7152   72  -44
B 16229 7191   72  -44
B 16240 7191   72  -44
B 16250 7193   72  -44
B 16260 7155   72  -44
B 16270 7158   72  -44
B 16280 7193   72  -44
pull bail out
push -44 -10
push out at target
B 16290 7193   82  -44
B 16300 7192   82  -44
B 16310 7191   82  -44
B 16320 7191   82  -44
B 16330 7189   82  -44
B 16340 7189   82  -44
B 16350 7086   82  -44
B 16360 7084   82  -44
B 16370 7052   10  -44
B 16380 7087   10  -44
B 16390 7089   10  -44
B 16400 7089   10  -44
B 16410 7108   10  -43
B 16420 7115   10  -43
B 16430 7121   10  -43
B 16440 7620   10  -44
B 16450 7619   10  -44
B 16460 7655   10  -44
pb end 
B 16470 7657   10  -44
B 16480 7657   10  -44
B 16490 7657   10  -44
B 16500 7692   10  -44
B 16510 7693   10  -44
B 16520 7693   10  -44
B 16530 7693   10  -44
B 16540 7692   10  -44
B 16550 7693   10  -44
B 16560 7692   10  -43
SSS vs= 1.04  t=  248
%P VOLT1   = 7623
%P VOLT2   = 7797
%P S2_SC   =  1.04
%P L_ANG_MAX = 248
B 16570 7695   72  -43
B 16580 7688   72  -43
B 16590 7645   72  -41
B 16601 7635   72  -37
B 16611 7635   72  -35
B 16621 7283   72  -32
B 16631 7288   72  -27
B 16641 7431   72  -21
B 16651 7429   72  -13
B 16661 7429   72   -5
B 16671 7323   72    4
B 16681 7218   72   13
B 16691 7219   72   21
B 16701 7256   72   30
B 16711 7364   72   38
B 16721 7363   72   46
B 16731 7401   72   54
B 16741 7400   72   62
B 16751 7400   67   69
B 16761 7364   60   77
B 16772 7332   56   85
B 16783 7334   49   93
B 16793 7336   44  101
B 16803 7409   39  108
B 16814 7378   34  115
B 16824 7382   31  123
B 16834 7493   31  129
B 16844 7496   31  135
*** adj PULL_V2->30 
*** dt = 120 , A = 137 , rpm = 198 
B 16854 7498   31  141
B 16864 7570   31  147
B 16874 7606   31  153
B 16884 7605   31  158
B 16894 7641   31  163
B 16904 7641   31  167
B 16914 7641   31  172
B 16924 7640   31  176
B 16934 7638   31  180
B 16944 7640   31  183
B 16954 7638   31  187
B 16964 7638   31  190
pull out 191
B 16974 7638 -104  193
B 16984 7637 -104  195
B 16994 7630 -104  197
B 17004 7592 -104  199
B 17014 7590 -104  199
B 17024 7592 -104  199
B 17034 7598 -104  199
B 17044 7212 -104  199
B 17054 7359 -104  199
*** amax = 199  vhit = 124
B 17064 7361 -128  198
B 17074 7540 -128  198
B 17084 7578 -128  193
B 17094 7581 -128  183
B 17104 7473 -128  172
B 17114 7297 -128  160
B 17124 7298 -128  147
B 17134 7049 -128  132
B 17144 7087 -128  118
B 17154 7087 -128  102
B 17164 7263 -128   85
B 17174 7334 -128   67
B 17184 7333 -128   49
B 17194 7404 -128   28
B 17204 7404 -128    8
B 17214 7405 -128   -9
push -11 -10
push out at target
B 17224 7368   83  -17
B 17234 7401   83  -27
B 17244 7395   83  -38
B 17254 7417   83  -51
B 17264 7386   83  -62
B 17274 7394   83  -74
B 17284 7256   83  -89
B 17294 7187   83 -101
B 17304 7192   83 -113
B 17314 7443   83 -123
B 17325 7514   75 -129
B 17335 7513   36 -129
B 17345 7340   10 -129
B 17355 7128   10 -129
B 17365 7147   10 -124
B 17375 7118   10 -114
B 17385 7194   10 -105
B 17395 7196   10  -98
B 17405 7657   10  -89
B 17415 7657   10  -79
B 17425 7657   10  -70
pb end 
B 17435 7693   10  -61
B 17445 7693   10  -53
B 17455 7693   10  -44
B 17465 7695   10  -35
B 17475 7693   10  -27
B 17485 7695   10  -21
B 17495 7696   10  -14
B 17505 7696   10   -9
B 17515 7695   10   -4
B 17525 7695   10    1
SSS vs= 1.04  t=  253
%P VOLT1   = 7623
%P VOLT2   = 7804
%P S2_SC   =  1.04
%P L_ANG_MAX = 253
B 17536 7695   72    4
B 17548 7696   72    7
B 17558 7698   72    9
B 17568 7732   72   11
B 17578 7700   72   11
B 17588 7687   72   11
B 17598 7683   72   14
B 17608 7361   72   14
B 17618 7357   72   14
B 17629 7452   72   14
B 17639 7522   72   15
B 17649 7524   72   19
B 17659 7565   72   24
B 17669 7465   72   30
B 17679 7470   72   35
B 17689 7404   72   41
B 17699 7261   72   47
B 17709 7263   72   52
B 17719 7230   72   57
B 17729 7302   71   62
B 17739 7304   68   67
B 17749 7304   65   71
B 17759 7341   61   77
B 17769 7346   58   82
B 17779 7308   56   86
B 17789 7311   52   91
B 17799 7311   50   96
B 17809 7346   46  101
B 17819 7381   43  106
B 17829 7382   39  111
B 17839 7456   36  116
B 17849 7491   33  121
B 17859 7494   31  126
B 17869 7532   31  131
B 17879 7570   31  135
*** adj PULL_V2->30 
*** dt = 120 , A = 137 , rpm = 149 
B 17889 7572   31  139
B 17899 7572   31  143
B 17909 7607   31  146
B 17919 7607   31  149
B 17929 7643   31  152
B 17939 7643   31  155
B 17949 7644   31  157
B 17959 7643   31  160
B 17969 7644   31  162
B 17979 7644   31  163
B 17989 7646   31  165
B 17999 7647   31  167
pull out 168
B 18009 7641 -103  169
B 18019 7606 -103  170
B 18029 7569 -103  171
B 18039 7565 -103  171
B 18049 7604 -103  171
B 18059 7110 -103  171
B 18069 7113 -103  171
B 18079 7296 -103  171
B 18089 7509 -103  171
B 18099 7511 -103  171
*** amax = 171  vhit = 127
B 18109 7548 -132  165
B 18119 7550 -132  156
B 18129 7551 -132  146
B 18139 7409 -132  135
B 18149 7090 -132  121
B 18159 7090 -132  109
B 18169 7056 -132   95
B 18179 7198 -132   79
B 18189 7198 -132   63
B 18199 7301 -132   46
B 18209 7374 -132   27
B 18219 7375 -132    9
B 18229 7374 -132   -7
push -10 -10
push out at target
B 18239 7374   83  -16
B 18249 7370   83  -25
B 18259 7356   83  -35
B 18269 7392   83  -47
B 18279 7398   83  -55
B 18289 7297   83  -67
B 18299 7229   83  -78
B 18309 7232   83  -89
B 18319 7378   83  -99
B 18329 7518   75 -105
B 18339 7517   41 -107
B 18350 7555    6 -107
B 18360 7168   10 -107
B 18370 7182   10 -105
B 18381 7158   10  -94
B 18391 7196   10  -85
B 18401 7197   10  -77
B 18411 7587   10  -67
B 18421 7658   10  -57
B 18431 7660   10  -47
B 18441 7660   10  -37
pb end 
B 18451 7695   10  -27
B 18461 7696   10  -17
B 18471 7698   10   -8
B 18481 7696   10    1
B 18491 7696   10    8
B 18501 7696   10   14
B 18511 7698   10   19
B 18521 7696   10   23
B 18531 7696   10   25
B 18541 7698   10   26
SSS vs= 1.04  t=  258
%P VOLT1   = 7623
%P VOLT2   = 7807
%P S2_SC   =  1.04
%P L_ANG_MAX = 258
B 18551 7698   72   27
B 18561 7688   72   27
B 18571 7660   72   28
B 18583 7682   72   28
B 18593 7676   72   28
B 18603 7360   72   28
B 18613 7468   72   28
B 18623 7472   72   28
B 18633 7547   72   28
B 18643 7550   72   28
B 18653 7551   72   28
B 18663 7443   72   33
B 18673 7365   72   38
B 18684 7367   72   45
B 18694 7229   72   51
B 18704 7230   72   56
B 18715 7234   72   62
B 18725 7234   68   67
B 18735 7307   65   72
B 18746 7308   62   77
B 18756 7347   59   83
B 18767 7348   56   88
B 18778 7385   52   94
B 18788 7388   50   98
B 18798 7352   47  103
B 18809 7423   44  108
B 18819 7425   41  113
B 18829 7430   38  117
B 18839 7463   35  122
B 18849 7464   32  127
B 18859 7537   31  131
B 18869 7570   31  135
B 18879 7573   31  139
*** adj PULL_V2->30 
*** dt = 120 , A = 141 , rpm = 132 
B 18889 7573   31  143
B 18899 7609   31  147
B 18909 7610   31  151
B 18919 7646   31  154
B 18929 7646   31  157
B 18939 7646   31  160
B 18949 7647   31  163
B 18959 7643   31  165
B 18969 7646   31  167
B 18979 7644   31  169
B 18989 7644   31  170
B 18999 7646   31  171
pull out 172
B 19009 7644 -103  173
B 19019 7607 -103  174
B 19029 7600 -103  175
B 19039 7608 -103  175
B 19049 7606 -103  175
B 19059 7609 -103  175
B 19069 7612 -103  175
B 19079 7296 -103  175
B 19089 7297 -103  175
B 19099 7442 -103  175
*** amax = 175  vhit = 127
B 19109 7554 -132  172
B 19119 7552 -132  165
B 19129 7589 -132  156
B 19139 7447 -132  145
B 19149 7447 -132  133
B 19159 7270 -132  119
B 19169 7062 -132  107
B 19179 7059 -132   91
B 19189 7131 -132   76
B 19199 7310 -132   59
B 19209 7310 -132   42
B 19219 7382 -132   24
B 19229 7382 -132    5
B 19239 7381 -132   -9
push -10 -10
push out at target
B 19249 7382   83  -17
B 19259 7378   83  -27
B 19269 7359   83  -37
B 19279 7398   83  -49
B 19289 7297   83  -59
B 19299 7298   83  -69
B 19309 7094   83  -81
B 19319 7381   83  -91
B 19329 7384   75 -101
B 19339 7490   75 -106
B 19349 7527   32 -107
B 19359 7535    0 -107
B 19369 7399   10 -107
B 19379 7122   10 -105
B 19389 7129   10  -97
B 19399 7483   10  -92
B 19409 7660   10  -84
B 19419 7661   10  -77
B 19429 7661   10  -69
B 19439 7696   10  -61
B 19449 7696   10  -54
pb end 
B 19459 7698   10  -47
B 19469 7696   10  -41
B 19479 7699   10  -33
B 19489 7698   10  -26
B 19499 7698   10  -20
B 19509 7696   10  -13
B 19519 7698   10   -7
B 19529 7698   10   -2
B 19539 7698   10    2
B 19549 7698   10    6
SSS vs= 1.04  t=  263
%P VOLT1   = 7623
%P VOLT2   = 7814
%P S2_SC   =  1.04
%P L_ANG_MAX = 263
B 19559 7699   72    9
B 19569 7696   72   11
B 19579 7698   72   12
B 19589 7715   72   12
B 19599 7696   72   12
B 19609 7690   72   12
B 19619 7689   72   14
B 19629 7686   72   14
B 19639 7404   72   14
B 19649 7509   72   14
B 19659 7506   72   14
B 19669 7574   72   16
B 19679 7537   72   21
B 19689 7545   72   27
B 19699 7373   72   33
B 19709 7302   72   39
B 19720 7305   72   44
B 19730 7271   72   49
B 19740 7273   72   54
B 19750 7273   72   59
B 19760 7346   71   63
B 19770 7348   68   69
B 19780 7348   65   73
B 19790 7347   62   79
B 19800 7277   60   83
B 19810 7280   57   87
B 19820 7316   55   92
B 19830 7315   52   97
B 19840 7314   49  101
B 19850 7385   47  107
B 19860 7457   44  111
B 19870 7457   42  116
B 19880 7460   39  121
B 19890 7497   36  126
B 19900 7500   33  130
B 19910 7538   31  135
B 19920 7539   31  139
B 19930 7541   31  143
*** adj PULL_V2->30 
*** dt = 120 , A = 146 , rpm = 132 
B 19940 7576   31  147
B 19950 7613   31  151
B 19960 7614   31  154
B 19970 7646   31  157
B 19980 7648   31  159
B 19990 7648   31  162
B 20000 7647   31  164
B 20010 7647   31  167
B 20020 7646   31  168
B 20030 7646   31  170
B 20040 7646   31  171
B 20050 7646   31  173
pull out 174
B 20060 7646 -103  174
B 20070 7644 -103  175
B 20080 7643 -103  175
B 20090 7643 -103  176
B 20100 7615 -103  177
*** amax = 177  vhit = 127
B 20110 7609 -131  176
B 20120 7613 -131  176
B 20130 7155 -131  176
B 20140 7158 -131  176
B 20150 7409 -131  176
B 20160 7480 -131  176
B 20170 7483 -131  171
B 20180 7591 -131  164
B 20190 7592 -131  155
B 20200 7593 -131  143
B 20210 7344 -131  131
B 20220 7166 -131  119
B 20230 7169 -131  105
B 20240 7098 -131   91
B 20250 7203 -131   75
B 20260 7205 -131   59
B 20270 7382 -131   41
B 20280 7419 -131   23
B 20290 7419 -131    4
B 20300 7384 -131   -9
push -10 -10
push out at target
B 20310 7385   83  -17
B 20320 7387   83  -26
B 20330 7365   83  -37
B 20340 7367   83  -48
B 20350 7377   83  -58
B 20360 7310   83  -69
B 20370 7240   83  -77
B 20380 7244   83  -87
B 20390 7460   75  -97
B 20400 7535   75 -102
B 20410 7535   32 -104
B 20421 7429    6 -104
B 20431 7216   10 -104
B 20441 7226   10 -103
B 20451 7161   10  -94
B 20461 7197   10  -88
B 20471 7200   10  -80
B 20481 7662   10  -71
B 20491 7662   10  -63
B 20501 7664   10  -55
B 20511 7699   10  -48
pb end 
B 20521 7698   10  -41
B 20531 7699   10  -33
B 20541 7698   10  -26
B 20551 7698   10  -19
B 20561 7699   10  -12
B 20571 7734   10   -5
B 20581 7698   10    1
B 20591 7699   10    7
B 20601 7701   10   11
B 20611 7698   10   15
SSS vs= 1.04  t=  268
%P VOLT1   = 7623
%P VOLT2   = 7811
%P S2_SC   =  1.04
%P L_ANG_MAX = 268
B 20621 7699   72   18
B 20631 7692   72   19
B 20641 7668   72   20
B 20651 7660   72   20
B 20661 7695   72   20
B 20671 7375   72   21
B 20681 7375   72   21
B 20691 7517   72   21
B 20701 7547   72   21
B 20711 7547   72   21
B 20721 7582   72   22
B 20731 7550   72   27
B 20743 7340   72   34
B 20753 7346   72   40
B 20763 7239   72   47
B 20773 7240   72   52
B 20783 7242   72   57
B 20794 7243   71   62
B 20804 7350   69   67
B 20814 7350   66   72
B 20824 7350   64   77
B 20834 7315   61   83
B 20844 7318   58   87
B 20854 7316   56   92
B 20865 7355   54   96
B 20875 7357   51  101
B 20886 7357   48  106
B 20896 7429   46  111
B 20906 7430   44  115
B 20916 7466   41  119
B 20927 7501   39  124
B 20938 7500   36  129
B 20948 7500   34  134
B 20958 7537   31  139
B 20968 7539   31  143
B 20978 7539   31  147
*** adj PULL_V2->30 
*** dt = 120 , A = 151 , rpm = 132 
B 20988 7578   31  151
B 20998 7614   31  155
B 21008 7613   31  158
B 21018 7648   31  161
B 21028 7648   31  164
B 21038 7648   31  167
B 21048 7647   31  168
B 21058 7647   31  170
B 21068 7650   31  172
B 21078 7650   31  173
B 21088 7650   31  174
B 21098 7648   31  175
pull out 175
B 21108 7614 -103  175
B 21118 7647 -103  177
B 21128 7648 -103  177
B 21138 7596 -103  177
B 21148 7616 -103  178
*** amax = 178  vhit = 127
B 21158 7616 -131  177
B 21168 7583 -131  177
B 21178 7230 -131  177
B 21188 7233 -131  177
B 21198 7446 -131  177
B 21208 7520 -131  176
B 21218 7523 -131  170
B 21228 7593 -131  162
B 21238 7558 -131  152
B 21248 7561 -131  140
B 21258 7240 -131  128
B 21268 7098 -131  115
B 21278 7100 -131  101
B 21288 7135 -131   86
B 21298 7243 -131   70
B 21308 7243 -131   53
B 21318 7385 -131   36
B 21328 7422 -131   17
B 21338 7425 -131   -1
push -10 -10
push out at target
B 21348 7384   83  -11
B 21358 7387   83  -19
B 21368 7384   83  -29
B 21378 7404   83  -39
B 21388 7338   83  -49
B 21398 7343   83  -60
B 21408 7134   83  -69
B 21418 7315   83  -78
B 21428 7316   67  -88
B 21438 7531   75  -95
B 21448 7569   49  -99
B 21458 7569   23 -100
B 21468 7325    0 -100
B 21478 7258   10 -100
B 21488 7267   10  -98
B 21498 7481   10  -90
B 21508 7450   10  -86
B 21518 7450   10  -78
B 21528 7699   10  -71
B 21538 7662   10  -65
B 21548 7664   10  -58
B 21558 7699   10  -53
B 21568 7699   10  -46
pb end 
B 21578 7699   10  -41
B 21588 7701   10  -35
B 21598 7735   10  -30
B 21608 7735   10  -25
B 21618 7699   10  -19
B 21628 7699   10  -14
B 21638 7699   10   -9
B 21648 7699   10   -4
B 21658 7698   10    1
SSS vs= 1.04  t=  273
%P VOLT1   = 7623
%P VOLT2   = 7818
%P S2_SC   =  1.04
%P L_ANG_MAX = 273
B 21668 7699   72    5
B 21678 7734   72    7
B 21688 7699   72   10
B 21698 7677   72   11
B 21708 7660   72   13
B 21718 7659   72   13
B 21728 7659   72   13
B 21738 7411   72   13
B 21748 7484   72   14
B 21758 7483   72   14
B 21768 7588   72   14
B 21778 7583   72   15
B 21788 7582   72   19
B 21798 7479   72   25
B 21808 7375   72   31
B 21818 7379   72   37
B 21828 7274   72   43
B 21838 7240   72   48
B 21848 7240   72   53
B 21858 7278   72   58
B 21868 7315   72   63
B 21878 7314   69   67
B 21888 7351   67   72
B 21899 7314   64   77
B 21909 7316   62   82
B 21919 7318   60   86
B 21929 7355   57   91
B 21939 7358   55   95
B 21949 7357   53   99
B 21959 7392   51  104
B 21969 7393   49  108
B 21979 7428   46  113
B 21989 7463   44  118
B 21999 7464   42  123
B 22009 7498   39  127
B 22020 7501   37  132
B 22030 7502   35  136
B 22040 7538   32  141
B 22050 7539   31  145
B 22060 7543   31  149
B 22070 7580   31  153
*** adj PULL_V2->30 
*** dt = 120 , A = 155 , rpm = 132 
B 22080 7611   31  156
B 22090 7616   31  159
B 22100 7650   31  163
B 22110 7650   31  165
B 22120 7650   31  167
B 22130 7650   31  169
B 22140 7651   31  171
B 22150 7651   31  172
B 22160 7650   31  174
B 22170 7650   31  175
B 22180 7648   31  175
B 22190 7614   31  176
pull out 177
B 22200 7648 -103  177
B 22210 7647 -103  178
B 22220 7648 -103  178
B 22230 7648 -103  178
B 22240 7623 -103  178
B 22250 7581 -103  178
B 22260 7582 -103  178
B 22270 7585 -103  178
B 22280 7269 -103  178
B 22290 7377 -103  178
*** amax = 178  vhit = 127
B 22300 7379 -131  177
B 22310 7558 -131  171
B 22320 7593 -131  165
B 22330 7593 -131  155
B 22340 7558 -131  145
B 22350 7419 -131  133
B 22360 7418 -131  120
B 22370 7100 -131  106
B 22380 7100 -131   92
B 22390 7101 -131   77
B 22400 7280 -131   60
B 22410 7351 -131   43
B 22420 7350 -131   25
B 22430 7422 -131    7
B 22440 7387 -131   -8
push -10 -10
push out at target
B 22450 7388   83  -16
B 22460 7388   83  -25
B 22470 7373   83  -35
B 22480 7373   83  -45
B 22490 7340   83  -53
B 22500 7239   83  -64
B 22510 7244   83  -74
B 22520 7354   83  -85
B 22530 7461   83  -93
B 22541 7463   58 -101
B 22551 7570   51 -102
B 22561 7504    0 -102
B 22571 7505   10 -102
B 22581 7122   10 -102
B 22591 7093   10  -97
B 22601 7095   10  -92
B 22611 7415   10  -85
B 22621 7664   10  -78
B 22631 7664   10  -71
B 22641 7664   10  -65
B 22651 7699   10  -59
pb end 
B 22661 7701   10  -54
B 22671 7701   10  -49
B 22681 7699   10  -44
B 22691 7701   10  -39
B 22701 7699   10  -34
B 22711 7701   10  -29
B 22721 7701   10  -24
B 22731 7701   10  -19
B 22741 7701   10  -14
B 22751 7701   10   -9
SSS vs= 1.04  t=  278
%P VOLT1   = 7623
%P VOLT2   = 7818
%P S2_SC   =  1.04
%P L_ANG_MAX = 278
B 22761 7701   72   -4
B 22771 7701   72   -1
B 22781 7699   72    3
B 22791 7692   72    6
B 22801 7667   72    8
B 22811 7661   72   10
B 22821 7695   72   11
B 22831 7414   72   13
B 22841 7416   72   14
B 22852 7518   72   14
B 22862 7554   72   14
B 22873 7592   72   15
B 22883 7592   72   18
B 22893 7593   72   23
B 22903 7379   72   28
B 22913 7379   72   34
B 22923 7239   72   40
B 22933 7237   72   46
B 22943 7242   72   51
B 22953 7278   72   56
B 22963 7315   72   61
B 22973 7314   70   66
B 22983 7351   67   71
B 22993 7354   66   75
B 23003 7351   63   80
B 23013 7318   61   85
B 23023 7357   59   89
B 23033 7355   57   94
B 23043 7321   55   98
B 23053 7360   52  103
B 23063 7357   51  107
B 23073 7428   49  111
B 23083 7467   47  115
B 23093 7466   45  120
B 23103 7502   43  125
B 23113 7501   40  129
B 23123 7501   38  134
B 23133 7502   36  139
B 23143 7538   34  143
B 23153 7541   32  147
B 23163 7578   31  151
B 23173 7580   31  155
B 23183 7580   31  159
*** adj PULL_V2->30 
*** dt = 120 , A = 160 , rpm = 132 
B 23193 7616   31  162
B 23203 7651   31  165
B 23213 7654   31  167
B 23223 7652   31  170
B 23233 7651   31  172
B 23243 7651   31  174
B 23253 7650   31  175
B 23263 7651   31  176
B 23273 7650   31  177
B 23283 7613   31  178
B 23293 7650   31  179
B 23303 7650   31  179
pull out 179
B 23313 7613 -103  179
B 23323 7607 -103  179
B 23333 7602 -103  179
B 23343 7623 -103  179
B 23353 7619 -103  179
B 23363 7622 -103  179
B 23373 7196 -103  179
B 23383 7414 -103  179
B 23393 7415 -103  179
*** amax = 179  vhit = 127
B 23403 7488 -131  176
B 23413 7596 -131  170
B 23423 7595 -131  163
B 23433 7597 -131  153
B 23443 7385 -131  140
B 23453 7385 -131  129
B 23463 7209 -131  115
B 23473 7139 -131  101
B 23483 7138 -131   87
B 23493 7209 -131   71
B 23503 7387 -131   54
B 23513 7388 -131   36
B 23523 7425 -131   18
B 23533 7388 -131   -1
push -10 -10
push out at target
B 23543 7388   83  -11
B 23553 7391   83  -19
B 23563 7389   83  -29
B 23573 7371   83  -39
B 23583 7378   83  -48
B 23593 7310   83  -57
B 23603 7314   83  -67
B 23613 7246   83  -77
B 23623 7461   75  -87
B 23633 7461   75  -94
B 23643 7535   49  -98
B 23653 7464   23  -99
B 23663 7467    0  -99
B 23673 7260   10  -99
B 23683 7162   10  -98
B 23693 7169   10  -90
B 23703 7417   10  -86
B 23713 7664   10  -79
B 23723 7664   10  -73
B 23733 7701   10  -66
B 23743 7705   10  -61
B 23753 7699   10  -55
pb end 
B 23763 7701   10  -49
B 23773 7699   10  -44
B 23783 7701   10  -38
B 23793 7701   10  -33
B 23803 7701   10  -28
B 23813 7699   10  -22
B 23823 7701   10  -17
B 23833 7699   10  -11
B 23843 7701   10   -6
B 23853 7699   10   -1
B 23863 7701   10    3
SSS vs= 1.04  t=  283
%P VOLT1   = 7623
%P VOLT2   = 7814
%P S2_SC   =  1.04
%P L_ANG_MAX = 283
B 23873 7702   72    7
B 23883 7701   72   10
B 23893 7682   72   12
B 23903 7665   72   14
B 23913 7663   72   15
B 23924 7378   72   15
B 23934 7382   72   15
B 23944 7452   72   16
B 23954 7559   72   16
B 23965 7558   72   16
B 23975 7592   72   16
B 23985 7591   72   20
B 23995 7591   72   25
B 24005 7484   72   31
B 24015 7275   72   38
B 24025 7274   72   43
B 24035 7243   72   48
B 24045 7280   72   53
B 24056 7283   72   58
B 24067 7284   71   63
B 24077 7352   69   68
B 24089 7352   67   73
B 24099 7355   65   78
B 24109 7319   63   82
B 24119 7321   61   87
B 24129 7324   59   91
B 24139 7360   58   95
B 24149 7358   56   99
B 24159 7360   54  103
B 24169 7429   52  107
B 24180 7430   50  111
B 24190 7429   48  115
B 24200 7466   46  120
B 24210 7464   44  124
B 24221 7467   42  129
B 24231 7467   40  133
B 24241 7501   39  138
B 24251 7504   37  142
B 24261 7541   35  146
B 24271 7578   33  150
B 24281 7579   31  153
B 24291 7613   31  157
B 24301 7579   31  160
B 24311 7580   31  163
*** adj PULL_V2->30 
*** dt = 120 , A = 163 , rpm = 98 
B 24321 7616   31  166
B 24331 7617   31  168
B 24341 7617   31  170
B 24351 7617   31  171
B 24361 7616   31  173
B 24371 7617   31  175
B 24381 7616   31  175
B 24391 7616   31  176
B 24401 7616   31  177
B 24411 7650   31  177
B 24421 7650   31  178
B 24431 7650   31  178
pull out 178
B 24441 7613 -103  178
B 24451 7614 -103  178
B 24461 7613 -103  178
B 24471 7592 -103  178
B 24481 7586 -103  178
B 24491 7586 -103  178
B 24501 7589 -103  178
B 24511 7201 -103  178
B 24521 7203 -103  178
*** amax = 178  vhit = 127
B 24531 7453 -131  175
B 24541 7527 -131  171
B 24551 7525 -131  164
B 24561 7597 -131  155
B 24571 7599 -131  145
B 24581 7599 -131  133
B 24591 7316 -131  120
B 24601 7174 -131  107
B 24611 7174 -131   93
B 24621 7139 -131   77
B 24631 7246 -131   61
B 24641 7246 -131   45
B 24651 7388 -131   27
B 24661 7426 -131    9
B 24671 7425 -131   -7
push -10 -10
push out at target
B 24681 7389   83  -15
B 24691 7391   83  -23
B 24701 7378   83  -33
B 24711 7371   83  -43
B 24721 7379   83  -50
B 24731 7384   83  -61
B 24741 7139   83  -71
B 24751 7318   83  -81
B 24761 7321   75  -89
B 24771 7501   58  -95
B 24781 7541   41  -98
B 24791 7543   15  -98
B 24801 7440   10  -98
B 24811 7338   10  -98
B 24821 7340   10  -97
B 24831 7484   10  -94
B 24841 7557   10  -89
B 24851 7557   10  -83
B 24861 7664   10  -79
B 24871 7701   10  -74
B 24881 7699   10  -70
B 24891 7701   10  -66
pb end 
B 24901 7701   10  -62
B 24911 7699   10  -59
B 24921 7701   10  -56
B 24931 7701   10  -53
B 24941 7701   10  -49
B 24951 7702   10  -46
B 24961 7701   10  -43
B 24971 7702   10  -39
B 24981 7702   10  -36
B 24991 7702   10  -32
SSS vs= 1.04  t=  288
%P VOLT1   = 7623
%P VOLT2   = 7818
%P S2_SC   =  1.04
%P L_ANG_MAX = 288
B 25001 7701   72  -27
B 25011 7702   72  -22
B 25021 7699   72  -17
B 25033 7668   72  -12
B 25043 7661   72   -6
B 25055 7661   72   -1
B 25066 7379   72    3
B 25076 7382   72    7
B 25086 7487   72   14
B 25096 7561   72   17
B 25106 7561   72   20
B 25116 7599   72   24
B 25126 7600   72   29
B 25136 7602   72   34
B 25146 7564   72   40
B 25156 7283   72   45
B 25166 7283   72   50
B 25176 7281   72   55
B 25187 7243   72   59
B 25198 7310   70   65
B 25208 7307   68   71
B 25218 7381   66   77
B 25228 7348   64   82
B 25238 7351   61   87
B 25248 7352   59   93
B 25258 7318   57   97
B 25268 7321   55  103
B 25278 7357   53  107
B 25288 7428   51  112
B 25298 7430   49  117
B 25308 7430   47  121
B 25318 7469   45  126
B 25328 7469   43  131
B 25338 7504   41  135
B 25348 7541   39  140
B 25358 7542   37  144
B 25368 7578   36  148
B 25378 7543   34  152
B 25388 7545   32  157
B 25398 7580   31  160
B 25408 7579   31  164
B 25418 7582   31  167
*** adj PULL_V2->30 
*** dt = 120 , A = 169 , rpm = 115 
B 25428 7614   31  171
B 25438 7616   31  174
B 25448 7616   31  176
B 25458 7616   31  179
B 25468 7651   31  181
B 25478 7650   31  182
B 25488 7651   31  183
B 25498 7650   31  185
B 25508 7650   31  185
B 25518 7651   31  186
B 25528 7650   31  186
B 25538 7648   31  186
pull out 186
B 25548 7616 -103  186
B 25558 7613 -103  186
B 25568 7614 -103  186
B 25578 7616 -103  186
B 25588 7591 -103  186
B 25598 7586 -103  186
B 25608 7586 -103  186
B 25618 7341 -103  186
B 25628 7343 -103  186
B 25638 7415 -103  186
*** amax = 186  vhit = 127
B 25648 7488 -131  183
B 25658 7488 -131  178
B 25668 7562 -131  171
B 25678 7597 -131  163
B 25688 7599 -131  151
B 25698 7457 -131  139
B 25708 7281 -131  127
B 25718 7280 -131  113
B 25728 7103 -131   99
B 25738 7210 -131   83
B 25748 7212 -131   68
B 25758 7352 -131   51
B 25768 7425 -131   33
B 25778 7426 -131   15
B 25788 7425 -131   -3
push -10 -10
push out at target
B 25798 7391   83  -13
B 25808 7389   83  -21
B 25818 7378   83  -30
B 25828 7411   83  -40
B 25838 7415   83  -47
B 25848 7314   83  -57
B 25858 7210   83  -67
B 25868 7213   83  -76
B 25878 7463   67  -85
B 25888 7502   67  -91
B 25898 7501   41  -93
B 25908 7538    6  -93
B 25918 7401   10  -93
B 25928 7405   10  -93
B 25938 7128   10  -89
B 25948 7343   10  -83
B 25958 7344   10  -77
B 25968 7699   10  -70
B 25978 7664   10  -63
B 25988 7665   10  -57
B 25998 7665   10  -50
B 26008 7701   10  -44
pb end 
B 26018 7701   10  -38
B 26028 7702   10  -32
B 26038 7701   10  -25
B 26048 7701   10  -19
B 26058 7703   10  -13
B 26068 7701   10   -7
B 26078 7702   10   -1
B 26088 7702   10    4
B 26098 7701   10    9
SSS vs= 1.04  t=  293
%P VOLT1   = 7623
%P VOLT2   = 7818
%P S2_SC   =  1.04
%P L_ANG_MAX = 293
B 26108 7701   72   13
B 26118 7701   72   15
B 26128 7678   72   17
B 26138 7668   72   19
B 26148 7664   72   19
B 26158 7452   72   19
B 26168 7453   72   19
B 26178 7490   72   19
B 26188 7527   72   19
B 26198 7527   72   19
B 26208 7595   72   19
B 26218 7592   72   21
B 26228 7593   72   26
B 26238 7347   72   32
B 26248 7277   72   39
B 26258 7281   72   44
B 26268 7280   72   49
B 26278 7283   72   55
B 26288 7283   72   59
B 26298 7318   71   63
B 26308 7354   70   68
B 26318 7354   68   72
B 26328 7389   66   77
B 26338 7355   64   81
B 26348 7357   63   85
B 26358 7358   61   89
B 26369 7322   60   93
B 26379 7322   58   96
B 26389 7361   57  100
B 26399 7395   55  104
B 26409 7395   54  107
B 26420 7429   52  111
B 26430 7464   51  115
B 26440 7466   49  119
B 26450 7500   47  123
B 26460 7469   46  127
B 26470 7467   45  130
B 26481 7504   43  134
B 26491 7504   41  138
B 26501 7505   40  141
B 26511 7541   39  145
B 26521 7542   37  148
B 26533 7578   36  152
B 26543 7578   35  155
B 26553 7580   33  158
B 26563 7580   33  161
B 26573 7580   31  163
B 26583 7580   31  165
B 26593 7617   31  167
B 26603 7617   31  168
*** adj PULL_V2->30 
*** dt = 120 , A = 169 , rpm = 49 
B 26613 7619   31  170
B 26623 7619   31  171
B 26633 7616   31  171
B 26643 7652   31  172
B 26653 7652   31  172
B 26663 7651   31  173
B 26673 7616   31  173
B 26683 7652   31  173
B 26693 7651   31  172
B 26703 7616   31  172
B 26713 7652   31  172
B 26723 7652   31  172
pull out 172
B 26733 7614 -103  172
B 26743 7614 -103  172
B 26753 7603 -103  172
B 26763 7589 -103  172
B 26773 7589 -103  172
B 26783 7591 -103  172
B 26793 7556 -103  172
B 26803 7419 -103  172
B 26813 7418 -103  172
*** amax = 172  vhit = 127
B 26823 7491 -131  171
B 26833 7597 -131  165
B 26843 7599 -131  159
B 26853 7602 -131  149
B 26863 7457 -131  138
B 26873 7459 -131  127
B 26883 7281 -131  114
B 26893 7139 -131  101
B 26903 7139 -131   87
B 26913 7212 -131   72
B 26923 7355 -131   56
B 26933 7355 -131   40
B 26943 7426 -131   23
B 26953 7425 -131    5
B 26963 7429 -131   -8
push -10 -10
push out at target
B 26973 7426   83  -15
B 26983 7425   83  -24
B 26993 7414   83  -33
B 27003 7414   83  -41
B 27013 7312   83  -49
B 27023 7315   83  -58
B 27033 7213   83  -67
B 27043 7464   83  -77
B 27053 7463   75  -84
B 27063 7501   49  -89
B 27073 7572   32  -89
B 27083 7578   10  -89
B 27093 7439   10  -89
B 27103 7196   10  -89
B 27113 7202   10  -84
B 27123 7521   10  -80
B 27133 7664   10  -73
B 27143 7665   10  -67
B 27153 7665   10  -61
B 27163 7702   10  -56
pb end 
B 27173 7699   10  -51
B 27183 7702   10  -46
B 27193 7702   10  -42
B 27203 7701   10  -38
B 27213 7701   10  -33
B 27223 7701   10  -29
B 27233 7702   10  -25
B 27243 7702   10  -21
B 27253 7701   10  -16
B 27263 7702   10  -12
SSS vs= 1.04  t=  298
%P VOLT1   = 7623
%P VOLT2   = 7814
%P S2_SC   =  1.04
%P L_ANG_MAX = 298
B 27273 7702   72   -7
B 27283 7702   72   -4
B 27293 7691   72   -1
B 27303 7671   72    3
B 27313 7668   72    5
B 27323 7667   72    7
B 27333 7562   72    8
B 27343 7493   72    9
B 27353 7491   72   12
B 27363 7527   72   12
B 27373 7596   72   14
B 27383 7596   72   17
B 27393 7595   72   21
B 27403 7493   72   27
B 27413 7490   72   32
B 27423 7350   72   38
B 27433 7278   72   43
B 27443 7280   72   47
B 27453 7316   72   51
B 27463 7354   72   55
B 27473 7354   72   58
B 27483 7391   72   61
B 27493 7429   71   64
B 27503 7426   70   67
B 27513 7392   69   70
B 27523 7358   68   73
B 27533 7357   67   75
B 27543 7357   66   77
B 27553 7358   65   79
B 27563 7357   64   82
B 27573 7392   63   84
B 27583 7392   63   86
B 27593 7391   62   88
B 27603 7428   61   90
B 27613 7428   61   91
B 27623 7429   60   92
B 27633 7430   60   93
B 27643 7466   60   95
B 27653 7467   59   95
B 27663 7467   59   95
B 27673 7430   59   96
B 27683 7432   59   96
B 27693 7432   59   96
B 27703 7430   59   96
B 27713 7432   59   96
B 27723 7464   59   96
B 27733 7430   59   96
B 27743 7429   59   96
B 27753 7464   59   96
B 27763 7467   59   96
pull bail out
B 27773 7466   59   96
B 27783 7467 -103   96
B 27793 7467 -103   96
B 27803 7461 -103   96
B 27813 7461 -103   96
B 27823 7460 -103   96
B 27833 7461 -103   96
B 27843 7355 -103   96
B 27853 7498 -103   96
*** amax = 96  vhit = 127
B 27863 7501 -131   95
B 27873 7534 -131   91
B 27883 7570 -131   85
B 27893 7570 -131   79
B 27903 7606 -131   71
B 27913 7501 -131   61
B 27923 7501 -131   51
B 27933 7429 -131   40
B 27943 7324 -131   29
B 27953 7324 -131   17
B 27963 7360 -131    6
B 27973 7430 -131   -4
B 27983 7430 -131   -9
push -10 -10
push out at target
B 27993 7467   83  -14
B 28003 7467   83  -20
B 28013 7460   83  -26
B 28023 7457   83  -33
B 28033 7387   83  -37
B 28043 7391   83  -44
B 28053 7428   83  -51
B 28063 7501   83  -57
B 28073 7501   41  -63
B 28083 7538   41  -69
B 28093 7573   41  -73
B 28103 7576   23  -75
B 28113 7580    6  -75
B 28123 7410   10  -75
B 28133 7413   10  -75
B 28143 7487   10  -75
B 28153 7664   10  -75
B 28163 7665   10  -74
B 28173 7701   10  -73
B 28183 7699   10  -69
B 28193 7703   10  -66
B 28203 7701   10  -64
B 28213 7705   10  -62
pb end 
B 28223 7701   10  -60
B 28233 7699   10  -58
B 28243 7702   10  -57
B 28253 7702   10  -54
B 28263 7701   10  -53
B 28273 7702   10  -51
B 28283 7701   10  -50
B 28293 7702   10  -48
B 28303 7703   10  -46
SSS vs= 1.04  t=  303
%P VOLT1   = 7623
%P VOLT2   = 7818
%P S2_SC   =  1.04
%P L_ANG_MAX = 303
B 28313 7701   72  -45
B 28323 7703   72  -43
B 28333 7702   72  -41
B 28343 7675   72  -39
B 28353 7665   72  -37
B 28363 7665   72  -34
B 28373 7667   72  -32
B 28383 7420   72  -26
B 28393 7528   72  -23
B 28403 7528   72  -19
B 28413 7564   72  -15
B 28423 7569   72   -9
B 28433 7568   72   -2
B 28443 7569   72    5
B 28453 7461   72   12
B 28464 7466   72   20
B 28474 7428   72   27
B 28484 7428   72   33
B 28494 7429   72   38
B 28504 7464   72   42
B 28514 7500   72   47
B 28524 7500   72   51
B 28534 7463   72   55
B 28544 7460   72   59
B 28554 7456   72   62
B 28564 7456   70   66
B 28574 7422   69   69
B 28584 7422   69   71
B 28594 7460   67   74
B 28604 7460   67   76
B 28614 7461   66   78
B 28624 7500   66   79
B 28634 7466   65   81
B 28644 7466   65   81
B 28654 7466   65   82
B 28664 7501   65   82
B 28674 7500   65   82
B 28684 7464   65   82
B 28694 7498   65   82
B 28704 7500   65   82
B 28714 7500   65   82
B 28724 7500   65   82
B 28734 7500   65   82
B 28744 7500   65   82
B 28754 7502   65   82
B 28765 7500   65   82
B 28775 7537   65   82
B 28785 7539   65   82
B 28796 7537   65   82
B 28806 7501   65   82
pull bail out
B 28816 7501 -103   82
B 28826 7502 -103   82
B 28836 7505 -103   82
B 28846 7498 -103   82
B 28856 7498 -103   82
B 28866 7535 -103   82
B 28876 7535 -103   82
B 28886 7535 -103   82
B 28896 7535 -103   82
B 28906 7572 -103   82
*** amax = 82  vhit = 127
B 28916 7572 -131   76
B 28926 7607 -131   71
B 28936 7607 -131   65
B 28946 7607 -131   59
B 28956 7535 -131   51
B 28966 7501 -131   43
B 28976 7502 -131   35
B 28986 7430 -131   25
B 28996 7430 -131   16
B 29006 7432 -131    7
B 29016 7502 -131   -3
B 29026 7502 -131   -7
push -10 -10
push out at target
B 29036 7502   83  -12
B 29046 7502   83  -17
B 29056 7498   83  -22
B 29066 7494   83  -28
B 29076 7428   83  -32
B 29086 7426   83  -36
B 29096 7428   83  -41
B 29106 7538   83  -46
2_28_bew_7 test-1 volt=0.78 ang= 219.0 rpm= 385 344.3 378.9 388.9 
2_28_bew_7 test-2 volt=7.78 ang= 213.0 rpm= 385 342.2 371.9 388.4 
2_28_bew_7 test-3 volt=7.74 ang= 215.0 rpm= 384 343.1 371.2 392.0 
2_28_bew_7 test-4 volt=7.73 ang= 214.0 rpm= 382 342.8 370.6 383.3 
2_28_bew_7 test-5 volt=7.73 ang= 211.0 rpm= 379 337.2 367.9 383.7 
2_28_bew_7 test-6 volt=7.73 ang= 217.0 rpm= 384 342.9 371.1 389.0 
2_28_bew_7 test-7 volt=7.73 ang= 212.0 rpm= 377 338.8 367.2 383.3 
2_28_bew_7 test-8 volt=7.73 ang= 215.0 rpm= 379 340.3 368.1 380.2 
2_28_bew_7 test-9 volt=7.73 ang= 214.0 rpm= 371 337.1 363.0 375.0 
2_28_bew_7 test-10 volt=7.72 ang= 216.0 rpm= 379 341.4 369.4 377.2 
2_28_bew_7 test-11 volt=7.73 ang= 219.0 rpm= 381 342.0 370.2 391.7 
2_28_bew_7 test-12 volt=7.68 ang= 219.0 rpm= 363 318.6 349.2 361.4 
2_28_bew_7 test-13 volt=7.72 ang= 216.0 rpm= 377 337.5 366.0 378.0 
2_28_bew_7 test-14 volt=7.68 ang= 224.0 rpm= 387 348.6 378.4 397.3 
2_28_bew_7 test-15 volt=7.68 ang= 213.0 rpm= 374 335.2 365.1 378.4 
2_28_bew_7 test-16 volt=7.68 ang= 226.0 rpm= 382 344.9 371.1 384.5 
2_28_bew_7 test-17 volt=7.72 ang= 218.0 rpm= 377 337.4 366.0 378.0 
2_28_bew_7 test-18 volt=7.68 ang= 213.0 rpm= 368 328.9 356.5 374.3 
2_28_bew_7 test-19 volt=7.68 ang= 214.0 rpm= 361 323.7 350.0 366.3 