SSS vs= 1.01  t=  202
%P VOLT1   = 7860
%P VOLT2   = 7944
%P S2_SC   =  1.01
%P L_ANG_MAX = 202
B   0 789   70   -1
B  10 7892   70   -1
B  20 7892   70   -1
B  30 7815   70   -1
B  41 7750   70   -1
B  51 7757   70   -1
B  61 7782   70   -1
B  73 7510   70   -1
B  83 7483   70    2
B  93 7509   70    9
B 103 7412   70   17
B 113 7385   70   25
B 123 7309   70   35
B 133 7214   70   44
B 143 7231   70   53
B 153 7313   69   62
B 163 7388   52   71
B 173 7403   32   81
B 183 7476   30   92
B 193 7507   30  102
B 203 7538   30  113
*** dt = 45 , A = 113 , rpm = 348 
B 213 7483   30  122
B 223 7739   30  131
B 233 7743   30  139
B 243 7783   30  148
pull out 153
B 253 7786 -101  157
B 263 7727 -101  165
B 273 7531 -101  170
B 283 7528 -101  177
B 293 7579 -101  182
B 303 7638 -101  187
B 313 7288 -101  189
B 323 7260 -101  192
*** amax = 192  vhit = 105
B 333 7290 -106  191
B 343 7330 -106  191
B 353 7286 -106  182
B 363 7221 -106  168
B 373 6840 -106  153
B 383 6910 -106  136
B 393 6905 -106  119
B 403 7124 -106  101
B 413 7146 -106   81
B 423 7295 -106   60
B 433 7432 -106   37
B 443 7436 -106   15
B 453 7444 -106   -8
push -10 -10
push out at target
B 463 7447   81  -19
B 473 7419   81  -31
B 483 7359   81  -45
B 493 7400   81  -59
B 503 7451   81  -72
B 513 7396   81  -87
B 523 7252   81 -101
B 533 7196   81 -114
B 543 7227   81 -121
B 553 7369   48 -123
B 563 7335    6 -123
B 573 7358   10 -120
B 583 6989   10 -107
B 593 7089   10  -93
B 603 7144   10  -80
B 614 7594   10  -66
B 624 7607   10  -51
B 634 7792   10  -37
B 644 7797   10  -22
B 654 7798   10   -8
pb end 
B 664 7835    0    6
B 674 7839    0   18
B 684 7838    0   28
B 694 7841    0   35
B 704 7841    0   40
B 714 7842    0   42
B 724 7844    0   44
B 734 7844    0   45
B 744 7845    0   45
B 754 7845    0   45
SSS vs= 1.01  t=  217
%P VOLT1   = 7801
%P VOLT2   = 7916
%P S2_SC   =  1.02
%P L_ANG_MAX = 217
B 764 7845   71   45
B 775 7848   71   45
B 785 7848   71   45
B 795 7882   71   45
B 806 7770   71   45
B 816 7669   71   44
B 827 7633   71   44
B 838 7569   71   44
B 848 7551   71   44
B 858 7296   71   45
B 868 7292   71   45
B 878 7320   71   49
B 888 7316   71   55
B 898 7270   70   62
B 908 7275   56   70
B 918 7167   46   78
B 928 7248   30   87
B 938 7295   30   96
B 948 7332   30  105
B 958 7445   30  114
*** adj PULL_V2->30 
*** dt = 74 , A = 115 , rpm = 298 
B 968 7466   30  123
B 978 7620   30  132
B 988 7734   30  140
B 998 7737   30  148
B 1008 7778   30  155
B 1018 7742   30  163
B 1028 7742   30  169
pull out 173
B 1038 7780 -101  176
B 1048 7779 -101  183
B 1058 7780 -101  189
B 1068 7779 -101  195
B 1078 7611 -101  201
B 1088 7556 -101  204
B 1098 7587 -101  208
B 1108 7640 -101  212
B 1118 7682 -101  214
B 1128 7328 -101  215
B 1138 7391 -101  215
B 1148 7262 -101  215
*** amax = 215  vhit = 101
B 1158 7338 -102  210
B 1168 7248 -102  197
B 1178 7281 -102  181
B 1188 6995 -102  165
B 1198 6955 -102  147
B 1208 7005 -102  129
B 1218 7142 -102  109
B 1228 7294 -102   89
B 1238 7295 -102   67
B 1248 7439 -102   44
B 1258 7477 -102   21
B 1268 7488 -102   -4
push -10 -10
push out at target
B 1278 7467   81  -17
B 1288 7454   81  -28
B 1298 7341   81  -41
B 1308 7413   81  -53
B 1318 7465   81  -67
B 1328 7515   81  -79
B 1338 7183   81  -91
B 1348 7292   81 -102
B 1358 7178   81 -107
B 1368 7331   32 -107
B 1378 7297   10 -107
B 1388 7456   10 -103
B 1398 7150   10  -89
B 1408 7137   10  -76
B 1418 7165   10  -65
B 1428 7674   10  -52
B 1438 7787   10  -38
B 1448 7792   10  -24
B 1458 7794   10  -10
B 1468 7831   10    3
pb end 
B 1478 7833    0   15
B 1488 7835    0   26
B 1498 7835    0   34
B 1508 7838    0   40
B 1518 7875    0   44
B 1528 7841    0   46
B 1538 7841    0   47
B 1548 7841    0   48
B 1558 7842    0   48
B 1568 7842    0   48
SSS vs= 1.02  t=  217
%P VOLT1   = 7801
%P VOLT2   = 7912
%P S2_SC   =  1.02
%P L_ANG_MAX = 217
B 1578 7842   71   48
B 1588 7845   71   48
B 1598 7765   71   48
B 1608 7701   71   48
B 1618 7655   71   47
B 1628 7610   71   47
B 1639 7284   71   47
B 1649 7299   71   47
B 1659 7290   71   47
B 1669 7290   71   49
B 1679 7304   71   56
B 1689 7334   69   63
B 1699 7188   63   71
B 1709 7288   56   80
B 1719 7300   50   89
B 1729 7295   50   97
B 1739 7311   50  107
*** adj PULL_V2->50 
*** dt = 72 , A = 116 , rpm = 298 
B 1749 7335   50  117
B 1759 7487   50  127
B 1769 7497   50  137
B 1779 7507   50  146
B 1789 7586   50  157
B 1799 7622   50  166
B 1809 7623   50  176
B 1819 7624   50  186
pull out 187
B 1829 7657 -101  197
B 1839 7654 -101  207
B 1849 7541 -101  216
B 1859 7440 -101  223
B 1869 7461 -101  231
B 1879 7519 -101  240
B 1889 6972 -101  246
B 1899 6986 -101  252
B 1909 7264 -101  254
B 1919 7250 -101  254
B 1929 7188 -101  254
*** amax = 254  vhit = 82
B 1939 7234  -83  245
B 1949 7068  -83  231
B 1959 7117  -83  216
B 1969 6798  -83  200
B 1979 6943  -83  182
B 1989 6988  -83  163
B 1999 7153  -83  144
B 2009 7443  -83  123
B 2019 7445  -83  101
B 2029 7488  -83   78
B 2039 7496  -83   55
B 2049 7512  -83   31
B 2059 7563  -83    6
push -10 -10
push out at target
B 2069 7571   81  -13
B 2079 7557   81  -24
B 2089 7388   81  -36
B 2099 7468   81  -49
B 2109 7516   81  -60
B 2119 7495   81  -73
B 2129 7319   81  -85
B 2139 7290   81  -96
B 2149 7277   81 -103
B 2159 7340   48 -103
B 2169 7314   10 -103
B 2179 7325   10 -101
B 2189 7017   10  -90
B 2199 7107   10  -77
B 2209 7149   10  -67
B 2219 7701   10  -52
B 2229 7709   10  -39
B 2239 7786   10  -25
B 2249 7790   10  -11
pb end 
B 2259 7792    0    2
B 2269 7793    0   14
B 2279 7797    0   25
B 2289 7797    0   34
B 2299 7834    0   41
B 2309 7837    0   45
B 2319 7837    0   47
B 2329 7837    0   49
B 2339 7838    0   49
B 2349 7839    0   49
SSS vs= 1.02  t=  217
%P VOLT1   = 7801
%P VOLT2   = 7895
%P S2_SC   =  1.02
%P L_ANG_MAX = 217
B 2359 7838   71   49
B 2369 7838   71   49
B 2379 7838   71   49
B 2389 7777   71   49
B 2399 7719   71   49
B 2409 7676   71   47
B 2419 7639   71   45
B 2429 7343   71   45
B 2439 7306   71   45
B 2449 7295   71   45
B 2459 7287   71   45
B 2469 7289   71   51
B 2479 7276   71   59
B 2489 7206   71   67
B 2499 7241   71   75
B 2510 7255   71   85
B 2520 7292   71   93
B 2530 7286   71  103
B 2540 7282   71  113
*** dt = 59 , A = 118 , rpm = 332 
B 2550 7323   71  125
B 2560 7334   71  136
B 2570 7309   71  148
B 2580 7353   71  161
B 2590 7359   71  173
B 2600 7363   71  187
pull out 191
B 2610 7399 -102  201
B 2620 7382 -102  215
B 2630 7226 -102  228
B 2640 7267 -102  239
B 2650 7332 -102  253
B 2660 7426 -102  264
B 2670 7210 -102  274
B 2680 7132 -102  281
B 2690 7159 -102  283
B 2700 7210 -102  283
*** amax = 283  vhit = 75
B 2710 7196  -76  280
B 2720 7048  -76  267
B 2730 6685  -76  253
B 2740 6776  -76  236
B 2750 6853  -76  219
B 2760 7090  -76  201
B 2770 7131  -76  182
B 2780 7332  -76  163
B 2790 7557  -76  143
B 2800 7560  -76  121
B 2810 7561  -76   98
B 2820 7564  -76   77
B 2830 7567  -76   52
B 2840 7577  -76   28
B 2850 7623  -76    5
push -10 -10
push out at target
B 2860 7627   81  -13
B 2870 7615   81  -24
B 2880 7477   81  -36
B 2890 7464   81  -48
B 2900 7548   81  -60
B 2910 6955   81  -71
B 2920 6995   81  -83
B 2930 7223   81  -94
B 2940 7364   81 -101
B 2950 7282   48 -102
B 2960 7317    0 -102
B 2970 7191   10 -101
B 2980 7283   10  -91
B 2990 7145   10  -81
B 3000 7731   10  -71
B 3010 7743   10  -59
B 3020 7784   10  -47
B 3030 7787   10  -36
B 3040 7789   10  -24
B 3050 7792   10  -13
pb end 
B 3060 7792    0   -3
B 3070 7793    0    7
B 3080 7794    0   13
B 3090 7831    0   19
B 3100 7834    0   22
B 3110 7834    0   25
B 3120 7833    0   25
B 3130 7835    0   25
B 3140 7835    0   25
B 3150 7837    0   25
SSS vs= 1.02  t=  217
%P VOLT1   = 7801
%P VOLT2   = 7891
%P S2_SC   =  1.02
%P L_ANG_MAX = 217
B 3161 7837   71   25
B 3171 7837   71   25
B 3181 7755   71   25
B 3193 7663   71   25
B 3203 7624   71   25
B 3213 7273   71   25
B 3223 7315   71   25
B 3233 7303   71   25
B 3243 7293   71   25
B 3253 7307   71   29
B 3263 7320   71   36
B 3273 7308   71   44
B 3283 7261   71   52
B 3293 7276   71   60
B 3303 7213   71   69
B 3313 7214   71   78
B 3324 7214   71   88
B 3334 7285   71   99
B 3344 7290   71  109
*** dt = 52 , A = 120 , rpm = 348 
B 3354 7296   71  121
B 3364 7339   71  132
B 3374 7344   71  144
B 3384 7351   71  157
B 3394 7357   71  170
B 3404 7399   71  184
pull out 185
B 3414 7403 -102  198
B 3424 7404 -102  212
B 3434 7311 -102  226
B 3444 7253 -102  237
B 3454 7295 -102  251
B 3464 7356 -102  263
B 3474 7409 -102  275
B 3484 7114 -102  284
B 3495 7169 -102  289
B 3505 7095 -102  289
*** amax = 289  vhit = 75
B 3515 7203  -76  288
B 3525 7084  -76  281
B 3535 7087  -76  265
B 3545 6745  -76  249
B 3555 6822  -76  233
B 3565 6888  -76  214
B 3575 7042  -76  195
B 3585 7319  -76  177
B 3595 7340  -76  155
B 3605 7524  -76  134
B 3615 7564  -76  113
B 3625 7565  -76   89
B 3635 7567  -76   65
B 3645 7610  -76   43
B 3655 7619  -76   19
B 3665 7623  -76   -7
push -11 -10
push out at target
B 3675 7627   81  -19
B 3685 7504   81  -30
B 3695 7460   81  -43
B 3705 7489   81  -52
B 3715 7538   81  -64
B 3725 6979   81  -76
B 3735 7140   81  -88
B 3745 7068   81  -97
B 3756 7276   65 -101
B 3766 7290   20 -101
B 3776 7405   10 -100
B 3786 7375   10  -95
B 3796 7191   10  -82
B 3806 7221   10  -72
B 3816 7664   10  -60
B 3826 7707   10  -48
B 3836 7712   10  -35
B 3846 7784   10  -23
B 3856 7789   10  -10
pb end 
B 3866 7789    0    2
B 3876 7792    0   13
B 3886 7793    0   22
B 3896 7793    0   29
B 3906 7794    0   34
B 3916 7797    0   37
B 3926 7797    0   38
B 3936 7833    0   39
B 3946 7833    0   39
B 3956 7834    0   39
SSS vs= 1.02  t=  217
%P VOLT1   = 7801
%P VOLT2   = 7884
%P S2_SC   =  1.02
%P L_ANG_MAX = 217
B 3967 7834   71   39
B 3977 7834   71   39
B 3988 7809   71   39
B 3998 7716   71   39
B 4008 7675   71   37
B 4018 7638   71   34
B 4028 7595   71   34
B 4038 7303   71   34
B 4048 7319   71   34
B 4058 7320   71   34
B 4068 7292   71   39
B 4078 7282   71   47
B 4089 7312   71   56
B 4100 7234   71   65
B 4110 7178   71   74
B 4120 7178   71   83
B 4130 7248   71   93
B 4140 7282   71  103
B 4150 7285   71  113
*** dt = 58 , A = 119 , rpm = 332 
B 4160 7327   71  125
B 4170 7337   71  137
B 4180 7345   71  149
B 4190 7316   71  161
B 4200 7392   71  175
B 4210 7396   71  189
pull out 192
B 4220 7398 -102  202
B 4230 7400 -102  217
B 4240 7354 -102  231
B 4250 7259 -102  244
B 4260 7273 -102  256
B 4270 7334 -102  269
B 4280 6864 -102  281
B 4290 7060 -102  292
B 4300 6968 -102  299
B 4310 7181 -102  300
B 4321 7208 -102  300
*** amax = 300  vhit = 75
B 4331 7192  -76  296
B 4341 6905  -76  284
B 4351 6741  -76  268
B 4361 6825  -76  251
B 4371 6857  -76  235
B 4381 6947  -76  217
B 4391 6989  -76  197
B 4401 7364  -76  178
B 4411 7483  -76  157
B 4421 7486  -76  136
B 4431 7560  -76  114
B 4441 7564  -76   90
B 4451 7568  -76   67
B 4461 7609  -76   43
B 4471 7616  -76   18
B 4481 7624  -76   -5
push -10 -10
push out at target
B 4491 7626   81  -17
B 4501 7599   81  -29
B 4511 7528   81  -41
B 4521 7478   81  -56
B 4531 7506   81  -68
B 4541 7549   81  -83
B 4551 6985   81  -97
B 4561 7224   81 -111
B 4571 7121   81 -120
B 4581 7291   65 -124
B 4591 7344   23 -124
B 4601 7396   10 -124
B 4611 7185   10 -117
B 4621 7219   10 -104
B 4631 7254   10  -92
B 4641 7695   10  -82
B 4651 7706   10  -69
B 4661 7707   10  -57
B 4671 7783   10  -44
B 4681 7786   10  -32
pb end 
B 4691 7787    0  -20
B 4701 7787    0   -8
B 4711 7789    0    3
B 4721 7792    0   12
B 4731 7793    0   19
B 4741 7796    0   23
B 4751 7793    0   26
B 4761 7830    0   28
B 4771 7830    0   29
B 4781 7831    0   29
SSS vs= 1.02  t=  212
%P VOLT1   = 7801
%P VOLT2   = 7877
%P S2_SC   =  1.02
%P L_ANG_MAX = 212
B 4792 7833   71   29
B 4802 7831   71   29
B 4813 7833   71   29
B 4823 7739   71   29
B 4833 7690   71   29
B 4843 7653   71   29
B 4853 7610   71   29
B 4863 7245   71   29
B 4873 7301   71   29
B 4883 7293   71   29
B 4893 7260   71   36
B 4903 7242   71   43
B 4913 7273   71   51
B 4923 7303   71   59
B 4933 7211   71   67
B 4943 7216   71   76
B 4953 7249   71   85
B 4963 7279   71   95
B 4973 7282   71  104
*** dt = 65 , A = 112 , rpm = 315 
B 4983 7286   71  115
B 4993 7331   71  126
B 5003 7339   71  137
B 5013 7310   71  150
B 5023 7350   71  163
B 5033 7357   71  176
B 5043 7361   71  189
pull out 193
B 5053 7395 -102  204
B 5063 7399 -102  217
B 5073 7307 -102  231
B 5083 7220 -102  243
B 5093 7265 -102  256
B 5103 7400 -102  269
B 5113 7093 -102  280
B 5123 7076 -102  289
B 5133 7135 -102  293
B 5143 7266 -102  293
B 5153 7233 -102  293
*** amax = 293  vhit = 75
B 5163 7080  -76  285
B 5173 6664  -76  272
B 5183 6706  -76  256
B 5193 6772  -76  240
B 5203 6940  -76  222
B 5213 6996  -76  204
B 5223 7164  -76  184
B 5233 7467  -76  164
B 5243 7472  -76  143
B 5253 7513  -76  121
B 5263 7557  -76   98
B 5273 7563  -76   74
B 5283 7572  -76   51
B 5293 7616  -76   26
B 5303 7619  -76    2
push -11 -10
push out at target
B 5313 7626   81  -15
B 5323 7649   81  -26
B 5333 7598   81  -39
B 5343 7498   81  -53
B 5353 7444   81  -67
B 5363 7479   81  -81
B 5373 7419   81  -96
B 5383 7270   81 -111
B 5393 7216   81 -124
B 5403 7215   81 -132
B 5413 7301   57 -134
B 5423 7276    6 -134
B 5433 7196   10 -134
B 5443 6937   10 -122
B 5453 7053   10 -108
B 5463 7082   10  -95
B 5473 7389   10  -82
B 5483 7412   10  -68
B 5493 7741   10  -53
B 5503 7778   10  -39
B 5513 7782   10  -25
pb end 
B 5523 7783    0  -11
B 5533 7784    0    1
B 5543 7786    0   13
B 5553 7787    0   21
B 5563 7789    0   27
B 5573 7790    0   31
B 5583 7790    0   33
B 5593 7790    0   35
B 5603 7793    0   35
B 5613 7792    0   35
B 5623 7794    0   37
SSS vs= 1.02  t=  207
%P VOLT1   = 7742
%P VOLT2   = 7874
%P S2_SC   =  1.03
%P L_ANG_MAX = 207
B 5633 7794   71   37
B 5643 7830   71   37
B 5653 7831   71   37
B 5663 7779   71   37
B 5673 7663   71   37
B 5683 7617   71   37
B 5693 7588   71   36
B 5703 7175   71   36
B 5713 7259   71   37
B 5723 7255   71   37
B 5733 7307   71   41
B 5743 7228   71   48
B 5753 7248   71   55
B 5763 7262   71   62
B 5773 7197   71   69
B 5783 7196   71   78
B 5793 7196   71   86
B 5803 7270   71   95
*** adj PULL_V2->70 
*** dt = 80 , A = 105 , rpm = 281 
B 5813 7276   71  105
B 5823 7285   71  115
B 5833 7292   71  126
B 5843 7298   71  137
B 5853 7268   71  149
B 5863 7344   71  161
B 5873 7351   71  175
B 5883 7391   71  188
B 5893 7355   71  201
pull out 202
B 5903 7359 -102  215
B 5913 7399 -102  229
B 5923 7439 -102  244
B 5933 7394 -102  258
B 5943 7259 -102  272
B 5953 7306 -102  284
B 5963 7368 -102  298
B 5973 6889 -102  309
B 5983 7198 -102  311
*** amax = 312  vhit = 75
B 5993 7150  -76  311
B 6003 7204  -76  306
B 6013 7211  -76  293
B 6023 7222  -76  279
B 6033 7198  -76  263
B 6043 7092  -76  245
B 6053 7138  -76  227
B 6063 7280  -76  208
B 6073 7374  -76  187
B 6083 7383  -76  167
B 6093 7492  -76  145
B 6103 7524  -76  122
B 6113 7526  -76  100
B 6123 7563  -76   76
B 6133 7608  -76   51
B 6143 7613  -76   27
B 6153 7623  -76    3
push -10 -10
push out at target
B 6163 7663   82  -23
B 6173 7661   82  -33
B 6183 7626   82  -35
B 6193 7499   82  -41
B 6203 7529   82  -47
B 6213 7572   82  -53
B 6223 7183   82  -59
B 6233 7206   82  -67
B 6243 7411   57  -72
B 6253 7451   32  -76
B 6263 7344   23  -76
B 6273 7359   10  -76
B 6283 7347   10  -72
B 6293 7428   10  -60
B 6303 7250   10  -51
B 6313 7728   10  -40
B 6323 7738   10  -27
B 6333 7742   10  -15
B 6343 7780   10   -3
B 6353 7784   10    9
B 6363 7784   10   20
pb end 
B 6373 7784    0   29
B 6383 7787    0   37
B 6393 7789    0   42
B 6403 7792    0   45
B 6413 7790    0   48
B 6423 7789    0   49
B 6433 7827    0   49
B 6443 7828    0   49
B 6453 7790    0   49
B 6463 7830    0   49
SSS vs= 1.03  t=  202
%P VOLT1   = 7801
%P VOLT2   = 7870
%P S2_SC   =  1.02
%P L_ANG_MAX = 202
B 6473 7828   71   49
B 6483 7830   71   49
B 6493 7755   71   47
B 6503 7694   71   43
B 6513 7667   71   39
B 6523 7295   71   36
B 6533 7270   71   35
B 6543 7296   71   35
B 6553 7307   71   35
B 6563 7297   71   35
B 6573 7262   71   41
B 6583 7205   71   49
B 6593 7232   71   58
B 6603 7194   82   67
B 6613 7182   91   76
B 6623 7185   91   85
B 6633 7286   91   94
*** adj PULL_V2->90 
*** dt = 72 , A = 101 , rpm = 298 
B 6643 7264   91  105
B 6653 7243   91  116
B 6663 7241   91  128
B 6673 7064   91  141
B 6683 7070   91  155
B 6693 7083   91  169
B 6703 7128   91  185
pull out 197
B 6713 7140 -102  201
B 6723 7144 -102  217
B 6733 7188 -102  234
B 6743 7143 -102  251
B 6753 7079 -102  268
B 6763 7148 -102  283
B 6773 7215 -102  299
B 6783 6848 -102  310
B 6793 7180 -102  312
B 6803 7121 -102  312
*** amax = 312  vhit = 75
B 6813 7183  -76  305
B 6823 7197  -76  291
B 6833 7219  -76  277
B 6843 7167  -76  260
B 6853 7098  -76  241
B 6863 7145  -76  224
B 6873 7282  -76  205
B 6883 7374  -76  184
B 6893 7380  -76  164
B 6903 7451  -76  142
B 6913 7555  -76  119
B 6923 7557  -76   97
B 6933 7564  -76   72
B 6943 7606  -76   47
B 6953 7613  -76   24
B 6963 7619  -76   -1
push -11 -10
push out at target
B 6973 7661   81  -21
B 6983 7654   81  -33
B 6993 7615   81  -44
B 7003 7484   81  -57
B 7013 7492   81  -69
B 7023 7499   81  -83
B 7033 7115   81  -96
B 7043 7135   81 -110
B 7053 7279   81 -121
B 7063 7351   81 -127
B 7073 7297   40 -127
B 7083 7240   10 -127
B 7093 6852   10 -123
B 7103 6920   10 -110
B 7113 7004   10  -96
B 7123 7075   10  -85
B 7133 7107   10  -71
B 7143 7651   10  -56
B 7153 7734   10  -43
B 7163 7738   10  -28
pb end 
B 7173 7743    0  -15
B 7183 7780    0   -1
B 7193 7782    0   11
B 7203 7783    0   21
B 7213 7786    0   28
B 7223 7786    0   33
B 7233 7786    0   36
B 7243 7787    0   38
B 7253 7789    0   38
B 7263 7789    0   38
B 7273 7790    0   38
SSS vs= 1.02  t=  202
%P VOLT1   = 7742
%P VOLT2   = 7863
%P S2_SC   =  1.03
%P L_ANG_MAX = 202
B 7283 7792   71   38
B 7293 7790   71   38
B 7303 7722   71   38
B 7314 7661   71   38
B 7324 7614   71   38
B 7334 7288   71   38
B 7344 7249   71   38
B 7354 7231   71   38
B 7364 7295   71   38
B 7374 7295   71   44
B 7384 7236   71   51
B 7394 7192   71   58
B 7404 7219   88   65
B 7414 7200  112   73
B 7424 7171  112   82
B 7434 7114  112   91
*** adj PULL_V2->110 
*** dt = 76 , A = 98 , rpm = 298 
B 7444 7161  112  100
B 7454 7186  112  110
B 7464 7181  112  122
B 7474 7046  112  134
B 7484 7057  112  148
B 7494 7077  112  162
B 7504 7053  112  177
B 7514 7098  112  193
pull out 200
B 7525 7102 -102  209
B 7535 7176 -102  225
B 7545 7221 -102  242
B 7555 7142 -102  260
B 7565 7079 -102  276
B 7575 7156 -102  291
B 7585 7223 -102  308
B 7595 6853 -102  314
*** amax = 314  vhit = 75
B 7605 7148  -77  313
B 7615 7103  -77  311
B 7625 7195  -77  299
B 7635 7330  -77  284
B 7645 7350  -77  268
B 7655 7284  -77  250
B 7665 7261  -77  231
B 7675 7298  -77  212
B 7685 7323  -77  192
B 7695 7414  -77  171
B 7705 7419  -77  149
B 7715 7456  -77  125
B 7725 7561  -77  103
B 7735 7564  -77   79
B 7745 7568  -77   55
B 7755 7610  -77   30
B 7765 7616  -77    5
push -10 -10
push out at target
B 7775 7622   82  -19
B 7785 7620   82  -30
B 7795 7592   82  -40
B 7805 7549   82  -55
B 7815 7477   82  -68
B 7825 7502   82  -81
B 7835 7473   82  -97
B 7845 7155   82 -111
B 7855 7135   82 -125
B 7865 7173   82 -135
B 7875 7309   74 -139
B 7885 7275   23 -139
B 7895 7306   10 -139
B 7905 7036   10 -129
B 7915 7107   10 -116
B 7925 7104   10 -106
B 7935 7724   10  -92
B 7945 7732   10  -79
B 7955 7739   10  -67
B 7965 7741   10  -53
B 7975 7742   10  -41
B 7985 7780   10  -29
pb end 
B 7995 7780    0  -17
B 8005 7783    0   -7
B 8015 7784    0    1
B 8025 7786    0    7
B 8035 7784    0   12
B 8045 7787    0   15
B 8055 7789    0   17
B 8065 7789    0   18
B 8075 7787    0   19
B 8085 7789    0   19
SSS vs= 1.03  t=  197
%P VOLT1   = 7742
%P VOLT2   = 7863
%P S2_SC   =  1.03
%P L_ANG_MAX = 197
B 8095 7789   71   21
B 8105 7790   71   21
B 8115 7705   71   21
B 8125 7638   71   21
B 8135 7573   71   21
B 8145 7282   71   21
B 8155 7256   71   21
B 8165 7281   71   25
B 8175 7293   71   29
B 8185 7310   71   35
B 8195 7300   71   42
B 8205 7216   71   49
B 8215 7230   71   57
B 8225 7203  115   65
B 8235 7170  133   73
B 8245 7170  133   82
B 8255 7224  133   91
*** adj PULL_V2->130 
*** dt = 75 , A = 94 , rpm = 298 
B 8265 7218  133  101
B 8275 7206  133  112
B 8285 7239  133  123
B 8295 7059  133  135
B 8305 7063  133  149
B 8315 7074  133  163
B 8325 7087  133  178
pull out 191
B 8335 7102 -102  194
B 8345 7105 -102  210
B 8355 7180 -102  227
B 8365 7105 -102  243
B 8375 7049 -102  258
B 8385 7159 -102  273
B 8395 7223 -102  289
B 8405 6817 -102  303
B 8415 7125 -102  312
B 8425 7025 -102  312
B 8435 7103 -102  312
*** amax = 312  vhit = 75
B 8445 7113  -77  297
B 8455 7144  -77  283
B 8465 7038  -77  267
B 8475 6928  -77  249
B 8485 6981  -77  232
B 8495 7159  -77  213
B 8505 7359  -77  193
B 8515 7372  -77  173
B 8525 7482  -77  150
B 8535 7516  -77  129
B 8545 7516  -77  106
B 8555 7555  -77   83
B 8565 7565  -77   59
B 8575 7572  -77   34
B 8585 7577  -77    9
push -11 -10
push out at target
B 8595 7619   82  -15
B 8605 7620   82  -33
B 8615 7609   82  -37
B 8625 7561   82  -37
B 8635 7493   82  -37
B 8645 7540   82  -36
B 8655 7358   82  -36
B 8665 7392   82  -36
B 8675 7234   10  -36
B 8685 7633   10  -36
B 8695 7619   10  -36
B 8705 7621   10  -35
B 8715 7665   10  -30
B 8725 7685   10  -21
B 8735 7732   10  -11
B 8745 7773   10   -1
B 8755 7776   10    8
B 8765 7780   10   17
pb end 
B 8775 7782    0   27
B 8785 7779    0   35
B 8795 7783    0   41
B 8805 7783    0   47
B 8815 7786    0   51
B 8825 7784    0   54
B 8835 7787    0   57
B 8845 7789    0   58
B 8855 7789    0   58
B 8865 7786    0   58
SSS vs= 1.03  t=  192
%P VOLT1   = 7742
%P VOLT2   = 7863
%P S2_SC   =  1.03
%P L_ANG_MAX = 192
B 8875 7790   71   58
B 8885 7789   71   58
B 8895 7789   71   58
B 8905 7710   71   58
B 8915 7656   71   58
B 8925 7660   71   55
B 8935 7681   71   49
B 8945 7306   71   45
B 8955 7455   71   41
B 8965 7397   71   41
B 8975 7411   71   41
B 8985 7284   71   41
B 8996 7276   71   49
B 9006 7114   71   58
B 9016 7105  154   67
B 9026 7136  154   77
B 9036 7070  154   85
*** adj PULL_V2->150 
*** dt = 75 , A = 89 , rpm = 298 
B 9046 7201  154   95
B 9056 7185  154  105
B 9066 7200  154  117
B 9076 7120  154  130
B 9086 7129  154  144
B 9096 7111  154  159
B 9106 7058  154  173
pull out 189
B 9116 7081 -102  189
B 9126 7113 -102  205
B 9137 7136 -102  223
B 9148 7086 -102  240
B 9158 7121 -102  253
B 9168 7218 -102  269
B 9178 6851 -102  283
B 9188 6853 -102  296
B 9198 7143 -102  304
B 9208 7170 -102  305
B 9218 7138 -102  305
*** amax = 305  vhit = 75
B 9228 6989  -77  301
B 9238 6779  -77  288
B 9248 6801  -77  272
B 9258 6748  -77  256
B 9268 6838  -77  237
B 9278 6900  -77  219
B 9288 7117  -77  200
B 9298 7353  -77  180
B 9308 7366  -77  159
B 9318 7513  -77  137
B 9328 7550  -77  114
B 9338 7554  -77   91
B 9348 7560  -77   67
B 9358 7568  -77   43
B 9368 7575  -77   18
B 9378 7579  -77   -7
push -10 -10
push out at target
B 9388 7616   82  -19
B 9398 7592   82  -31
B 9408 7538   82  -44
B 9418 7434   82  -59
B 9428 7464   82  -71
B 9438 7398   82  -85
B 9448 7044   82 -100
B 9458 7037   82 -113
B 9468 7257   82 -123
B 9478 7285   74 -127
B 9488 7248   23 -127
B 9498 7145   10 -127
B 9508 6928   10 -121
B 9518 7041   10 -108
B 9528 7038   10  -95
B 9538 7160   10  -83
B 9548 7182   10  -69
B 9558 7689   10  -55
B 9568 7731   10  -42
B 9578 7732   10  -28
pb end 
B 9588 7741    0  -15
B 9598 7739    0   -1
B 9608 7738    0   11
B 9618 7779    0   21
B 9628 7745    0   27
B 9638 7745    0   33
B 9648 7782    0   36
B 9658 7783    0   37
B 9668 7784    0   38
B 9678 7783    0   38
B 9688 7784    0   38
SSS vs= 1.03  t=  187
%P VOLT1   = 7742
%P VOLT2   = 7849
%P S2_SC   =  1.03
%P L_ANG_MAX = 187
B 9698 7786   71   38
B 9708 7787   71   38
B 9718 7703   71   38
B 9728 7653   71   38
B 9738 7617   71   38
B 9748 7328   71   38
B 9758 7286   71   38
B 9768 7276   71   38
B 9778 7270   71   41
B 9788 7270   71   47
B 9798 7247   71   54
B 9808 7275  174   61
B 9818 7301  174   69
B 9828 7164  174   77
*** adj PULL_V2->170 
*** dt = 90 , A = 84 , rpm = 264 
B 9838 7148  174   85
B 9848 7129  174   95
B 9858 6971  174  105
B 9868 6998  174  117
B 9878 7005  174  129
B 9888 7059  174  141
B 9898 7042  174  155
B 9908 7056  174  169
B 9918 7102  174  185
pull out 197
B 9928 7143 -102  201
B 9938 7143 -102  217
B 9948 7123 -102  233
B 9958 7056 -102  248
B 9968 7092 -102  262
B 9978 7188 -102  277
B 9988 6817 -102  292
B 9998 6817 -102  304
B 10008 7109 -102  306
B 10018 7177 -102  306
*** amax = 306  vhit = 75
B 10028 7152  -77  305
B 10038 7040  -77  296
B 10048 6808  -77  281
B 10058 6871  -77  268
B 10068 6835  -77  253
B 10078 6892  -77  236
B 10088 6928  -77  219
B 10098 7307  -77  200
B 10108 7389  -77  180
B 10118 7393  -77  160
B 10128 7464  -77  138
B 10138 7469  -77  116
B 10148 7476  -77   93
B 10158 7520  -77   69
B 10168 7531  -77   45
B 10178 7538  -77   21
B 10188 7577  -77   -2
push -10 -10
push out at target
B 10198 7583   82  -24
B 10208 7577   82  -37
B 10218 7524   82  -48
B 10228 7434   82  -62
B 10238 7452   82  -75
B 10248 7458   82  -87
B 10258 6965   82 -101
B 10268 6978   82 -115
B 10278 7262   82 -125
B 10288 7283   75 -130
B 10298 7239   32 -130
B 10308 7200   10 -130
B 10318 6972   10 -125
B 10328 7084   10 -113
B 10338 7042   10  -99
B 10348 7161   10  -88
B 10358 7182   10  -74
B 10368 7691   10  -60
B 10378 7731   10  -47
B 10388 7735   10  -32
pb end 
B 10398 7737    0  -19
B 10408 7741    0   -6
B 10418 7739    0    6
B 10428 7741    0   17
B 10438 7743    0   24
B 10448 7746    0   29
B 10458 7780    0   33
B 10468 7782    0   34
B 10478 7783    0   35
B 10488 7783    0   36
B 10498 7782    0   36
SSS vs= 1.03  t=  182
%P VOLT1   = 7742
%P VOLT2   = 7849
%P S2_SC   =  1.03
%P L_ANG_MAX = 182
B 10508 7783   71   37
B 10518 7784   71   37
B 10528 7700   71   37
B 10538 7652   71   37
B 10548 7617   71   37
B 10558 7330   71   36
B 10568 7298   71   36
B 10578 7288   71   37
B 10588 7284   71   41
B 10598 7288   71   47
B 10608 7263   71   54
B 10618 7285  195   61
B 10628 7305  195   69
B 10638 7211  195   77
B 10648 7210  195   85
*** adj PULL_V2->190 
*** dt = 82 , A = 85 , rpm = 264 
B 10658 7158  195   93
B 10668 7175  195  103
B 10678 7167  195  113
B 10688 7163  195  125
B 10698 7063  195  137
B 10708 7073  195  150
B 10718 7087  195  165
B 10728 7094  195  179
pull out 182
B 10738 7108 -102  195
B 10748 7109 -102  209
B 10758 7090 -102  225
B 10768 7066 -102  240
B 10778 7101 -102  254
B 10788 7192 -102  269
B 10798 6855 -102  283
B 10808 6864 -102  295
B 10818 7126 -102  303
B 10828 7162 -102  304
B 10838 7136 -102  304
*** amax = 304  vhit = 75
B 10848 7059  -77  302
B 10858 6815  -77  289
B 10868 6837  -77  273
B 10878 6774  -77  257
B 10888 6850  -77  240
B 10898 6908  -77  221
B 10908 7121  -77  203
B 10918 7322  -77  184
B 10928 7339  -77  163
B 10938 7483  -77  142
B 10948 7522  -77  119
B 10958 7522  -77   97
B 10968 7524  -77   73
B 10978 7568  -77   49
B 10988 7574  -77   25
B 10998 7578  -77    1
push -11 -10
push out at target
B 11008 7581   82  -15
B 11018 7565   82  -26
B 11028 7517   82  -39
B 11038 7457   82  -53
B 11048 7475   82  -65
B 11058 7439   82  -79
B 11068 7013   82  -92
B 11078 7014   82 -105
B 11088 7292   82 -115
B 11098 7286   75 -119
B 11108 7244   23 -119
B 11118 7176   10 -119
B 11128 6995   10 -114
B 11138 7093   10 -101
B 11148 7048   10  -88
B 11158 7162   10  -76
B 11168 7183   10  -64
B 11178 7689   10  -51
B 11188 7728   10  -37
B 11198 7734   10  -23
pb end 
B 11208 7737    0  -10
B 11218 7739    0    2
B 11228 7738    0   13
B 11238 7741    0   23
B 11248 7776    0   29
B 11258 7779    0   33
B 11268 7780    0   37
B 11278 7780    0   38
B 11288 7782    0   38
B 11298 7782    0   38
B 11308 7780    0   38
SSS vs= 1.03  t=  182
%P VOLT1   = 7742
%P VOLT2   = 7846
%P S2_SC   =  1.03
%P L_ANG_MAX = 182
B 11318 7783   71   38
B 11328 7783   71   38
B 11338 7702   71   38
B 11348 7653   71   38
B 11358 7625   71   38
B 11368 7313   71   38
B 11378 7280   71   38
B 11388 7304   71   38
B 11398 7297   71   38
B 11408 7294   71   43
B 11418 7271   71   49
B 11428 7253   71   57
B 11438 7275  215   64
B 11448 7222  215   71
B 11458 7222  215   79
*** adj PULL_V2->210 
*** dt = 93 , A = 83 , rpm = 248 
B 11468 7176  215   87
B 11478 7196  215   97
B 11488 7185  215  106
B 11498 7179  215  117
B 11508 7073  215  129
B 11518 7051  215  141
B 11528 7061  215  154
B 11538 7076  215  168
B 11548 7122  215  182
pull out 194
B 11558 7127 -102  197
B 11568 7163 -102  213
B 11578 7166 -102  229
B 11588 7097 -102  245
B 11598 7102 -102  258
B 11608 7175 -102  274
B 11618 7219 -102  289
B 11628 6902 -102  301
B 11638 7117 -102  311
B 11648 7057 -102  311
B 11658 7260 -102  311
*** amax = 311  vhit = 75
B 11668 7301  -77  297
B 11678 7327  -77  284
B 11688 7011  -77  269
B 11698 6955  -77  252
B 11708 6983  -77  235
B 11718 7108  -77  217
B 11728 7304  -77  197
B 11738 7313  -77  179
B 11748 7496  -77  159
B 11758 7503  -77  137
B 11768 7513  -77  115
B 11778 7517  -77   93
B 11788 7556  -77   69
B 11798 7558  -77   47
B 11808 7558  -77   23
B 11818 7592  -77   -1
push -12 -10
push out at target
B 11828 7591   82  -23
B 11838 7585   82  -34
B 11848 7555   82  -39
B 11858 7491   82  -44
B 11868 7524   82  -51
B 11878 7512   82  -51
B 11888 7530   82  -51
B 11898 7231   82  -51
B 11908 7424   10  -51
B 11918 7431   10  -51
B 11928 7583   10  -51
B 11938 7647   10  -47
B 11948 7657   10  -40
B 11958 7664   10  -31
B 11968 7738   10  -20
B 11978 7741   10  -13
B 11988 7742   10   -2
B 11998 7739   10    9
pb end 
B 12008 7743    0   17
B 12018 7780    0   26
B 12028 7779    0   33
B 12038 7780    0   39
B 12048 7783    0   44
B 12058 7782    0   47
B 12068 7784    0   49
B 12078 7784    0   51
B 12088 7784    0   51
B 12098 7784    0   51
SSS vs= 1.03  t=  182
%P VOLT1   = 7742
%P VOLT2   = 7846
%P S2_SC   =  1.03
%P L_ANG_MAX = 182
B 12108 7782   71   51
B 12118 7784   71   51
B 12128 7786   71   51
B 12138 7784   71   51
B 12148 7694   71   51
B 12158 7671   71   48
B 12168 7672   71   43
B 12178 7323   71   38
B 12189 7298   71   33
B 12200 7423   71   32
B 12210 7467   71   33
B 12220 7445   71   33
B 12230 7370   71   34
B 12240 7234   71   43
B 12250 7247   71   51
B 12260 7126   71   59
B 12270 7181  236   67
B 12280 7194  236   75
B 12290 7246  236   84
*** adj PULL_V2->230 
*** dt = 75 , A = 85 , rpm = 281 
B 12300 7292  236   93
B 12310 7275  236  103
B 12320 7299  236  113
B 12330 7120  236  125
B 12340 7130  236  137
B 12350 7107  236  150
B 12360 7118  236  164
pull out 172
B 12370 7128 -102  178
B 12380 7172 -102  193
B 12390 7208 -102  207
B 12400 7150 -102  222
B 12410 7175 -102  234
B 12420 7246 -102  248
B 12430 7273 -102  261
B 12440 6970 -102  273
B 12450 7192 -102  285
B 12460 7195 -102  293
B 12470 7435 -102  296
*** amax = 296  vhit = 75
B 12480 7469  -77  295
B 12490 7481  -77  295
B 12500 7065  -77  287
B 12510 7007  -77  275
B 12520 7014  -77  261
B 12530 6980  -77  247
B 12540 7052  -77  231
B 12550 7055  -77  215
B 12560 7230  -77  197
B 12570 7338  -77  180
B 12580 7341  -77  161
B 12590 7484  -77  143
B 12600 7559  -77  125
B 12610 7564  -77  105
B 12620 7532  -77   85
B 12630 7535  -77   64
B 12640 7537  -77   43
B 12650 7541  -77   21
B 12660 7542  -77    0
push -11 -10
push out at target
B 12670 7542   82  -14
B 12680 7579   82  -23
B 12690 7544   82  -32
B 12700 7555   82  -41
B 12710 7534   82  -51
B 12720 7192   82  -60
B 12730 7198   82  -67
B 12740 7378   82  -76
B 12750 7488   66  -84
B 12760 7494   57  -89
B 12770 7596   32  -90
B 12780 7541    0  -90
B 12790 7549   10  -90
B 12800 7136   10  -88
B 12810 7421   10  -81
B 12820 7424   10  -76
B 12830 7709   10  -69
B 12840 7745   10  -62
B 12850 7746   10  -55
B 12860 7746   10  -48
B 12870 7748   10  -41
pb end 
B 12880 7748    0  -35
B 12890 7748    0  -27
B 12900 7748    0  -21
B 12910 7751    0  -15
B 12920 7746    0   -8
B 12930 7784    0   -3
B 12940 7789    0    2
B 12950 7786    0    6
B 12960 7782    0    9
B 12970 7789    0   11
SSS vs= 1.03  t=  187
%P VOLT1   = 7742
%P VOLT2   = 7856
%P S2_SC   =  1.03
%P L_ANG_MAX = 187
B 12980 7787   71   12
B 12990 7786   71   12
B 13000 7786   71   12
B 13010 7744   71   12
B 13020 7714   71   12
B 13030 7712   71   12
B 13040 7713   71   12
B 13050 7390   71   12
B 13060 7370   71   12
B 13070 7532   71   12
B 13080 7535   71   12
B 13090 7544   71   16
B 13100 7555   71   22
B 13110 7462   71   29
B 13120 7468   71   37
B 13130 7260   71   44
B 13140 7264   71   50
B 13150 7269   71   56
B 13160 7341  256   62
B 13170 7414  256   69
B 13180 7415  256   75
*** adj PULL_V2->250 
*** dt = 120 , A = 79 , rpm = 215 
B 13190 7406  256   81
B 13200 7326  256   89
B 13210 7320  256   96
B 13220 7320  256  104
B 13230 7146  256  113
B 13240 7150  256  122
B 13250 7225  256  131
B 13260 7193  256  141
B 13270 7196  256  152
B 13280 7199  256  163
B 13290 7199  256  173
B 13300 7202  256  185
pull out 193
B 13310 7237 -102  197
B 13320 7239 -102  209
B 13330 7232 -102  221
B 13340 7255 -102  233
B 13350 7264 -102  243
B 13360 7273 -102  253
B 13370 6992 -102  264
B 13380 7174 -102  273
B 13390 7176 -102  281
B 13400 7461 -102  285
B 13410 7531 -102  287
B 13420 7534 -102  287
*** amax = 287  vhit = 75
B 13430 7355  -77  286
B 13440 7071  -77  282
B 13450 7073  -77  272
B 13460 7039  -77  260
B 13470 7042  -77  247
B 13480 7040  -77  233
B 13490 7042  -77  219
B 13500 7219  -77  204
B 13510 7219  -77  189
B 13520 7433  -77  172
B 13530 7471  -77  154
B 13540 7471  -77  137
B 13550 7511  -77  119
B 13560 7511  -77  100
B 13570 7512  -77   80
B 13580 7512  -77   61
B 13590 7514  -77   40
B 13600 7514  -77   20
B 13610 7552  -77   -1
push -11 -10
push out at target
B 13620 7584   82  -13
B 13630 7584   82  -23
B 13640 7550   82  -32
B 13650 7544   82  -42
B 13660 7552   82  -52
B 13670 7455   82  -63
B 13680 7141   82  -71
B 13690 7147   82  -80
B 13700 7467   66  -89
B 13710 7541   66  -96
B 13720 7539   49  -99
B 13730 7541   14  -99
B 13740 7366   10  -99
B 13750 7379   10  -99
B 13760 7139   10  -93
B 13770 7320   10  -84
B 13780 7319   10  -77
B 13790 7713   10  -69
B 13800 7748   10  -60
B 13810 7751   10  -51
B 13820 7751   10  -43
pb end 
B 13830 7752    0  -35
B 13840 7751    0  -28
B 13850 7751    0  -21
B 13860 7753    0  -14
B 13870 7752    0   -7
B 13880 7753    0    0
B 13890 7755    0    5
B 13900 7752    0   10
B 13910 7789    0   14
B 13920 7789    0   17
SSS vs= 1.03  t=  192
%P VOLT1   = 7742
%P VOLT2   = 7860
%P S2_SC   =  1.03
%P L_ANG_MAX = 192
B 13930 7789   71   19
B 13940 7790   71   19
B 13950 7750   71   19
B 13960 7736   71   19
B 13970 7734   71   21
B 13980 7520   71   21
B 13990 7513   71   21
B 14000 7509   71   21
B 14010 7538   71   21
B 14020 7541   71   21
B 14030 7618   71   23
B 14040 7589   71   29
B 14050 7593   71   35
B 14060 7385   71   41
B 14070 7316   71   48
B 14080 7316   71   53
B 14090 7284   71   59
B 14100 7285  277   65
B 14110 7285  277   70
B 14120 7395  277   76
*** adj PULL_V2->270 
*** dt = 120 , A = 80 , rpm = 182 
B 14130 7387  277   82
B 14140 7387  277   88
B 14150 7355  277   94
B 14160 7281  277  101
B 14170 7283  277  108
B 14180 7176  277  116
B 14190 7175  277  124
B 14200 7174  277  133
B 14210 7135  277  142
B 14220 7171  277  152
B 14230 7171  277  163
B 14240 7207  277  173
pull out 180
B 14250 7209 -102  185
B 14260 7212 -102  197
B 14270 7242 -102  208
B 14280 7240 -102  217
B 14290 7247 -102  227
B 14300 7285 -102  237
B 14310 7040 -102  246
B 14320 7043 -102  253
B 14330 7399 -102  260
B 14340 7508 -102  262
*** amax = 263  vhit = 75
B 14350 7508  -77  262
B 14360 7542  -77  262
B 14370 7330  -77  261
B 14380 7333  -77  251
B 14390 7052  -77  240
B 14400 7050  -77  228
B 14410 7047  -77  214
B 14420 7156  -77  200
B 14430 7227  -77  185
B 14441 7227  -77  169
B 14451 7405  -77  153
B 14461 7478  -77  136
B 14471 7480  -77  120
B 14481 7518  -77  102
B 14491 7519  -77   83
B 14501 7522  -77   65
B 14511 7485  -77   46
B 14521 7487  -77   26
B 14531 7487  -77    8
B 14541 7521  -77   -9
push -10 -10
push out at target
B 14551 7557   82  -18
B 14561 7556   82  -27
B 14571 7553   82  -37
B 14581 7554   82  -48
B 14591 7561   82  -59
B 14601 7426   82  -71
B 14611 7322   82  -82
B 14621 7329   82  -91
B 14631 7440   66 -101
B 14641 7511   74 -110
B 14651 7507   66 -115
B 14661 7580   32 -115
B 14671 7450   10 -115
B 14681 7456   10 -115
B 14691 7143   10 -112
B 14701 7323   10 -104
B 14711 7323   10  -99
B 14721 7713   10  -91
B 14731 7715   10  -83
B 14741 7716   10  -76
B 14751 7753   10  -69
pb end 
B 14761 7753    0  -63
B 14771 7755    0  -56
B 14781 7752    0  -51
B 14791 7753    0  -46
B 14801 7755    0  -41
B 14811 7753    0  -36
B 14821 7755    0  -31
B 14831 7755    0  -26
B 14841 7756    0  -21
B 14851 7756    0  -16
SSS vs= 1.03  t=  197
%P VOLT1   = 7683
%P VOLT2   = 7867
%P S2_SC   =  1.03
%P L_ANG_MAX = 197
B 14861 7755   72  -11
B 14871 7790   72   -7
B 14881 7766   72   -3
B 14893 7742   72    1
B 14903 7741   72    4
B 14913 7740   72    5
B 14923 7496   72    7
B 14933 7500   72   12
B 14943 7569   72   12
B 14953 7600   72   13
B 14963 7595   72   16
B 14973 7624   72   20
B 14983 7592   72   27
B 14993 7595   72   33
B 15003 7490   72   41
B 15013 7246   72   47
B 15023 7248   72   53
B 15033 7251   72   60
B 15043 7360  234   66
B 15053 7362  299   72
B 15063 7358  299   77
B 15073 7391  299   84
*** adj PULL_V2->290 
*** dt = 120 , A = 86 , rpm = 199 
B 15083 7392  299   90
B 15093 7357  299   97
B 15103 7182  299  104
B 15113 7182  299  112
B 15123 7183  299  119
B 15133 7183  299  128
B 15143 7182  299  137
B 15153 7179  299  146
B 15163 7179  299  157
B 15173 7178  299  167
B 15183 7213  299  178
B 15193 7251  299  189
pull out 193
B 15203 7251 -103  201
B 15213 7253 -103  213
B 15223 7248 -103  225
B 15233 7247 -103  236
B 15243 7287 -103  245
B 15253 7006 -103  255
B 15263 7009 -103  265
B 15273 7155 -103  273
B 15283 7475 -103  281
B 15293 7477 -103  285
B 15303 7548 -103  285
B 15313 7406 -103  285
*** amax = 285  vhit = 75
B 15323 7406  -77  284
B 15333 7194  -77  278
B 15343 7052  -77  268
B 15353 7054  -77  256
B 15363 7054  -77  244
B 15373 7054  -77  232
B 15383 7056  -77  219
B 15393 7233  -77  205
B 15403 7412  -77  190
B 15413 7410  -77  175
B 15423 7454  -77  157
B 15433 7451  -77  140
B 15443 7454  -77  123
B 15453 7453  -77  105
B 15463 7488  -77   87
B 15473 7488  -77   69
B 15483 7524  -77   49
B 15493 7559  -77   29
B 15503 7557  -77    9
B 15513 7557  -77   -9
push -10 -10
push out at target
B 15523 7557   82  -18
B 15533 7557   82  -27
B 15543 7555   82  -37
B 15553 7528   82  -49
B 15563 7531   82  -60
B 15573 7464   82  -72
B 15583 7257   82  -83
B 15593 7260   82  -92
B 15603 7406   66 -104
B 15613 7583   82 -112
B 15623 7587   57 -117
B 15633 7586   32 -117
B 15643 7275   10 -117
B 15653 7282   10 -117
B 15663 7323   10 -115
B 15673 7608   10 -108
B 15683 7610   10 -104
B 15693 7682   10  -97
B 15703 7716   10  -91
B 15713 7717   10  -85
B 15723 7755   10  -79
B 15733 7753   10  -74
pb end 
B 15743 7753    0  -69
B 15753 7753    0  -65
B 15763 7753    0  -61
B 15773 7756    0  -57
B 15783 7756    0  -53
B 15793 7759    0  -49
B 15803 7756    0  -46
B 15813 7756    0  -42
B 15823 7757    0  -39
SSS vs= 1.03  t=  202
%P VOLT1   = 7683
%P VOLT2   = 7870
%P S2_SC   =  1.03
%P L_ANG_MAX = 202
B 15833 7756   72  -34
B 15843 7756   72  -30
B 15853 7768   72  -26
B 15863 7748   72  -21
B 15873 7740   72  -16
B 15883 7352   72  -12
B 15893 7354   72   -7
B 15903 7463   72   -3
B 15913 7572   72    3
B 15923 7572   72    8
B 15933 7646   72   12
B 15943 7647   72   17
B 15953 7646   72   23
B 15963 7644   72   30
B 15973 7461   72   37
B 15983 7457   72   45
B 15993 7280   72   53
B 16003 7247   72   60
B 16013 7248  195   66
B 16023 7322  319   73
B 16033 7393  319   81
B 16043 7391  319   87
*** adj PULL_V2->310 
*** dt = 117 , A = 93 , rpm = 231 
B 16053 7428  319   95
B 16063 7287  319  102
B 16073 7288  319  110
B 16083 7185  319  118
B 16093 7220  319  127
B 16103 7220  319  136
B 16113 7221  319  145
B 16123 7186  319  155
B 16133 7188  319  165
B 16143 7223  319  176
B 16153 7260  319  188
B 16163 7257  319  199
pull out 205
B 16173 7220 -103  210
B 16183 7256 -103  222
B 16193 7248 -103  234
B 16203 7281 -103  245
B 16213 7285 -103  255
B 16223 7291 -103  266
B 16233 7292 -103  277
B 16243 7260 -103  286
B 16253 7262 -103  293
B 16263 7405 -103  299
B 16273 7548 -103  300
B 16283 7549 -103  300
*** amax = 300  vhit = 75
B 16293 7477  -77  299
B 16303 7052  -77  294
B 16313 7054  -77  284
B 16323 7054  -77  272
B 16333 7054  -77  260
B 16343 7054  -77  247
B 16353 7126  -77  233
B 16363 7303  -77  219
B 16373 7306  -77  205
B 16383 7415  -77  189
B 16393 7488  -77  173
B 16403 7488  -77  157
B 16413 7489  -77  138
B 16423 7492  -77  120
B 16433 7491  -77  101
B 16443 7526  -77   83
B 16453 7526  -77   63
B 16463 7525  -77   43
B 16473 7560  -77   23
B 16483 7560  -77    3
push -11 -10
push out at target
B 16493 7560   82  -12
B 16503 7560   82  -21
B 16513 7596   82  -31
B 16523 7564   82  -41
B 16533 7565   82  -51
B 16543 7466   82  -63
B 16553 7471   82  -74
B 16563 7295   82  -82
B 16573 7442   57  -93
B 16584 7444   82 -103
B 16594 7589   67 -108
B 16604 7592   32 -110
B 16614 7592    6 -110
B 16624 7238   10 -110
B 16634 7426   10 -109
B 16644 7431   10 -101
B 16654 7290   10  -94
B 16664 7682   10  -88
B 16674 7683   10  -80
B 16684 7719   10  -73
B 16694 7719   10  -65
B 16704 7719   10  -59
B 16714 7755   10  -53
pb end 
B 16724 7755    0  -47
B 16734 7756    0  -41
B 16744 7756    0  -36
B 16754 7756    0  -31
B 16764 7756    0  -25
B 16774 7756    0  -19
B 16784 7757    0  -14
B 16794 7757    0   -9
B 16804 7756    0   -3
B 16814 7759    0    1
SSS vs= 1.03  t=  207
%P VOLT1   = 7683
%P VOLT2   = 7870
%P S2_SC   =  1.03
%P L_ANG_MAX = 207
B 16824 7756   72    4
B 16834 7760   72    7
B 16844 7732   72    9
B 16854 7715   72   10
B 16864 7747   72   10
B 16874 7747   72   10
B 16884 7748   72   13
B 16894 7537   72   13
B 16904 7569   72   13
B 16915 7565   72   13
B 16925 7633   72   15
B 16935 7638   72   20
B 16946 7641   72   26
B 16956 7502   72   33
B 16966 7328   72   39
B 16976 7329   72   45
B 16986 7260   72   50
B 16996 7295   72   55
B 17006 7298   87   61
B 17016 7335  150   66
B 17026 7399  245   72
B 17036 7399  340   77
B 17046 7365  340   83
B 17056 7365  340   89
B 17066 7365  340   96
*** adj PULL_V2->330 
*** dt = 120 , A = 97 , rpm = 215 
B 17076 7189  340  102
B 17086 7189  340  109
B 17096 7189  340  117
B 17106 7155  340  125
B 17116 7158  340  133
B 17126 7152  340  141
B 17136 7189  340  151
B 17146 7223  340  161
B 17156 7223  340  172
B 17166 7221  340  182
B 17176 7221  340  193
B 17186 7224  340  204
pull out 207
B 17196 7261 -103  216
B 17206 7261 -103  227
B 17216 7261 -103  239
B 17226 7288 -103  251
B 17236 7288 -103  259
B 17246 7295 -103  270
B 17256 7298 -103  281
B 17266 7122 -103  289
B 17276 7124 -103  297
B 17286 7446 -103  304
B 17296 7516 -103  305
B 17306 7518 -103  305
B 17316 7481 -103  305
*** amax = 305  vhit = 75
B 17326 7270  -77  302
B 17336 7270  -77  293
B 17346 7057  -77  281
B 17356 7056  -77  270
B 17366 7058  -77  259
B 17376 7058  -77  247
B 17386 7095  -77  233
B 17396 7097  -77  220
B 17406 7417  -77  205
B 17416 7420  -77  188
B 17426 7420  -77  172
B 17436 7421  -77  155
B 17446 7457  -77  138
B 17456 7457  -77  121
B 17466 7492  -77  103
B 17476 7526  -77   83
B 17486 7526  -77   63
B 17496 7525  -77   43
B 17506 7559  -77   23
B 17516 7559  -77    1
push -11 -10
push out at target
B 17526 7560   82  -13
B 17536 7559   82  -22
B 17546 7538   82  -32
B 17556 7569   82  -43
B 17566 7537   82  -53
B 17576 7543   82  -63
B 17586 7121   82  -73
B 17596 7409   82  -81
B 17606 7412   57  -91
B 17616 7519   75  -99
B 17626 7592   57 -102
B 17636 7593   14 -103
B 17646 7488    0 -103
B 17656 7143   10 -103
B 17666 7152   10  -99
B 17676 7397   10  -92
B 17686 7719   10  -86
B 17696 7720   10  -79
B 17706 7720   10  -71
B 17716 7719   10  -64
B 17726 7719   10  -58
B 17736 7721   10  -52
pb end 
B 17746 7756    0  -46
B 17756 7755    0  -40
B 17766 7756    0  -34
B 17776 7756    0  -28
B 17786 7757    0  -23
B 17796 7757    0  -16
B 17806 7759    0  -11
B 17816 7759    0   -5
B 17826 7759    0   -1
B 17836 7756    0    3
SSS vs= 1.03  t=  212
%P VOLT1   = 7683
%P VOLT2   = 7877
%P S2_SC   =  1.03
%P L_ANG_MAX = 212
B 17846 7759   72    6
B 17856 7757   72    8
B 17866 7748   72    9
B 17876 7723   72   10
B 17886 7714   72   10
B 17896 7714   72   10
B 17906 7715   72   11
B 17916 7433   72   11
B 17926 7573   72   11
B 17936 7570   72   11
B 17946 7607   72   11
B 17956 7609   72   14
B 17966 7607   72   19
B 17976 7575   72   25
B 17986 7294   72   32
B 17996 7294   72   38
B 18006 7297   72   44
B 18016 7261   72   49
B 18026 7262   72   55
B 18036 7299   72   60
B 18046 7407  137   65
B 18056 7409  202   70
B 18066 7406  281   76
B 18076 7366  346   82
B 18086 7368  360   87
B 18096 7332  360   93
B 18106 7155  360   99
*** adj PULL_V2->350 
*** dt = 120 , A = 100 , rpm = 198 
B 18116 7155  360  106
B 18126 7192  360  113
B 18136 7193  360  121
B 18146 7192  360  128
B 18156 7192  360  137
B 18166 7188  360  146
B 18176 7190  360  155
B 18186 7189  360  165
B 18196 7226  360  176
B 18206 7226  360  186
B 18216 7227  360  197
B 18226 7264  360  208
pull out 209
B 18236 7264 -103  220
B 18246 7264 -103  230
B 18256 7299 -103  241
B 18266 7292 -103  254
B 18276 7292 -103  264
B 18286 7297 -103  273
B 18296 7301 -103  284
B 18306 7301 -103  293
B 18316 7338 -103  301
B 18326 7340 -103  308
*** amax = 309  vhit = 75
B 18336 7447  -77  308
B 18346 7555  -77  308
B 18356 7557  -77  308
B 18366 7487  -77  299
B 18376 7098  -77  289
B 18386 7098  -77  280
B 18396 7098  -77  269
B 18406 7241  -77  257
B 18416 7243  -77  245
B 18426 7278  -77  233
B 18436 7386  -77  217
B 18446 7386  -77  203
B 18456 7421  -77  187
B 18466 7457  -77  171
B 18476 7458  -77  155
B 18486 7492  -77  137
B 18496 7526  -77  119
B 18506 7526  -77  101
B 18516 7526  -77   81
B 18526 7525  -77   61
B 18536 7525  -77   41
B 18546 7525  -77   19
B 18556 7556  -77   -1
push -10 -10
push out at target
B 18566 7560   82  -15
B 18576 7594   82  -24
B 18586 7584   82  -34
B 18596 7569   82  -44
B 18606 7573   82  -55
B 18616 7507   82  -65
B 18626 7511   82  -76
B 18636 7158   82  -84
B 18647 7483   57  -95
B 18658 7556   75 -104
B 18668 7560   59 -108
B 18678 7596   23 -108
B 18688 7382   10 -108
B 18698 7386   10 -108
B 18708 7396   10 -107
B 18718 7257   10  -99
B 18728 7257   10  -95
B 18738 7720   10  -87
B 18748 7720   10  -81
B 18758 7719   10  -75
B 18768 7721   10  -68
B 18778 7721   10  -63
pb end 
B 18788 7720    0  -56
B 18798 7756    0  -51
B 18808 7757    0  -45
B 18818 7757    0  -40
B 18828 7757    0  -35
B 18838 7759    0  -29
B 18848 7759    0  -23
B 18858 7756    0  -17
B 18869 7757    0  -11
SSS vs= 1.03  t=  217
%P VOLT1   = 7683
%P VOLT2   = 7870
%P S2_SC   =  1.03
%P L_ANG_MAX = 217
B 18879 7759   72   -6
B 18889 7759   72   -2
B 18899 7729   72    1
B 18909 7721   72    5
B 18919 7720   72    8
B 18929 7682   72    9
B 18940 7685   72   10
B 18950 7543   72   14
B 18960 7582   72   15
B 18970 7580   72   15
B 18980 7652   72   16
B 18990 7650   72   20
B 19000 7646   72   25
B 19010 7537   72   31
B 19020 7398   72   38
B 19030 7399   72   45
B 19040 7258   72   50
B 19050 7294   72   56
B 19060 7298   83   62
B 19071 7369  152   68
B 19082 7368  220   74
B 19093 7402  312   81
B 19103 7402  369   87
B 19113 7368  381   93
B 19123 7229  381  100
B 19133 7229  381  106
*** adj PULL_V2->370 
*** dt = 120 , A = 108 , rpm = 215 
B 19143 7194  381  113
B 19153 7196  381  121
B 19163 7194  381  129
B 19173 7196  381  137
B 19183 7231  381  146
B 19193 7230  381  155
B 19203 7230  381  165
B 19213 7230  381  175
B 19223 7229  381  185
B 19233 7265  381  196
B 19243 7265  381  207
B 19253 7264  381  217
pull out 220
B 19263 7262 -103  229
B 19273 7294 -103  241
B 19283 7292 -103  251
B 19293 7297 -103  260
B 19303 7299 -103  270
B 19313 7301 -103  280
B 19323 7161 -103  288
B 19333 7447 -103  295
B 19343 7448 -103  299
B 19353 7521 -103  299
B 19363 7518 -103  299
B 19373 7519 -103  299
*** amax = 299  vhit = 75
B 19383 7093  -77  293
B 19393 7094  -77  283
B 19403 7093  -77  272
B 19413 7094  -77  260
B 19423 7098  -77  248
B 19433 7098  -77  236
B 19443 7203  -77  223
B 19453 7421  -77  208
B 19463 7420  -77  193
B 19473 7458  -77  176
B 19483 7458  -77  159
B 19493 7460  -77  143
B 19503 7495  -77  125
B 19513 7495  -77  108
B 19523 7492  -77   90
B 19533 7563  -77   71
B 19543 7563  -77   52
B 19553 7563  -77   32
B 19563 7563  -77   12
B 19573 7563  -77   -8
push -10 -10
push out at target
B 19583 7562   82  -16
B 19593 7565   82  -25
B 19603 7598   82  -35
B 19613 7582   82  -45
B 19623 7534   82  -57
B 19633 7469   82  -69
B 19643 7474   82  -80
B 19653 7192   82  -89
B 19663 7374   66 -102
B 19673 7374   82 -112
B 19683 7552   75 -120
B 19693 7590   57 -124
B 19703 7593   23 -125
B 19713 7343    0 -125
B 19723 7247   10 -125
B 19733 7254   10 -122
B 19743 7400   10 -115
B 19753 7434   10 -109
B 19763 7435   10 -102
B 19773 7720   10  -95
B 19783 7720   10  -88
B 19793 7720   10  -81
B 19803 7721   10  -75
B 19813 7716   10  -71
pb end 
B 19823 7720    0  -66
B 19833 7756    0  -61
B 19843 7757    0  -57
B 19853 7757    0  -53
B 19863 7757    0  -49
B 19873 7759    0  -45
B 19883 7759    0  -41
B 19893 7759    0  -37
B 19903 7759    0  -33
SSS vs= 1.03  t=  222
%P VOLT1   = 7683
%P VOLT2   = 7874
%P S2_SC   =  1.03
%P L_ANG_MAX = 222
B 19913 7759   72  -29
B 19923 7759   72  -25
B 19933 7759   72  -21
B 19943 7728   72  -18
B 19953 7720   72  -15
B 19963 7717   72  -11
B 19973 7715   72   -7
B 19983 7470   72   -5
B 19993 7543   72   -2
B 20003 7543   72    4
B 20013 7616   72    7
B 20023 7651   72   10
B 20033 7648   72   15
B 20043 7644   72   21
B 20053 7607   72   29
B 20063 7610   72   36
B 20073 7329   72   43
B 20083 7295   72   49
B 20093 7298   72   55
B 20103 7298   72   61
B 20113 7371  133   66
B 20123 7374  185   72
B 20133 7443  247   77
B 20144 7437  309   84
B 20154 7439  371   89
B 20164 7368  402   96
B 20174 7193  402  102
B 20184 7192  402  109
*** adj PULL_V2->390 
*** dt = 120 , A = 111 , rpm = 215 
B 20194 7230  402  115
B 20204 7229  402  123
B 20214 7230  402  130
B 20224 7193  402  139
B 20234 7229  402  147
B 20244 7229  402  157
B 20254 7227  402  166
B 20264 7262  402  176
B 20274 7262  402  186
B 20284 7264  402  197
B 20294 7264  402  208
B 20304 7264  402  218
pull out 223
B 20314 7299 -103  229
B 20324 7299 -103  240
B 20334 7292 -103  252
B 20344 7294 -103  262
B 20354 7297 -103  271
B 20364 7294 -103  281
B 20374 7053 -103  291
B 20384 7268 -103  299
B 20394 7268 -103  306
B 20404 7484 -103  308
B 20414 7556 -103  308
B 20424 7555 -103  308
*** amax = 308  vhit = 75
B 20434 7415  -77  304
B 20444 7202  -77  295
B 20454 7202  -77  285
B 20464 7095  -77  276
B 20474 7134  -77  265
B 20484 7135  -77  253
B 20494 7207  -77  241
B 20504 7347  -77  228
B 20514 7349  -77  213
B 20525 7421  -77  197
B 20535 7458  -77  181
B 20545 7458  -77  166
B 20555 7458  -77  149
B 20565 7492  -77  132
B 20575 7492  -77  114
B 20585 7526  -77   96
B 20595 7528  -77   77
B 20605 7525  -77   57
B 20616 7525  -77   35
B 20626 7525  -77   14
B 20636 7525  -77   -6
push -11 -10
push out at target
B 20646 7560   82  -19
B 20656 7560   82  -28
B 20666 7560   82  -38
B 20676 7582   82  -48
B 20686 7570   82  -60
B 20696 7575   82  -71
B 20706 7439   82  -83
B 20716 7193   82  -92
B 20726 7197   66 -104
B 20736 7447   82 -115
B 20746 7557   82 -123
B 20756 7559   57 -127
B 20766 7598   23 -127
B 20776 7464   10 -127
B 20786 7467   10 -127
B 20796 7329   10 -127
B 20806 7612   10 -126
B 20816 7614   10 -121
B 20826 7721   10 -117
B 20836 7720   10 -112
B 20846 7720   10 -109
B 20856 7721   10 -105
pb end 
B 20866 7757    0 -103
B 20876 7757    0 -100
B 20886 7757    0  -99
B 20896 7757    0  -97
B 20906 7759    0  -95
B 20916 7759    0  -95
B 20926 7756    0  -93
B 20936 7757    0  -93
B 20946 7759    0  -92
B 20956 7759    0  -92
SSS vs= 1.03  t=  227
%P VOLT1   = 7683
%P VOLT2   = 7874
%P S2_SC   =  1.03
%P L_ANG_MAX = 227
B 20968 7760   72  -92
B 20978 7757   72  -92
B 20988 7725   72  -92
B 20999 7752   72  -92
B 21009 7752   72  -92
B 21019 7720   72  -91
B 21029 7471   72  -91
B 21039 7471   72  -91
B 21049 7546   72  -87
B 21059 7583   72  -81
B 21069 7582   72  -75
B 21080 7480   72  -68
B 21090 7335   72  -60
B 21100 7338   72  -52
B 21110 7265   72  -47
B 21120 7301   72  -45
B 21130 7298   72  -45
B 21140 7364   72  -45
B 21150 7433   72  -45
B 21160 7437   72  -45
B 21171 7439   72  -45
B 21182 7264   72  -45
B 21193 7336   72  -45
B 21203 7338   72  -45
B 21213 7338   72  -45
B 21224 7303   72  -45
B 21235 7303   72  -45
B 21245 7338   72  -45
B 21255 7340   72  -45
B 21265 7339   72  -45
B 21275 7305   72  -45
B 21285 7306   72  -45
B 21295 7306   72  -45
B 21305 7305   72  -45
B 21315 7306   72  -45
B 21325 7305   72  -45
B 21335 7306   72  -45
B 21345 7343   72  -45
B 21355 7343   72  -45
B 21365 7306   72  -45
B 21375 7378   72  -45
B 21385 7379   72  -45
B 21395 7376   72  -45
B 21405 7342   72  -45
B 21416 7340   72  -45
B 21426 7378   72  -45
B 21436 7378   72  -45
B 21446 7413   72  -45
B 21456 7413   72  -45
pull bail out
B 21466 7379   72  -45
push -45 -10
push out at target
B 21476 7380   82  -45
B 21486 7415   82  -45
B 21496 7415   82  -45
B 21506 7416   82  -45
B 21516 7412   82  -45
B 21526 7448   82  -45
B 21536 7448   82  -45
B 21546 7376   82  -45
B 21556 7416   10  -45
B 21566 7413   10  -45
B 21576 7454   10  -45
B 21586 7465   10  -45
B 21596 7468   10  -45
B 21606 7471   10  -45
B 21616 7648   10  -45
B 21626 7649   10  -45
B 21636 7720   10  -45
B 21646 7719   10  -45
pb end 
B 21656 7720    0  -45
B 21666 7721    0  -45
B 21676 7721    0  -45
B 21686 7721    0  -45
B 21696 7760    0  -45
B 21706 7759    0  -45
B 21716 7759    0  -45
B 21726 7760    0  -45
B 21736 7760    0  -45
B 21746 7759    0  -45
SSS vs= 1.03  t=  232
%P VOLT1   = 7683
%P VOLT2   = 7874
%P S2_SC   =  1.03
%P L_ANG_MAX = 232
B 21756 7760   72  -45
B 21766 7759   72  -45
B 21776 7737   72  -45
B 21787 7721   72  -45
B 21797 7720   72  -45
B 21808 7436   72  -45
B 21818 7436   72  -45
B 21828 7510   72  -45
B 21838 7511   72  -45
B 21848 7514   72  -45
B 21858 7443   72  -45
B 21868 7443   72  -45
B 21878 7444   72  -45
B 21888 7407   72  -45
B 21898 7440   72  -45
B 21908 7446   72  -45
B 21918 7481   72  -45
B 21928 7447   72  -45
B 21938 7447   72  -45
B 21948 7483   72  -45
B 21958 7519   72  -45
B 21968 7519   72  -45
B 21978 7485   72  -45
B 21988 7521   72  -45
B 21998 7519   72  -45
B 22008 7483   72  -45
B 22018 7521   72  -45
B 22028 7519   72  -45
B 22038 7485   72  -45
B 22048 7519   72  -45
B 22058 7519   72  -45
B 22068 7521   72  -45
B 22079 7521   72  -45
B 22089 7521   72  -45
B 22099 7521   72  -45
B 22110 7522   72  -45
B 22120 7522   72  -45
B 22130 7519   72  -45
B 22141 7556   72  -45
B 22151 7556   72  -45
B 22161 7559   72  -45
B 22172 7557   72  -45
B 22183 7557   72  -45
B 22193 7557   72  -45
B 22203 7556   72  -45
B 22213 7593   72  -45
B 22223 7593   72  -43
B 22233 7593   72  -39
B 22243 7594   72  -35
pull bail out
B 22253 7594   10  -31
B 22263 7594   10  -27
B 22273 7630   10  -22
B 22283 7639   10  -18
B 22293 7648   10  -14
B 22303 7648   10   -9
B 22313 7649   10   -3
B 22323 7756   10    1
B 22333 7756   10    5
B 22343 7757   10    9
B 22353 7755   10   12
B 22363 7757   10   14
B 22373 7756   10   16
B 22383 7757   10   17
B 22393 7755   10   17
B 22403 7759   10   17
B 22413 7756   10   17
B 22423 7759   10   17
B 22433 7756   10   17
B 22443 7757   10   17
B 22453 7759   10   16
B 22463 7759   10   16
B 22473 7757   10   15
B 22483 7757   10   11
B 22493 7757   10    8
B 22503 7756   10    5
B 22513 7757   10    2
B 22523 7757   10   -1
B 22533 7756   10   -3
B 22543 7759   10   -5
B 22553 7762   10   -7
B 22563 7759   10   -8
B 22573 7759   10   -9
B 22583 7759   10   -9
B 22593 7757   10   -9
B 22603 7756   10   -9
B 22613 7757   10   -9
B 22623 7759   10   -9
B 22633 7794   10   -9
B 22643 7794   10   -9
B 22653 7757 -103   -9
B 22663 7759 -103   -9
B 22673 7735 -103   -9
B 22683 7703 -103   -9
B 22693 7699 -103   -7
B 22703 7703 -103   -5
B 22713 7351 -103   -3
B 22723 7426 -103   -3
B 22733 7428 -103   -2
*** amax = -2  vhit = 127
B 22743 7537 -130   -3
B 22753 7573 -130   -3
B 22763 7573 -130   -3
B 22773 7570 -130   -3
B 22783 7463 -130   -7
push -10 -10
push out at target
B 22793 7467   82  -11
B 22803 7362   82  -16
B 22813 7364   82  -20
B 22823 7366   82  -25
B 22833 7440   82  -29
B 22843 7514   82  -31
B 22853 7512   82  -35
B 22863 7584   82  -39
B 22873 7587   23  -43
B 22883 7586   23  -47
B 22893 7631   23  -51
B 22903 7639   23  -53
B 22913 7642    6  -55
B 22923 7642    6  -55
B 22933 7715   10  -55
B 22943 7716   10  -55
B 22953 7719   10  -56
B 22963 7720   10  -56
B 22973 7720   10  -56
B 22983 7756   10  -55
B 22993 7757   10  -55
B 23003 7756   10  -55
B 23013 7757   10  -55
B 23023 7757   10  -55
pb end 
B 23033 7757    0  -54
B 23043 7759    0  -52
B 23053 7759    0  -50
B 23063 7760    0  -47
B 23073 7760    0  -45
B 23083 7759    0  -43
B 23093 7759    0  -40
B 23103 7760    0  -38
B 23113 7760    0  -35
SSS vs= 1.03  t=  237
%P VOLT1   = 7683
%P VOLT2   = 7877
%P S2_SC   =  1.03
%P L_ANG_MAX = 237
B 23123 7760   72  -32
B 23133 7760   72  -29
B 23143 7732   72  -25
B 23153 7713   72  -23
B 23163 7742   72  -19
B 23173 7711   72  -15
B 23183 7715   72  -11
B 23193 7539   72   -5
B 23203 7575   72   -1
B 23213 7578   72    4
B 23223 7614   72    9
B 23233 7652   72   14
B 23243 7652   72   20
B 23253 7582   72   25
B 23263 7514   72   30
B 23273 7511   72   35
B 23283 7473   72   39
B 23293 7471   72   44
B 23303 7466   72   48
B 23313 7539   72   52
B 23323 7543   72   55
B 23333 7543   72   58
B 23343 7582   79   61
B 23353 7548   94   63
B 23363 7548  109   65
B 23373 7548  116   66
B 23383 7545  124   67
B 23393 7542  124   67
B 23403 7580  124   67
B 23413 7545  124   67
B 23423 7545  124   67
B 23433 7617  124   67
B 23443 7620  124   67
B 23453 7619  124   67
B 23463 7620  124   67
B 23473 7623  124   67
B 23483 7624  124   67
B 23493 7657  124   67
B 23503 7658  124   67
B 23513 7660  124   67
B 23523 7658  124   67
B 23533 7661  124   67
B 23543 7661  124   67
B 23553 7660  124   67
B 23563 7660  124   67
B 23573 7661  124   67
B 23583 7661  124   67
B 23593 7660  124   67
B 23603 7662  124   67
B 23613 7661  124   67
pull bail out
B 23623 7662  124   67
B 23633 7661 -103   67
B 23643 7660 -103   67
B 23653 7662 -103   67
B 23663 7661 -103   67
B 23673 7662 -103   67
B 23683 7662 -103   67
B 23693 7664 -103   67
B 23703 7664 -103   67
B 23713 7664 -103   67
B 23723 7665 -103   67
B 23733 7701 -103   67
B 23743 7666 -103   66
*** amax = 67  vhit = 127
B 23753 7664 -130   62
B 23763 7664 -130   57
B 23773 7664 -130   52
B 23783 7664 -130   46
B 23793 7699 -130   40
B 23803 7665 -130   31
B 23813 7665 -130   24
B 23823 7699 -130   17
B 23833 7698 -130    9
B 23843 7698 -130    2
B 23853 7662 -130   -4
B 23863 7664 -130   -7
B 23873 7664 -130   -9
push -10 -10
push out at target
B 23883 7662   82  -11
B 23893 7664   82  -14
B 23903 7662   82  -17
B 23913 7661   82  -20
B 23923 7658   82  -24
B 23933 7658   82  -27
B 23943 7660   82  -31
B 23953 7662   82  -33
B 23963 7664    6  -35
B 23973 7664    6  -38
B 23983 7664   14  -41
B 23993 7676   14  -44
B 24003 7682   14  -47
B 24013 7716   14  -49
B 24023 7720    6  -51
B 24033 7756    6  -53
B 24043 7755    6  -55
B 24053 7757    6  -56
B 24063 7756    0  -56
B 24073 7757   10  -56
B 24083 7760   10  -56
B 24093 7759   10  -56
B 24103 7793   10  -56
B 24113 7793   10  -56
B 24123 7757   10  -56
B 24133 7755   10  -56
B 24143 7757   10  -56
B 24153 7757   10  -56
B 24163 7756   10  -56
pb end 
B 24173 7757    0  -56
B 24183 7757    0  -56
B 24193 7757    0  -56
B 24203 7757    0  -56
B 24213 7759    0  -56
B 24223 7760    0  -56
B 24233 7759    0  -56
B 24243 7794    0  -56
B 24253 7797    0  -56
B 24263 7796    0  -56
SSS vs= 1.03  t=  242
%P VOLT1   = 7742
%P VOLT2   = 7874
%P S2_SC   =  1.03
%P L_ANG_MAX = 242
B 24273 7796   71  -56
B 24283 7796   71  -56
B 24293 7780   71  -56
B 24303 7756   71  -56
B 24314 7751   71  -56
B 24324 7751   71  -56
B 24334 7575   71  -56
B 24344 7578   71  -56
B 24354 7580   71  -56
B 24364 7616   71  -56
B 24374 7580   71  -56
B 24384 7582   71  -54
B 24394 7616   71  -49
B 24404 7616   71  -45
B 24414 7616   71  -40
B 24424 7617   71  -35
B 24434 7652   71  -31
B 24444 7652   71  -25
B 24454 7655   71  -19
B 24464 7655   71  -13
B 24474 7657   71   -7
B 24484 7657   71    0
B 24494 7693   71    5
B 24504 7693   71   11
B 24514 7660   71   16
B 24524 7661   71   21
B 24534 7660   71   24
B 24544 7660   71   28
B 24554 7660   71   31
B 24564 7655   71   33
B 24574 7658   71   35
B 24584 7657   71   37
B 24594 7655   71   37
B 24604 7657   71   38
B 24614 7657   71   38
B 24624 7657   71   38
B 24634 7660   71   38
B 24644 7658   71   38
B 24654 7660   71   38
B 24664 7695   71   38
B 24674 7696   71   38
B 24684 7695   71   38
B 24694 7698   71   38
B 24704 7661   71   38
B 24714 7661   71   38
B 24724 7698   71   38
B 24734 7696   71   38
B 24744 7699   71   38
B 24754 7698   71   38
pull bail out
B 24764 7698   71   38
B 24774 7701   10   38
B 24784 7696   10   38
B 24794 7699   10   38
B 24804 7713   10   38
B 24814 7716   10   38
B 24824 7719   10   38
B 24835 7724   10   38
B 24845 7756   10   38
B 24855 7756   10   38
B 24865 7755   10   38
B 24875 7757   10   38
B 24885 7757   10   38
B 24895 7757   10   38
B 24905 7755   10   38
B 24915 7757   10   38
B 24925 7757   10   38
B 24935 7757   10   37
B 24945 7757   10   37
B 24955 7759   10   36
B 24965 7793   10   35
B 24975 7793   10   34
B 24985 7794   10   33
B 24995 7793   10   32
B 25005 7793 -103   31
B 25015 7794 -103   30
*** amax = 31  vhit = 127
B 25025 7793 -131   29
B 25035 7758 -131   29
B 25045 7745 -131   28
B 25055 7744 -131   27
B 25065 7535 -131   26
B 25075 7539 -131   25
B 25085 7576 -131   23
B 25095 7611 -131   21
B 25105 7614 -131   19
B 25115 7651 -131   13
B 25125 7652 -131   12
B 25135 7654 -131    9
B 25145 7654 -131    5
B 25155 7654 -131    1
B 25165 7650 -131   -3
B 25175 7648 -131   -7
push -10 -10
push out at target
B 25185 7611   82  -10
B 25195 7611   82  -14
B 25205 7651   82  -19
B 25215 7654   82  -22
B 25225 7658   82  -24
B 25235 7657   82  -27
B 25245 7692   82  -31
B 25255 7695   82  -35
B 25265 7692   23  -37
B 25275 7696    6  -41
B 25285 7705   23  -44
B 25295 7713   14  -47
B 25305 7717   14  -50
B 25315 7719   14  -52
B 25325 7755    6  -55
B 25335 7756   14  -57
B 25345 7756    6  -59
B 25355 7756    6  -60
B 25365 7759    0  -61
B 25375 7759    0  -61
B 25385 7794   10  -61
B 25395 7794   10  -61
B 25405 7794   10  -61
B 25415 7793   10  -61
B 25425 7793   10  -61
B 25435 7793   10  -61
B 25445 7794   10  -61
B 25455 7794   10  -61
B 25465 7794   10  -61
pb end 
B 25475 7794    0  -61
B 25485 7793    0  -61
B 25495 7793    0  -61
B 25505 7793    0  -61
B 25515 7796    0  -61
B 25525 7794    0  -61
B 25535 7796    0  -61
B 25545 7796    0  -61
B 25555 7794    0  -61
B 25565 7796    0  -61
SSS vs= 1.03  t=  247
%P VOLT1   = 7742
%P VOLT2   = 7877
%P S2_SC   =  1.03
%P L_ANG_MAX = 247
B 25575 7797   71  -61
B 25585 7796   71  -61
B 25595 7796   71  -61
B 25605 7786   71  -61
B 25615 7752   71  -61
B 25625 7745   71  -61
B 25635 7744   71  -61
B 25645 7745   71  -61
B 25655 7569   71  -61
B 25665 7606   71  -61
B 25675 7609   71  -61
B 25685 7610   71  -61
B 25695 7614   71  -58
B 25705 7616   71  -55
B 25715 7619   71  -51
B 25725 7652   71  -48
B 25735 7654   71  -44
B 25745 7655   71  -40
B 25755 7655   71  -35
B 25765 7657   71  -29
B 25775 7657   71  -24
B 25785 7693   71  -19
B 25796 7692   71  -13
B 25806 7658   71   -7
B 25816 7691   71   -2
B 25826 7691   71    4
B 25836 7655   71    9
B 25846 7655   71   15
B 25856 7657   71   19
B 25866 7657   71   23
B 25876 7655   71   26
B 25886 7652   71   29
B 25896 7692   71   31
B 25906 7691   71   33
B 25916 7691   71   34
B 25926 7691   71   35
B 25936 7692   71   35
B 25946 7693   71   35
B 25956 7657   71   35
B 25966 7693   71   35
B 25976 7695   71   35
B 25986 7660   71   35
B 25996 7695   71   35
B 26006 7696   71   35
B 26016 7696   71   35
B 26026 7696   71   35
B 26036 7696   71   35
B 26046 7696   71   35
B 26056 7696   71   35
B 26066 7696   71   35
pull bail out
B 26076 7698   10   35
B 26086 7698   10   35
B 26096 7706   10   35
B 26106 7716   10   35
B 26116 7719   10   35
B 26126 7719   10   35
B 26136 7756   10   35
B 26146 7793   10   35
B 26156 7793   10   35
B 26166 7790   10   35
B 26176 7793   10   35
B 26186 7793   10   35
B 26196 7793   10   35
B 26206 7792   10   35
B 26216 7793   10   35
B 26226 7794   10   34
B 26236 7793   10   33
B 26248 7792   10   32
B 26258 7794   10   31
B 26268 7794   10   30
B 26278 7793   10   29
B 26288 7794   10   29
B 26298 7793   10   28
B 26308 7793   10   27
B 26318 7793   10   27
B 26328 7794   10   26
B 26338 7796   10   26
B 26348 7792   10   25
B 26358 7796   10   25
B 26368 7793   10   25
B 26378 7793   10   25
B 26388 7794   10   25
B 26398 7793   10   25
B 26408 7794   10   25
B 26418 7794   10   25
B 26428 7794   10   25
B 26438 7794   10   25
B 26449 7792   10   25
B 26460 7792   10   25
B 26470 7794   10   25
B 26480 7794   10   25
B 26490 7793   10   25
B 26500 7793   10   25
B 26510 7794   10   25
B 26520 7793   10   25
B 26530 7794   10   25
B 26540 7794   10   25
B 26550 7794   10   25
B 26560 7796   10   25
B 26570 7794   10   25
B 26580 7793   10   25
B 26590 7794   10   25
B 26600 7793   10   25
B 26610 7793   10   25
B 26620 7794   10   25
B 26630 7793   10   25
B 26640 7792   10   25
B 26650 7794   10   25
B 26660 7794   10   25
B 26670 7794   10   25
B 26680 7793   10   25
B 26690 7793   10   25
B 26700 7794   10   25
B 26710 7793   10   25
B 26720 7794   10   25
B 26731 7796   10   25
B 26741 7793   10   25
B 26751 7794   10   25
B 26761 7794   10   25
B 26771 7796   10   25
B 26781 7793   10   25
B 26791 7794   10   25
B 26801 7796   10   25
B 26811 7793   10   25
B 26821 7794   10   25
B 26831 7794   10   25
B 26841 7794   10   25
B 26851 7793   10   25
B 26861 7794   10   25
B 26871 7793   10   25
B 26881 7794   10   25
B 26891 7793   10   25
B 26901 7793   10   25
B 26911 7793   10   25
B 26921 7793   10   25
B 26931 7794   10   25
B 26941 7794   10   25
B 26951 7793   10   25
B 26962 7793   10   25
B 26972 7794   10   25
B 26983 7794   10   25
B 26993 7794   10   25
B 27003 7794   10   25
B 27013 7794   10   25
B 27023 7793   10   25
B 27033 7793   10   25
B 27043 7794   10   25
B 27053 7794   10   25
B 27063 7794   10   25
B 27073 7794   10   25
B 27083 7796   10   25
B 27093 7793   10   25
B 27103 7794   10   25
B 27113 7794   10   25
B 27124 7796   10   25
B 27135 7796   10   25
B 27145 7794   10   25
B 27155 7794   10   25
B 27165 7794   10   25
B 27175 7794   10   25
B 27186 7794   10   25
B 27196 7794   10   25
B 27206 7794   10   25
B 27216 7796   10   25
B 27226 7793   10   25
B 27236 7794   10   25
B 27246 7794   10   25
B 27256 7794   10   25
B 27266 7796   10   25
B 27277 7794   10   25
B 27287 7793   10   25
B 27299 7794   10   25
B 27309 7794   10   25
B 27320 7794   10   25
B 27331 7796   10   25
B 27341 7793   10   25
B 27351 7797   10   25
B 27362 7794   10   25
B 27373 7794   10   25
B 27383 7796   10   25
B 27393 7793   10   25
B 27403 7794   10   25
B 27413 7796   10   25
B 27423 7794   10   25
B 27434 7794   10   25
B 27444 7796   10   25
B 27454 7796   10   25
B 27464 7794   10   25
B 27474 7794   10   25
B 27484 7796   10   25
B 27494 7796   10   25
B 27504 7794   10   25
B 27515 7794   10   25
B 27525 7796   10   25
B 27535 7794   10   25
B 27545 7792   10   25
B 27555 7794   10   25
B 27565 7796   10   25
B 27575 7796   10   25
B 27585 7796   10   25
B 27595 7794   10   25
B 27606 7794   10   25
B 27617 7794   10   25
B 27628 7794   10   25
B 27638 7794   10   25
B 27649 7794   10   25
B 27660 7793   10   25
B 27670 7794   10   25
B 27681 7794   10   25
B 27692 7794   10   25
B 27703 7793   10   25
B 27713 7794   10   25
B 27723 7794   10   25
B 27733 7794   10   25
B 27743 7793   10   25
B 27753 7796   10   25
B 27763 7794   10   25
B 27773 7796   10   25
B 27783 7794   10   25
B 27793 7794   10   25
B 27803 7796   10   25
B 27813 7793   10   25
B 27823 7794   10   25
B 27833 7794   10   25
B 27843 7794   10   25
B 27853 7794   10   25
B 27863 7797   10   25
B 27873 7794   10   25
B 27883 7796   10   25
B 27893 7796   10   25
B 27903 7794   10   25
B 27913 7794   10   25
B 27923 7796   10   25
B 27933 7796   10   25
B 27943 7796   10   25
B 27953 7794   10   25
B 27963 7794   10   25
B 27973 7796   10   25
B 27983 7794   10   25
B 27993 7794   10   25
B 28003 7796   10   25
B 28013 7794   10   25
B 28023 7796   10   25
B 28033 7796   10   25
B 28043 7797   10   25
B 28053 7797   10   25
B 28063 7796   10   25
B 28073 7794   10   25
B 28083 7796  -20   25
B 28093 7789  -20   25
B 28103 7786  -20   25
B 28113 7786  -20   25
B 28123 7751  -20   25
B 28133 7749  -20   25
B 28143 7749  -20   24
reset done 
B 28153 7749    0   23
B 28163 7752    0   22
B 28173 7757    0   21
B 28183 7760    0   19
B 28193 7762    0   17
B 28203 7797    0   16
B 28213 7797    0   14
B 28223 7797    0   13
B 28233 7797    0   11
B 28243 7797    0    9
SSS vs= 1.03  t=  247
%P VOLT1   = 7742
%P VOLT2   = 7881
%P S2_SC   =  1.03
%P L_ANG_MAX = 247
B 28253 7798   71    8
B 28263 7797   71    7
B 28273 7726   71    5
B 28284 7680   71    4
B 28294 7681   71    3
B 28304 7376   71    3
B 28314 7378   71    3
B 28324 7432   71    3
B 28334 7512   71    3
B 28344 7490   71    3
B 28354 7489   71   11
B 28364 7353   71   19
B 28374 7371   71   27
B 28384 7280   71   35
B 28394 7328   71   42
B 28404 7332   71   49
B 28414 7364   71   56
B 28424 7428   95   64
B 28434 7417  138   71
B 28444 7447  187   80
B 28454 7366  236   88
B 28464 7368  285   96
B 28474 7372  334  104
B 28484 7273  389  113
B 28494 7282  420  121
B 28504 7292  420  131
B 28514 7301  420  141
*** dt = 60 , A = 147 , rpm = 332 
B 28524 7310  420  151
B 28534 7318  420  162
B 28544 7322  420  173
B 28554 7326  420  184
B 28564 7363  420  195
B 28574 7364  420  205
pull out 213
B 28584 7363   10  217
B 28594 7364   10  229
B 28604 7401   10  241
B 28614 7422   10  253
B 28624 7448   10  264
B 28634 7458   10  275
B 28644 7464   10  285
B 28654 7608   10  295
B 28664 7753   10  305
B 28674 7753   10  314
B 28684 7755   10  324
B 28694 7755   10  333
B 28704 7755   10  342
B 28714 7756   10  351
B 28724 7756   10  360
B 28734 7756   10  369
B 28744 7756   10  377
B 28754 7753   10  385
B 28764 7756   10  393
B 28774 7756   10  400
B 28784 7792   10  407
B 28794 7793   10  413
B 28804 7793   10  419
B 28814 7792   10  425
B 28824 7792   10  429
B 28834 7792   10  433
B 28844 7794   10  437
B 28854 7793   10  441
B 28864 7793   10  445
B 28874 7792   10  447
B 28885 7794   10  450
B 28895 7793   10  453
B 28905 7792   10  454
B 28916 7792   10  455
B 28926 7793   10  457
B 28936 7793   10  457
B 28946 7794   10  457
B 28956 7794   10  457
B 28966 7794   10  457
B 28976 7793   10  457
B 28986 7793   10  457
B 28996 7793   10  457
B 29006 7790   10  457
B 29016 7793   10  457
B 29026 7794   10  457
B 29036 7794   10  457
B 29047 7792   10  457
B 29058 7793   10  457
B 29068 7793   10  457
B 29078 7793   10  457
B 29088 7793   10  457
B 29098 7793   10  457
B 29108 7793   10  457
B 29118 7794   10  457
B 29128 7793   10  456
B 29138 7794   10  456
B 29148 7793   10  455
B 29158 7790   10  455
B 29168 7794   10  455
B 29178 7794   10  455
B 29188 7794   10  455
B 29198 7793   10  455
B 29208 7794   10  455
B 29218 7794   10  455
B 29228 7793   10  455
B 29238 7793   10  455
B 29248 7794   10  455
B 29258 7793   10  455
B 29268 7790   10  455
B 29278 7794   10  455
B 29288 7794   10  455
B 29298 7793   10  455
B 29308 7794   10  455
B 29318 7793   10  455
B 29328 7794   10  455
B 29338 7794   10  455
B 29348 7794   10  455
B 29358 7793   10  455
B 29368 7794   10  455
B 29378 7793   10  455
B 29388 7793   10  455
B 29398 7793   10  455
B 29409 7794   10  455
B 29420 7794   10  455
B 29431 7793   10  455
B 29441 7794   10  455
B 29451 7793   10  455
B 29461 7793   10  455
B 29471 7793   10  455
B 29481 7796   10  455
B 29491 7793   10  455
B 29501 7794   10  455
B 29511 7796   10  455
B 29521 7794   10  455
B 29531 7793   10  455
B 29541 7794   10  455
B 29551 7794   10  455
B 29561 7794   10  455
B 29572 7794   10  455
B 29582 7794   10  455
B 29593 7796   10  455
B 29603 7794   10  455
B 29613 7794   10  455
B 29623 7796   10  455
B 29633 7796   10  455
B 29643 7793   10  455
B 29653 7794   10  455
B 29663 7794   10  455
B 29673 7794   10  455
B 29683 7794   10  455
B 29693 7793   10  455
B 29703 7792   10  455
B 29713 7793   10  455
B 29723 7794   10  455
B 29733 7793   10  455
B 29743 7794   10  455
B 29753 7794   10  455
B 29763 7794   10  455
B 29773 7793   10  455
B 29783 7794   10  455
B 29793 7796   10  455
B 29803 7794   10  455
B 29813 7796   10  455
B 29823 7796   10  455
B 29833 7794   10  455
B 29843 7794   10  455
B 29853 7796   10  455
B 29863 7794   10  455
B 29873 7794   10  455
B 29883 7794   10  455
B 29893 7794   10  455
B 29903 7794   10  455
B 29913 7796   10  455
B 29923 7794   10  455
B 29933 7798   10  455
B 29943 7794   10  455
B 29953 7794   10  455
B 29963 7794   10  455
B 29973 7794   10  455
B 29983 7794   10  455
B 29993 7793   10  455
B 30003 7794   10  455
B 30013 7794   10  455
B 30023 7793   10  455
B 30033 7794   10  455
B 30043 7796   10  455
B 30053 7793   10  455
B 30064 7794   10  455
B 30074 7794   10  455
B 30084 7794   10  455
B 30094 7794   10  455
B 30105 7794   10  455
B 30115 7794   10  455
B 30125 7794   10  455
B 30136 7794   10  455
B 30146 7793   10  455
B 30156 7794   10  455
B 30166 7794   10  455
B 30176 7794   10  455
B 30186 7794   10  455
B 30196 7796   10  455
B 30206 7794   10  455
B 30216 7794   10  455
B 30226 7793   10  455
B 30236 7794   10  455
B 30247 7796   10  455
B 30257 7794   10  455
B 30268 7794   10  455
B 30278 7796   10  455
B 30289 7796   10  455
B 30299 7796   10  455
B 30309 7794   10  455
B 30320 7796   10  455
B 30330 7796   10  455
B 30340 7794   10  455
B 30350 7794   10  455
B 30360 7796   10  455
B 30370 7794   10  455
B 30380 7794   10  455
B 30390 7794   10  455
B 30400 7794   10  455
B 30410 7796   10  455
B 30420 7797   10  455
B 30430 7793   10  455
B 30440 7794   10  455
B 30450 7796   10  455
B 30460 7796   10  455
B 30471 7794   10  455
B 30482 7796   10  455
B 30493 7796   10  455
B 30503 7793   10  455
B 30513 7794   10  455
B 30523 7796   10  455
B 30533 7796   10  455
B 30544 7794   10  455
B 30555 7794   10  455
B 30565 7794   10  455
B 30575 7794   10  455
B 30585 7796  -20  455
B 30595 7790  -20  455
B 30605 7784  -20  455
B 30615 7784  -20  455
B 30625 7784  -20  455
B 30635 7749  -20  455
B 30645 7749  -20  455
B 30655 7751  -20  455
B 30665 7783  -20  454
reset done 
B 30675 7749    0  454
B 30685 7755    0  453
B 30695 7793    0  452
B 30705 7794    0  450
B 30715 7797    0  449
B 30725 7797    0  449
B 30735 7797    0  448
B 30745 7797    0  447
B 30755 7797    0  447
SSS vs= 1.03  t=  247
%P VOLT1   = 7742
%P VOLT2   = 7884
%P S2_SC   =  1.03
%P L_ANG_MAX = 247
B 30766 7797  420  446
B 30776 7797  420  445
B 30786 7797  420  445
pull out 444 247
B 30797 7642   10  443
B 30808 7611   10  442
B 30818 7629   10  441
B 30828 7587   10  440
B 30838 7426   10  440
B 30848 7453   10  440
B 30859 7533   10  440
B 30870 7751   10  440
B 30880 7752   10  442
B 30890 7790   10  448
B 30900 7790   10  453
B 30910 7793   10  460
B 30920 7793   10  465
B 30930 7793   10  471
B 30940 7793   10  476
B 30950 7792   10  480
B 30960 7793   10  484
B 30970 7793   10  487
B 30980 7794   10  490
B 30990 7793   10  492
B 31000 7793   10  493
B 31010 7794   10  494
B 31020 7793   10  495
B 31030 7794   10  495
B 31040 7794   10  495
B 31050 7794   10  495
B 31060 7794   10  495
B 31070 7793   10  495
B 31080 7793   10  495
B 31090 7794   10  495
B 31100 7793   10  495
B 31110 7794   10  491
B 31120 7794   10  487
B 31130 7794   10  483
B 31140 7794   10  479
B 31150 7794   10  474
B 31160 7794   10  469
B 31170 7794   10  464
B 31180 7794   10  459
B 31190 7794   10  454
B 31200 7794   10  450
B 31211 7794   10  446
B 31221 7793   10  444
B 31231 7793   10  443
B 31243 7794   10  442
B 31253 7793   10  442
B 31263 7794   10  442
B 31273 7794   10  442
B 31283 7794   10  442
B 31293 7796   10  442
B 31303 7794   10  442
B 31314 7794   10  442
B 31325 7794   10  442
B 31336 7794   10  442
B 31348 7794   10  442
B 31359 7796   10  442
B 31369 7794   10  442
B 31379 7794   10  442
B 31390 7794   10  442
B 31401 7794   10  442
B 31411 7792   10  442
B 31421 7796   10  442
B 31431 7794   10  442
B 31442 7794   10  442
B 31453 7796   10  442
B 31463 7794   10  442
B 31474 7794   10  442
B 31484 7796   10  442
B 31494 7796   10  442
B 31505 7794   10  442
B 31516 7796   10  442
B 31526 7794   10  442
B 31536 7796   10  442
B 31546 7793   10  442
B 31556 7794   10  442
B 31566 7796   10  442
B 31576 7794   10  442
B 31586 7796   10  442
B 31597 7796   10  442
B 31607 7794   10  442
B 31619 7794   10  442
B 31629 7794   10  442
B 31639 7794   10  442
B 31649 7794   10  442
B 31659 7796   10  442
B 31669 7793   10  442
B 31679 7794   10  442
B 31690 7794   10  442
B 31700 7794   10  442
B 31710 7794   10  442
B 31720 7794   10  442
B 31730 7794   10  442
B 31740 7796   10  442
B 31750 7794   10  442
B 31761 7794   10  442
B 31772 7796   10  442
B 31784 7796   10  442
B 31794 7796   10  442
B 31804 7794   10  442
B 31814 7794   10  442
B 31824 7794   10  442
B 31834 7796   10  442
B 31845 7796   10  442
B 31855 7796   10  442
B 31866 7796   10  442
B 31877 7793   10  442
B 31888 7796   10  442
B 31898 7794   10  442
B 31909 7796   10  442
B 31919 7794   10  442
B 31929 7794   10  442
B 31939 7796   10  442
B 31949 7796   10  442
B 31960 7796   10  442
B 31971 7796   10  442
B 31981 7794   10  442
B 31993 7796   10  442
B 32003 7796   10  442
B 32013 7794   10  442
B 32023 7796   10  442
B 32033 7794   10  442
B 32043 7794   10  442
B 32053 7796   10  442
B 32063 7794   10  442
B 32073 7794   10  442
B 32084 7796   10  442
B 32094 7796   10  442
B 32104 7796   10  442
B 32115 7796   10  442
B 32125 7796   10  442
B 32135 7794   10  442
B 32145 7796   10  442
B 32155 7796   10  442
B 32166 7794   10  442
B 32176 7794   10  442
B 32186 7796   10  442
B 32196 7794   10  442
B 32206 7794   10  442
B 32216 7794   10  442
B 32226 7798   10  442
B 32236 7796   10  442
B 32246 7794   10  442
B 32257 7794   10  442
B 32267 7796   10  442
B 32279 7796   10  442
B 32289 7794   10  442
B 32299 7796   10  442
B 32309 7796   10  442
B 32319 7793   10  442
B 32329 7796   10  442
B 32339 7796   10  442
B 32349 7794   10  442
B 32360 7793   10  442
B 32370 7794   10  442
B 32380 7794   10  442
B 32390 7794   10  442
B 32400 7796   10  442
B 32410 7794   10  442
B 32420 7794   10  442
B 32430 7794   10  442
B 32440 7794   10  442
B 32450 7796   10  442
B 32460 7793   10  442
B 32470 7793   10  442
B 32480 7794   10  442
B 32490 7796   10  442
B 32500 7793   10  442
B 32510 7796   10  442
B 32520 7796   10  442
B 32530 7797   10  442
B 32540 7796   10  442
B 32550 7796   10  442
B 32560 7796 -102  442
B 32570 7790 -102  442
B 32580 7622 -102  442
B 32590 7600 -102  442
B 32600 7624 -102  442
B 32610 7160 -102  442
*** amax = 442  vhit = 75
B 32620 7191  -76  441
B 32630 7337  -76  440
B 32640 7457  -76  437
B 32650 7387  -76  431
B 32660 7424  -76  422
B 32670 7342  -76  411
B 32680 7361  -76  398
B 32690 7329  -76  385
B 32700 7155  -76  372
B 32710 7187  -76  358
B 32720 7238  -76  344
B 32730 7386  -76  332
B 32740 7368  -76  329
B 32750 7350  -76  325
B 32760 7332  -76  320
B 32770 7313  -76  313
B 32780 7280  -76  305
B 32790 7094  -76  295
B 32800 7126  -76  285
B 32810 7120  -76  273
B 32820 7208  -76  261
B 32830 7213  -76  247
B 32840 7285  -76  231
B 32850 7359  -76  215
B 32860 7369  -76  197
B 32870 7380  -76  179
B 32880 7428  -76  159
B 32890 7442  -76  138
B 32900 7489  -76  117
B 32910 7530  -76   97
B 32920 7536  -76   76
B 32930 7538  -76   53
B 32940 7581  -76   31
B 32950 7582  -76    7
push bail out 
B 32960 7620   82  -15
B 32970 7619   82  -39
B 32980 7620   82  -61
B 32990 7483   82  -84
B 33000 7395   82 -105
B 33010 7408   82 -129
B 33020 7454   82 -152
B 33030 6993   82 -175
B 33040 6951   82 -194
B 33050 7032   82 -208
B 33060 7176   82 -212
B 33070 7162   23 -212
B 33080 7101   10 -211
B 33090 6883   10 -198
B 33100 7023   10 -183
B 33110 7066   10 -168
B 33120 7175   10 -156
B 33130 7193   10 -141
B 33140 7696   10 -127
B 33150 7739   10 -113
B 33160 7743   10 -100
B 33170 7745   10  -87
pb end 
B 33180 7746    0  -75
B 33190 7748    0  -65
B 33200 7748    0  -59
B 33210 7751    0  -54
B 33220 7752    0  -49
B 33230 7752    0  -46
B 33240 7789    0  -43
B 33250 7789    0  -39
B 33260 7752    0  -35
B 33270 7790    0  -32
SSS vs= 1.03  t=  247
%P VOLT1   = 7742
%P VOLT2   = 7860
%P S2_SC   =  1.03
%P L_ANG_MAX = 247
B 33280 7790   71  -28
B 33290 7783   71  -25
B 33300 7720   71  -21
B 33310 7706   71  -15
B 33320 7712   71  -11
B 33330 7459   71   -6
B 33340 7435   71    0
B 33350 7463   71    7
B 33360 7459   71   15
B 33370 7448   71   22
B 33380 7456   71   31
B 33390 7438   71   39
B 33400 7457   71   48
B 33410 7468   71   57
B 33420 7402  107   66
B 33430 7400  163   75
B 33440 7254  224   85
B 33450 7261  279   95
B 33460 7248  347  105
B 33470 7209  408  115
B 33480 7174  421  127
B 33490 7180  421  140
B 33500 7190  421  153
*** dt = 30 , A = 156 , rpm = 430 
B 33510 7164  421  167
B 33520 7172  421  181
B 33530 7178  421  196
pull out 199
B 33540 7213   11  212
B 33550 7218   11  227
B 33560 7231   11  243
B 33570 7351   11  259
B 33580 7391   11  276
B 33590 7444   11  288
B 33600 7699   11  304
B 33610 7703   11  319
B 33620 7743   11  333
B 33630 7743   11  347
B 33640 7748   11  361
B 33650 7748   11  375
B 33660 7748   11  389
B 33670 7748   11  403
B 33680 7749   11  417
B 33690 7751   11  429
B 33700 7749   10  442
B 33710 7751   10  455
B 33720 7786   10  466
B 33731 7787   10  476
B 33741 7751   10  484
B 33751 7786   10  491
B 33761 7789   10  497
B 33772 7789   10  502
B 33782 7787   10  507
B 33793 7789   10  510
B 33803 7789   10  513
B 33813 7789   10  515
B 33823 7789   10  516
B 33833 7789   10  517
B 33843 7789   10  517
B 33853 7787   10  518
B 33863 7789   10  518
B 33873 7789   10  518
B 33883 7789   10  518
B 33893 7789   10  518
B 33903 7789   10  518
B 33913 7787   10  518
B 33923 7789   10  518
B 33933 7789   10  518
B 33943 7790   10  518
B 33953 7789   10  518
B 33963 7789   10  518
B 33973 7787   10  518
B 33983 7789   10  517
B 33993 7790   10  516
B 34003 7789   10  515
B 34013 7790   10  514
B 34023 7789   10  514
B 34033 7790   10  513
B 34043 7789   10  513
B 34053 7789   10  513
B 34063 7790   10  513
B 34073 7789   10  513
B 34083 7790   10  513
B 34093 7790   10  513
B 34103 7790   10  513
B 34113 7789   10  513
B 34123 7792   10  513
B 34133 7789   10  513
B 34143 7789   10  513
B 34153 7792   10  513
B 34163 7787   10  513
B 34173 7792   10  513
B 34184 7790   10  513
B 34194 7790   10  513
B 34205 7792   10  513
B 34215 7792   10  513
B 34226 7792   10  513
B 34236 7790   10  513
B 34246 7792   10  513
B 34256 7792   10  513
B 34267 7790   10  513
B 34278 7790   10  513
B 34289 7792   10  513
B 34299 7790   10  513
B 34310 7790   10  513
B 34321 7790   10  513
B 34331 7792   10  513
B 34341 7793   10  513
B 34351 7790   10  513
B 34363 7792   10  513
B 34373 7789   10  513
B 34384 7790   10  513
B 34394 7790   10  513
B 34404 7792   10  513
B 34414 7792   10  513
B 34425 7792   10  513
B 34435 7792   10  513
B 34446 7793   10  513
B 34456 7792   10  513
B 34466 7792   10  513
B 34476 7790   10  513
B 34486 7792   10  513
B 34496 7793   10  513
B 34507 7792   10  513
B 34518 7790   10  513
B 34528 7793   10  513
B 34538 7792   10  513
B 34548 7792   10  513
B 34559 7792   10  513
B 34569 7792   10  513
B 34579 7792   10  513
B 34589 7792   10  513
B 34599 7792   10  513
B 34609 7792   10  513
B 34619 7790   10  513
B 34629 7790   10  513
B 34639 7790   10  513
B 34649 7793   10  513
B 34659 7790   10  513
B 34669 7792   10  513
B 34679 7793   10  513
B 34689 7792   10  513
B 34699 7792   10  513
B 34709 7792   10  513
B 34719 7792   10  513
B 34729 7792   10  513
B 34739 7792   10  513
B 34749 7792   10  513
B 34759 7794   10  513
B 34769 7792   10  513
B 34779 7787   10  513
B 34789 7792   10  513
B 34799 7792   10  513
B 34809 7792   10  513
B 34819 7793   10  513
B 34829 7792   10  513
B 34839 7792   10  513
B 34849 7792   10  513
B 34859 7790   10  513
B 34869 7792   10  513
B 34879 7792   10  513
B 34889 7792   10  513
B 34899 7792   10  513
B 34909 7792   10  513
B 34919 7793   10  513
B 34929 7793   10  513
B 34939 7792   10  513
B 34949 7792   10  513
B 34959 7793   10  513
B 34969 7793   10  513
B 34979 7793   10  513
B 34989 7793   10  513
B 34999 7792   10  513
B 35009 7793   10  513
B 35019 7792   10  513
B 35029 7792   10  513
B 35039 7793   10  513
B 35049 7790   10  513
B 35059 7793   10  513
B 35069 7793   10  513
B 35079 7792   10  513
B 35089 7792   10  513
B 35099 7792   10  513
B 35109 7792   10  513
B 35119 7792   10  513
B 35129 7792   10  513
B 35139 7792   10  513
B 35149 7793   10  513
B 35159 7793   10  513
B 35169 7792   10  513
B 35179 7793   10  513
B 35189 7793   10  513
B 35199 7792   10  513
B 35210 7792   10  513
B 35221 7792   10  513
B 35231 7793   10  513
B 35242 7792   10  513
B 35253 7794   10  513
B 35263 7793   10  513
B 35273 7792   10  513
B 35283 7792   10  513
B 35293 7792   10  513
B 35303 7793   10  513
B 35313 7793   10  513
B 35323 7790   10  513
B 35333 7792   10  513
B 35343 7792   10  513
B 35353 7793   10  513
B 35363 7792   10  513
B 35373 7792   10  513
B 35383 7794   10  513
B 35393 7793   10  513
B 35403 7793   10  513
B 35413 7793   10  513
B 35423 7792   10  513
B 35434 7789   10  513
B 35444 7792   10  513
B 35454 7793   10  513
B 35464 7790   10  513
B 35474 7794   10  513
B 35484 7793   10  513
B 35494 7794   10  513
B 35504 7793   10  513
B 35514 7793   10  513
B 35524 7793   10  513
B 35534 7793  -20  513
B 35544 7793  -20  513
B 35554 7793  -20  513
B 35564 7789  -20  513
B 35574 7784  -20  513
B 35584 7783  -20  513
B 35594 7783  -20  512
reset done 
B 35604 7783    0  511
B 35614 7749    0  509
B 35624 7780    0  508
B 35634 7786    0  505
B 35644 7792    0  503
B 35654 7793    0  500
B 35664 7796    0  497
B 35674 7796    0  493
B 35684 7794    0  490
SSS vs= 1.03  t=  247
%P VOLT1   = 7742
%P VOLT2   = 7877
%P S2_SC   =  1.03
%P L_ANG_MAX = 247
B 35694 7796  420  485
B 35704 7797  420  481
B 35714 7794  420  477
pull out 473 247
B 35724 7666   10  473
B 35734 7576   10  468
B 35744 7664   10  464
B 35754 7736   10  460
B 35764 7197   10  458
B 35774 7742   10  458
B 35784 7748   10  458
B 35794 7784   10  458
B 35805 7792   10  458
B 35815 7789   10  458
B 35825 7790   10  458
B 35835 7790   10  459
B 35845 7792   10  461
B 35855 7792   10  462
B 35865 7792   10  463
B 35875 7790   10  464
B 35885 7792   10  465
B 35895 7793   10  465
B 35905 7792   10  465
B 35916 7792   10  465
B 35926 7793   10  465
B 35936 7792   10  465
B 35946 7793   10  465
B 35956 7793   10  465
B 35966 7793   10  465
B 35976 7792   10  465
B 35987 7793   10  465
B 35998 7793   10  465
B 36008 7792   10  465
B 36019 7793   10  464
B 36030 7793   10  463
B 36040 7793   10  461
B 36050 7793   10  461
B 36060 7792   10  461
B 36070 7793   10  461
B 36080 7793   10  461
B 36090 7793   10  461
B 36100 7790   10  461
B 36110 7793   10  461
B 36120 7793   10  461
B 36130 7793   10  461
B 36141 7796   10  461
B 36152 7793   10  461
B 36163 7792   10  461
B 36173 7796   10  461
B 36183 7792   10  461
B 36193 7793   10  461
B 36203 7793   10  461
B 36213 7792   10  461
B 36223 7793   10  461
B 36233 7793   10  461
B 36243 7794   10  461
B 36253 7792   10  461
B 36263 7793   10  461
B 36273 7794   10  461
B 36283 7792   10  461
B 36293 7793   10  461
2_28_bew_6 test-1 volt=0.79 ang= 192.0 rpm= 372 325.3 359.9 375.0 
2_28_bew_6 test-2 volt=7.84 ang= 215.0 rpm= 388 349.1 375.9 391.0 
2_28_bew_6 test-3 volt=7.83 ang= 254.0 rpm= 401 374.1 395.1 407.6 
2_28_bew_6 test-4 volt=7.79 ang= 283.0 rpm= 400 376.9 387.6 394.2 
2_28_bew_6 test-5 volt=7.79 ang= 289.0 rpm= 396 380.3 394.3 396.5 
2_28_bew_6 test-6 volt=7.79 ang= 300.0 rpm= 403 385.2 398.5 405.9 
2_28_bew_6 test-7 volt=7.79 ang= 293.0 rpm= 404 386.0 399.6 407.5 
2_28_bew_6 test-8 volt=7.78 ang= 311.0 rpm= 418 391.2 404.5 401.4 
2_28_bew_6 test-9 volt=7.78 ang= 312.0 rpm= 412 392.0 405.8 398.9 
2_28_bew_6 test-10 volt=7.74 ang= 314.0 rpm= 416 396.8 408.2 416.7 
2_28_bew_6 test-11 volt=7.78 ang= 312.0 rpm= 423 390.9 405.5 416.7 
2_28_bew_6 test-12 volt=7.78 ang= 305.0 rpm= 409 392.6 404.2 412.1 
2_28_bew_6 test-13 volt=7.74 ang= 306.0 rpm= 405 385.9 396.6 395.8 
2_28_bew_6 test-14 volt=7.74 ang= 304.0 rpm= 404 385.7 398.8 400.0 
2_28_bew_6 test-15 volt=7.74 ang= 311.0 rpm= 398 379.3 388.6 393.6 
2_28_bew_6 test-16 volt=7.74 ang= 296.0 rpm= 360 334.8 351.0 358.0 
2_28_bew_6 test-17 volt=7.75 ang= 287.0 rpm= 343 320.1 335.1 342.4 
2_28_bew_6 test-18 volt=7.75 ang= 262.0 rpm= 323 300.3 313.6 317.5 
2_28_bew_6 test-19 volt=7.75 ang= 285.0 rpm= 334 308.0 321.0 333.3 
2_28_bew_6 test-20 volt=7.75 ang= 300.0 rpm= 337 319.0 326.5 333.3 
2_28_bew_6 test-21 volt=7.75 ang= 305.0 rpm= 344 317.1 337.8 342.3 
2_28_bew_6 test-22 volt=7.76 ang= 308.0 rpm= 349 322.1 340.9 348.8 
2_28_bew_6 test-23 volt=7.72 ang= 299.0 rpm= 332 306.4 322.2 332.2 
2_28_bew_6 test-24 volt=7.72 ang= 308.0 rpm= 353 314.6 331.7 340.9 