  0 807   69    1
 10 8074   69    1
 20 8030   69    1
 30 7935   69    1
 42 7932   69    1
 52 7935   69    1
 62 7522   69    1
 73 7589   69    6
 84 7543   69   14
 94 7603   69   24
104 7591   69   33
115 7622   69   43
125 7397   69   53
135 7475   63   62
145 7472   29   72
155 7577   29   83
165 7640   29   94
175 7703   29  105
185 7730   29  117
195 7672   29  127
205 7679   29  136
215 7931  -99  146
225 7968  -99  155
235 7918  -99  165
245 7723  -99  173
255 7715  -99  181
265 7764  -99  188
276 7757  -99  194
286 7201  -99  199
297 7486  -99  200
307 7377  -99  200
317 7434  -92  198
327 7234  -92  185
337 7259  -92  170
347 7113  -92  154
357 7047  -92  138
367 7111  -92  120
377 7251  -92  101
387 7512  -92   82
397 7512  -92   60
408 7582  -92   36
418 7587  -92   11
428 7592  -92   -8
438 7591   79  -19
448 7581   79  -32
458 7502   79  -46
468 7556   79  -60
478 7504   79  -75
488 7554   79  -89
498 7253   79 -104
508 7539   79 -117
518 7436   79 -123
528 7486   39 -124
538 7398    9 -124
548 7579    9 -121
558 7433    9 -109
568 7374    9  -97
578 7395    9  -86
588 7938    9  -73
598 7981    9  -60
608 7984    9  -47
618 7986    9  -35
628 8024    9  -23
99999 0 0 0 
638 8023   10  -11
648 8026   10   -2
658 8026   10    6
668 8026   10   12
678 8029   10   16
688 8027   10   19
698 8027   10   22
708 8029   10   23
718 8029   10   25
728 8027   10   27
738 8029   10   27
748 8027   10   27
758 8029   10   27
768 8029   10   27
778 8029   10   27
788 8027   10   27
798 8026   10   27
808 8027   10   27
818 8027   10   27
828 8029   10   27
838 8029   10   27
848 8029   10   27
858 8027   10   27
868 8030   10   27
878 8030   10   27
888 8030   10   28
898 8030   10   28
908 8027   10   28
918 8030   10   28
928 8030   10   28
938 8030   10   28
948 8029   10   28
958 8031   10   28
968 8030   10   27
978 8029   10   27
988 8033   10   27
998 8030   10   27
1008 8030   10   27
1018 8030   10   27
1028 8029   10   27
1038 8029   10   27
1048 8030   10   27
1058 8030   10   27
1068 8031   10   27
1078 8030   10   27
1088 8030   10   27
1098 8030   10   27
1108 8030   10   27
1118 8030   10   27
1128 8030   10   27
1139 8030   69   27
1149 8030   69   27
1159 8031   69   27
1169 8031   69   27
1179 7903   69   27
1189 7863   69   27
1199 7844   69   27
1209 7816   69   27
1219 7374   69   31
1229 7460   69   37
1240 7488   69   45
1250 7454   69   52
1260 7412   69   59
1270 7418   29   67
1280 7438   29   76
1290 7583   29   85
1300 7610   29   94
1310 7661   29  103
1320 7917   29  109
1330 7924   29  117
1340 7927   29  124
1350 7929   29  131
1360 7931   29  138
1370 7930  -99  144
1380 7965  -99  150
1390 7856  -99  156
1400 7725  -99  161
1410 7742  -99  165
1420 7790  -99  169
1430 7844  -99  173
1440 7518  -99  175
1450 7473  -99  176
1460 7457  -99  176
1470 7546  -99  176
1480 7507 -107  164
1490 7440 -107  149
1500 7072 -107  134
1510 7146 -107  118
1520 7103 -107  101
1530 7280 -107   82
1540 7294 -107   63
1550 7469 -107   41
1560 7605 -107   20
1570 7608 -107   -3
1580 7609   79  -15
1590 7549   79  -27
1600 7494   79  -40
1610 7477   79  -56
1620 7471   79  -71
1630 7528   79  -86
1640 7473   79 -102
1650 7418   79 -117
1660 7330   79 -131
1670 7379   79 -137
1680 7515   39 -137
1690 7494    9 -137
1700 7513    9 -133
1710 7211    9 -119
1720 7302    9 -105
1730 7341    9  -93
1740 7787    9  -79
1750 7797    9  -64
1760 7944    9  -50
1770 7981    9  -36
99999 0 0 0 
1780 7984   10  -21
1790 7985   10   -8
1800 7986   10    5
1810 7986   10   15
1820 8020   10   23
1830 8023   10   29
1840 8023   10   33
1850 8024   10   36
1860 8023   10   37
1870 8023   10   39
1880 8024   10   40
1890 8024   10   42
1900 8024   10   42
1910 8023   10   42
1920 8026   10   42
1930 8024   10   42
1940 8023   10   42
1950 8024   10   42
1960 8022   10   42
1970 8026   10   42
1980 8024   10   42
1990 8023   10   42
2000 8026   10   42
2010 8024   10   42
2020 8026   10   42
2030 8027   10   42
2040 8027   10   42
2050 8026   10   42
2060 8024   10   42
2070 8027   10   42
2080 8026   10   42
2090 8029   10   42
2100 8027   10   42
2110 8026   10   42
2120 8026   10   42
2130 8027   10   42
2140 8026   10   42
2150 8026   10   42
2160 8027   10   42
2170 8027   10   42
2180 8027   10   42
2190 8027   10   42
2200 8027   10   42
2210 8029   10   42
2220 8027   10   42
2230 8027   10   42
2240 8027   10   42
2250 8029   10   42
2260 8027   10   42
2270 8027   10   42
2280 8027   69   42
2290 8027   69   42
2300 8027   69   42
2310 7929   69   42
2320 7871   69   42
2330 7854   69   42
2340 7826   69   42
2350 7798   69   42
2360 7425   69   45
2370 7429   69   51
2380 7448   69   59
2390 7429   48   66
2400 7369   29   74
2410 7372   29   83
2420 7482   29   92
2430 7634   29  101
2440 7651   29  111
2450 7663   29  119
2460 7919   29  126
2470 7924   29  134
2480 7926   29  141
2490 7929   29  150
2500 7929  -99  157
2510 7931  -99  164
2520 7964  -99  170
2530 7754  -99  176
2540 7730  -99  180
2550 7774  -99  185
2560 7827  -99  189
2570 7191  -99  192
2580 7534  -99  193
2590 7439  -99  193
2600 7429  -99  193
2610 7480 -101  187
2620 7465 -101  173
2630 7393 -101  158
2640 7074 -101  142
2650 7144 -101  125
2660 7123 -101  107
2670 7367 -101   87
2680 7370 -101   67
2690 7472 -101   45
2700 7614 -101   22
2710 7617 -101   -2
2720 7623   79  -14
2730 7564   79  -25
2740 7490   79  -40
2750 7502   79  -55
2760 7548   79  -67
2770 7598   79  -83
2780 7499   79  -98
2790 7472   79 -111
2800 7366   79 -121
2810 7442   72 -124
2820 7509   14 -124
2830 7589    9 -124
2840 7578    9 -115
2850 7424    9 -102
2860 7455    9  -91
2870 7399    9  -79
2880 7938    9  -65
2890 7941    9  -52
2900 7979    9  -39
2910 7982    9  -27
99999 0 0 0 
2920 7985   10  -15
2930 7984   10   -3
2940 7985   10    7
2950 7986   10   16
2960 7986   10   21
2970 8020   10   26
2980 8023   10   29
2990 8023   10   31
3000 8024   10   33
3010 8023   10   33
3020 8024   10   35
3030 8023   10   36
3040 8024   10   36
3050 8023   10   36
3060 8023   10   36
3070 8022   10   36
3080 8023   10   36
3090 8024   10   36
3100 8024   10   36
3110 8024   10   36
3120 8022   10   36
3130 8024   10   36
3140 8023   10   36
3150 8023   10   36
3160 8024   10   36
3170 8024   10   36
3180 8023   10   36
3190 8024   10   36
3200 8023   10   36
3210 8024   10   36
3220 8024   10   36
3230 8024   10   36
3240 8024   10   36
3250 8024   10   36
3260 8024   10   36
3270 8024   10   36
3280 8026   10   36
3290 8024   10   36
3300 8024   10   36
3310 8024   10   36
3320 8023   10   36
3330 8024   10   36
3340 8026   10   36
3350 8026   10   36
3360 8026   10   36
3370 8026   10   36
3380 8027   10   36
3390 8026   10   36
3400 8026   10   36
3410 8026   10   36
3420 8024   69   36
3430 8024   69   36
3440 7988   69   36
3450 7885   69   36
3460 7861   69   36
3470 7834   69   36
3480 7409   69   36
3490 7384   69   37
3500 7453   69   43
3510 7404   69   50
3520 7427   69   58
3530 7407   51   65
3540 7409   29   75
3550 7451   29   84
3560 7546   29   93
3570 7645   29  102
3580 7661   29  111
3590 7669   29  119
3600 7886   29  126
3610 7889   29  134
3620 7926   29  142
3630 7929   29  149
3640 7929  -99  156
3650 7929  -99  162
3660 7797  -99  169
3670 7723  -99  172
3680 7751  -99  177
3690 7765  -99  183
3700 7814  -99  185
3710 7261  -99  188
3720 7548  -99  188
3730 7419  -99  188
3740 7454 -103  186
3750 7394 -103  173
3760 7411 -103  159
3770 7260 -103  143
3780 7051 -103  126
3790 7105 -103  109
3800 7174 -103   90
3810 7437 -103   70
3820 7434 -103   49
3830 7535 -103   27
3840 7573 -103    3
3850 7581 -103  -11
3860 7603   79  -22
3870 7506   79  -35
3880 7457   79  -50
3890 7470   79  -67
3900 7341   79  -83
3910 7397   79  -99
3920 7353   79 -116
3930 7219   79 -133
3940 7165   79 -149
3950 7256   79 -159
3960 7447   72 -163
3970 7426   22 -163
3980 7435    9 -162
3990 7242    9 -151
4000 7324    9 -138
4010 7368    9 -125
4020 7888    9 -112
4030 7897    9  -99
4040 7900    9  -84
4050 7978    9  -71
4060 7978    9  -59
4070 7979    9  -46
99999 0 0 0 
4080 7981   10  -34
4090 7984   10  -23
4100 7982   10  -14
4110 7985   10   -6
4120 7984   10    0
4130 8019   10    5
4140 8020   10   10
4150 8020   10   13
4160 8022   10   17
4170 8020   10   19
4180 8022   10   23
4190 7986   10   25
4200 8020   10   25
4210 8022   10   26
4220 8020   10   27
4230 8019   10   28
4240 8019   10   29
4250 8022   10   29
4260 8020   10   29
4270 8022   10   29
4280 8020   10   29
4290 8019   10   29
4300 8022   10   29
4310 8023   10   29
4320 8022   10   30
4330 8023   10   30
4340 8020   10   30
4350 8023   10   30
4360 8023   10   30
4370 8023   10   30
4380 8023   10   30
4390 8022   10   30
4400 8023   10   30
4410 8023   10   30
4420 8023   10   30
4430 8023   10   30
4440 8023   10   30
4450 8022   10   30
4460 8023   10   30
4470 8023   10   30
4480 8022   10   30
4490 8023   10   30
4500 8024   10   30
4510 8022   10   30
4520 8023   10   30
4530 8024   10   30
4540 8022   10   30
4550 8023   10   30
4560 8023   10   30
4570 8023   10   30
4581 8023   69   30
4591 8024   69   30
4602 8023   69   30
4612 7950   69   30
4622 7875   69   29
4632 7855   69   29
4643 7827   69   29
4653 7401   69   33
4663 7456   69   38
4673 7465   69   45
4683 7448   69   53
4693 7394   69   60
4703 7404   52   68
4713 7409   29   77
4723 7492   29   85
4733 7521   29   95
4743 7633   29  105
4753 7658   29  114
4763 7663   29  123
4773 7812   29  131
4783 7923   29  138
4793 7924   29  147
4803 7926  -99  154
4813 7927  -99  161
4823 7927  -99  168
4833 7716  -99  175
4843 7684  -99  178
4853 7723  -99  184
4863 7776  -99  188
4873 7255  -99  191
4883 7252  -99  193
4893 7481  -99  193
4903 7468  -99  193
4913 7415 -103  188
4923 7398 -103  175
4933 7255 -103  159
4943 7318 -103  143
4953 7069 -103  126
4963 7152 -103  109
4973 7178 -103   89
4983 7435 -103   69
4993 7503 -103   48
5003 7500 -103   25
5013 7611 -103    1
5023 7581   79  -12
5033 7566   79  -23
5043 7507   79  -37
5053 7489   79  -52
5063 7454   79  -69
5073 7400   79  -85
5083 7353   79 -101
5093 7412   79 -119
5103 7225   79 -136
5113 7327   79 -151
5124 7239   79 -159
5134 7431   49 -160
5144 7417    0 -160
5154 7569    9 -157
5164 7267    9 -145
5174 7356    9 -132
5184 7380    9 -121
5194 7929    9 -108
5204 7934    9  -95
5214 7938    9  -83
5224 7976    9  -71
5234 7978    9  -59
99999 0 0 0 
5244 7978   10  -48
5254 7981   10  -39
5264 7981   10  -31
5274 7982   10  -25
5284 7982   10  -19
5294 7982   10  -13
5304 7982   10   -9
5314 7982   10   -3
5324 8019   10    1
5334 8020   10    5
5344 7984   10    8
5354 7984   10   13
5364 7986   10   17
5374 8020   10   19
5384 8019   10   21
5394 8020   10   22
5404 8019   10   23
5414 8020   10   24
5424 8020   10   25
5434 8019   10   25
5444 8017   10   25
5454 8019   10   25
5464 8019   10   25
5474 8020   10   25
5484 8017   10   25
5494 8022   10   25
5504 8020   10   25
5514 8020   10   25
5524 8022   10   25
5534 8019   10   25
5544 8020   10   25
5554 8022   10   25
5564 8022   10   25
5574 8020   10   25
5584 8022   10   25
5594 8022   10   25
5604 8020   10   25
5614 8022   10   25
5624 8022   10   25
5634 8022   10   25
5644 8022   10   25
5654 8022   10   25
5664 8020   10   25
5674 8023   10   25
5684 8022   10   25
5694 8022   10   25
5704 8022   10   25
5714 8022   10   25
5724 8022   10   25
5734 8022   10   25
5745 8022   69   25
5755 8022   69   25
5765 8022   69   25
5775 8022   69   25
5785 7911   69   25
5795 7865   69   25
5806 7845   69   25
5817 7422   69   25
5827 7394   69   29
5837 7449   69   36
5847 7384   69   42
5857 7409   69   49
5867 7395   69   57
5877 7406   60   65
5887 7409   45   73
5897 7462   29   83
5907 7563   29   93
5917 7611   29  102
5927 7635   29  113
5937 7692   29  122
5947 7700   29  130
5957 7883   29  138
5967 7921   29  147
5977 7924   29  155
5987 7924  -99  163
5997 7929  -99  170
6007 7927  -99  177
6017 7777  -99  184
6027 7684  -99  189
6037 7706  -99  193
6047 7756  -99  199
6057 7272  -99  203
6067 7291  -99  205
6077 7443  -99  205
6087 7534  -99  205
6097 7458  -99  205
6107 7467 -100  193
6117 7165 -100  177
6127 7222 -100  161
6137 7078 -100  145
6147 7176 -100  126
6157 7205 -100  109
6167 7331 -100   89
6177 7543 -100   66
6187 7539 -100   45
6197 7578 -100   21
6207 7587 -100   -4
6217 7592   79  -15
6227 7564   79  -27
6237 7502   79  -41
6247 7527   79  -55
6257 7575   79  -68
6267 7195   79  -82
6277 7218   79  -96
6287 7407   79 -108
6297 7511   79 -115
6307 7459   47 -115
6317 7470    9 -115
6327 7335    9 -111
6337 7429    9  -98
6347 7366    9  -85
6357 7919    9  -73
6367 7930    9  -60
6377 7935    9  -47
6387 7975    9  -33
6397 7978    9  -19
99999 0 0 0 
6407 7978   10   -7
6417 7981   10    5
6427 7981   10   15
6437 7979   10   23
6447 7981   10   29
6457 7981   10   33
6467 7981   10   35
6477 7984   10   37
6487 7984   10   37
6497 8017   10   38
6507 7981   10   41
6517 7985   10   41
6527 7984   10   41
6537 7985   10   41
6547 7982   10   41
6557 7982   10   41
6567 7984   10   41
6577 7981   10   41
6587 7982   10   41
6597 7982   10   41
6607 7982   10   41
6617 7984   10   41
6627 8020   10   41
6637 8019   10   41
6647 8019   10   40
6657 8019   10   40
6667 8019   10   40
6677 7985   10   39
6687 8020   10   39
6697 8020   10   39
6707 8020   10   39
6717 8020   10   39
6727 8020   10   39
6737 8019   10   39
6747 8019   10   39
6757 8020   10   39
6767 8020   10   39
6777 7986   10   39
6787 7986   10   39
6797 8020   10   39
6807 8022   10   39
6817 8020   10   39
6827 8020   10   39
6837 8020   10   39
6847 8020   10   39
6857 8020   10   39
6867 8020   10   39
6877 8020   10   39
6887 8020   10   39
6897 8020   10   39
6907 8020   69   39
6917 8020   69   39
6928 8020   69   39
6938 7904   69   39
6948 7866   69   39
6958 7851   69   39
6969 7819   69   39
6979 7394   69   39
6990 7456   69   43
7002 7434   69   51
7012 7454   69   59
7022 7363   56   67
7032 7372   43   76
7042 7407   29   85
7052 7554   29   94
7062 7625   29  103
7072 7652   29  113
7082 7838   29  121
7092 7810   29  129
7102 7812   29  137
7112 7921   29  145
7122 7924   29  153
7132 7924   29  159
7142 7924  -99  166
7152 7927  -99  173
7162 7923  -99  179
7172 7743  -99  185
7182 7695  -99  189
7192 7729  -99  193
7202 7777  -99  199
7212 7287  -99  201
7222 7287  -99  203
7232 7517  -99  203
7242 7475  -99  203
7252 7420 -101  197
7262 7399 -101  184
7272 7220 -101  169
7282 7287 -101  152
7292 7068 -101  135
7302 7153 -101  117
7312 7180 -101   97
7322 7472 -101   77
7332 7540 -101   55
7342 7537 -101   33
7352 7578 -101    9
7362 7588   79  -10
7372 7581   79  -21
7382 7539   79  -34
7392 7513   79  -49
7402 7471   79  -67
7412 7392   79  -83
7422 7373   79  -99
7432 7432   79 -117
7442 7221   79 -135
7452 7340   79 -151
7462 7246   79 -159
7472 7443   55 -162
7482 7383   14 -162
7492 7477    9 -162
7502 7269    9 -151
7512 7339    9 -137
7522 7374    9 -127
7532 7888    9 -112
7542 7894    9  -99
7552 7899    9  -86
7562 7938    9  -73
7572 7974    9  -60
99999 0 0 0 
7582 7976   10  -49
7592 7978   10  -38
7602 7976   10  -28
7612 7978   10  -19
7622 7981   10  -12
7632 7979   10   -6
7642 7981   10   -1
7652 7979   10    4
7662 7982   10    8
7672 7982   10   11
7682 7981   10   14
7692 7981   10   19
7702 7982   10   21
7712 7982   10   22
7722 7981   10   23
7732 7982   10   24
7742 7982   10   25
7752 8017   10   25
7762 8016   10   26
7772 7982   10   27
7782 7982   10   27
7792 7984   10   27
7802 7982   10   27
7812 7982   10   27
7822 7984   10   27
7832 7982   10   27
7842 7984   10   27
7852 7982   10   27
7862 7982   10   27
7872 7982   10   27
7882 7984   10   27
7892 7982   10   27
7902 8019   10   27
7912 8019   10   27
7922 7982   10   27
7932 8019   10   27
7942 8017   10   27
7952 8019   10   27
7962 7982   10   27
7972 7984   10   27
7982 8019   10   27
7992 8019   10   27
8002 8019   10   27
8012 8020   10   27
8022 7984   10   27
8032 7984   10   27
8042 7985   10   27
8052 8019   10   27
8062 8019   10   27
8072 7984   10   27
8082 8019   10   27
8092 8020   69   27
8102 8020   69   27
8112 8020   69   27
8122 7946   69   27
8132 7871   69   27
8142 7849   69   27
8152 7826   69   27
8162 7407   69   30
8172 7453   69   35
8182 7451   69   42
8192 7404   69   49
8202 7389   69   57
8212 7403   62   64
8222 7404   47   72
8232 7468   31   81
8242 7486   29   90
8252 7572   29  100
8262 7604   29  109
8272 7617   29  119
8282 7731   29  127
8292 7880   29  135
8302 7880   29  143
8312 7920   29  151
8322 7920   29  159
8332 7923  -99  166
8342 7923  -99  173
8352 7917  -99  179
8362 7716  -99  185
8372 7696  -99  189
8382 7735  -99  194
8392 7787  -99  199
8402 7332  -99  201
8412 7486  -99  203
8422 7384  -99  203
8432 7489  -99  203
8442 7481 -101  196
8452 7470 -101  181
8462 7191 -101  166
8472 7047 -101  149
8482 7113 -101  132
8492 7196 -101  114
8502 7325 -101   94
8512 7332 -101   74
8522 7541 -101   52
8532 7573 -101   29
8542 7580 -101    5
8552 7588   79  -11
8562 7574   79  -22
8572 7494   79  -35
8582 7503   79  -49
8592 7551   79  -63
8602 7597   79  -76
8612 7209   79  -91
8622 7444   79 -104
8632 7340   79 -113
8642 7479   64 -116
8652 7475   14 -116
8662 7556    9 -116
8672 7415    9 -107
8682 7305    9  -93
8692 7339    9  -83
8702 7888    9  -69
8712 7933    9  -56
8722 7935    9  -43
8732 7974    9  -29
8742 7972    9  -16
99999 0 0 0 
8752 7975   10   -3
8762 7978   10    8
8772 7978   10   18
8782 7979   10   25
8792 7978   10   30
8802 7979   10   34
8812 7979   10   37
8822 7979   10   38
8832 7981   10   39
8842 7979   10   39
8852 7978   10   41
8862 7981   10   41
8872 7979   10   41
8882 7981   10   41
8892 7978   10   41
8902 7979   10   41
8912 7978   10   41
8922 7978   10   41
8932 7978   10   41
8942 7979   10   41
8952 7981   10   41
8962 7982   10   41
8972 7979   10   41
8982 7982   10   41
8992 7982   10   41
9002 7981   10   41
9012 7982   10   40
9022 7981   10   39
9032 7981   10   39
9042 7982   10   38
9052 7982   10   38
9062 7981   10   38
9072 7984   10   38
9082 7981   10   38
9092 7982   10   38
9102 7982   10   38
9112 7982   10   38
9122 7984   10   38
9132 7984   10   38
9142 7982   10   38
9152 7984   10   38
9162 7982   10   38
9172 7982   10   38
9182 7982   10   38
9192 7985   10   38
9202 7982   10   38
9212 7982   10   38
9222 7982   10   38
9232 7984   10   38
9242 7982   10   38
9252 7982   10   38
9262 7984   70   38
9272 7984   70   38
9282 7982   70   38
9292 7915   70   38
9302 7866   70   38
9312 7814   70   38
9322 7788   70   38
9332 7356   70   39
9342 7441   70   39
9352 7445   70   45
9362 7434   70   52
9372 7312   70   60
9382 7326   55   68
9392 7362   40   76
9402 7471   30   85
9412 7503   30   95
9422 7580   30  105
9432 7784   30  115
9442 7796   30  123
9452 7766   30  131
9462 7878   30  139
9472 7880   30  148
9482 7919   30  156
9492 7920 -100  164
9502 7917 -100  170
9512 7730 -100  177
9522 7682 -100  181
9532 7715 -100  187
9542 7767 -100  192
9552 7386 -100  195
9562 7390 -100  197
9572 7446 -100  197
9582 7503 -100  197
9592 7452 -105  193
9602 7434 -105  180
9612 7175 -105  165
9622 7238 -105  149
9632 7093 -105  132
9642 7182 -105  114
9652 7210 -105   95
9662 7363 -105   75
9672 7541 -105   53
9682 7537 -105   31
9692 7574 -105    7
9702 7547   80  -10
9712 7536   80  -21
9722 7527   80  -34
9732 7506   80  -49
9742 7468   80  -67
9752 7356   80  -83
9762 7306   80  -99
9772 7362   80 -116
9782 7256   80 -135
9793 7394   80 -150
9803 7296   80 -159
9813 7426   64 -160
9823 7371    0 -160
9833 7513   10 -159
9843 7257   10 -146
9853 7276   10 -133
9863 7303   10 -123
9873 7920   10 -109
9883 7927   10  -97
9893 7934   10  -84
9903 7935   10  -72
9913 7972   10  -61
99999 0 0 0 
9923 7974   10  -51
9933 7975   10  -41
9943 7976   10  -32
9953 7976   10  -25
9963 7976   10  -19
9973 7974   10  -14
9983 7978   10   -9
9993 7978   10   -4
10003 7978   10    0
10013 7978   10    4
10023 7979   10    8
10033 7978   10   13
10043 7979   10   17
10053 7978   10   19
10063 7978   10   21
10073 7978   10   22
10083 7979   10   23
10093 7979   10   24
10103 7979   10   25
10113 7979   10   25
10123 7978   10   25
10133 7979   10   25
10143 7979   10   25
10153 7981   10   25
10163 7981   10   25
10173 7979   10   25
10183 7981   10   25
10193 7979   10   25
10203 7981   10   25
10213 7981   10   25
10223 7981   10   25
10233 8016   10   25
10243 7982   10   25
10253 7981   10   25
10263 7981   10   25
10273 7979   10   25
10283 7981   10   25
10293 7979   10   25
10303 7979   10   25
10313 7981   10   25
10323 7981   10   25
10333 7981   10   25
10343 7981   10   25
10353 7982   10   25
10363 7981   10   25
10373 7982   10   25
10383 7981   10   25
10393 7981   10   25
10403 7979   10   25
10413 7981   10   25
10424 7981   70   25
10434 7984   70   25
10444 7981   70   25
10454 7982   70   25
10464 7876   70   25
10474 7859   70   25
10484 7803   70   25
10494 7779   70   25
10504 7350   70   29
10514 7427   70   34
10524 7433   70   41
10534 7391   70   49
10544 7386   70   56
10554 7402   67   63
10564 7332   54   71
10574 7410   40   81
10584 7416   30   89
10594 7581   30   99
10604 7575   30  109
10614 7604   30  119
10624 7653   30  129
10634 7837   30  137
10644 7842   30  145
10654 7879   30  154
10664 7916   30  162
10674 7917 -100  170
10684 7919 -100  177
10694 7857 -100  185
10704 7698 -100  191
10714 7696 -100  195
10724 7740 -100  201
10734 7790 -100  205
10744 7286 -100  208
10754 7426 -100  209
10764 7314 -100  209
10774 7471 -100  209
10784 7435 -101  201
10794 7438 -101  186
10804 7201 -101  171
10814 7092 -101  154
10824 7153 -101  137
10834 7156 -101  119
10844 7319 -101  100
10854 7322 -101   79
10864 7533 -101   57
10874 7570 -101   33
10884 7577 -101   10
10894 7594 -101   -9
10904 7587   80  -19
10914 7479   80  -32
10924 7501   80  -45
10934 7548   80  -59
10944 7598   80  -71
10954 7212   80  -84
10964 7407   80  -97
10974 7301   80 -105
10984 7435   56 -107
10994 7512    6 -107
11004 7652   10 -107
11014 7414   10  -96
11024 7319   10  -84
11034 7343   10  -73
11044 7888   10  -60
11054 7929   10  -47
11064 7934   10  -34
11074 7935   10  -21
11084 7937   10   -8
99999 0 0 0 
11094 7938   10    3
11104 7974   10   13
11114 7975   10   21
11124 7975   10   27
11134 7976   10   31
11144 7976   10   34
11154 7978   10   37
11164 7976   10   37
11174 7978   10   37
11184 7976   10   37
11194 7976   10   40
11204 7978   10   40
11214 7981   10   40
11224 7978   10   40
11234 7978   10   40
11244 7975   10   40
11254 7974   10   40
11264 7976   10   40
11274 7976   10   40
11284 8011   10   40
11294 7976   10   40
11304 7979   10   40
11314 7978   10   40
11324 7979   10   39
11334 7979   10   39
11344 7979   10   39
11354 7978   10   39
11364 7978   10   39
11374 7979   10   38
11384 7979   10   38
11394 7979   10   38
11404 7979   10   38
11414 7979   10   38
11424 7979   10   38
11434 7981   10   38
11444 7981   10   38
11454 7981   10   38
11464 7982   10   38
11474 7979   10   38
11484 7981   10   38
11494 7979   10   38
11504 7979   10   38
11514 7979   10   38
11524 7979   10   38
11534 7979   10   38
11544 7981   10   38
11554 7981   10   38
11564 7981   10   38
11574 7981   10   38
11584 7979   10   38
11595 7981   70   38
11605 7981   70   38
11615 7981   70   38
11625 7979   70   38
11635 7869   70   38
11645 7820   70   38
11655 7802   70   38
11665 7778   70   38
11675 7353   70   38
11685 7411   70   40
11695 7424   70   46
11705 7405   70   53
11715 7388   69   61
11725 7400   57   69
11735 7363   44   77
11745 7468   30   87
11755 7490   30   97
11765 7573   30  106
11775 7637   30  116
11785 7651   30  125
11795 7730   30  134
11805 7841   30  142
11815 7844   30  150
11825 7916   30  158
11835 7882   30  165
11845 7882 -100  173
11855 7917 -100  180
11865 7821 -100  187
11875 7696 -100  192
11885 7703 -100  196
11895 7749 -100  201
11905 7795 -100  205
11915 7290 -100  208
11925 7559 -100  209
11935 7443 -100  209
11945 7468 -100  209
11955 7398 -101  198
11965 7409 -101  184
11975 7283 -101  169
11985 6997 -101  151
11995 7052 -101  135
12005 7160 -101  116
12015 7427 -101   95
12025 7430 -101   75
12035 7499 -101   53
12045 7608 -101   29
12055 7618 -101    6
12065 7594   80  -11
12075 7578   80  -23
12085 7472   80  -35
12095 7472   80  -48
12105 7554   80  -61
12115 7601   80  -75
12125 7143   80  -88
12135 7494   80 -101
12145 7386   80 -108
12155 7428   48 -110
12165 7437    6 -110
12175 7598   10 -108
12185 7531   10  -96
12195 7286   10  -85
12205 7309   10  -73
12215 7744   10  -60
12225 7929   10  -47
12235 7933   10  -35
12245 7934   10  -21
12255 7971   10   -8
99999 0 0 0 
12265 7972   10    3
12275 7974   10   13
12285 7975   10   20
12295 7975   10   25
12305 7975   10   29
12315 7974   10   32
12325 7976   10   34
12335 7976   10   35
12345 7976   10   36
12355 7975   10   37
12365 7976   10   38
12375 7975   10   38
12385 7978   10   38
12395 7975   10   38
12405 7975   10   38
12415 7975   10   38
12425 7976   10   38
12435 7975   10   38
12445 7976   10   38
12455 7976   10   38
12465 7978   10   38
12475 7978   10   38
12485 7978   10   38
12495 7978   10   38
12505 7978   10   38
12515 7978   10   38
12525 7978   10   38
12535 7979   10   38
12545 7978   10   38
12555 7978   10   38
12565 7978   10   38
12575 7978   10   38
12585 7979   10   38
12595 7978   10   38
12605 7979   10   38
12615 7981   10   38
12625 7979   10   38
12635 7979   10   38
12645 7979   10   38
12655 7978   10   38
12665 7978   10   38
12675 7979   10   38
12685 7978   10   38
12695 7979   10   38
12705 7979   10   38
12715 7979   10   38
12725 7979   10   38
12735 7978   10   38
12745 7979   10   38
12755 7981   10   38
12766 7981   70   38
12777 7979   70   38
12787 7979   70   38
12797 7978   70   38
12807 7853   70   38
12817 7814   70   38
12827 7792   70   38
12837 7659   70   38
12848 7628   70   38
12858 7410   70   43
12868 7422   70   51
12878 7439   70   57
12888 7317   63   65
12898 7359   50   73
12909 7377   37   83
12919 7482   30   93
12929 7559   30  102
12939 7596   30  112
12949 7753   30  121
12959 7726   30  129
12969 7730   30  137
12979 7878   30  145
12989 7878   30  154
12999 7879   30  161
13009 7917 -100  169
13019 7916 -100  176
13029 7916 -100  182
13039 7758 -100  189
13049 7695 -100  193
13059 7720 -100  198
13069 7767 -100  203
13079 7171 -100  206
13089 7179 -100  209
13099 7453 -100  209
13109 7479 -100  209
13119 7419 -101  205
13129 7438 -101  192
13139 7286 -101  177
13149 7344 -101  161
13159 7054 -101  144
13169 7107 -101  126
13179 7136 -101  107
13189 7396 -101   87
13199 7503 -101   66
13209 7500 -101   43
13219 7576 -101   20
13229 7584 -101   -4
13239 7592   80  -16
13249 7554   80  -28
13259 7457   80  -41
13269 7488   80  -53
13279 7573   80  -67
13289 7370   80  -81
13299 7392   80  -95
13309 7422   80 -105
13319 7430   73 -111
13329 7384   39 -111
13339 7482   10 -111
13349 7502   10 -105
13359 7579   10  -92
13369 7296   10  -80
13379 7735   10  -67
13389 7747   10  -54
13399 7931   10  -40
13409 7933   10  -27
13419 7933   10  -13
99999 0 0 0 
13429 7935   10    0
13439 7971   10   12
13449 7972   10   21
13459 7974   10   29
13469 7974   10   34
13479 7975   10   38
13489 7972   10   41
13499 7975   10   42
13509 7976   10   43
13519 7975   10   44
13529 7976   10   46
13539 7978   10   46
13549 7976   10   46
13559 7976   10   46
13569 7976   10   46
13579 7975   10   46
13589 7974   10   46
13599 7976   10   46
13609 7975   10   46
13619 7975   10   46
13629 7975   10   46
13639 7975   10   46
13649 7976   10   46
13659 7976   10   46
13669 7975   10   45
13679 7975   10   44
13689 7976   10   43
13699 7978   10   43
13709 7976   10   42
13719 7976   10   42
13729 7976   10   42
13739 7978   10   42
13749 7976   10   42
13759 7978   10   42
13769 7978   10   42
13779 7976   10   42
13789 7978   10   42
13799 7978   10   42
13809 7978   10   42
13819 7978   10   42
13829 7979   10   42
13839 7978   10   42
13849 7978   10   42
13859 7978   10   42
13869 7978   10   42
13879 7979   10   42
13889 7978   10   42
13899 7979   10   42
13909 7978   10   42
13919 7978   10   42
13929 7981   70   42
13939 7978   70   42
13949 7978   70   42
13959 7853   70   42
13969 7820   70   42
13980 7794   70   42
13990 7765   70   42
14000 7383   70   42
14010 7439   70   46
14020 7451   70   53
14030 7405   69   61
14040 7351   58   69
14050 7358   44   77
14060 7383   32   86
14070 7504   30   95
14080 7538   30  105
14090 7637   30  114
14100 7614   30  123
14110 7621   30  131
14120 7874   30  139
14130 7876   30  147
14140 7878   30  155
14150 7880   30  162
14160 7880 -100  169
14170 7756 -100  176
14180 7682 -100  181
14190 7695 -100  185
14200 7741 -100  191
14210 7259 -100  195
14220 7290 -100  197
14230 7246 -100  198
14240 7452 -100  198
14250 7440 -107  197
14260 7401 -107  187
14270 7368 -107  173
14280 7204 -107  157
14290 7274 -107  140
14300 7087 -107  123
14310 7167 -107  105
14320 7184 -107   85
14330 7437 -107   64
14340 7498 -107   42
14350 7500 -107   19
14360 7578 -107   -4
14370 7577   80  -15
14380 7549   80  -27
14390 7486   80  -40
14400 7455   80  -56
14410 7419   80  -73
14420 7392   80  -87
14430 7340   80 -105
14440 7389   80 -122
14450 7193   80 -139
14460 7308   80 -149
14470 7241   73 -154
14480 7377   31 -154
14490 7377   10 -153
14500 7579   10 -147
14510 7278   10 -133
14520 7286   10 -122
14530 7307   10 -109
14540 7886   10  -96
14550 7927   10  -83
14560 7930   10  -70
14570 7930   10  -59
99999 0 0 0 
14580 7933   10  -47
14590 7934   10  -35
14600 7935   10  -24
14610 7972   10  -15
14620 7972   10   -7
14630 7972   10   -1
14640 7972   10    4
14650 7972   10    9
14660 7974   10   13
14670 7974   10   16
14680 7974   10   18
14690 7975   10   21
14700 7975   10   25
14710 7975   10   25
14720 7976   10   25
14730 7976   10   26
14740 7974   10   26
14750 7974   10   27
14760 7974   10   27
14770 7974   10   28
14780 7974   10   28
14790 7974   10   28
14800 7975   10   28
14810 7975   10   28
14820 7976   10   28
14830 7976   10   28
14840 7975   10   28
14850 7975   10   28
14860 7976   10   28
14870 7976   10   28
14880 7976   10   28
14890 7975   10   28
14900 7976   10   28
14910 7976   10   28
14920 7976   10   28
14930 7976   10   28
14940 7975   10   28
14950 7976   10   28
14960 7976   10   28
14970 7976   10   28
14980 7976   10   28
14990 7979   10   28
15000 7976   10   28
15010 7976   10   28
15020 7978   10   28
15030 7975   10   28
15040 7976   10   28
15050 7976   10   28
15060 7976   10   28
15070 7979   10   28
15080 7978   70   28
15090 7979   70   28
15100 7976   70   28
15110 7852   70   28
15120 7814   70   28
15132 7792   70   28
15142 7765   70   28
15152 7346   70   33
15162 7406   70   39
15172 7420   70   45
15182 7409   70   53
15192 7357   69   61
15202 7359   58   69
15212 7359   44   77
15222 7427   30   86
15232 7469   30   96
15242 7564   30  106
15252 7594   30  116
15262 7610   30  125
15272 7865   30  133
15282 7872   30  142
15292 7874   30  150
15302 7876   30  159
15312 7913 -100  168
15322 7794 -100  175
15332 7664 -100  180
15342 7677 -100  185
15352 7726 -100  191
15362 7779 -100  195
15372 7388 -100  197
15382 7353 -100  199
15392 7383 -100  199
15402 7475 -106  198
15412 7439 -106  188
15422 7368 -106  174
15432 7059 -106  158
15442 7129 -106  142
15452 7052 -106  125
15462 7271 -106  107
15472 7291 -106   88
15482 7399 -106   67
15492 7568 -106   44
15502 7570 -106   22
15512 7573 -106   -2
15522 7543   80  -13
15532 7523   80  -25
15542 7461   80  -39
15552 7516   80  -52
15562 7563   80  -65
15572 7539   80  -79
15582 7391   80  -92
15592 7342   80 -104
15602 7380   80 -111
15612 7503   48 -112
15622 7477    0 -112
15632 7502   10 -108
15642 7182   10  -95
15652 7280   10  -81
15662 7323   10  -69
15672 7733   10  -55
15682 7744   10  -40
15692 7926   10  -26
15702 7930   10  -11
15712 7930   10    4
99999 0 0 0 
15722 7931   10   17
15732 7934   10   29
15742 7933   10   39
15752 7935   10   46
15762 7971   10   51
15772 7974   10   54
15782 7972   10   57
15792 7972   10   57
15802 7971   10   58
15812 7974   10   58
15822 7974   10   60
15832 7975   10   60
15842 7972   10   60
15852 7974   10   60
15862 7974   10   60
15872 7972   10   60
15882 7971   10   60
15892 7972   10   60
15902 7972   10   60
15912 7974   10   60
15922 7974   10   60
15932 7974   10   59
15942 7974   10   58
15952 7974   10   57
15962 7975   10   55
15972 7975   10   54
15982 7975   10   53
15992 7974   10   52
16002 7976   10   51
16012 7975   10   50
16022 7974   10   49
16032 7974   10   49
16042 7975   10   48
16052 7975   10   48
16062 7975   10   47
16072 7975   10   47
16082 7976   10   47
16092 7976   10   47
16102 7974   10   47
16112 7975   10   47
16122 7976   10   47
16132 7975   10   47
16142 7976   10   47
16152 7975   10   47
16162 7975   10   47
16172 7976   10   47
16182 7976   10   47
16192 7976   10   47
16202 7976   10   47
16212 7975   10   47
16222 7975   70   47
16232 7976   70   47
16242 7877   70   47
16252 7818   70   47
16262 7802   70   47
16272 7494   70   47
16282 7465   70   47
16292 7411   70   48
16302 7410   70   55
16312 7428   69   61
16322 7344   57   69
16332 7331   46   77
16342 7342   32   85
16352 7456   30   94
16362 7588   30  103
16372 7625   30  112
16382 7644   30  121
16392 7794   30  129
16402 7798   30  137
16412 7874   30  145
16422 7874   30  153
16432 7878   30  160
16442 7876   30  167
16452 7874 -100  173
16462 7876 -100  180
16472 7854 -100  187
16482 7703 -100  192
16492 7702 -100  196
16502 7743 -100  201
16512 7224 -100  205
16522 7252 -100  207
16532 7399 -100  208
16542 7537 -100  208
16552 7445 -102  207
16562 7445 -102  197
16572 7236 -102  183
16582 7281 -102  167
16592 7168 -102  151
16602 7120 -102  133
16612 7159 -102  115
16622 7285 -102   95
16632 7505 -102   75
16642 7502 -102   53
16652 7608 -102   29
16662 7577 -102    5
16672 7588   80  -11
16682 7540   80  -23
16692 7475   80  -36
16702 7465   80  -49
16712 7547   80  -63
16722 7204   80  -76
16732 7241   80  -91
16742 7326   80 -103
16752 7468   80 -112
16762 7406   64 -113
16772 7444    0 -113
16782 7440   10 -113
16792 7551   10 -101
16802 7349   10  -89
16812 7692   10  -78
16822 7704   10  -65
16832 7924   10  -51
16842 7926   10  -39
16852 7931   10  -26
16862 7931   10  -13
16872 7931   10   -2
99999 0 0 0 
16882 7934   10    8
16892 7934   10   15
16902 7934   10   21
16912 7935   10   25
16922 7971   10   29
16932 7972   10   31
16942 7972   10   32
16952 7974   10   33
16962 7974   10   36
16972 7972   10   36
16982 7974   10   36
16992 7974   10   36
17002 7971   10   36
17012 7972   10   36
17022 7971   10   36
17032 7972   10   36
17042 7972   10   36
17052 7971   10   36
17062 7971   10   36
17072 7972   10   36
17082 7972   10   36
17092 7972   10   36
17102 7975   10   36
17112 7974   10   36
17122 7972   10   36
17132 7972   10   35
17142 7975   10   35
17152 7974   10   35
17162 7974   10   35
17172 7976   10   35
17182 7974   10   35
17192 7974   10   35
17202 7974   10   35
17212 7975   10   35
17222 7975   10   35
17232 7975   10   35
17242 7975   10   35
17252 7974   10   35
17262 7972   10   35
17272 7975   10   35
17282 7975   10   35
17292 7976   10   35
17302 7974   10   35
17312 7975   10   35
17322 7975   10   35
17332 7975   10   35
17342 7974   10   35
17352 7976   10   35
17362 7975   10   35
17372 7975   70   35
17382 7976   70   35
17392 7902   70   35
17402 7828   70   35
17412 7810   70   35
17422 7782   70   35
17432 7750   70   35
17442 7442   70   36
17452 7437   70   42
17462 7426   70   49
17472 7345   70   57
17482 7361   64   64
17492 7363   52   72
17502 7414   38   81
17512 7426   30   90
17522 7545   30  100
17532 7609   30  110
17542 7635   30  119
17552 7790   30  129
17562 7831   30  137
17572 7835   30  145
17582 7874   30  153
17592 7876   30  161
17602 7876 -100  169
17612 7876 -100  176
17622 7862 -100  183
17632 7671 -100  189
17642 7691 -100  193
17652 7694 -100  199
17662 7742 -100  204
17672 7138 -100  207
17682 7475 -100  209
17692 7377 -100  209
17702 7489 -100  209
17712 7446 -101  201
17722 7438 -101  189
17732 7087 -101  173
17742 7010 -101  157
17752 7071 -101  140
17762 7187 -101  122
17772 7356 -101  102
17782 7362 -101   82
17792 7536 -101   61
17802 7570 -101   37
17812 7576 -101   14
17822 7585 -101   -7
17832 7550   80  -18
17842 7462   80  -31
17852 7460   80  -44
17862 7541   80  -56
17872 7587   80  -69
17882 7201   80  -83
17892 7448   80  -96
17902 7354   80 -105
17912 7450   64 -109
17922 7480   23 -109
17932 7566   10 -108
17942 7367   10 -100
17952 7256   10  -87
17962 7292   10  -75
17972 7807   10  -63
17982 7883   10  -49
17992 7892   10  -36
18002 7930   10  -23
18012 7931   10   -9
99999 0 0 0 
18022 7933   10    5
18032 7931   10   17
18042 7934   10   27
18052 7934   10   34
18062 7970   10   40
18072 7974   10   44
18082 7971   10   47
18092 7971   10   48
18102 7972   10   49
18112 7972   10   49
18122 7972   10   49
18132 7972   10   51
18142 7972   10   51
18152 7971   10   51
18162 7972   10   51
18172 7971   10   51
18182 7970   10   51
18192 7970   10   51
18202 7971   10   51
18212 7972   10   51
18222 7972   10   50
18232 7972   10   49
18242 7974   10   48
18252 7972   10   46
18262 7972   10   45
18272 7972   10   44
18282 7974   10   43
18292 7974   10   42
18302 7974   10   41
18312 7972   10   41
18322 7974   10   41
18332 7972   10   40
18342 7972   10   40
18352 7972   10   40
18362 7974   10   40
18372 7972   10   40
18382 7974   10   40
18392 7974   10   40
18402 7971   10   40
18412 7974   10   40
18422 7975   10   40
18432 7974   10   40
18442 7975   10   40
18452 7972   10   40
18462 7974   10   40
18472 7974   10   40
18482 7974   10   40
18492 7975   10   40
18502 7975   10   40
18512 7974   10   40
18522 7974   10   40
18532 7975   70   40
18542 7972   70   40
18552 7975   70   40
18562 7902   70   40
18572 7821   70   40
18582 7804   70   40
18592 7779   70   40
18602 7363   70   41
18612 7417   70   41
18622 7415   70   47
18632 7361   70   54
18642 7344   69   61
18652 7357   57   69
18662 7359   44   78
18672 7465   32   87
18682 7492   30   96
18692 7572   30  106
18702 7597   30  115
18712 7611   30  125
18722 7833   30  133
18732 7869   30  141
18742 7872   30  149
18752 7874   30  157
18762 7874   30  165
18772 7875 -100  172
18782 7876 -100  179
18792 7899 -100  185
18802 7713 -100  192
18812 7696 -100  196
18822 7697 -100  201
18832 7749 -100  205
18842 7354 -100  208
18852 7478 -100  209
18862 7380 -100  209
18872 7495 -100  209
18882 7490 -101  203
18892 7479 -101  189
18902 7123 -101  175
18912 7009 -101  158
18922 7073 -101  141
18932 7185 -101  123
18942 7353 -101  104
18952 7359 -101   84
18962 7533 -101   62
18972 7568 -101   39
18982 7574 -101   16
18992 7550 -101   -7
19002 7554   80  -18
19012 7466   80  -31
19022 7454   80  -45
19032 7531   80  -57
19042 7579   80  -71
19052 7197   80  -85
19062 7414   80  -98
19072 7322   80 -108
19082 7453   73 -111
19092 7450   14 -111
19102 7531   10 -111
19112 7380   10 -103
19122 7299   10  -89
19132 7331   10  -79
19142 7879   10  -65
19152 7886   10  -52
19162 7890   10  -39
19172 7929   10  -25
19182 7930   10  -12
99999 0 0 0 
19192 7931   10    1
19202 7968   10   12
19212 7933   10   21
19222 7934   10   29
19232 7968   10   34
19242 7933   10   37
19252 7935   10   40
19262 7970   10   41
19272 7971   10   42
19282 7971   10   43
19292 7971   10   45
19302 7972   10   45
19312 7972   10   45
19322 7971   10   45
19332 7968   10   45
19342 7971   10   45
19352 7970   10   45
19362 7971   10   45
19372 7971   10   45
19382 7971   10   45
19392 7972   10   45
19402 7971   10   45
19412 7971   10   45
19422 7972   10   45
19432 7971   10   43
19442 7971   10   42
19452 7974   10   41
19462 7971   10   41
19472 7971   10   40
19482 7971   10   40
19492 7971   10   40
19502 7974   10   40
19512 7971   10   40
19522 7972   10   40
19532 7975   10   40
19542 7974   10   40
19552 7974   10   40
19562 7974   10   40
19572 7974   10   40
19582 7972   10   40
19592 7975   10   40
19602 7972   10   40
19612 7974   10   40
19622 7974   10   40
19632 7974   10   40
19642 7972   10   40
19652 7974   10   40
19662 7974   10   40
19672 7974   10   40
19682 7974   10   40
19692 7972   10   40
19702 7975   70   40
19712 7971   70   40
19722 7974   70   40
19732 7904   70   40
19742 7831   70   40
19752 7810   70   40
19762 7785   70   40
19772 7363   70   40
19782 7412   70   40
19792 7412   70   47
19802 7357   70   54
19812 7341   69   61
19822 7357   57   69
19832 7359   44   77
19842 7465   30   87
19852 7487   30   96
19862 7568   30  106
19872 7596   30  115
19882 7608   30  125
19892 7830   30  133
19902 7869   30  141
19912 7872   30  149
19922 7875   30  157
19932 7910   30  165
19942 7910 -100  172
19952 7875 -100  179
19962 7862 -100  185
19972 7674 -100  192
19982 7693 -100  195
19992 7693 -100  201
20002 7743 -100  205
20012 7318 -100  208
20022 7478 -100  209
20032 7385 -100  209
20042 7495 -100  209
20052 7454 -101  203
20062 7443 -101  189
20072 7162 -101  174
20082 7044 -101  158
20092 7109 -101  141
20102 7149 -101  123
20112 7315 -101  104
20122 7322 -101   84
20132 7533 -101   62
20142 7566 -101   39
20152 7574 -101   16
20162 7584 -101   -6
20172 7551   80  -17
20182 7465   80  -29
20192 7457   80  -43
20202 7533   80  -55
20212 7580   80  -67
20222 7160   80  -80
20232 7383   80  -93
20242 7296   80 -103
20252 7457   73 -107
20262 7488   23 -107
20272 7564   10 -107
20282 7370   10  -99
20292 7294   10  -86
20302 7327   10  -75
20312 7841   10  -63
20322 7849   10  -49
20332 7853   10  -36
20342 7927   10  -23
20352 7929   10  -10
99999 0 0 0 
20362 7930   10    3
20372 7931   10   15
20382 7930   10   25
20392 7931   10   33
20402 7934   10   38
20412 7933   10   42
20422 7934   10   45
20432 7971   10   46
20442 7934   10   47
20452 7934   10   47
20462 7968   10   47
20472 7970   10   49
20482 7971   10   49
20492 7970   10   49
20502 7970   10   49
20512 7971   10   49
20522 7970   10   49
20532 7968   10   49
20542 7970   10   49
20552 7970   10   49
20562 7970   10   47
20572 7968   10   46
20582 7971   10   45
20592 7971   10   44
20602 7971   10   42
20612 7971   10   41
20622 7972   10   41
20632 7971   10   40
20642 7972   10   39
20652 7974   10   39
20662 7971   10   39
20672 7972   10   38
20682 7972   10   38
20692 7972   10   37
20702 7972   10   37
20712 7972   10   37
20722 7971   10   37
20732 7972   10   37
20742 7972   10   37
20752 7972   10   37
20762 7972   10   37
20772 7971   10   37
20782 7974   10   37
20792 7974   10   37
20802 7971   10   37
20812 7972   10   37
20822 7974   10   37
20832 7971   10   37
20842 7972   10   37
20852 7972   10   37
20862 7972   10   37
20872 7974   70   37
20882 7974   70   37
20892 7971   70   37
20902 7901   70   37
20912 7821   70   37
20922 7803   70   37
20932 7779   70   37
20942 7353   70   37
20952 7406   70   38
20962 7408   70   43
20972 7397   70   51
20983 7382   70   58
20993 7391   61   67
21003 7321   49   75
21013 7420   35   84
21023 7438   30   93
21033 7561   30  103
21043 7584   30  113
21053 7604   30  122
21063 7719   30  131
21073 7833   30  139
21083 7834   30  147
21093 7872   30  155
21103 7872 -100  163
21113 7875 -100  170
21124 7875 -100  177
21134 7843 -100  185
21144 7692 -100  190
21154 7662 -100  195
21164 7734 -100  200
21174 7786 -100  204
21184 7284 -100  207
21194 7431 -100  208
21204 7315 -100  208
21214 7445 -100  208
21224 7445 -102  199
21234 7447 -102  184
21244 7176 -102  168
21254 7058 -102  153
21264 7116 -102  134
21274 7159 -102  115
21284 7321 -102   97
21294 7326 -102   77
21304 7499 -102   55
21314 7571 -102   31
21324 7577 -102    7
21334 7549 -102  -10
21344 7574   80  -20
21354 7472   80  -33
21364 7474   80  -46
21374 7521   80  -59
21384 7566   80  -71
21394 7211   80  -84
21404 7506   80  -96
21414 7406   80 -104
21424 7439   56 -106
21434 7443    6 -106
21444 7588   10 -105
21454 7482   10  -95
21464 7316   10  -83
21474 7336   10  -73
21484 7879   10  -61
21494 7920   10  -49
21504 7924   10  -37
21514 7926   10  -24
21524 7929   10  -13
99999 0 0 0 
21534 7929   10   -1
21544 7930   10    9
21554 7931   10   17
21564 7931   10   23
21574 7934   10   28
21584 7933   10   31
21594 7933   10   33
21604 7934   10   34
21614 7968   10   35
21624 7970   10   35
21634 7968   10   37
21644 7934   10   37
21654 7934   10   37
21664 7968   10   37
21674 7970   10   37
21684 7970   10   37
21694 7970   10   37
21704 7970   10   37
21714 7970   10   37
21724 7970   10   37
21734 7970   10   37
21744 7971   10   37
21754 7970   10   37
21764 7970   10   37
21774 7971   10   36
21784 7971   10   36
21794 7971   10   35
21804 7970   10   35
21814 7970   10   34
21824 7971   10   34
21834 7971   10   34
21844 7970   10   34
21854 7972   10   34
21864 7971   10   34
21874 7971   10   34
21884 7972   10   34
21894 7970   10   34
21904 7971   10   34
21914 7974   10   34
21924 7971   10   34
21934 7971   10   34
21944 7971   10   34
21954 7971   10   34
21964 7972   10   34
21974 7971   10   34
21984 7972   10   34
21994 7972   10   34
22004 7971   10   34
22014 7971   10   34
22024 7972   10   34
22035 7974   70   34
22045 7972   70   34
22055 7972   70   34
22066 7972   70   34
22077 7845   70   34
22088 7810   70   34
22098 7789   70   34
22108 7372   70   34
22119 7339   70   35
22129 7434   70   39
22139 7380   70   45
22149 7409   70   53
22159 7361   70   60
22169 7328   60   68
22179 7334   47   76
22189 7448   32   85
22199 7485   30   95
22209 7520   30  104
22219 7589   30  113
22229 7641   30  123
22239 7649   30  132
22249 7796   30  140
22259 7871   30  148
22269 7871   30  156
22279 7872   30  163
22289 7874 -100  171
22299 7874 -100  178
22309 7872 -100  185
22319 7872 -100  192
22329 7685 -100  198
22339 7655 -100  201
22349 7688 -100  207
22359 7734 -100  211
22369 7241 -100  214
22379 7455 -100  216
22389 7363 -100  216
22399 7432 -100  216
22409 7457  -98  211
22419 7440  -98  197
22429 7185  -98  183
22439 7067  -98  166
22449 7133  -98  149
22459 7145  -98  132
22469 7281  -98  113
22479 7290  -98   93
22489 7499  -98   72
22499 7568  -98   50
22509 7573  -98   26
22519 7580  -98    2
22529 7561   80  -12
22539 7543   80  -24
22549 7521   80  -37
22559 7489   80  -53
22569 7495   80  -68
22579 7438   80  -83
22589 7380   80  -99
22599 7410   80 -116
22609 7344   80 -131
22619 7392   80 -139
22629 7343   56 -140
22639 7425    0 -140
22649 7377   10 -140
22659 7500   10 -128
22669 7272   10 -115
22679 7296   10 -105
22689 7309   10  -92
22699 7920   10  -79
22709 7888   10  -67
22719 7890   10  -55
22729 7926   10  -43
99999 0 0 0 
22739 7929   10  -32
22749 7930   10  -23
22759 7931   10  -13
22769 7930   10   -6
22779 7933   10    0
22789 7931   10    5
22799 7933   10    9
22809 7933   10   13
22819 7968   10   16
22829 7933   10   18
22839 7933   10   21
22849 7929   10   24
22859 7934   10   24
22869 7933   10   25
22879 7968   10   25
22889 7968   10   25
22899 7967   10   25
22909 7967   10   25
22919 7968   10   25
22929 7970   10   25
22939 7968   10   25
22949 7970   10   25
22959 7970   10   25
22969 7970   10   25
22979 7971   10   25
22989 7970   10   25
22999 7971   10   25
23009 7970   10   25
23019 7970   10   25
23029 7971   10   25
23039 7971   10   25
23049 7968   10   25
23059 7970   10   25
23069 7971   10   25
23079 7970   10   25
23089 7970   10   25
23099 7971   10   25
23109 7971   10   25
23119 7971   10   25
23129 7970   10   25
23139 7968   10   25
23149 7970   10   25
23159 7968   10   25
23169 7971   10   25
23179 7971   10   25
23189 7970   10   25
23199 7970   10   25
23209 7972   10   25
23219 7972   10   25
23229 7971   10   25
23239 7971   70   25
23249 7971   70   25
23259 7909   70   25
23269 7828   70   25
23279 7807   70   25
23289 7788   70   25
23299 7368   70   25
23309 7415   70   31
23319 7408   70   37
23329 7385   70   44
23339 7304   70   51
23349 7323   70   59
23359 7362   61   66
23369 7361   47   75
23379 7355   34   84
23389 7469   30   93
23399 7526   30  104
23409 7576   30  113
23419 7565   30  123
23429 7752   30  133
23439 7756   30  141
23449 7868   30  149
23459 7869   30  158
23469 7874 -100  167
23479 7872 -100  175
23489 7874 -100  181
23499 7672 -100  189
23509 7641 -100  193
23519 7679 -100  198
23529 7725 -100  203
23539 7198 -100  206
23549 7415 -100  209
23559 7334 -100  209
23569 7439 -100  209
23579 7422 -101  205
23589 7408 -101  192
23599 7220 -101  177
23609 7101 -101  161
23619 7163 -101  144
23629 7105 -101  127
23639 7274 -101  108
23649 7287 -101   89
23659 7496 -101   67
23669 7562 -101   45
23679 7566 -101   21
23689 7578 -101   -3
23699 7551   80  -13
23709 7525   80  -24
23719 7494   80  -36
23729 7479   80  -52
23739 7492   80  -67
23749 7401   80  -80
23759 7342   80  -96
23769 7374   80 -112
23779 7351   80 -125
23789 7399   80 -134
23799 7351   64 -135
23809 7433    0 -135
23819 7417   10 -135
23829 7538   10 -123
23839 7308   10 -111
23849 7296   10 -100
23859 7307   10  -87
23869 7882   10  -75
23879 7888   10  -62
23889 7889   10  -50
23899 7926   10  -39
99999 0 0 0 
23909 7927   10  -27
23919 7929   10  -17
23929 7929   10   -8
23939 7930   10   -1
23949 7930   10    5
23959 7931   10   10
23969 7930   10   14
23979 7931   10   17
23989 7933   10   20
23999 7931   10   22
24009 7933   10   26
24019 7934   10   26
24029 7933   10   26
24039 7930   10   26
24049 7931   10   26
24059 7931   10   27
24069 7931   10   27
24079 7931   10   27
24089 7968   10   27
24099 7968   10   27
24109 7968   10   27
24119 7970   10   27
24129 7968   10   27
24139 7967   10   27
24149 7968   10   27
24159 7970   10   27
24169 7968   10   27
24179 7968   10   27
24189 7970   10   27
24199 7970   10   27
24209 7970   10   27
24219 7968   10   27
24229 7968   10   27
24239 7970   10   27
24249 7970   10   27
24259 7970   10   27
24269 7968   10   27
24279 7970   10   27
24289 7970   10   27
24299 7970   10   27
24309 7970   10   27
24319 7968   10   27
24329 7970   10   27
24339 7970   10   27
24349 7971   10   27
24359 7971   10   27
24369 7970   10   27
24379 7971   10   27
24389 7970   10   27
24399 7970   10   27
24409 7971   70   27
24419 7970   70   27
24429 7908   70   27
24439 7825   70   27
24449 7806   70   27
24459 7786   70   27
24469 7367   70   27
24479 7411   70   32
24489 7404   70   38
24499 7385   70   45
24509 7341   70   52
24519 7357   70   59
24529 7361   61   67
24539 7357   47   75
24549 7351   34   84
24559 7465   30   93
24569 7528   30  104
24579 7576   30  113
24589 7562   30  123
24599 7752   30  133
24609 7757   30  141
24619 7866   30  149
24629 7869   30  158
24639 7871 -100  166
24649 7872 -100  174
24659 7869 -100  181
24669 7666 -100  188
24679 7638 -100  192
24689 7674 -100  197
24699 7722 -100  203
24709 7161 -100  205
24719 7374 -100  208
24729 7300 -100  208
24739 7445 -100  208
24749 7423 -102  204
24759 7408 -102  191
24769 7257 -102  176
24779 7101 -102  160
24789 7161 -102  143
24799 7104 -102  125
24809 7240 -102  107
24819 7255 -102   87
24829 7464 -102   66
24839 7532 -102   43
24849 7536 -102   20
24859 7578 -102   -3
24869 7547   80  -15
24879 7476   80  -27
24889 7421   80  -40
24899 7492   80  -51
24909 7539   80  -65
24919 7118   80  -77
24929 7349   80  -90
24939 7282   80 -100
24949 7436   73 -104
24959 7459   23 -104
24969 7517   10 -104
24979 7500   10  -99
24989 7321   10  -87
24999 7358   10  -75
25009 7765   10  -64
25019 7845   10  -51
25029 7849   10  -39
25039 7921   10  -25
25049 7926   10  -12
99999 0 0 0 
25059 7924   10    1
25069 7927   10   12
25079 7929   10   23
25089 7929   10   31
25099 7930   10   37
25109 7930   10   41
25119 7930   10   44
25129 7931   10   46
25139 7931   10   47
25149 7931   10   47
25159 7931   10   47
25169 7931   10   47
25179 7931   10   47
25189 7931   10   47
25199 7931   10   47
25209 7930   10   47
25219 7931   10   47
25229 7964   10   47
25239 7965   10   47
25249 7930   10   46
25259 7931   10   45
25269 7931   10   44
25279 7933   10   42
25289 7933   10   41
25299 7935   10   40
25309 7968   10   39
25319 7968   10   37
25329 7968   10   37
25339 7967   10   36
25349 7968   10   35
25359 7968   10   35
25369 7968   10   34
25379 7968   10   34
25389 7970   10   34
25399 7968   10   34
25409 7970   10   34
25419 7970   10   34
25429 7968   10   34
25439 7968   10   34
25449 7968   10   34
25459 7933   10   34
25469 7968   10   34
25479 7968   10   34
25489 7970   10   34
25499 7970   10   34
25509 7968   10   34
25519 7970   10   34
25529 7971   10   34
25539 7970   10   34
25549 7970   10   34
25560 7970   70   34
25570 7970   70   34
25580 7925   70   34
25590 7827   70   34
25600 7802   70   34
25610 7781   70   34
25620 7611   70   35
25630 7584   70   35
25640 7434   70   39
25650 7421   70   45
25660 7448   70   53
25670 7359   70   60
25680 7294   60   67
25690 7298   46   77
25701 7412   30   86
25711 7492   30   95
25722 7596   30  106
25732 7627   30  116
25742 7641   30  125
25752 7755   30  133
25762 7759   30  141
25772 7866   30  149
25782 7869   30  157
25792 7872   30  165
25802 7871 -100  172
25812 7860 -100  179
25822 7669 -100  185
25832 7647 -100  189
25842 7685 -100  195
25852 7731 -100  200
25862 7165 -100  203
25872 7476 -100  205
25882 7394 -100  205
25892 7399 -103  204
25902 7423 -103  199
25912 7411 -103  185
25922 7299 -103  170
25932 7005 -103  153
25942 7065 -103  137
25952 7113 -103  119
25962 7353 -103  100
25972 7362 -103   80
25982 7465 -103   58
25992 7568 -103   36
26002 7571 -103   13
26012 7577 -103   -7
26022 7540   80  -18
26032 7459   80  -30
26042 7458   80  -44
26052 7500   80  -55
26062 7545   80  -69
26072 7337   80  -82
26082 7485   80  -95
26092 7397   80 -104
26102 7385   64 -108
26112 7453   23 -108
26122 7534   10 -107
26132 7512   10  -99
26142 7254   10  -87
26152 7289   10  -75
26162 7519   10  -63
26172 7882   10  -49
26182 7885   10  -36
26192 7923   10  -23
26202 7926   10   -9
99999 0 0 0 
26212 7926   10    4
26222 7926   10   16
26232 7929   10   26
26242 7929   10   33
26252 7929   10   38
26262 7930   10   42
26272 7930   10   45
26282 7929   10   45
26292 7930   10   46
26302 7929   10   46
26312 7931   10   46
26322 7931   10   47
26332 7930   10   47
26342 7931   10   47
26352 7933   10   47
26362 7930   10   47
26372 7930   10   47
26382 7930   10   47
26392 7930   10   47
26402 7930   10   47
26412 7931   10   46
26422 7931   10   45
26432 7933   10   44
26442 7931   10   42
26452 7931   10   41
26462 7931   10   41
26472 7967   10   39
26482 7968   10   39
26492 7933   10   38
26502 7933   10   37
26512 7933   10   37
26522 7933   10   37
26532 7931   10   37
26542 7933   10   36
26552 7933   10   36
26562 7968   10   36
26572 7968   10   36
26582 7968   10   36
26592 7967   10   36
26602 7970   10   36
26612 7933   10   36
26622 7968   10   36
26632 7968   10   36
26642 7968   10   36
26652 7970   10   36
26662 7970   10   36
26672 7968   10   36
26682 7970   10   36
26692 7967   10   36
26702 7968   10   36
26712 7967   10   36
26722 7968   70   36
26732 7968   70   36
26743 7968   70   36
26753 7887   70   36
26763 7818   70   36
26773 7802   70   37
26784 7775   70   37
26794 7563   70   37
26804 7408   70   37
26814 7415   70   44
26825 7402   70   51
26835 7317   70   59
26845 7324   63   66
26855 7323   50   74
26865 7416   35   83
26875 7435   30   93
26885 7518   30  102
26895 7651   30  111
26905 7669   30  121
26915 7645   30  129
26925 7793   30  137
26935 7794   30  145
26945 7833   30  153
26955 7869   30  160
26965 7869   30  167
26975 7868 -100  174
26985 7871 -100  181
26995 7869 -100  188
27005 7734 -100  193
27016 7654 -100  197
27027 7680 -100  203
27037 7725 -100  208
27047 7233 -100  211
27057 7415 -100  213
27067 7357 -100  213
27077 7450 -100  213
27087 7466 -100  209
27097 7450 -100  196
27107 7226 -100  181
27117 7104 -100  165
27127 7161 -100  149
27137 7103 -100  131
27147 7273 -100  112
27157 7284 -100   93
27167 7496 -100   72
27177 7532 -100   48
27187 7535 -100   26
27197 7578 -100    2
27207 7591   80  -13
27217 7553   80  -23
27227 7457   80  -36
27237 7486   80  -48
27247 7530   80  -61
27257 7112   80  -73
27267 7354   80  -86
27277 7298   80  -96
27287 7447   73 -103
27297 7458   48 -103
27307 7472   10 -103
27317 7434   10  -99
27327 7221   10  -87
27337 7295   10  -75
27347 7574   10  -63
27358 7696   10  -49
27368 7704   10  -35
27378 7883   10  -21
27388 7923   10   -8
99999 0 0 0 
27398 7926   10    5
27408 7924   10   17
27418 7927   10   29
27428 7927   10   37
27438 7962   10   44
27448 7924   10   49
27458 7929   10   51
27468 7929   10   53
27478 7927   10   54
27488 7930   10   54
27498 7930   10   54
27508 7930   10   54
27518 7930   10   54
27528 7931   10   54
27538 7930   10   54
27548 7929   10   54
27558 7929   10   54
27568 7929   10   54
27578 7930   10   54
27588 7929   10   53
27598 7930   10   51
27608 7930   10   49
27618 7929   10   48
27628 7927   10   46
27638 7931   10   45
27648 7930   10   43
27658 7965   10   42
27668 7967   10   41
27678 7933   10   40
27688 7931   10   40
27698 7931   10   39
27708 7931   10   38
27718 7933   10   38
27728 7931   10   37
27738 7930   10   37
27748 7931   10   37
27758 7931   10   37
27768 7967   10   37
27778 7968   10   37
27788 7967   10   37
27798 7967   10   37
27808 7931   10   37
27818 7931   10   37
27828 7933   10   37
27838 7968   10   37
27848 7965   10   37
27858 7968   10   37
27868 7931   10   37
27878 7931   10   37
27888 7968   10   37
27899 7967   70   37
27909 7968   70   37
27919 7928   70   37
27929 7831   70   37
27939 7803   70   37
27949 7785   70   37
27959 7367   70   37
27969 7340   70   37
27979 7404   70   41
27989 7354   70   48
27999 7375   70   54
28009 7361   69   61
28019 7363   57   69
28029 7369   44   78
28039 7423   30   87
28049 7530   30   96
28059 7562   30  105
28069 7660   30  115
28079 7639   30  124
28089 7645   30  132
28099 7828   30  140
28109 7865   30  148
28119 7868   30  156
28129 7871   30  163
28139 7868 -100  170
28149 7869 -100  177
28159 7868 -100  184
28169 7865 -100  190
28179 7685 -100  196
28189 7657 -100  199
28199 7690 -100  204
28209 7738 -100  209
28219 7312 -100  211
28229 7485 -100  213
28239 7398 -100  213
28249 7468 -100  213
28259 7458 -100  205
28269 7453 -100  193
28279 7167 -100  177
28289 7015 -100  161
28299 7073 -100  145
28309 7149 -100  127
28319 7312 -100  108
28329 7318 -100   88
28339 7526 -100   67
28349 7559 -100   45
28359 7567 -100   21
28369 7577 -100   -3
28379 7587   80  -15
28389 7516   80  -26
28399 7458   80  -39
28409 7529   80  -50
28419 7573   80  -64
28429 7156   80  -76
28439 7386   80  -88
28449 7313   80  -98
28459 7468   73 -103
28469 7458   31 -103
28479 7510   10 -103
28489 7346   10  -97
28499 7274   10  -85
28509 7316   10  -73
28519 7798   10  -63
28529 7771   10  -51
28539 7777   10  -37
28549 7889   10  -24
28559 7923   10  -11
99999 0 0 0 
28569 7926   10    1
28579 7924   10   13
28589 7926   10   24
28599 7927   10   33
28609 7927   10   39
28619 7927   10   43
28629 7927   10   46
28639 7929   10   48
28649 7930   10   49
28659 7929   10   49
28669 7930   10   49
28679 7930   10   49
28689 7930   10   49
28699 7930   10   49
28709 7930   10   49
28719 7930   10   49
28729 7929   10   49
28739 7929   10   49
28749 7927   10   48
28759 7927   10   46
28769 7929   10   45
28779 7931   10   44
28789 7930   10   42
28799 7929   10   41
28809 7930   10   40
28819 7930   10   38
28829 7930   10   37
28839 7930   10   37
28849 7930   10   36
28859 7933   10   35
28869 7930   10   34
28879 7930   10   34
28889 7930   10   33
28899 7930   10   33
28909 7930   10   33
28919 7934   10   33
28929 7931   10   33
28939 7967   10   33
28949 7931   10   33
28959 7933   10   33
28969 7967   10   33
28979 7931   10   33
28989 7931   10   33
28999 7931   10   33
29009 7931   10   33
29019 7933   10   33
29029 7931   10   33
29039 7931   10   33
29049 7933   10   33
29059 7968   10   33
29070 7931   70   33
29080 7934   70   33
29090 7870   70   33
29101 7789   70   33
29112 7758   70   33
29122 7734   70   34
29132 7357   70   34
29142 7408   70   34
29152 7408   70   40
29162 7391   70   47
29172 7309   70   53
29182 7320   70   61
29192 7358   57   69
29202 7444   46   77
29212 7448   30   87
29222 7528   30   96
29232 7591   30  105
29242 7621   30  115
29252 7603   30  124
29262 7787   30  133
29272 7790   30  141
29282 7866   30  149
29292 7869   30  157
29302 7869   30  164
29312 7869 -100  171
29322 7868 -100  178
29332 7869 -100  185
29342 7794 -100  192
29352 7661 -100  196
29362 7665 -100  201
29372 7706 -100  205
29382 7288 -100  209
29392 7316 -100  212
29402 7426 -100  213
29412 7537 -100  213
29422 7453 -100  213
29432 7420 -100  204
29442 7141 -100  189
29452 7181 -100  175
29462 7060 -100  158
29472 7118 -100  141
29482 7155 -100  123
29492 7317 -100  104
29502 7499 -100   83
29512 7498 -100   61
29522 7535 -100   39
29532 7539 -100   15
29542 7551 -100   -7
29552 7550   80  -18
29562 7480   80  -31
29572 7457   80  -44
29582 7533   80  -55
29592 7117   80  -69
29602 7157   80  -82
29612 7336   80  -95
29622 7535   80 -103
29632 7453   56 -107
29642 7454   23 -107
29652 7322   10 -107
29662 7415   10  -97
29672 7333   10  -84
29682 7825   10  -75
29692 7837   10  -61
29702 7807   10  -49
29712 7885   10  -36
29722 7885   10  -23
29732 7921   10  -10
29742 7924   10    3
99999 0 0 0 
29752 7924   10   14
29762 7926   10   24
29772 7927   10   31
29782 7927   10   37
29792 7929   10   40
29802 7927   10   42
29812 7927   10   44
29822 7927   10   45
29832 7927   10   45
29842 7930   10   45
29852 7964   10   45
29862 7929   10   45
29872 7931   10   45
29882 7927   10   45
29892 7929   10   45
29902 7927   10   45
29912 7927   10   45
29922 7926   10   45
29932 7929   10   45
29942 7929   10   43
29952 7929   10   42
29962 7927   10   41
29972 7929   10   40
29982 7929   10   38
29992 7929   10   37
