  0 831   67    0
 10 8310   67    0
 20 8310   67    0
 30 8250   67    0
 40 8173   67    0
 50 8179   67    0
 61 8202   67    0
 72 7834   67    0
 82 7840   67    0
 92 8024   67    0
102 8000   67    1
112 7944   67    9
122 7889   67   18
132 7862   67   29
142 7894   67   39
152 7638   67   50
163 7662   66   61
173 7666   52   73
183 7837   38   84
194 7898   28   97
204 7926   28  109
215 7963   28  121
225 7946   28  134
235 8062   28  145
246 8065   28  155
257 8213  -96  166
267 8213  -96  176
277 8214  -96  187
287 7979  -96  195
297 7929  -96  201
307 7971  -96  209
317 8034  -96  215
327 7555  -96  219
337 7531  -96  222
347 7590  -96  222
357 7708  -96  222
367 7659  -90  216
377 7546  -90  202
387 7171  -90  187
397 7243  -90  169
407 7246  -90  151
417 7470  -90  133
427 7491  -90  114
437 7675  -90   93
447 7813  -90   69
458 7820  -90   42
468 7838  -90   17
479 7854  -90   -9
489 7864   77  -21
499 7829   77  -34
509 7824   77  -51
520 7761   77  -68
531 7831   77  -85
542 7683   77 -106
552 7409   77 -123
562 7398   77 -140
573 7654   77 -152
583 7720   77 -157
593 7691   30 -157
604 7614    9 -156
614 7586    9 -144
625 7663    9 -128
635 7630    9 -115
645 8139    9  -99
657 8218    9  -81
668 8225    9  -65
678 8227    9  -51
688 8228    9  -36
99999 0 0 0 
  0 827   67    2
 10 8275   67    2
 22 8273   67    2
 32 8156   67    2
 42 8169   67    2
 52 8152   67    2
 62 8156   67    2
 72 7782   67    2
 82 7911   67    7
 92 7873   67   16
102 7791   67   25
112 7629   67   35
122 7656   67   44
132 7609   67   54
143 7759   29   65
154 7797   29   77
164 7918   29   89
174 7939   29  100
186 8055   29  112
196 8059   29  120
206 8168  -96  130
216 8171  -96  139
226 8031  -96  148
236 7937  -96  156
246 7925  -96  164
256 7977  -96  170
266 7328  -96  176
276 7576  -96  179
286 7468  -96  180
296 7643  -96  180
307 7695  -95  177
318 7679  -95  163
328 7254  -95  146
338 7154  -95  130
348 7231  -95  113
358 7357  -95   96
368 7525  -95   77
378 7527  -95   56
388 7734  -95   33
398 7772  -95   12
408 7779   77  -11
418 7783   77  -23
428 7675   77  -34
438 7687   77  -47
448 7809   77  -57
458 7827   77  -71
468 7862   77  -83
478 7732   77  -93
488 7734   70 -100
498 7658   46 -102
508 7763    6 -102
518 7806    9 -101
529 7902    9  -89
539 7549    9  -80
549 7605    9  -67
561 8220    9  -53
571 8222    9  -41
581 8224    9  -28
592 8227    9  -16
603 8227    9   -3
99999 0 0 0 
  0 827   67    1
 10 8273   67    1
 20 8272   67    1
 30 8272   67    1
 40 8161   67    1
 50 8132   67    1
 60 8145   67    1
 70 8143   67    1
 80 7728   67    1
 90 7837   67    6
100 7835   67   16
111 7828   67   24
121 7736   67   34
133 7589   67   45
143 7607   67   56
153 7720   29   66
163 7826   29   77
173 7826   29   89
183 7880   29  101
193 7958   29  113
203 7976   29  125
213 7912  -96  135
223 8167  -96  145
233 8078  -96  156
243 7907  -96  166
253 7915  -96  176
263 7967  -96  185
273 8062  -96  191
283 7586  -96  197
293 7469  -96  197
303 7517  -96  197
313 7552  -88  195
323 7545  -88  181
333 7395  -88  167
343 7106  -88  150
353 7182  -88  133
363 7239  -88  115
373 7556  -88   95
383 7561  -88   75
393 7701  -88   52
403 7808  -88   29
413 7816  -88    5
423 7802   77  -13
433 7824   77  -24
443 7774   77  -38
453 7699   77  -53
463 7759   77  -68
473 7814   77  -83
483 7758   77  -99
493 7672   77 -115
503 7601   77 -128
513 7647   77 -136
523 7782   54 -137
533 7758    0 -137
543 7716    9 -135
553 7355    9 -121
563 7468    9 -106
573 7566    9  -92
583 7878    9  -77
593 7891    9  -61
603 8181    9  -45
613 8221    9  -29
623 8222    9  -14
99999 0 0 0 
633 8225   10    1
643 8225   10   15
653 8224   10   25
663 8225   10   33
673 8225   10   39
683 8227   10   44
693 8227   10   46
703 8225   10   49
713 8227   10   50
723 8228   10   53
733 8228   10   53
743 8227   10   53
753 8228   10   53
763 8258   68   53
773 8206   68   53
783 8058   68   53
793 8017   68   54
803 7994   68   56
813 8009   68   59
823 7753   29   63
833 7761   29   69
843 7711   29   76
853 7787   29   83
863 7835   29   91
873 7748   29   98
883 8116   29  105
893 8122   29  111
903 8125   29  117
913 8161   29  123
923 8166   29  128
933 8164   29  133
943 8164   29  138
953 8164   29  143
963 8161   29  149
973 8161  -97  154
983 8161  -97  159
993 7991  -97  163
1003 7922  -97  165
1013 7954  -97  169
1023 8012  -97  172
1033 7526  -97  173
1043 7540  -97  174
1053 7681  -97  174
1063 7761 -102  173
1073 7687 -102  168
1083 7699 -102  154
1093 7381 -102  138
1103 7452 -102  121
1113 7346 -102  104
1123 7398 -102   85
1133 7423 -102   65
1143 7535 -102   44
1153 7740 -102   21
1163 7740 -102   -2
1173 7815   77  -16
1183 7792   77  -27
1193 7729   77  -41
1203 7694   77  -56
1213 7664   77  -73
1223 7717   77  -87
1233 7599   77 -105
1243 7471   77 -122
1253 7453   77 -139
1263 7568   77 -149
1273 7711   70 -153
1283 7678   22 -153
1293 7660    9 -152
1303 7494    9 -143
1313 7578    9 -128
1323 7545    9 -116
1333 8166    9 -101
1343 8177    9  -87
1353 8180    9  -72
1363 8220    9  -58
1373 8220    9  -44
99999 0 0 0 
1383 8221   10  -31
1393 8222   10  -19
1403 8224   10   -7
1413 8222   10    1
1423 8224   10    8
1433 8222   10   13
1443 8224   10   17
1453 8224   10   20
1463 8225   10   23
1473 8225   10   25
1483 8225   10   29
1493 8224   10   30
1503 8224   68   30
1513 8225   68   31
1523 8224   68   32
1533 8106   68   33
1543 8046   68   34
1553 8025   68   36
1563 8006   68   38
1573 7732   68   42
1584 7722   68   48
1594 7728   68   54
1604 7715   55   62
1614 7733   29   70
1624 7750   29   79
1634 7579   29   88
1644 7661   29   97
1654 7771   29  107
1664 7857   29  116
1674 7861   29  125
1684 8120   29  133
1694 8123   29  141
1704 8125   29  149
1714 8129  -97  157
1724 8130  -97  165
1734 8130  -97  171
1744 8098  -97  177
1754 7922  -97  184
1764 7921  -97  187
1774 7971  -97  192
1784 7316  -97  197
1794 7356  -97  199
1804 7576  -97  200
1814 7744  -97  200
1824 7637  -97  200
1834 7666  -92  189
1844 7485  -92  175
1854 7545  -92  158
1864 7405  -92  141
1874 7294  -92  123
1884 7336  -92  104
1894 7423  -92   83
1904 7706  -92   61
1914 7701  -92   39
1924 7774  -92   15
1934 7822  -92   -9
1944 7829   77  -20
1954 7758   77  -32
1964 7710   77  -47
1974 7720   77  -61
1984 7805   77  -76
1994 7713   77  -91
2004 7742   77 -107
2014 7472   77 -120
2024 7699   77 -128
2034 7632   54 -131
2044 7713   14 -131
2054 7584    9 -131
2064 7709    9 -120
2074 7558    9 -107
2084 7623    9  -97
2094 7637    9  -84
2104 8143    9  -72
2114 8180    9  -59
2124 8181    9  -47
2134 8220    9  -35
99999 0 0 0 
2144 8220   10  -22
2154 8221   10  -11
2164 8221   10    0
2174 8222   10    9
2184 8221   10   15
2194 8222   10   20
2204 8222   10   23
2214 8222   10   25
2224 8222   10   27
2234 8221   10   28
2244 8224   10   29
2254 8222   10   32
2264 8224   68   32
2274 8222   68   32
2284 8186   68   32
2294 8066   68   32
2304 8013   68   32
2314 7985   68   32
2324 7676   68   34
2334 7655   68   37
2344 7761   68   43
2354 7681   68   48
2364 7713   68   55
2374 7703   42   62
2384 7640   29   70
2394 7674   29   79
2404 7672   29   88
2414 7772   29   97
2424 7787   29  105
2434 8112   29  113
2444 8117   29  121
2454 8120   29  128
2464 8160   29  135
2474 8126   29  141
2484 8125  -97  148
2494 8160  -97  154
2504 8000  -97  161
2514 7921  -97  165
2524 7947  -97  169
2534 7999  -97  174
2544 8048  -97  177
2554 7633  -97  180
2564 7732  -97  180
2574 7616  -97  180
2584 7682 -101  178
2594 7587 -101  165
2604 7609 -101  150
2614 7244 -101  134
2624 7175 -101  117
2634 7233 -101   99
2644 7441 -101   80
2654 7592 -101   59
2664 7589 -101   37
2674 7764 -101   15
2684 7772 -101   -8
2694 7779   77  -19
2704 7746   77  -31
2714 7725   77  -46
2724 7679   77  -61
2734 7718   77  -75
2744 7632   77  -92
2754 7682   77 -108
2764 7652   77 -124
2774 7672   77 -136
2784 7587   77 -142
2794 7718   38 -143
2804 7598    0 -142
2814 7801    9 -136
2824 7500    9 -123
2834 7576    9 -113
2844 7593    9  -99
2854 8168    9  -87
2864 8175    9  -73
2874 8178    9  -60
2884 8180    9  -48
2894 8217    9  -36
99999 0 0 0 
2904 8216   10  -25
2914 8220   10  -15
2924 8218   10   -7
2934 8218   10   -1
2944 8220   10    5
2954 8221   10    9
2964 8220   10   13
2974 8220   10   15
2984 8220   10   18
2994 8221   10   21
3004 8222   10   23
3014 8220   10   24
3024 8220   68   25
3034 8220   68   25
3044 8128   68   26
3054 8044   68   27
3064 8016   68   29
3074 7996   68   31
3084 7972   68   34
3094 7711   68   39
3104 7753   68   45
3114 7775   68   52
3124 7759   68   60
3134 7705   29   69
3144 7716   29   77
3154 7665   29   87
3164 7694   29   97
3174 7732   29  107
3184 7856   29  116
3194 8041   29  125
3204 8047   29  133
3214 8120   29  142
3224 8122   29  149
3234 8123  -97  158
3244 8123  -97  165
3254 8154  -97  172
3264 7936  -97  179
3274 7911  -97  183
3284 7952  -97  188
3294 8012  -97  193
3304 7451  -97  196
3314 7654  -97  197
3325 7535  -97  197
3335 7677  -97  197
3345 7699  -96  189
3355 7695  -96  175
3365 7388  -96  159
3375 7248  -96  143
3385 7317  -96  125
3395 7330  -96  107
3405 7491  -96   87
3415 7490  -96   66
3425 7731  -96   43
3435 7802  -96   21
3445 7813  -96   -4
3455 7788   77  -17
3465 7764   77  -28
3475 7684   77  -43
3485 7748   77  -57
3495 7766   77  -71
3505 7813   77  -86
3515 7460   77 -101
3525 7636   77 -115
3535 7534   77 -124
3545 7733   62 -127
3555 7789   14 -127
3565 7876    9 -127
3575 7622    9 -119
3585 7742    9 -107
3595 7766    9  -97
3605 8133    9  -86
3615 8140    9  -75
3625 8141    9  -63
3635 8178    9  -51
3645 8216    9  -40
99999 0 0 0 
3655 8217   10  -28
3665 8218   10  -18
3675 8217   10   -7
3685 8216   10    1
3695 8217   10    9
3705 8218   10   13
3715 8218   10   18
3725 8218   10   21
3735 8218   10   23
3745 8220   10   25
3755 8220   10   25
3765 8220   10   25
3775 8218   68   28
3785 8218   68   28
3795 8208   68   28
3805 8095   68   28
3815 8046   68   28
3825 7999   68   28
3835 7975   68   29
3845 7710   68   32
3855 7711   68   37
3865 7717   68   42
3875 7739   68   49
3885 7723   68   57
3895 7739   44   65
3905 7663   29   74
3915 7717   29   83
3925 7751   29   92
3935 7777   29  101
3945 8035   29  110
3955 8044   29  118
3965 8117   29  125
3975 8119   29  133
3985 8122   29  140
3995 8122   29  147
4005 8122  -97  153
4015 7976  -97  160
4025 7874  -97  165
4035 7935  -97  169
4045 7982  -97  174
4055 7289  -97  177
4065 7560  -97  180
4075 7497  -97  181
4085 7664  -97  181
4095 7689  -97  181
4105 7663 -103  169
4115 7489 -103  154
4125 7304 -103  137
4135 7374 -103  121
4145 7221 -103  104
4155 7365 -103   85
4165 7378 -103   65
4175 7657 -103   44
4185 7726 -103   21
4195 7730 -103   -3
4205 7774   77  -17
4215 7760   77  -28
4225 7707   77  -43
4235 7685   77  -58
4245 7718   77  -72
4255 7771   77  -88
4265 7607   77 -104
4275 7514   77 -120
4285 7434   77 -132
4295 7668   77 -139
4305 7692   46 -139
4315 7670    9 -139
4325 7569    9 -135
4335 7470    9 -120
4345 7567    9 -107
4355 7500    9  -95
4365 7909    9  -79
4375 7921    9  -64
4385 8172    9  -50
4395 8175    9  -35
99999 0 0 0 
4405 8177   10  -21
4415 8177   10   -7
4425 8180   10    6
4435 8175   10   17
4445 8214   10   25
4455 8181   10   31
4465 8180   10   35
4475 8216   10   38
4485 8217   10   41
4495 8217   10   42
4505 8217   10   43
4515 8217   10   46
4527 8217   68   46
4538 8143   68   46
4548 8055   68   46
4558 8000   68   46
4568 7972   68   47
4578 7666   68   50
4588 7729   68   54
4598 7740   68   59
4608 7728   50   66
4618 7716   29   73
4628 7786   29   81
4638 7807   29   89
4648 7659   29   97
4658 7675   29  105
4668 8037   29  113
4678 8113   29  119
4688 8117   29  125
4698 8079   29  131
4708 8119   29  137
4718 8119   29  143
4728 8116   29  149
4738 8116  -97  154
4748 8116  -97  160
4758 8152  -97  165
4769 8046  -97  171
4779 7888  -97  174
4789 7933  -97  177
4799 7977  -97  181
4809 8031  -97  184
4819 7462  -97  185
4829 7755  -97  185
4839 7635 -104  184
4849 7645 -104  184
4859 7601 -104  172
4869 7609 -104  156
4879 7488 -104  139
4889 7234 -104  123
4899 7298 -104  105
4909 7374 -104   85
4919 7634 -104   66
4929 7632 -104   44
4939 7697 -104   20
4949 7774 -104   -3
4959 7778   77  -16
4969 7791   77  -28
4979 7729   77  -41
4989 7678   77  -57
4999 7708   77  -72
5009 7584   77  -87
5019 7636   77 -103
5029 7415   77 -119
5039 7696   77 -132
5049 7601   77 -139
5059 7663   46 -141
5069 7602    6 -141
5079 7757    9 -137
5089 7658    9 -125
5099 7527    9 -112
5109 7549    9 -100
5119 8057    9  -87
5129 8170    9  -74
5139 8172    9  -61
5149 8174    9  -48
5159 8175    9  -36
5169 8177    9  -25
99999 0 0 0 
5179 8177   10  -15
5189 8178   10   -6
5199 8178   10    1
5209 8216   10    7
5219 8216   10   12
5229 8214   10   15
5239 8180   10   18
5249 8214   10   21
5259 8216   10   25
5269 8216   10   26
5279 8217   10   27
5289 8216   10   27
5299 8214   68   28
5310 8148   68   28
5322 8044   68   29
5333 8014   68   30
5343 7988   68   33
5353 7643   68   36
5364 7626   68   41
5374 7711   68   47
5385 7707   68   54
5395 7735   66   61
5405 7676   49   70
5415 7649   29   78
5425 7716   29   88
5435 7714   29   97
5445 7775   29  106
5455 7783   29  114
5465 8072   29  122
5475 8081   29  130
5485 8082   29  137
5495 8119   29  145
5505 8119   29  152
5515 8120  -97  158
5525 8043  -97  165
5535 7921  -97  171
5545 7926  -97  175
5555 7937  -97  180
5565 7637  -97  184
5575 7664  -97  186
5585 7627  -97  188
5595 7652 -105  187
5605 7564 -105  187
5615 7669 -105  177
5625 7568 -105  163
5635 7616 -105  147
5645 7259 -105  131
5655 7251 -105  113
5665 7288 -105   94
5675 7483 -105   74
5685 7624 -105   52
5695 7620 -105   29
5705 7768 -105    6
5715 7777   77  -13
5725 7777   77  -24
5735 7732   77  -37
5745 7694   77  -53
5755 7711   77  -67
5765 7726   77  -82
5775 7670   77  -99
5785 7698   77 -114
5795 7602   77 -128
5805 7652   77 -136
5815 7599   54 -138
5825 7677    6 -138
5835 7762    9 -136
5845 7872    9 -124
5855 7562    9 -112
5865 7549    9 -100
5875 7560    9  -87
5885 8168    9  -75
5895 8171    9  -62
5905 8174    9  -50
5915 8174    9  -38
99999 0 0 0 
5925 8175   10  -27
5935 8177   10  -16
5945 8177   10   -8
5955 8177   10   -1
5965 8178   10    4
5975 8180   10    9
5985 8178   10   12
5995 8177   10   15
6005 8214   10   17
6015 8216   10   19
6025 8213   10   23
6035 8214   10   23
6046 8216   68   24
6057 8213   68   24
6067 8120   68   25
6077 8041   68   25
6087 8013   68   27
6097 7996   68   29
6107 7695   68   33
6117 7718   68   37
6127 7722   68   43
6137 7667   68   49
6147 7684   68   57
6157 7705   60   65
6167 7637   45   74
6177 7634   31   83
6187 7650   29   93
6197 7735   29  102
6207 7836   29  113
6217 7852   29  122
6227 8072   29  131
6237 8076   29  139
6247 8079   29  148
6257 8116   29  157
6267 8119  -97  165
6277 8117  -97  172
6287 7909  -97  179
6297 7867  -97  183
6307 7906  -97  189
6317 7288  -97  194
6327 7475  -97  197
6337 7475  -97  200
6347 7742  -97  200
6357 7701  -97  200
6367 7646 -101  195
6377 7485 -101  181
6387 7311 -101  165
6397 7374 -101  149
6407 7191 -101  131
6417 7350 -101  113
6427 7375 -101   93
6437 7663 -101   73
6447 7731 -101   51
6457 7728 -101   28
6467 7769 -101    4
6477 7791   77  -15
6487 7775   77  -25
6497 7712   77  -39
6507 7707   77  -53
6517 7748   77  -66
6527 7690   77  -80
6537 7483   77  -95
6547 7477   77 -109
6557 7740   77 -119
6567 7696   71 -124
6577 7651   30 -124
6587 7542    9 -124
6597 7362    9 -118
6607 7464    9 -105
6617 7435    9  -91
6627 7629    9  -79
6637 7653    9  -66
6647 8127    9  -52
6657 8167    9  -38
6667 8170    9  -24
99999 0 0 0 
6677 8174   10  -10
6687 8172   10    3
6697 8174   10   15
6707 8174   10   25
6717 8174   10   32
6727 8175   10   37
6737 8177   10   41
6747 8175   10   43
6757 8177   10   45
6767 8175   10   45
6777 8177   10   46
6787 8177   10   49
6797 8177   68   49
6807 8177   68   49
6817 8175   68   49
6827 8056   68   49
6837 8002   68   49
6847 7964   68   49
6857 7690   68   49
6867 7642   68   49
6877 7635   68   53
6887 7669   68   57
6897 7617   62   64
6907 7640   50   71
6917 7673   38   78
6927 7626   29   86
6937 7674   29   95
6947 7734   29  103
6957 7838   29  112
6967 7849   29  120
6977 7999   29  128
6987 8108   29  135
6997 8113   29  143
7007 8113   29  150
7017 8115   29  157
7027 8116   29  163
7037 8115  -97  169
7047 8115  -97  175
7057 7989  -97  181
7067 7894  -97  184
7077 7912  -97  189
7087 7957  -97  193
7097 7401  -97  196
7107 7634  -97  197
7117 7572  -97  198
7127 7705  -97  198
7137 7697 -102  195
7147 7673 -102  182
7157 7445 -102  167
7167 7289 -102  150
7177 7359 -102  133
7187 7273 -102  115
7197 7446 -102   95
7207 7457 -102   75
7217 7700 -102   53
7227 7768 -102   30
7237 7771 -102    6
7247 7782   78  -12
7257 7778   78  -23
7267 7730   78  -36
7277 7692   78  -51
7287 7720   78  -64
7297 7771   78  -79
7307 7426   78  -95
7317 7624   78 -109
7327 7547   78 -123
7337 7662   78 -129
7347 7688   38 -130
7357 7669    0 -130
7367 7590    9 -128
7377 7389    9 -116
7387 7466    9 -104
7397 7823    9  -94
7407 7980    9  -80
7417 7987    9  -68
7427 8168    9  -55
7437 8168    9  -43
7447 8172    9  -29
99999 0 0 0 
7457 8172   10  -17
7467 8172   10   -4
7477 8174   10    7
7487 8175   10   16
7497 8171   10   23
7507 8175   10   28
7517 8175   10   31
7527 8175   10   33
7537 8175   10   35
7547 8175   10   36
7557 8174   10   36
7567 8175   10   38
7577 8175   68   39
7587 8175   68   39
7597 8106   68   38
7607 8022   68   38
7617 7963   68   38
7627 7924   68   38
7637 7704   68   39
7647 7706   68   42
7657 7713   68   47
7667 7724   68   53
7677 7671   68   59
7687 7689   58   67
7697 7668   45   74
7707 7640   29   83
7717 7661   29   92
7727 7706   29  101
7737 7727   29  109
7747 7740   29  118
7757 8033   29  126
7767 8074   29  134
7777 8076   29  141
7787 8113   29  149
7797 8115   29  156
7807 8116   29  163
7817 8115  -97  169
7827 8115  -97  175
7837 8113  -97  181
7847 8027  -97  188
7857 7897  -97  192
7867 7898  -97  196
7877 7943  -97  200
7887 7352  -97  203
7897 7383  -97  205
7907 7701  -97  205
7917 7693  -97  205
7927 7602  -97  205
7937 7641  -99  192
7947 7482  -99  176
7957 7532  -99  161
7967 7280  -99  143
7977 7301  -99  125
7987 7333  -99  106
7997 7558  -99   85
8007 7665  -99   64
8017 7663  -99   41
8027 7772  -99   17
8037 7783  -99   -7
8047 7793   78  -19
8057 7765   78  -32
8067 7710   78  -47
8077 7716   78  -60
8087 7762   78  -75
8097 7667   78  -89
8107 7698   78 -104
8117 7685   78 -117
8127 7690   78 -126
8137 7624   63 -128
8147 7672    6 -128
8157 7614    9 -128
8167 7720    9 -117
8177 7487    9 -106
8187 7511    9  -96
8197 7519    9  -84
8207 8130    9  -72
8217 8133    9  -60
8227 8134    9  -49
8237 8170    9  -37
8247 8172    9  -27
99999 0 0 0 
8257 8172   10  -16
8267 8174   10   -7
8277 8174   10    1
8287 8174   10    6
8297 8175   10   11
8307 8174   10   14
8317 8174   10   17
8327 8174   10   19
8337 8174   10   20
8347 8174   10   21
8357 8175   10   21
8367 8174   10   24
8377 8174   68   24
8387 8175   68   24
8397 8174   68   24
8407 8094   68   24
8417 8008   68   24
8427 7975   68   24
8437 7952   68   25
8447 7615   68   28
8457 7684   68   33
8467 7695   68   37
8477 7680   68   44
8487 7661   68   51
8497 7668   68   58
8507 7668   58   67
8517 7602   43   76
8527 7609   29   85
8537 7699   29   94
8547 7766   29  105
8557 7798   29  115
8567 7849   29  124
8577 8034   29  133
8587 8038   29  141
8597 8113   29  150
8607 8113   29  158
8617 8116  -97  167
8627 8116  -97  175
8637 8097  -97  181
8647 7893  -97  188
8657 7874  -97  192
8667 7917  -97  197
8677 7972  -97  202
8687 7407  -97  205
8697 7611  -97  207
8707 7518  -97  207
8717 7661  -97  207
8727 7685  -98  200
8737 7677  -98  186
8747 7362  -98  171
8757 7248  -98  154
8767 7309  -98  137
8777 7320  -98  118
8787 7486  -98   99
8797 7491  -98   78
8807 7699  -98   56
8817 7733  -98   32
8827 7741  -98    8
8837 7758   78  -12
8847 7789   78  -23
8857 7699   78  -36
8867 7708   78  -51
8877 7787   78  -63
8887 7832   78  -76
8897 7409   78  -91
8907 7611   78 -104
8917 7529   78 -115
8927 7665   78 -117
8937 7700    6 -117
8947 7803    9 -117
8957 7642    9 -109
8967 7521    9  -97
8977 7542    9  -87
8987 8122    9  -75
8997 8129    9  -62
9007 8131    9  -49
9017 8168    9  -37
9027 8170    9  -25
99999 0 0 0 
9037 8170   10  -13
9047 8170   10   -3
9057 8172   10    6
9067 8172   10   13
9077 8172   10   17
9087 8174   10   21
9097 8172   10   24
9107 8172   10   26
9117 8174   10   27
9127 8172   10   28
9137 8174   10   29
9147 8172   10   31
9157 8174   68   31
9167 8175   68   31
9177 8160   68   31
9187 8026   68   31
9197 7980   68   31
9207 7958   68   31
9217 7940   68   33
9227 7679   68   37
9237 7714   68   41
9247 7731   68   47
9257 7721   68   53
9267 7632   67   61
9277 7635   53   69
9287 7642   40   77
9297 7608   29   86
9307 7652   29   96
9317 7708   29  105
9327 7805   29  115
9337 7815   29  124
9347 8068   29  132
9357 8075   29  140
9367 8075   29  148
9377 8113   29  157
9387 8078  -97  165
9397 8079  -97  172
9407 8113  -97  178
9417 7948  -97  185
9427 7883  -97  188
9437 7906  -97  193
9447 7954  -97  198
9457 8000  -97  201
9467 7593  -97  204
9477 7676  -97  204
9487 7557  -97  204
9497 7666  -99  201
9507 7609  -99  188
9517 7632  -99  173
9527 7267  -99  157
9537 7221  -99  140
9547 7274  -99  122
9557 7411  -99  102
9567 7561  -99   82
9577 7556  -99   61
9587 7731  -99   37
9597 7737  -99   13
9607 7751  -99   -9
9617 7792   78  -20
9627 7760   78  -32
9637 7675   78  -46
9647 7772   78  -59
9657 7747   78  -72
9667 7789   78  -86
9677 7560   78  -99
9687 7675   78 -111
9697 7585   78 -117
9707 7712   38 -118
9717 7670    0 -118
9727 7801    9 -114
9737 7516    9 -101
9747 7476    9  -87
9757 7504    9  -76
9767 7979    9  -63
9777 8127    9  -49
9787 8130    9  -35
9797 8168    9  -21
9807 8171    9   -7
99999 0 0 0 
9817 8170   10    5
9827 8170   10   17
9837 8172   10   27
9847 8171   10   33
9857 8172   10   39
9867 8172   10   42
9877 8172   10   45
9887 8171   10   46
9897 8174   10   47
9907 8171   10   47
9917 8172   10   50
9927 8172   10   50
9937 8170   68   50
9947 8171   68   50
9957 8072   68   50
9967 8005   68   50
9977 7968   68   50
9987 7944   68   50
9997 7928   68   50
10007 7666   68   51
10017 7629   68   55
10027 7643   67   61
10037 7670   57   67
10047 7672   45   74
10057 7693   33   82
10067 7631   29   89
10077 7688   29   97
10087 7724   29  106
10097 7773   29  113
10107 7959   29  121
10117 7962   29  129
10127 8108   29  135
10137 8074   29  141
10147 8075   29  148
10157 8112   29  154
10167 8111   29  160
10177 8111  -97  166
10187 8109  -97  172
10197 8108  -97  177
10207 7985  -97  182
10217 7898  -97  185
10227 7915  -97  189
10237 7958  -97  192
10247 7364  -97  194
10257 7597  -97  195
10267 7551  -97  195
10277 7693  -97  195
10287 7684 -104  192
10297 7658 -104  179
10307 7533 -104  163
10317 7233 -104  147
10327 7294 -104  130
10337 7276 -104  112
10347 7558 -104   93
10357 7566 -104   72
10367 7668 -104   51
10377 7772 -104   29
10387 7772 -104    6
10397 7816   78  -12
10407 7777   78  -23
10417 7730   78  -36
10427 7666   78  -51
10437 7661   78  -64
10447 7705   78  -79
10457 7605   78  -93
10467 7728   78 -108
10477 7664   78 -121
10487 7647   78 -127
10497 7671   38 -128
10507 7654    0 -128
10517 7600    9 -125
10527 7393    9 -114
10537 7468    9 -101
10547 7500    9  -91
10557 8048    9  -77
10567 8054    9  -64
10577 8129    9  -52
10587 8166    9  -39
10597 8167    9  -26
99999 0 0 0 
10607 8168   10  -13
10617 8166   10   -1
10627 8170   10    9
10637 8170   10   18
10647 8170   10   25
10657 8171   10   29
10667 8175   10   33
10677 8172   10   35
10687 8171   10   37
10697 8171   10   37
10707 8172   10   37
10717 8171   10   41
10727 8171   68   41
10737 8171   68   41
10747 8107   68   41
10757 8036   68   41
10767 7989   68   41
10777 7953   68   41
10787 7656   68   41
10797 7717   68   43
10807 7717   68   48
10817 7690   68   53
10827 7639   68   60
10837 7661   57   67
10847 7642   43   75
10857 7607   29   83
10867 7630   29   91
10877 7673   29  101
10887 7869   29  109
10897 7885   29  117
10907 7959   29  125
10917 8071   29  132
10927 8074   29  139
10937 8075   29  146
10947 8112   29  153
10957 8112   29  159
10967 8074  -97  165
10977 8085  -97  171
10987 7916  -97  177
10997 7906  -97  180
11007 7943  -97  184
11017 7986  -97  188
11027 7451  -97  189
11037 7754  -97  191
11047 7657  -97  191
11057 7673 -106  190
11067 7595 -106  181
11077 7598 -106  167
11087 7460 -106  151
11097 7200 -106  135
11107 7256 -106  117
11117 7330 -106   99
11127 7599 -106   79
11137 7602 -106   58
11147 7704 -106   36
11157 7740 -106   13
11167 7744 -106   -9
11177 7750   78  -19
11187 7753   78  -31
11197 7684   78  -44
11207 7717   78  -56
11217 7296   78  -68
11227 7338   78  -80
11237 7657   78  -92
11247 7832   78 -101
11257 7764   63 -105
11267 7827   22 -105
11277 7633    9 -105
11287 7683    9  -99
11297 7501    9  -86
11307 7550    9  -73
11317 7558    9  -63
11327 7809    9  -51
11337 8130    9  -37
11347 8131    9  -24
11357 8133    9  -11
11367 8133    9    1
99999 0 0 0 
11377 8136   10   12
11387 8170   10   21
11397 8172   10   29
11407 8170   10   33
11417 8171   10   37
11427 8171   10   41
11437 8171   10   43
11447 8171   10   44
11457 8171   10   45
11467 8172   10   47
11477 8172   10   47
11487 8171   68   47
11497 8170   68   47
11507 8167   68   47
11517 8153   68   47
11527 8023   68   47
11537 7989   68   47
11547 7971   68   47
11557 7949   68   47
11567 7650   68   47
11577 7711   68   49
11587 7716   68   53
11597 7702   68   59
11607 7695   60   65
11617 7710   48   72
11627 7653   36   79
11637 7597   29   87
11647 7637   29   96
11657 7679   29  105
11667 7805   29  113
11677 7815   29  121
11687 7961   29  128
11697 8071   29  135
11707 8074   29  142
11717 8074   29  149
11727 8111   29  155
11737 8112  -97  161
11747 8075  -97  167
11757 7958  -97  173
11767 7895  -97  176
11777 7916  -97  181
11787 7357  -97  185
11797 7399  -97  188
11807 7489  -97  189
11817 7763  -97  189
11827 7655  -97  189
11837 7691  -97  187
11847 7599 -107  174
11857 7615 -107  159
11867 7418 -107  143
11877 7228 -107  127
11887 7276 -107  109
11897 7381 -107   91
11907 7638 -107   71
11917 7636 -107   49
11927 7706 -107   27
11937 7779 -107    3
11947 7783   78  -14
11957 7778   78  -25
11967 7743   78  -38
11977 7680   78  -52
11987 7742   78  -65
11997 7643   78  -80
12007 7679   78  -95
12017 7442   78 -110
12027 7736   78 -121
12037 7659   78 -127
12047 7689   38 -128
12058 7603    0 -128
12068 7712    9 -123
12078 7539    9 -111
12088 7485    9  -99
12098 7507    9  -89
12108 8016    9  -76
12118 8125    9  -64
12128 8129    9  -51
12138 8130    9  -39
12148 8166    9  -27
99999 0 0 0 
12158 8168   10  -15
12168 8168   10   -3
12178 8168   10    7
12188 8166   10   15
12198 8170   10   21
12208 8170   10   25
12218 8170   10   28
12228 8168   10   30
12238 8170   10   31
12248 8171   10   32
12258 8170   10   32
12268 8170   10   35
12278 8170   68   35
12289 8170   68   35
12299 8062   68   35
12309 8008   68   35
12319 7971   68   35
12329 7708   68   35
12339 7698   68   37
12349 7693   68   41
12359 7699   68   46
12369 7721   68   52
12379 7703   68   59
12389 7649   62   66
12399 7657   50   73
12409 7670   38   82
12419 7617   29   91
12429 7645   29  100
12439 7707   29  109
12449 7839   29  117
12459 7847   29  126
12469 7961   29  135
12479 8070   29  142
12489 8072   29  150
12499 8074   29  157
12509 8075   29  165
12519 8074  -97  171
12529 8076  -97  177
12539 8105  -97  184
12549 7975  -97  189
12559 7912  -97  193
12569 7929  -97  197
12579 7967  -97  201
12589 7935  -97  204
12599 7664  -97  205
12609 7609 -101  205
12619 7651 -101  205
12629 7741 -101  203
12639 7731 -101  189
12649 7651 -101  175
12659 7312 -101  158
12669 7366 -101  141
12679 7297 -101  122
12689 7501 -101  105
12699 7515 -101   84
12709 7623 -101   62
12719 7761 -101   40
12729 7761 -101   17
12739 7766 -101   -7
12749 7768   78  -19
12759 7733   78  -31
12769 7697   78  -44
12779 7757   78  -57
12789 7791   78  -71
12799 7789   78  -84
12809 7630   78  -97
12819 7591   78 -109
12830 7627   78 -116
12840 7764   41 -117
12850 7785    0 -117
12860 7840    9 -115
12870 7441    9 -103
12880 7487    9  -91
12890 7509    9  -81
12900 7980    9  -68
12910 7986    9  -56
12920 8129    9  -44
12930 8130    9  -31
12940 8131    9  -19
99999 0 0 0 
12950 8131   10   -7
12960 8168   10    5
12970 8168   10   14
12980 8170   10   21
12990 8168   10   27
13000 8167   10   31
13010 8168   10   34
13020 8170   10   36
13030 8168   10   37
13040 8170   10   38
13050 8172   10   38
13060 8168   10   41
13071 8168   68   41
13081 8168   68   41
13092 8168   68   41
13102 8133   68   41
13112 8037   68   41
13122 8009   68   41
13132 7992   68   41
13142 7661   68   41
13152 7725   68   41
13162 7729   68   43
13172 7770   68   47
13182 7750   68   52
13192 7769   68   57
13202 7675   64   63
13212 7646   55   70
13222 7646   45   77
13232 7662   34   85
13242 7641   29   93
13252 7669   29  101
13262 7716   29  109
13272 7879   29  117
13282 7888   29  125
13292 7999   29  133
13302 8038   29  139
13312 8037   29  146
13322 8075   29  153
13332 8075   29  159
13342 8075   29  165
13352 8074   29  171
13362 8071  -97  176
13372 8032  -97  181
13382 7914  -97  185
13392 7907  -97  188
13402 7931  -97  192
13412 7357  -97  195
13422 7525  -97  196
13432 7521  -97  197
13442 7784  -97  197
13452 7794  -97  197
13462 7774 -105  189
13472 7693 -105  175
13482 7592 -105  159
13492 7632 -105  144
13502 7301 -105  127
13512 7392 -105  110
13522 7403 -105   92
13532 7659 -105   73
13542 7766 -105   52
13552 7763 -105   30
13562 7835 -105    8
13572 7803 -105  -11
13582 7800   78  -21
13592 7786   78  -32
13602 7764   78  -45
13612 7741   78  -59
13622 7724   78  -71
13632 7601   78  -85
13642 7620   78 -100
13652 7556   78 -115
13662 7752   78 -127
13672 7742   78 -136
13682 7905   63 -139
13692 7926   14 -139
13702 7940    9 -139
13712 7557    9 -139
13722 7511    9 -129
13732 7521    9 -119
13742 7739    9 -112
13752 7918    9 -103
13762 7919    9  -95
13772 8133    9  -87
13782 8133    9  -79
99999 0 0 0 
13792 8134   10  -73
13802 8167   10  -67
13812 8134   10  -60
13822 8134   10  -55
13832 8133   10  -49
13842 8171   10  -43
13852 8170   10  -37
13862 8170   10  -31
13872 8171   10  -25
13882 8171   10  -19
13892 8170   10  -12
13902 8170   10   -7
13912 8170   68   -1
13922 8171   68    4
13932 8132   68    7
13942 8098   68   11
13952 8092   68   14
13962 8094   68   19
13972 8094   68   21
13982 7875   68   22
13992 7929   68   24
14002 7918   68   27
14012 7955   68   31
14022 7969   68   37
14032 7981   68   44
14042 7954   68   52
14052 7785   68   59
14062 7791   60   67
14072 7650   52   75
14082 7691   42   82
14092 7695   34   89
14102 7779   29   97
14112 7822   29  105
14122 7826   29  113
14132 7972   29  121
14142 7973   29  127
14152 7975   29  134
14162 8079   29  141
14172 8081   29  147
14182 8079   29  153
14192 8079   29  159
14202 8079   29  164
14212 8081   29  169
14222 8079  -97  174
14232 8115  -97  179
14242 8113  -97  183
14252 8078  -97  188
14262 7998  -97  191
14272 7990  -97  192
14282 8000  -97  195
14292 7940  -97  197
14302 7948  -97  197
14312 7708  -97  197
14322 7820  -97  197
14332 7814  -97  197
14342 7984 -108  195
14352 7921 -108  185
14362 7931 -108  172
14372 7544 -108  159
14382 7403 -108  144
14392 7400 -108  129
14402 7439 -108  112
14412 7584 -108   94
14422 7585 -108   75
14432 7765 -108   56
14442 7802 -108   35
14452 7808 -108   16
14462 7777 -108   -5
14472 7779   78  -15
14482 7781   78  -23
14492 7788   78  -33
14502 7826   78  -43
14512 7836   78  -54
14522 7664   78  -65
14532 7598   78  -73
14542 7600   78  -84
14552 7921   78  -93
14562 7993   63 -100
14572 7992   47 -103
14582 7926   14 -103
14592 7713    9 -103
14602 7729    9 -103
14612 7523    9  -95
14622 7776    9  -87
14632 7778    9  -80
14642 8099    9  -71
14652 8100    9  -63
14662 8100    9  -54
14672 8136    9  -45
14682 8137    9  -36
99999 0 0 0 
14692 8136   10  -28
14702 8137   10  -19
14712 8172   10  -11
14722 8171   10   -3
14732 8171   10    4
14742 8171   10   11
14752 8171   10   17
14762 8172   10   21
14772 8171   10   25
14782 8171   10   27
14792 8171   10   29
14802 8171   10   31
14812 8172   68   31
14822 8171   68   31
14832 8146   68   33
14842 8107   68   33
14852 8060   68   33
14862 8093   68   33
14872 8097   68   33
14882 7890   68   33
14892 7934   68   33
14902 7937   68   33
14912 7934   68   34
14922 7899   68   39
14932 7900   68   45
14942 7762   68   51
14952 7697   68   57
14962 7698   65   64
14972 7666   59   70
14982 7667   52   76
14992 7670   46   82
15002 7817   39   89
15012 7823   33   96
15022 7826   29  102
15032 7901   29  108
15042 7905   29  114
15052 7909   29  120
15062 7979   29  126
15072 8049   29  131
15082 8048   29  137
15092 8084   29  142
15102 8084   29  147
15112 8082   29  152
15122 8085   29  156
15132 8084   29  161
15142 8082   29  164
15152 8084   29  168
15162 8084   29  171
15172 8084  -97  174
15182 8081  -97  177
15192 8050  -97  180
15202 8025  -97  181
15212 8025  -97  181
15222 8032  -97  181
15232 8038  -97  182
15242 7653  -97  182
15252 7797  -97  182
15262 7804  -97  181
15272 7984 -118  181
15282 8020 -118  175
15292 8020 -118  165
15302 7738 -118  153
15312 7527 -118  140
15322 7524 -118  127
15332 7417 -118  112
15342 7487 -118   95
15352 7486 -118   79
15362 7697 -118   60
15372 7766 -118   40
15382 7769 -118   20
15392 7773 -118   -1
15402 7773   78  -14
15412 7776   78  -23
15422 7807   78  -35
15432 7826   78  -47
15442 7835   78  -59
15452 7732   78  -71
15462 7668   78  -83
15472 7670   78  -96
15482 7817   78 -109
15492 7922   78 -118
15502 7924   63 -123
15512 7959   30 -124
15523 7816    0 -124
15533 7825    9 -124
15543 7487    9 -116
15553 7531    9 -106
15563 7532    9  -98
15573 8065    9  -87
15583 8100    9  -77
15593 8102    9  -67
15603 8137    9  -56
15613 8139    9  -47
99999 0 0 0 
15623 8136   10  -36
15633 8139   10  -27
15643 8137   10  -17
15653 8137   10   -9
15663 8137   10   -2
15673 8137   10    4
15683 8137   10    9
15693 8136   10   13
15703 8139   10   16
15713 8137   10   18
15723 8170   10   20
15733 8172   10   21
15743 8174   68   24
15753 8136   68   24
15763 8172   68   24
15773 8125   68   24
15783 8111   68   24
15793 8110   68   24
15803 8114   68   24
15813 7870   68   24
15823 7945   68   24
15833 7945   68   25
15843 7907   68   29
15853 7869   68   35
15863 7869   68   41
15873 7769   68   48
15883 7666   68   54
15893 7670   68   61
15903 7671   63   66
15913 7708   58   73
15923 7708   51   79
15933 7819   46   86
15943 7786   39   93
15953 7790   33   99
15963 7756   29  106
15973 7871   29  113
15983 7874   29  119
15993 7948   29  125
16003 8017   29  131
16013 8017   29  137
16023 8086   29  142
16033 8047   29  147
16043 8049   29  153
16053 8086   29  157
16063 8085   29  162
16073 8085   29  166
16083 8085   29  169
16093 8085   29  173
16103 8085   29  177
16113 8082  -97  180
16123 8086  -97  182
16133 8084  -97  185
16143 8081  -97  187
16153 8039  -97  188
16163 8033  -97  189
16173 8039  -97  189
16183 7903  -97  189
16193 7904  -97  189
16203 7769 -117  188
16213 7879 -117  188
16223 7881 -117  188
16233 8026 -117  182
16243 7993 -117  172
16253 7990 -117  160
16263 7637 -117  147
16273 7462 -117  133
16283 7460 -117  119
16293 7462 -117  104
16303 7569 -117   87
16313 7566 -117   69
16323 7779 -117   51
16333 7780 -117   30
16343 7779 -117   10
16353 7779 -117   -9
16363 7780   78  -18
16373 7777   78  -28
16383 7797   78  -40
16393 7836   78  -53
16403 7842   78  -63
16413 7668   78  -76
16423 7566   78  -89
16433 7569   78 -101
16443 7890   78 -112
16453 7963   78 -119
16463 7962   46 -121
16473 7897    6 -121
16483 7643    9 -121
16493 7659    9 -119
16503 7529    9 -109
16513 7567    9 -100
16523 7569    9  -92
16533 8102    9  -83
16543 8102    9  -72
16553 8102    9  -63
16563 8137    9  -52
99999 0 0 0 
16573 8136   10  -43
16583 8139   10  -34
16593 8139   10  -24
16603 8137   10  -16
16613 8139   10   -8
16623 8137   10   -1
16633 8136   10    5
16643 8139   10    9
16653 8140   10   13
16663 8139   10   16
16673 8137   10   18
16683 8139   10   19
16693 8139   68   20
16703 8137   68   23
16713 8172   68   23
16723 8108   68   23
16733 8085   68   23
16743 8081   68   23
16753 8118   68   23
16763 8122   68   23
16773 7913   68   23
16783 7951   68   23
16793 7952   68   23
16803 7877   68   28
16813 7840   68   34
16823 7842   68   41
16833 7704   68   47
16843 7670   68   53
16853 7671   68   60
16863 7674   64   66
16873 7748   58   73
16883 7749   53   79
16893 7822   48   86
16903 7790   42   93
16913 7793   37  100
16923 7831   31  106
16933 7833   29  113
16943 7837   29  119
16953 7943   29  125
16963 8017   29  131
16973 8018   29  137
16983 8054   29  143
16993 8054   29  148
17003 8054   29  153
17013 8089   29  157
17023 8089   29  162
17033 8088   29  166
17043 8088   29  170
17053 8089   29  173
17063 8088   29  177
17073 8086   29  180
17083 8086  -98  183
17093 8085  -98  185
17103 8050  -98  188
17113 8042  -98  188
17123 8044  -98  188
17133 8050  -98  189
17143 7521  -98  189
17153 7527  -98  189
17163 7847 -119  188
17173 7956 -119  188
17183 7958 -119  186
17193 7994 -119  176
17203 7925 -119  165
17213 7925 -119  153
17223 7535 -119  139
17233 7428 -119  125
17243 7430 -119  110
17253 7538 -119   94
17263 7643 -119   77
17273 7644 -119   59
17283 7786 -119   38
17293 7786 -119   19
17303 7786 -119   -2
17313 7789   78  -14
17323 7789   78  -23
17333 7775   78  -34
17343 7805   78  -45
17353 7812   78  -57
17363 7819   78  -67
17373 7467   78  -79
17383 7718   78  -90
17393 7721   78 -101
17403 7935   78 -108
17413 8007   47 -112
17423 8008   22 -112
17433 7836    9 -112
17443 7628    9 -112
17453 7638    9 -108
17463 7817    9 -103
17473 7889    9  -96
17483 7889    9  -88
17493 8139    9  -81
17503 8137    9  -75
17513 8140    9  -67
99999 0 0 0 
17523 8139   10  -60
17533 8140   10  -54
17543 8139   10  -47
17553 8139   10  -41
17563 8140   10  -35
17573 8137   10  -28
17583 8139   10  -23
17594 8140   10  -17
17604 8136   10  -11
17614 8139   10   -6
17624 8139   10   -2
17634 8141   10    2
17645 8139   68    5
17655 8133   68    8
17665 8139   68   10
17675 8125   68   11
17685 8099   68   12
17695 8091   68   13
17705 8093   68   13
17715 7951   68   15
17725 7952   68   15
17735 7951   68   15
17745 7949   68   15
17755 7948   68   17
17765 8020   68   22
17775 7986   68   29
17785 7989   68   36
17795 7779   68   43
17805 7675   68   49
17815 7677   68   56
17825 7678   66   63
17835 7715   62   70
17845 7716   56   77
17855 7787   51   84
17865 7791   46   91
17875 7794   41   98
17885 7797   35  105
17895 7870   29  113
17905 7871   29  119
17915 7946   29  125
17925 8018   29  132
17935 8018   29  138
17945 8020   29  144
17955 8055   29  149
17965 8055   29  154
17975 8092   29  159
17985 8090   29  164
17995 8090   29  168
18005 8088   29  173
18015 8088   29  177
18025 8088   29  180
18035 8086   29  184
18045 8122   29  187
18055 8122  -98  189
18065 8086  -98  192
18075 8056  -98  193
18085 8047  -98  194
18095 8052  -98  194
18105 7700  -98  194
18115 7704  -98  194
18125 7600 -119  193
18135 7887 -119  193
18145 7885 -119  193
18155 7961 -119  190
18165 7997 -119  181
18175 7997 -119  169
18185 7856 -119  157
18195 7466 -119  143
18205 7468 -119  129
18215 7432 -119  113
18225 7610 -119   97
18235 7610 -119   79
18245 7682 -119   61
18255 7789 -119   41
18265 7787 -119   21
18275 7791 -119    0
18285 7790   78  -13
18295 7791   78  -23
18305 7793   78  -33
18315 7863   78  -45
18325 7846   78  -58
18335 7775   78  -71
18345 7569   78  -81
18355 7575   78  -95
18365 7647   78 -108
18375 7829   78 -121
18385 7831   78 -132
18395 7901   78 -139
18405 7936   47 -141
18415 7943    6 -141
18425 7770    9 -141
18435 7492    9 -141
18445 7496    9 -135
18455 7569    9 -131
18465 8068    9 -123
18475 8068    9 -116
18485 8102    9 -110
18495 8139    9 -104
18505 8140    9  -98
99999 0 0 0 
18515 8141   10  -92
18525 8140   10  -87
18535 8140   10  -83
18545 8140   10  -77
18555 8139   10  -73
18565 8139   10  -68
18575 8139   10  -64
18585 8139   10  -60
18595 8140   10  -56
18605 8139   10  -52
18615 8139   10  -47
18625 8139   10  -43
18635 8139   68  -39
18645 8139   68  -35
18655 8139   68  -31
18665 8123   68  -27
18675 8101   68  -21
18685 8097   68  -16
18695 8094   68  -11
18705 7813   68   -6
18715 7816   68   -1
18725 7885   68    3
18735 7996   68   11
18745 7997   68   15
18755 8031   68   20
18765 8035   68   25
18775 8035   68   33
18785 8033   68   40
18795 7786   68   48
18805 7783   68   56
18815 7636   66   64
18825 7707   60   72
18835 7707   55   80
18845 7711   50   88
18855 7822   44   96
18865 7827   38  105
18875 7867   33  113
18885 7907   29  121
18895 7907   29  129
18905 7912   29  137
18915 8020   29  144
18925 8020   29  151
18935 8020   29  157
18945 8092   29  164
18955 8092   29  170
18965 8092   29  176
18975 8090   29  181
18985 8092   29  185
18995 8090   29  189
19005 8090  -98  194
19015 8090  -98  197
19025 8071  -98  201
19035 8050  -98  203
19045 8053  -98  204
19055 8056  -98  205
19065 7526  -98  207
19075 7532  -98  207
19085 7709  -98  207
19095 7959  -98  207
19105 7963  -98  207
19115 7999 -115  201
19125 7860 -115  192
19135 7858 -115  180
19145 7647 -115  167
19155 7435 -115  153
19165 7437 -115  139
19175 7435 -115  124
19185 7653 -115  108
19195 7653 -115   91
19205 7759 -115   73
19215 7757 -115   53
19225 7759 -115   33
19235 7759 -115   13
19245 7757 -115   -7
19255 7759   78  -18
19265 7795   78  -28
19275 7858   78  -40
19285 7846   78  -52
19295 7852   78  -62
19305 7643   78  -75
19315 7648   78  -87
19325 7579   78 -100
19335 7901   78 -112
19345 7901   78 -120
19355 7938   55 -125
19365 7939   30 -125
19375 7943    9 -125
19385 7735    9 -125
19395 7529    9 -120
19405 7535    9 -112
19415 7782    9 -106
19425 8104    9  -98
19435 8104    9  -90
19445 8103    9  -83
19455 8139    9  -75
99999 0 0 0 
19465 8141   10  -68
19475 8139   10  -61
19485 8140   10  -55
19495 8139   10  -48
19505 8139   10  -41
19515 8140   10  -35
19525 8140   10  -27
19535 8174   10  -21
19545 8139   10  -15
19555 8139   10   -8
19565 8136   10   -3
19575 8139   10    2
19585 8139   68    7
19595 8139   68   10
19605 8116   68   13
19615 8101   68   15
19625 8099   68   17
19635 8098   68   18
19645 8101   68   20
19655 7925   68   21
19665 7962   68   21
19675 7961   68   22
19685 8030   68   25
19695 8030   68   29
19705 8031   68   35
19715 7854   68   41
19725 7781   68   49
19735 7783   68   55
19745 7677   68   62
19755 7644   64   69
19765 7647   60   75
19775 7752   55   81
19785 7827   51   89
19795 7830   47   95
19805 7867   43  102
19815 7797   38  109
19825 7800   34  116
19836 7803   30  122
19846 7912   29  129
19857 7949   29  136
19867 7952   29  142
19877 8021   29  148
19887 8057   29  153
19897 8058   29  158
19907 8093   29  163
19917 8093   29  167
19927 8092   29  171
19937 8092   29  175
19947 8095   29  178
19957 8093   29  181
19967 8090   29  184
19977 8090   29  186
19987 8090   29  189
19997 8089  -98  191
20007 8088  -98  192
20017 8065  -98  194
20027 8053  -98  195
20037 8054  -98  195
20047 8058  -98  195
20057 7707  -98  195
20067 7779  -98  195
20077 7783 -124  194
20087 7891 -124  194
20097 7996 -124  191
20107 8002 -124  181
20117 8000 -124  170
20127 7682 -124  158
20137 7682 -124  145
20147 7503 -124  131
20157 7471 -124  116
20167 7471 -124  101
20177 7613 -124   83
20187 7756 -124   65
20197 7754 -124   45
20207 7790 -124   25
20217 7793 -124    5
20227 7790   78  -11
20237 7791   78  -20
20247 7823   78  -31
20257 7812   78  -42
20267 7853   78  -51
20277 7715   78  -62
20287 7716   78  -73
20297 7582   78  -84
20307 7902   78  -95
20317 7905   78 -103
20327 7979   55 -108
20337 7907   30 -109
20347 7911    0 -109
20357 7737    9 -109
20367 7528    9 -107
20377 7531    9  -99
20387 7818    9  -93
20397 8030    9  -86
20407 8034    9  -79
20417 8103    9  -71
20427 8140    9  -64
20437 8140    9  -57
99999 0 0 0 
20447 8140   10  -51
20457 8141   10  -44
20467 8140   10  -37
20477 8140   10  -31
20487 8140   10  -23
20497 8140   10  -16
20507 8140   10  -10
20517 8140   10   -3
20527 8140   10    3
20537 8140   10    9
20547 8140   10   13
20557 8139   10   17
20567 8140   68   21
20577 8141   68   22
20587 8140   68   23
20597 8113   68   24
20607 8099   68   24
20617 8098   68   24
20627 8099   68   24
20637 7890   68   24
20647 7890   68   24
20657 7963   68   24
20667 7997   68   24
20677 7994   68   24
20687 8030   68   28
20697 7816   68   34
20707 7817   68   41
20717 7713   68   48
20728 7681   68   56
20738 7682   67   62
20748 7648   64   69
20758 7756   60   74
20768 7756   56   81
20778 7794   53   87
20789 7831   48   95
20799 7833   44  102
20809 7836   40  109
20820 7800   36  116
20830 7801   33  122
20840 7877   29  129
20850 7949   29  135
20860 7950   29  141
20870 8022   29  147
20880 8058   29  153
20890 8058   29  158
20900 8059   29  163
20910 8093   29  167
20920 8092   29  171
20930 8095   29  175
20940 8092   29  179
20950 8092   29  181
20960 8090   29  185
20970 8088   29  188
20980 8089   29  191
20990 8052  -98  193
21000 8088  -98  195
21010 8089  -98  196
21020 8088  -98  197
21030 8023  -98  198
21040 8020  -98  198
21050 8054  -98  198
21061 7495  -98  198
21072 7675  -98  198
21082 7674 -124  197
21092 7893 -124  197
21102 7965 -124  193
21112 7966 -124  184
21122 8002 -124  173
21132 7895 -124  161
21142 7897 -124  147
21152 7507 -124  133
21162 7437 -124  117
21172 7437 -124  102
21182 7614 -124   85
21192 7757 -124   66
21202 7757 -124   48
21212 7794 -124   28
21222 7833 -124    9
21232 7833 -124   -9
21242 7800   78  -18
21252 7800   78  -27
21262 7779   78  -37
21272 7819   78  -48
21282 7681   78  -56
21292 7686   78  -68
21302 7583   78  -79
21312 7905   78  -89
21322 7909   71  -98
21332 7980   63 -104
21342 7948   38 -105
21352 7942    0 -105
21362 7730    9 -105
21372 7529    9 -105
21382 7535    9  -99
21392 7785    9  -95
21402 8104    9  -87
21412 8104    9  -80
21422 8103    9  -73
21432 8140    9  -67
21442 8139    9  -60
99999 0 0 0 
21452 8141   10  -53
21462 8141   10  -47
21472 8139   10  -41
21482 8141   10  -35
21492 8140   10  -27
21502 8140   10  -21
21512 8137   10  -15
21522 8139   10   -8
21532 8140   10   -3
21542 8141   10    3
21552 8140   10    7
21562 8139   10   11
21573 8140   68   14
21583 8141   68   17
21593 8139   68   17
21603 8113   68   19
21613 8102   68   19
21623 8099   68   19
21634 8101   68   19
21644 7890   68   20
21654 7893   68   20
21664 7929   68   20
21675 8000   68   20
21685 7999   68   22
21695 7994   68   27
21705 7822   68   33
21717 7713   68   40
21727 7715   68   47
21737 7680   68   54
21747 7682   68   60
21757 7681   65   67
21767 7754   62   73
21777 7791   58   80
21787 7793   54   87
21797 7831   51   94
21807 7797   47  101
21817 7798   43  108
21827 7764   39  115
21837 7874   36  121
21847 7874   32  128
21857 7983   29  134
21867 7984   29  141
21877 7986   29  147
21887 8057   29  153
21897 8059   29  158
21907 8058   29  164
21917 8058   29  169
21927 8092   29  173
21937 8093   29  177
21947 8093   29  181
21957 8057   29  185
21967 8055   29  188
21977 8092   29  191
21987 8090   29  193
21997 8090   29  196
22007 8092  -98  197
22017 8055  -98  199
22027 8057  -98  201
22037 8061  -98  201
22047 8022  -98  201
22057 8023  -98  201
22067 7565  -98  201
22077 7640  -98  201
22087 7644  -98  201
22097 7928  -98  201
22107 7965  -98  200
22117 7967 -124  192
22127 8003 -124  181
22137 7863 -124  169
22147 7863 -124  157
22157 7471 -124  143
22167 7401 -124  128
22177 7401 -124  113
22187 7616 -124   97
22197 7725 -124   79
22207 7723 -124   60
22217 7795 -124   41
22227 7834 -124   21
22237 7833 -124    1
22247 7763   78  -12
22257 7798   78  -21
22267 7800   78  -31
22277 7836   78  -43
22287 7780   78  -55
22297 7780   78  -65
22307 7575   78  -76
22317 7651   78  -91
22327 7653   78 -102
22337 7834   78 -114
22347 7904   78 -124
22357 7904   71 -130
22367 7942   38 -132
22377 7766    6 -132
22387 7770    9 -132
22397 7496    9 -132
22407 7676    9 -127
22417 7678    9 -122
22427 8104    9 -116
22437 8104    9 -111
22447 8106    9 -105
22457 8139    9 -101
22467 8140    9  -97
99999 0 0 0 
22477 8141   10  -93
22487 8140   10  -91
22497 8141   10  -87
22507 8141   10  -84
22517 8139   10  -82
22527 8140   10  -79
22537 8141   10  -77
22547 8140   10  -75
22557 8140   10  -73
22567 8140   10  -71
22577 8140   10  -70
22587 8140   10  -68
22597 8140   68  -67
22607 8140   68  -65
22617 8140   68  -63
22627 8122   68  -62
22637 8103   68  -60
22647 8099   68  -59
22657 8099   68  -57
22667 7784   68  -55
22677 7893   68  -51
22687 7893   68  -49
22697 7963   68  -47
22707 8000   68  -47
22717 8000   68  -47
22727 7962   68  -47
22737 7787   68  -47
22747 7786   68  -47
22757 7682   68  -47
22767 7685   68  -47
22777 7684   68  -47
22787 7688   68  -47
22797 7617   68  -47
22807 7617   68  -47
22817 7654   68  -47
22827 7689   68  -47
22837 7689   68  -47
22847 7618   68  -47
22857 7689   68  -47
22867 7689   68  -47
22877 7689   68  -47
22887 7689   68  -47
22897 7691   68  -47
22907 7655   68  -47
22917 7655   68  -47
22927 7655   68  -47
22937 7655   68  -47
22947 7655   68  -47
22957 7657   68  -47
22967 7691   68  -47
22977 7692   68  -47
22988 7691   68  -47
22998 7657   68  -47
23008 7691   68  -47
23018 7692   68  -47
23028 7691   68  -47
23038 7655   68  -47
23048 7657   68  -47
23059 7695   68  -47
23069 7658   68  -47
23079 7658   68  -47
23089 7658   68  -47
23099 7655   78  -47
23109 7658   78  -47
23119 7659   78  -47
23129 7694   78  -47
23139 7694   78  -47
23149 7658   78  -47
23159 7694   78  -47
23169 7694   78  -47
23179 7552    9  -47
23189 7550    9  -47
23199 7550    9  -47
23209 7597    9  -47
23219 7569    9  -47
23229 7572    9  -47
23239 7925    9  -47
23249 8104    9  -47
23259 8104    9  -47
23269 8103    9  -47
99999 0 0 0 
23279 8104   10  -47
23289 8104   10  -47
23299 8104   10  -47
