SSS vs= 0.96  t=  178
%P VOLT1   = 8214
%P VOLT2   = 8419
%P S2_SC   =  0.96
%P L_ANG_MAX = 178
B   0 829   67    5
B  10 8296   67    5
B  20 8182   67    5
B  30 8147   67    5
B  40 8160   67    5
B  50 8167   67    5
B  60 8154   67    5
B  70 7922   67   10
B  80 7892   67   17
B  90 7866   67   25
B 100 7676   67   34
B 110 7579   67   42
B 120 7598   67   52
B 130 7718   67   60
B 140 7793   28   69
B 150 7793   28   80
B 160 7858   28   90
*** adj PULL_V2->47 
*** dt = 43 , A = 91 , rpm = 348 
B 170 7955   45  101
B 180 7967   45  112
B 190 7896   45  122
B 200 8117   45  131
pull out 135
B 210 8122  -96  142
B 220 8088  -96  150
B 230 8021  -96  160
B 240 7822  -96  168
B 250 7885  -96  175
B 260 7939  -96  183
B 270 8002  -96  190
B 280 7507  -96  196
B 290 7675  -96  200
B 300 7546  -96  200
B 310 7668  -96  200
*** amax = 200  vhit = 89
B 320 7663  -85  194
B 330 7657  -85  180
B 340 7302  -85  164
B 350 7238  -85  148
B 360 7316  -85  130
B 370 7411  -85  111
B 380 7582  -85   92
B 390 7588  -85   70
B 400 7797  -85   48
B 410 7865  -85   24
B 420 7875  -85    0
push -10 -10
push out at target
B 430 7853   77  -13
B 440 7831   77  -24
B 450 7747   77  -38
B 460 7805   77  -53
B 470 7821   77  -66
B 480 7873   77  -82
B 490 7519   77  -96
B 500 7708   77 -110
B 510 7595   77 -119
B 520 7734   62 -122
B 530 7734   13 -122
B 540 7845    9 -122
B 550 7695    9 -110
B 560 7615    9  -98
B 570 7647    9  -86
B 580 8160    9  -72
B 590 8200    9  -59
B 600 8207    9  -46
B 610 8208    9  -32
B 620 8245    9  -19
pb end 
B 630 8248    0   -6
B 640 8248    0    6
B 650 8251    0   15
B 660 8249    0   22
B 670 8249    0   27
B 680 8252    0   30
B 690 8251    0   33
B 700 8252    0   34
B 710 8253    0   34
B 720 8252    0   34
B 730 8252    0   36
B 740 8252    0   36
B 750 8252    0   36
B 760 8253    0   36
B 770 8252    0   36
B 780 8253    0   36
B 790 8253    0   36
B 800 8253    0   36
B 810 8253    0   36
B 820 8253    0   36
B 830 8253    0   36
B 840 8255    0   34
B 850 8253    0   32
B 860 8253    0   30
B 870 8252    0   28
B 880 8253    0   26
B 890 8289    0   23
B 900 8290    0   20
B 910 8255    0   18
B 920 8255    0   15
B 930 8255    0   13
B 940 8255    0   11
B 950 8255    0    9
B 960 8253    0    7
B 970 8255    0    6
B 980 8255    0    5
B 990 8255    0    4
B 1000 8255    0    4
B 1010 8256    0    4
B 1020 8255    0    4
B 1030 8256    0    4
B 1040 8256    0    4
B 1050 8253    0    4
B 1060 8255    0    4
B 1070 8255    0    4
B 1080 8255    0    4
B 1090 8255    0    4
B 1100 8255    0    4
B 1110 8255    0    4
B 1120 8255    0    4
B 1130 8255    0    4
SSS vs= 0.96  t=  188
%P VOLT1   = 8155
%P VOLT2   = 8405
%P S2_SC   =  0.97
%P L_ANG_MAX = 188
B 1140 8255   67    5
B 1150 8192   67    5
B 1160 8111   67    5
B 1170 8119   67    5
B 1180 8175   67    5
B 1190 8153   67    5
B 1200 8126   67    5
B 1210 7735   67    6
B 1220 7795   67   13
B 1230 7779   67   22
B 1240 7789   67   31
B 1250 7707   67   40
B 1260 7737   67   50
B 1270 7686   67   59
B 1280 7763   29   68
B 1290 7758   29   78
B 1300 7898   29   90
*** adj PULL_V2->41 
*** dt = 48 , A = 91 , rpm = 365 
B 1310 7936   39  100
B 1320 7954   39  110
B 1330 7958   39  119
B 1340 8132   39  128
pull out 137
B 1350 8133  -96  138
B 1360 8136  -96  147
B 1370 7901  -96  155
B 1380 7820  -96  160
B 1390 7858  -96  167
B 1400 7957  -96  174
B 1410 8015  -96  178
B 1420 7606  -96  182
B 1430 7693  -96  183
*** amax = 183  vhit = 102
B 1440 7572  -98  182
B 1450 7687  -98  182
B 1460 7595  -98  169
B 1470 7610  -98  154
B 1480 7282  -98  138
B 1490 7214  -98  122
B 1500 7272  -98  104
B 1510 7486  -98   85
B 1520 7640  -98   63
B 1530 7635  -98   41
B 1540 7776  -98   18
B 1550 7815  -98   -4
push -10 -10
push out at target
B 1560 7828   77  -16
B 1570 7801   77  -28
B 1580 7756   77  -42
B 1590 7710   77  -58
B 1600 7756   77  -71
B 1610 7738   77  -88
B 1620 7784   77 -104
B 1630 7633   77 -119
B 1640 7681   77 -131
B 1650 7601   77 -136
B 1660 7735   30 -136
B 1670 7672    9 -136
B 1680 7830    9 -130
B 1690 7560    9 -116
B 1700 7584    9 -102
B 1710 7612    9  -90
B 1720 8085    9  -75
B 1730 8198    9  -60
B 1740 8202    9  -46
B 1750 8204    9  -32
B 1760 8205    9  -18
pb end 
B 1770 8207    0   -4
B 1780 8207    0    8
B 1790 8245    0   18
B 1800 8245    0   25
B 1810 8246    0   30
B 1820 8245    0   34
B 1830 8248    0   36
B 1840 8246    0   38
B 1850 8246    0   38
B 1860 8249    0   38
B 1870 8249    0   41
B 1880 8249    0   41
B 1890 8249    0   41
B 1900 8249    0   41
B 1910 8249    0   41
B 1920 8248    0   41
B 1930 8249    0   41
B 1940 8249    0   41
B 1950 8249    0   41
B 1960 8249    0   41
B 1970 8249    0   41
B 1980 8251    0   40
B 1990 8251    0   39
B 2000 8251    0   36
B 2010 8245    0   34
B 2020 8249    0   30
B 2030 8251    0   28
B 2040 8249    0   25
B 2050 8251    0   22
B 2060 8252    0   19
B 2070 8252    0   16
B 2080 8251    0   14
B 2090 8251    0   11
B 2100 8251    0    9
B 2110 8252    0    6
B 2120 8251    0    5
B 2130 8252    0    5
B 2140 8253    0    4
B 2150 8251    0    4
B 2160 8251    0    4
B 2170 8252    0    5
B 2180 8252    0    5
B 2190 8252    0    5
B 2200 8253    0    5
B 2210 8253    0    5
B 2220 8251    0    5
B 2230 8289    0    5
B 2240 8252    0    5
B 2250 8252    0    5
SSS vs= 0.97  t=  193
%P VOLT1   = 8155
%P VOLT2   = 8395
%P S2_SC   =  0.97
%P L_ANG_MAX = 193
B 2260 8252   67    5
B 2271 8249   67    5
B 2281 8241   67    5
B 2291 8120   67    5
B 2301 8108   67    5
B 2311 8127   67    5
B 2321 8144   67    5
B 2331 7871   67    6
B 2341 7808   67   11
B 2351 7830   67   20
B 2361 7706   67   28
B 2371 7727   67   38
B 2381 7658   67   46
B 2391 7721   67   55
B 2401 7732   29   64
B 2411 7725   29   74
B 2421 7822   29   84
*** adj PULL_V2->52 
*** dt = 59 , A = 94 , rpm = 332 
B 2431 7874   50   95
B 2441 7887   50  106
B 2451 7878   50  116
B 2461 7878   50  127
B 2471 8064   50  137
B 2481 7999   50  147
pull out 155
B 2491 8002  -96  157
B 2501 8032  -96  167
B 2511 8064  -96  178
B 2521 7919  -96  188
B 2531 7838  -96  196
B 2541 7873  -96  206
B 2551 7930  -96  214
B 2561 7450  -96  222
B 2571 7690  -96  228
B 2581 7572  -96  229
B 2591 7607  -96  229
B 2601 7633  -96  229
*** amax = 229  vhit = 82
B 2611 7618  -79  215
B 2621 7461  -79  201
B 2631 7201  -79  184
B 2641 7288  -79  166
B 2651 7350  -79  148
B 2661 7670  -79  130
B 2671 7685  -79  110
B 2681 7793  -79   88
B 2691 7932  -79   66
B 2701 7932  -79   43
B 2711 7905  -79   19
B 2721 7956  -79   -5
push -10 -10
push out at target
B 2731 7960   77  -16
B 2741 7936   77  -28
B 2751 7912   77  -42
B 2761 7839   77  -58
B 2771 7875   77  -70
B 2781 7781   77  -86
B 2791 7820   77 -102
B 2801 7530   77 -116
B 2811 7748   77 -127
B 2821 7667   77 -131
B 2831 7696   22 -132
B 2841 7622    0 -131
B 2851 7783    9 -126
B 2861 7654    9 -113
B 2871 7593    9 -100
B 2881 7613    9  -89
B 2891 8122    9  -75
B 2901 8197    9  -62
B 2911 8200    9  -49
B 2921 8202    9  -36
B 2931 8202    9  -23
pb end 
B 2941 8202    0  -11
B 2951 8205    0    0
B 2961 8210    0    8
B 2971 8208    0   15
B 2981 8208    0   20
B 2991 8245    0   23
B 3001 8245    0   26
B 3011 8246    0   27
B 3021 8245    0   28
B 3031 8246    0   28
B 3041 8245    0   30
B 3051 8245    0   30
B 3061 8246    0   30
B 3071 8246    0   30
B 3081 8246    0   30
B 3091 8248    0   30
B 3101 8246    0   30
B 3111 8248    0   30
B 3121 8248    0   30
B 3131 8246    0   30
B 3141 8248    0   30
B 3151 8246    0   30
B 3161 8246    0   30
B 3171 8249    0   30
B 3181 8248    0   28
B 3191 8248    0   26
B 3201 8249    0   23
B 3211 8246    0   21
B 3221 8248    0   18
B 3231 8248    0   16
B 3241 8248    0   13
B 3251 8248    0   11
B 3261 8249    0    9
B 3271 8248    0    7
B 3281 8248    0    6
B 3291 8251    0    5
B 3301 8248    0    5
B 3311 8249    0    5
B 3321 8248    0    5
B 3331 8248    0    5
B 3341 8249    0    5
B 3351 8249    0    5
B 3361 8251    0    5
B 3371 8251    0    5
B 3381 8249    0    5
B 3391 8249    0    5
B 3401 8249    0    5
B 3411 8248    0    5
B 3421 8251    0    5
B 3431 8249    0    5
SSS vs= 0.97  t=  193
%P VOLT1   = 8155
%P VOLT2   = 8391
%P S2_SC   =  0.97
%P L_ANG_MAX = 193
B 3441 8248   67    5
B 3451 8249   67    5
B 3461 8249   67    5
B 3471 8199   67    5
B 3481 8113   67    5
B 3491 8113   67    6
B 3501 8131   67    6
B 3511 8129   67    6
B 3521 7746   67    6
B 3531 7871   67   14
B 3541 7830   67   22
B 3551 7756   67   30
B 3561 7601   67   39
B 3571 7625   67   47
B 3581 7608   67   57
B 3591 7751   29   66
B 3601 7748   29   75
B 3611 7814   29   86
*** adj PULL_V2->53 
*** dt = 58 , A = 95 , rpm = 331 
B 3621 7851   51   97
B 3631 7892   51  107
B 3641 7947   51  118
B 3651 8086   51  126
B 3661 8069   51  136
B 3671 8103   51  146
pull out 153
B 3681 8108  -96  156
B 3691 8108  -96  165
B 3701 7996  -96  174
B 3711 7880  -96  184
B 3721 7852  -96  190
B 3731 7895  -96  199
B 3741 7424  -96  207
B 3751 7467  -96  213
B 3761 7513  -96  218
B 3771 7703  -96  218
B 3781 7607  -96  218
*** amax = 218  vhit = 88
B 3791 7633  -85  216
B 3801 7481  -85  203
B 3811 7507  -85  188
B 3821 7328  -85  171
B 3831 7263  -85  154
B 3841 7320  -85  135
B 3851 7428  -85  116
B 3861 7686  -85   95
B 3871 7687  -85   73
B 3881 7790  -85   50
B 3891 7832  -85   26
B 3901 7847  -85    0
push -10 -10
push out at target
B 3911 7898   77  -14
B 3921 7842   77  -26
B 3931 7784   77  -39
B 3941 7754   77  -55
B 3951 7782   77  -71
B 3962 7843   77  -88
B 3972 7748   77 -106
B 3982 7569   77 -122
B 3992 7509   77 -137
B 4002 7584   77 -146
B 4012 7702   62 -148
B 4022 7671    6 -147
B 4032 7676    9 -147
B 4042 7378    9 -134
B 4052 7509    9 -120
B 4062 7592    9 -107
B 4072 7772    9  -94
B 4082 7792    9  -79
B 4092 8155    9  -65
B 4102 8196    9  -51
B 4112 8196    9  -38
B 4122 8200    9  -23
pb end 
B 4132 8200    0  -10
B 4142 8201    0    2
B 4152 8202    0   11
B 4162 8202    0   18
B 4172 8205    0   24
B 4182 8205    0   27
B 4192 8202    0   30
B 4202 8207    0   31
B 4212 8242    0   32
B 4222 8242    0   34
B 4232 8242    0   34
B 4242 8243    0   34
B 4252 8242    0   34
B 4262 8245    0   34
B 4272 8243    0   34
B 4282 8243    0   34
B 4292 8242    0   34
B 4302 8243    0   34
B 4312 8241    0   34
B 4322 8246    0   34
B 4332 8243    0   34
B 4342 8245    0   34
B 4352 8243    0   34
B 4362 8243    0   34
B 4372 8245    0   32
B 4382 8243    0   30
B 4392 8246    0   27
B 4402 8246    0   25
B 4412 8245    0   22
B 4422 8245    0   20
B 4432 8245    0   18
B 4442 8245    0   15
B 4452 8246    0   13
B 4462 8246    0   10
B 4472 8245    0    9
B 4482 8246    0    7
B 4492 8245    0    6
B 4502 8246    0    5
B 4512 8246    0    5
B 4522 8246    0    5
B 4532 8246    0    5
B 4542 8248    0    5
B 4552 8246    0    5
B 4562 8246    0    5
B 4572 8246    0    5
B 4582 8246    0    5
B 4592 8245    0    5
B 4602 8248    0    5
B 4612 8246    0    5
B 4622 8246    0    5
SSS vs= 0.97  t=  193
%P VOLT1   = 8155
%P VOLT2   = 8384
%P S2_SC   =  0.97
%P L_ANG_MAX = 193
B 4633 8246   67    6
B 4643 8165   67    6
B 4653 8103   67    6
B 4664 8112   67    6
B 4674 7916   67    6
B 4685 7839   67    6
B 4695 7812   67   10
B 4706 7830   67   18
B 4716 7759   67   26
B 4727 7759   67   36
B 4737 7642   67   45
B 4747 7632   67   54
B 4758 7646   42   62
B 4768 7790   29   72
B 4778 7781   29   82
B 4788 7826   29   93
*** adj PULL_V2->47 
*** dt = 53 , A = 95 , rpm = 348 
B 4798 7879   45  104
B 4808 7870   45  114
B 4818 7881   45  124
B 4828 8118   45  132
B 4838 8114   45  142
pull out 147
B 4848 8114  -97  152
B 4858 8081  -97  161
B 4868 8083  -97  170
B 4878 7940  -97  178
B 4888 7846  -97  186
B 4898 7874  -97  192
B 4908 7936  -97  200
B 4918 7379  -97  206
B 4928 7607  -97  210
B 4938 7522  -97  212
B 4948 7680  -97  212
B 4958 7689  -97  212
*** amax = 212  vhit = 91
B 4968 7668  -88  201
B 4978 7471  -88  186
B 4988 7276  -88  170
B 4998 7346  -88  153
B 5008 7299  -88  134
B 5018 7410  -88  116
B 5028 7422  -88   95
B 5038 7703  -88   74
B 5048 7771  -88   51
B 5058 7774  -88   27
B 5068 7824  -88    2
push -10 -10
push out at target
B 5078 7843   77  -13
B 5088 7829   77  -25
B 5098 7811   77  -38
B 5108 7754   77  -54
B 5118 7730   77  -71
B 5128 7711   77  -86
B 5138 7659   77 -104
B 5148 7704   77 -121
B 5158 7635   77 -137
B 5168 7640   77 -148
B 5178 7703   77 -152
B 5188 7679   22 -151
B 5198 7569    9 -151
B 5208 7581    9 -142
B 5218 7351    9 -128
B 5228 7534    9 -114
B 5240 7611    9  -98
B 5250 7636    9  -83
B 5260 8111    9  -69
B 5270 8188    9  -54
B 5280 8193    9  -40
pb end 
B 5290 8196    0  -26
B 5300 8197    0  -12
B 5310 8198    0    1
B 5320 8200    0   11
B 5330 8200    0   19
B 5340 8202    0   24
B 5350 8204    0   28
B 5360 8204    0   31
B 5370 8205    0   33
B 5380 8204    0   34
B 5390 8204    0   34
B 5400 8204    0   36
B 5410 8204    0   36
B 5420 8242    0   36
B 5430 8241    0   36
B 5440 8205    0   36
B 5450 8207    0   36
B 5460 8207    0   36
B 5470 8242    0   36
B 5480 8207    0   36
B 5490 8208    0   36
B 5500 8242    0   36
B 5510 8241    0   36
B 5520 8242    0   35
B 5530 8242    0   35
B 5540 8243    0   35
B 5550 8243    0   34
B 5560 8242    0   31
B 5570 8241    0   28
B 5580 8242    0   26
B 5590 8242    0   23
B 5600 8243    0   20
B 5610 8242    0   17
B 5620 8245    0   14
B 5630 8243    0   12
B 5640 8238    0   10
B 5650 8242    0    7
B 5660 8243    0    6
B 5670 8243    0    4
B 5680 8243    0    4
B 5690 8243    0    4
B 5700 8243    0    4
B 5710 8243    0    4
B 5720 8243    0    4
B 5730 8243    0    4
B 5740 8245    0    4
B 5750 8245    0    4
B 5760 8245    0    4
B 5770 8245    0    4
B 5780 8245    0    4
SSS vs= 0.97  t=  193
%P VOLT1   = 8155
%P VOLT2   = 8381
%P S2_SC   =  0.97
%P L_ANG_MAX = 193
B 5790 8245   67    4
B 5800 8245   67    4
B 5811 8204   67    4
B 5821 8112   67    4
B 5831 8105   67    4
B 5841 8075   67    4
B 5851 8058   67    4
B 5861 7748   67    9
B 5871 7857   67   16
B 5881 7832   67   24
B 5891 7791   67   32
B 5901 7669   67   41
B 5911 7692   67   50
B 5921 7673   67   58
B 5931 7751   29   67
B 5941 7752   29   77
B 5951 7783   29   87
*** adj PULL_V2->52 
*** dt = 59 , A = 94 , rpm = 332 
B 5961 7882   50   98
B 5971 7924   50  109
B 5981 7832   50  119
B 5991 8049   50  130
B 6001 8059   50  140
B 6011 8097   50  150
pull out 154
B 6021 7992  -97  160
B 6031 7992  -97  170
B 6041 8021  -97  180
B 6051 7845  -97  190
B 6061 7807  -97  198
B 6071 7883  -97  208
B 6081 7339  -97  216
B 6091 7381  -97  222
B 6101 7526  -97  228
B 6111 7686  -97  229
B 6121 7597  -97  229
*** amax = 229  vhit = 82
B 6131 7632  -79  224
B 6141 7412  -79  211
B 6151 7459  -79  196
B 6161 7346  -79  180
B 6171 7413  -79  162
B 6181 7465  -79  143
B 6191 7532  -79  124
B 6201 7791  -79  104
B 6211 7789  -79   83
B 6221 7854  -79   61
B 6231 7928  -79   38
B 6241 7934  -79   14
B 6251 7950  -79   -8
push -10 -10
push out at target
B 6261 7915   77  -18
B 6271 7885   77  -30
B 6281 7840   77  -44
B 6291 7805   77  -59
B 6301 7846   77  -72
B 6311 7856   77  -87
B 6321 7612   77 -102
B 6331 7589   77 -117
B 6341 7623   77 -127
B 6351 7726   70 -130
B 6361 7692   14 -130
B 6371 7699    9 -130
B 6381 7341    9 -123
B 6391 7461    9 -110
B 6401 7569    9  -96
B 6411 7653    9  -85
B 6421 7677    9  -71
B 6431 8041    9  -57
B 6441 8153    9  -43
B 6451 8157    9  -30
pb end 
B 6461 8197    0  -15
B 6471 8197    0   -2
B 6481 8197    0   10
B 6491 8198    0   20
B 6501 8200    0   28
B 6511 8200    0   34
B 6521 8201    0   37
B 6531 8201    0   39
B 6541 8202    0   40
B 6551 8202    0   41
B 6561 8202    0   41
B 6571 8202    0   43
B 6581 8204    0   42
B 6591 8202    0   42
B 6601 8204    0   42
B 6611 8202    0   42
B 6621 8205    0   42
B 6631 8205    0   42
B 6641 8205    0   42
B 6651 8205    0   42
B 6661 8204    0   41
B 6671 8205    0   39
B 6681 8204    0   37
B 6691 8205    0   35
B 6701 8239    0   33
B 6711 8205    0   30
B 6721 8205    0   27
B 6731 8204    0   25
B 6741 8204    0   22
B 6751 8207    0   19
B 6761 8207    0   17
B 6771 8205    0   14
B 6781 8207    0   12
B 6791 8241    0   10
B 6801 8242    0    8
B 6811 8242    0    6
B 6821 8242    0    5
B 6831 8242    0    5
B 6841 8242    0    5
B 6851 8207    0    5
B 6861 8242    0    5
B 6871 8242    0    5
B 6881 8241    0    5
B 6891 8242    0    5
B 6901 8243    0    5
B 6911 8241    0    5
B 6921 8241    0    5
B 6931 8241    0    5
B 6941 8241    0    5
B 6951 8242    0    5
SSS vs= 0.97  t=  193
%P VOLT1   = 8155
%P VOLT2   = 8377
%P S2_SC   =  0.97
%P L_ANG_MAX = 193
B 6961 8242   67    5
B 6971 8242   67    5
B 6981 8193   67    5
B 6991 8109   67    5
B 7001 8106   67    5
B 7011 8123   67    5
B 7021 8126   67    5
B 7031 7752   67    6
B 7041 7894   67   12
B 7051 7854   67   20
B 7061 7759   67   29
B 7071 7586   67   38
B 7081 7608   67   46
B 7091 7666   67   55
B 7102 7748   29   65
B 7112 7748   29   74
B 7122 7776   29   85
*** adj PULL_V2->53 
*** dt = 58 , A = 95 , rpm = 331 
B 7132 7884   51   96
B 7142 7924   51  106
B 7152 7907   51  117
B 7162 8080   51  125
B 7172 8059   51  134
B 7182 8063   51  145
pull out 152
B 7192 8067  -97  154
B 7202 8069  -97  163
B 7212 7992  -97  172
B 7222 7840  -97  182
B 7232 7815  -97  188
B 7242 7897  -97  197
B 7252 7351  -97  205
B 7262 7393  -97  210
B 7272 7541  -97  215
B 7282 7698  -97  216
B 7292 7601  -97  216
*** amax = 216  vhit = 89
B 7302 7637  -86  213
B 7312 7448  -86  200
B 7322 7469  -86  185
B 7332 7318  -86  168
B 7342 7249  -86  151
B 7352 7309  -86  132
B 7362 7418  -86  114
B 7372 7675  -86   93
B 7382 7676  -86   70
B 7392 7741  -86   47
B 7402 7784  -86   23
B 7412 7801  -86   -2
push -10 -10
push out at target
B 7422 7811   77  -15
B 7432 7818   77  -27
B 7442 7762   77  -42
B 7452 7699   77  -58
B 7462 7710   77  -74
B 7472 7765   77  -90
B 7482 7710   77 -108
B 7492 7563   77 -125
B 7502 7503   77 -140
B 7512 7578   77 -149
B 7522 7697   62 -151
B 7532 7672    6 -151
B 7542 7675    9 -150
B 7552 7381    9 -138
B 7562 7502    9 -124
B 7572 7551    9 -110
B 7582 7765    9  -98
B 7592 7784    9  -83
B 7602 8077    9  -70
B 7612 8153    9  -55
B 7622 8157    9  -42
pb end 
B 7632 8157    0  -28
B 7642 8196    0  -15
B 7652 8194    0   -2
B 7662 8197    0    7
B 7672 8198    0   15
B 7682 8198    0   20
B 7692 8200    0   24
B 7702 8198    0   26
B 7712 8201    0   28
B 7722 8200    0   30
B 7732 8200    0   30
B 7742 8201    0   32
B 7752 8201    0   32
B 7762 8202    0   32
B 7772 8202    0   32
B 7782 8201    0   32
B 7792 8202    0   32
B 7802 8202    0   32
B 7812 8201    0   32
B 7822 8202    0   32
B 7832 8202    0   32
B 7842 8202    0   32
B 7852 8202    0   32
B 7862 8202    0   32
B 7872 8202    0   32
B 7882 8204    0   31
B 7892 8204    0   30
B 7902 8202    0   28
B 7912 8204    0   25
B 7922 8202    0   23
B 7932 8202    0   20
B 7942 8204    0   18
B 7952 8204    0   16
B 7962 8239    0   14
B 7972 8204    0   11
B 7982 8208    0   10
B 7992 8204    0    8
B 8002 8204    0    7
B 8012 8204    0    6
B 8022 8204    0    6
B 8032 8205    0    6
B 8042 8204    0    6
B 8052 8205    0    6
B 8062 8204    0    6
B 8072 8204    0    6
B 8082 8204    0    6
B 8092 8205    0    6
B 8102 8205    0    6
B 8112 8205    0    6
B 8122 8241    0    6
SSS vs= 0.97  t=  193
%P VOLT1   = 8155
%P VOLT2   = 8374
%P S2_SC   =  0.97
%P L_ANG_MAX = 193
B 8132 8241   67    6
B 8142 8205   67    6
B 8152 8144   67    6
B 8162 8071   67    6
B 8172 8072   67    6
B 8182 8092   67    6
B 8192 8104   67    6
B 8202 7757   67    7
B 8212 7838   67   14
B 8223 7786   67   23
B 8233 7747   67   33
B 8243 7596   67   41
B 8253 7628   67   50
B 8264 7680   67   59
B 8274 7718   29   69
B 8285 7781   29   80
B 8295 7801   29   91
*** adj PULL_V2->47 
*** dt = 54 , A = 94 , rpm = 348 
B 8305 7867   45  102
B 8315 7879   45  112
B 8325 7879   45  123
B 8335 8063   45  133
B 8345 8067   45  142
pull out 149
B 8355 8072  -97  152
B 8365 8036  -97  162
B 8375 8072  -97  171
B 8385 8003  -97  181
B 8395 7821  -97  190
B 8405 7862  -97  197
B 8415 7915  -97  206
B 8425 7364  -97  213
B 8435 7561  -97  218
B 8445 7491  -97  221
B 8455 7646  -97  221
B 8465 7650  -97  221
*** amax = 221  vhit = 86
B 8475 7623  -83  213
B 8485 7417  -83  198
B 8495 7298  -83  183
B 8505 7378  -83  166
B 8515 7303  -83  148
B 8525 7382  -83  130
B 8535 7403  -83  111
B 8545 7730  -83   90
B 8555 7798  -83   68
B 8565 7797  -83   45
B 8575 7839  -83   20
B 8585 7857  -83   -4
push -10 -10
push out at target
B 8595 7866   77  -15
B 8605 7839   77  -26
B 8615 7813   77  -40
B 8625 7753   77  -56
B 8635 7777   77  -70
B 8645 7757   77  -86
B 8655 7802   77 -102
B 8665 7604   77 -118
B 8675 7669   77 -131
B 8685 7584   77 -138
B 8695 7673   46 -138
B 8705 7656    9 -138
B 8715 7753    9 -134
B 8725 7505    9 -122
B 8735 7570    9 -107
B 8745 7615    9  -95
B 8755 7958    9  -79
B 8765 8109    9  -64
B 8775 8116    9  -50
B 8785 8155    9  -35
B 8795 8193    9  -20
pb end 
B 8805 8193    0   -6
B 8815 8194    0    7
B 8825 8196    0   18
B 8835 8197    0   26
B 8845 8196    0   32
B 8855 8198    0   36
B 8865 8198    0   38
B 8875 8198    0   40
B 8885 8201    0   42
B 8895 8200    0   42
B 8905 8200    0   45
B 8915 8202    0   45
B 8925 8201    0   45
B 8935 8200    0   45
B 8945 8201    0   45
B 8955 8201    0   45
B 8965 8201    0   45
B 8975 8201    0   45
B 8985 8202    0   45
B 8995 8201    0   45
B 9005 8201    0   45
B 9015 8201    0   45
B 9025 8201    0   44
B 9035 8201    0   42
B 9045 8201    0   38
B 9055 8202    0   36
B 9065 8202    0   32
B 9075 8201    0   29
B 9085 8201    0   26
B 9095 8202    0   22
B 9105 8202    0   20
B 9115 8201    0   17
B 9125 8202    0   14
B 9135 8204    0   11
B 9145 8202    0    8
B 9155 8201    0    6
B 9165 8205    0    5
B 9175 8204    0    5
B 9185 8202    0    5
B 9195 8202    0    5
B 9205 8202    0    5
B 9215 8201    0    5
B 9225 8202    0    5
B 9235 8204    0    5
B 9245 8204    0    5
B 9255 8202    0    5
B 9265 8204    0    5
B 9275 8204    0    5
B 9285 8205    0    5
B 9295 8204    0    5
SSS vs= 0.97  t=  193
%P VOLT1   = 8096
%P VOLT2   = 8367
%P S2_SC   =  0.98
%P L_ANG_MAX = 193
B 9305 8204   68    5
B 9315 8202   68    5
B 9325 8099   68    5
B 9335 8061   68    5
B 9345 8072   68    5
B 9355 8086   68    5
B 9365 7762   68    5
B 9375 7725   68    8
B 9385 7852   68   15
B 9395 7782   68   24
B 9405 7781   68   33
B 9415 7590   68   42
B 9425 7618   68   50
B 9435 7638   68   60
B 9445 7676   29   69
B 9455 7771   29   79
B 9465 7788   29   90
*** adj PULL_V2->47 
*** dt = 53 , A = 95 , rpm = 348 
B 9475 7895   45  100
B 9485 7890   45  111
B 9495 7904   45  121
B 9505 8074   45  130
B 9515 8070   45  139
pull out 148
B 9525 8072  -97  150
B 9535 8074  -97  159
B 9545 8040  -97  168
B 9555 7984  -97  177
B 9565 7817  -97  185
B 9575 7855  -97  190
B 9585 7904  -97  198
B 9595 7357  -97  205
B 9605 7531  -97  210
B 9615 7488  -97  213
B 9625 7651  -97  214
*** amax = 214  vhit = 90
B 9635 7633  -87  213
B 9645 7599  -87  206
B 9655 7489  -87  194
B 9665 7319  -87  178
B 9675 7385  -87  162
B 9685 7273  -87  144
B 9695 7358  -87  126
B 9705 7380  -87  106
B 9715 7666  -87   85
B 9725 7733  -87   62
B 9735 7731  -87   39
B 9745 7810  -87   15
B 9755 7798  -87   -8
push -10 -10
push out at target
B 9765 7802   78  -18
B 9775 7767   78  -31
B 9785 7738   78  -46
B 9795 7688   78  -62
B 9805 7717   78  -76
B 9815 7669   78  -94
B 9825 7716   78 -111
B 9835 7551   78 -128
B 9845 7634   78 -142
B 9855 7548   78 -148
B 9865 7679   38 -149
B 9875 7627    0 -148
B 9885 7760    9 -144
B 9895 7461    9 -131
B 9905 7510    9 -118
B 9915 7550    9 -106
B 9925 7958    9  -92
B 9935 8109    9  -79
B 9945 8116    9  -66
B 9955 8153    9  -52
B 9965 8155    9  -39
pb end 
B 9975 8156    0  -26
B 9985 8193    0  -14
B 9995 8193    0   -2
B 10005 8194    0    7
B 10015 8196    0   14
B 10025 8196    0   19
B 10035 8197    0   22
B 10045 8197    0   25
B 10055 8198    0   26
B 10065 8198    0   27
B 10075 8197    0   27
B 10085 8198    0   30
B 10095 8200    0   30
B 10105 8198    0   30
B 10115 8200    0   30
B 10125 8198    0   30
B 10135 8198    0   30
B 10145 8201    0   30
B 10155 8198    0   30
B 10165 8198    0   30
B 10175 8202    0   30
B 10185 8200    0   30
B 10195 8201    0   30
B 10205 8200    0   30
B 10215 8200    0   30
B 10225 8200    0   29
B 10235 8201    0   26
B 10245 8200    0   25
B 10255 8202    0   22
B 10265 8201    0   20
B 10275 8201    0   18
B 10285 8201    0   17
B 10295 8201    0   14
B 10305 8201    0   13
B 10315 8201    0   11
B 10325 8201    0   10
B 10335 8201    0    9
B 10345 8201    0    8
B 10355 8201    0    7
B 10365 8201    0    6
B 10375 8201    0    6
B 10385 8202    0    6
B 10395 8201    0    6
B 10405 8201    0    6
B 10415 8200    0    6
B 10425 8201    0    6
B 10435 8201    0    6
B 10445 8201    0    6
B 10455 8201    0    6
B 10465 8201    0    6
B 10475 8201    0    6
SSS vs= 0.98  t=  193
%P VOLT1   = 8096
%P VOLT2   = 8363
%P S2_SC   =  0.98
%P L_ANG_MAX = 193
B 10485 8201   68    6
B 10495 8201   68    6
B 10506 8202   68    6
B 10517 8071   68    6
B 10527 8061   68    6
B 10537 8075   68    6
B 10547 8082   68    6
B 10557 7772   68    7
B 10567 7815   68   14
B 10577 7782   68   22
B 10588 7728   68   31
B 10598 7625   68   40
B 10610 7606   68   50
B 10621 7624   68   60
B 10631 7631   29   70
B 10641 7830   29   80
B 10651 7861   29   90
*** adj PULL_V2->52 
*** dt = 59 , A = 94 , rpm = 332 
B 10661 7890   50  100
B 10671 8047   50  110
B 10681 8056   50  118
B 10691 8042   50  126
B 10701 8103   50  135
B 10711 8099   50  143
pull out 146
B 10721 8063  -97  151
B 10731 8021  -97  159
B 10741 8005  -97  168
B 10751 7828  -97  177
B 10761 7822  -97  183
B 10771 7868  -97  192
B 10781 7921  -97  198
B 10791 7600  -97  204
B 10801 7563  -97  208
B 10811 7577  -97  208
B 10821 7674  -97  208
*** amax = 208  vhit = 93
B 10831 7640  -90  202
B 10841 7637  -90  188
B 10851 7247  -90  171
B 10861 7309  -90  155
B 10871 7274  -90  138
B 10881 7427  -90  118
B 10891 7452  -90   99
B 10901 7563  -90   78
B 10911 7771  -90   56
B 10921 7770  -90   32
B 10931 7780  -90    8
B 10941 7795  -90  -10
push -10 -10
push out at target
B 10951 7787   78  -21
B 10961 7739   78  -34
B 10971 7713   78  -48
B 10981 7671   78  -66
B 10991 7629   78  -80
B 11001 7580   78  -98
B 11011 7634   78 -115
B 11021 7548   78 -131
B 11031 7644   78 -146
B 11042 7553   78 -154
B 11052 7652   48 -154
B 11062 7603    9 -154
B 11072 7764    9 -148
B 11082 7522    9 -136
B 11092 7536    9 -123
B 11102 7561    9 -111
B 11112 8105    9  -98
B 11122 8146    9  -84
B 11132 8150    9  -71
B 11142 8153    9  -58
B 11152 8153    9  -46
pb end 
B 11162 8156    0  -34
B 11172 8191    0  -23
B 11182 8194    0  -14
B 11192 8194    0   -6
B 11202 8194    0    0
B 11212 8196    0    6
B 11222 8198    0   10
B 11232 8196    0   13
B 11242 8197    0   15
B 11252 8197    0   17
B 11262 8196    0   18
B 11272 8196    0   22
B 11282 8197    0   22
B 11292 8197    0   22
B 11302 8198    0   22
B 11312 8197    0   22
B 11322 8198    0   22
B 11332 8197    0   22
B 11342 8198    0   22
B 11352 8200    0   22
B 11362 8197    0   22
B 11372 8198    0   22
B 11382 8198    0   22
B 11392 8198    0   22
B 11402 8198    0   22
B 11412 8234    0   22
B 11422 8198    0   21
B 11432 8200    0   20
B 11442 8200    0   18
B 11452 8200    0   17
B 11462 8200    0   15
B 11472 8234    0   14
B 11482 8198    0   13
B 11492 8200    0   12
B 11502 8200    0   12
B 11512 8200    0   11
B 11522 8200    0   10
B 11532 8201    0   10
B 11542 8200    0   10
B 11552 8200    0   10
B 11562 8201    0   10
B 11572 8198    0   10
B 11582 8202    0   10
B 11592 8200    0   10
B 11602 8200    0   10
B 11612 8201    0   10
B 11622 8200    0   10
B 11632 8200    0   10
B 11642 8202    0   10
B 11652 8200    0   10
SSS vs= 0.98  t=  193
%P VOLT1   = 8096
%P VOLT2   = 8363
%P S2_SC   =  0.98
%P L_ANG_MAX = 193
B 11662 8201   68   10
B 11673 8200   68   10
B 11683 8093   68   10
B 11693 8052   68   10
B 11703 8047   68   10
B 11713 8042   68   10
B 11723 7703   68   10
B 11733 7674   68   12
B 11743 7750   68   20
B 11753 7679   68   28
B 11763 7692   68   36
B 11773 7574   68   44
B 11783 7624   68   53
B 11793 7629   42   62
B 11803 7700   29   71
B 11813 7833   29   81
B 11823 7865   29   91
*** adj PULL_V2->52 
*** dt = 59 , A = 94 , rpm = 332 
B 11833 7890   50  101
B 11843 8012   50  110
B 11853 8019   50  118
B 11863 8072   50  126
B 11873 8063   50  135
B 11883 8062   50  143
pull out 144
B 11893 8060  -97  150
B 11903 7982  -97  159
B 11913 7917  -97  168
B 11923 7822  -97  176
B 11933 7831  -97  182
B 11943 7878  -97  190
B 11953 7398  -97  198
B 11963 7571  -97  202
B 11973 7506  -97  205
*** amax = 206  vhit = 94
B 11983 7663  -91  205
B 11993 7662  -91  205
B 12003 7636  -91  197
B 12013 7454  -91  182
B 12023 7248  -91  166
B 12033 7317  -91  149
B 12043 7280  -91  131
B 12053 7397  -91  112
B 12063 7425  -91   92
B 12073 7676  -91   71
B 12083 7777  -91   49
B 12093 7774  -91   26
B 12103 7784  -91    1
push -10 -10
push out at target
B 12113 7795   78  -12
B 12123 7773   78  -23
B 12133 7707   78  -35
B 12143 7682   78  -51
B 12153 7664   78  -67
B 12163 7601   78  -81
B 12173 7552   78  -99
B 12183 7604   78 -116
B 12193 7536   78 -132
B 12203 7629   78 -145
B 12213 7546   78 -151
B 12223 7683   38 -151
B 12233 7601    9 -151
B 12243 7773    9 -145
B 12253 7523    9 -132
B 12263 7537    9 -120
B 12273 7560    9 -108
B 12283 8104    9  -95
B 12293 8145    9  -82
B 12303 8147    9  -68
B 12313 8152    9  -56
pb end 
B 12323 8155    0  -44
B 12333 8153    0  -32
B 12343 8190    0  -22
B 12353 8193    0  -12
B 12363 8193    0   -4
B 12373 8193    0    2
B 12383 8194    0    6
B 12393 8196    0   10
B 12403 8194    0   14
B 12413 8194    0   16
B 12423 8194    0   17
B 12433 8197    0   18
B 12443 8187    0   22
B 12453 8196    0   22
B 12463 8197    0   22
B 12473 8196    0   22
B 12483 8197    0   22
B 12493 8197    0   22
B 12503 8196    0   22
B 12513 8197    0   22
B 12523 8198    0   22
B 12533 8197    0   22
B 12543 8200    0   22
B 12553 8196    0   22
B 12563 8197    0   22
B 12573 8198    0   21
B 12583 8197    0   21
B 12593 8198    0   21
B 12603 8198    0   20
B 12613 8196    0   19
B 12623 8198    0   18
B 12633 8197    0   16
B 12643 8198    0   15
B 12653 8198    0   14
B 12663 8198    0   13
B 12673 8198    0   12
B 12683 8200    0   11
B 12693 8197    0   10
B 12703 8198    0   10
B 12713 8200    0   10
B 12723 8198    0   10
B 12733 8200    0   10
B 12743 8200    0   10
B 12753 8198    0   10
B 12763 8198    0   10
B 12773 8200    0   10
B 12783 8198    0   10
B 12793 8198    0   10
B 12803 8198    0   10
B 12813 8200    0   10
SSS vs= 0.98  t=  193
%P VOLT1   = 8096
%P VOLT2   = 8356
%P S2_SC   =  0.98
%P L_ANG_MAX = 193
B 12823 8200   68   10
B 12833 8198   68   10
B 12843 8200   68   10
B 12853 8099   68   10
B 12863 8052   68   10
B 12873 8052   68   10
B 12883 8049   68   10
B 12893 7707   68   10
B 12903 7672   68   12
B 12913 7756   68   20
B 12923 7681   68   28
B 12933 7695   68   36
B 12944 7576   68   45
B 12954 7587   68   54
B 12965 7735   29   64
B 12975 7748   29   73
B 12985 7803   29   83
B 12995 7835   29   93
*** adj PULL_V2->52 
*** dt = 59 , A = 94 , rpm = 332 
B 13005 7859   50  103
B 13015 7871   50  112
B 13025 8054   50  120
B 13035 8032   50  128
B 13045 8062   50  136
pull out 144
B 13055 8096  -97  144
B 13065 8091  -97  152
B 13075 7978  -97  160
B 13085 7940  -97  170
B 13095 7850  -97  177
B 13105 7837  -97  184
B 13115 7783  -97  192
B 13125 7831  -97  198
B 13135 7493  -97  203
B 13145 7734  -97  205
B 13155 7612  -97  205
B 13165 7657  -97  205
*** amax = 205  vhit = 94
B 13175 7528  -91  194
B 13185 7531  -91  179
B 13195 7333  -91  163
B 13205 7225  -91  146
B 13215 7292  -91  128
B 13225 7370  -91  109
B 13235 7638  -91   89
B 13245 7638  -91   67
B 13255 7737  -91   45
B 13265 7771  -91   21
B 13275 7784  -91   -3
push -11 -10
push out at target
B 13285 7793   78  -15
B 13295 7773   78  -27
B 13305 7711   78  -42
B 13315 7706   78  -58
B 13325 7641   78  -75
B 13335 7682   78  -90
B 13345 7633   78 -108
B 13355 7468   78 -125
B 13365 7454   78 -142
B 13375 7538   78 -154
B 13385 7687   78 -158
B 13395 7653   22 -158
B 13405 7639    9 -158
B 13415 7259    9 -150
B 13425 7323    9 -136
B 13435 7480    9 -122
B 13445 7553    9 -110
B 13455 7584    9  -95
B 13465 7602    9  -81
B 13475 8139    9  -66
B 13485 8143    9  -52
pb end 
B 13495 8149    0  -39
B 13505 8147    0  -26
B 13515 8152    0  -13
B 13525 8155    0   -2
B 13535 8191    0    8
B 13545 8191    0   14
B 13555 8191    0   19
B 13565 8194    0   22
B 13575 8193    0   24
B 13585 8193    0   26
B 13595 8194    0   26
B 13605 8196    0   26
B 13615 8193    0   30
B 13625 8194    0   30
B 13635 8194    0   30
B 13645 8193    0   30
B 13655 8194    0   30
B 13665 8194    0   30
B 13675 8193    0   30
B 13685 8194    0   30
B 13695 8197    0   30
B 13705 8196    0   30
B 13715 8193    0   30
B 13725 8196    0   30
B 13735 8194    0   30
B 13745 8197    0   29
B 13755 8197    0   29
B 13765 8196    0   26
B 13775 8196    0   25
B 13785 8194    0   22
B 13795 8197    0   20
B 13805 8197    0   18
B 13815 8196    0   16
B 13825 8197    0   14
B 13835 8198    0   12
B 13845 8197    0   10
B 13855 8196    0    9
B 13865 8196    0    7
B 13875 8197    0    6
B 13885 8197    0    5
B 13895 8196    0    4
B 13905 8197    0    4
B 13915 8197    0    4
B 13925 8196    0    4
B 13935 8197    0    4
B 13945 8200    0    4
B 13955 8197    0    4
B 13965 8197    0    4
B 13975 8197    0    4
B 13985 8197    0    4
SSS vs= 0.98  t=  193
%P VOLT1   = 8096
%P VOLT2   = 8353
%P S2_SC   =  0.98
%P L_ANG_MAX = 193
B 13995 8198   68    4
B 14005 8197   68    4
B 14016 8197   68    4
B 14026 8070   68    4
B 14036 8052   68    4
B 14046 8058   68    4
B 14056 8054   68    4
B 14066 7720   68    8
B 14076 7845   68   14
B 14086 7827   68   22
B 14097 7775   68   30
B 14107 7630   68   39
B 14117 7633   68   48
B 14127 7574   68   56
B 14137 7692   29   65
B 14147 7727   29   74
B 14157 7773   29   84
*** adj PULL_V2->58 
*** dt = 66 , A = 92 , rpm = 315 
B 14167 7878   56   94
B 14177 7896   56  104
B 14187 7903   56  112
B 14197 8050   56  120
B 14207 8014   56  129
B 14217 8046   56  137
B 14227 8079   56  144
pull out 147
B 14237 8071  -97  152
B 14247 7913  -97  162
B 14257 7857  -97  171
B 14267 7809  -97  178
B 14277 7809  -97  186
B 14287 7757  -97  195
B 14297 7801  -97  202
B 14307 7509  -97  206
B 14317 7647  -97  208
B 14327 7552  -97  208
B 14337 7616  -97  208
*** amax = 208  vhit = 93
B 14347 7496  -90  194
B 14357 7513  -90  180
B 14367 7353  -90  163
B 14377 7242  -90  146
B 14387 7297  -90  128
B 14397 7370  -90  109
B 14407 7635  -90   88
B 14417 7635  -90   66
B 14427 7735  -90   44
B 14437 7774  -90   20
B 14447 7790  -90   -4
push -10 -10
push out at target
B 14457 7798   78  -16
B 14467 7774   78  -28
B 14477 7713   78  -43
B 14487 7702   78  -60
B 14497 7644   78  -76
B 14507 7692   78  -92
B 14517 7672   78 -110
B 14527 7471   78 -127
B 14537 7437   78 -144
B 14547 7520   78 -154
B 14557 7679   71 -158
B 14567 7645   22 -158
B 14577 7694    9 -158
B 14587 7509    9 -149
B 14597 7581    9 -136
B 14607 7582    9 -126
B 14617 8095    9 -112
B 14627 8105    9  -99
B 14637 8109    9  -86
B 14647 8147    9  -74
B 14657 8147    9  -62
B 14667 8149    9  -50
pb end 
B 14677 8152    0  -39
B 14687 8152    0  -29
B 14697 8152    0  -21
B 14707 8155    0  -14
B 14717 8155    0   -8
B 14727 8156    0   -2
B 14737 8194    0    2
B 14747 8193    0    6
B 14757 8193    0    9
B 14767 8191    0   11
B 14777 8193    0   14
B 14787 8194    0   18
B 14797 8193    0   18
B 14807 8193    0   18
B 14817 8194    0   18
B 14827 8194    0   19
B 14837 8194    0   19
B 14847 8196    0   18
B 14857 8196    0   18
B 14867 8194    0   18
B 14877 8194    0   18
B 14887 8194    0   18
B 14897 8194    0   18
B 14907 8196    0   18
B 14917 8193    0   18
B 14927 8194    0   18
B 14937 8196    0   18
B 14947 8196    0   18
B 14957 8194    0   18
B 14967 8194    0   16
B 14977 8193    0   15
B 14987 8194    0   14
B 14997 8194    0   14
B 15007 8196    0   14
B 15017 8196    0   14
B 15027 8193    0   14
B 15037 8196    0   14
B 15047 8197    0   14
B 15057 8196    0   14
B 15067 8196    0   14
B 15077 8196    0   14
B 15087 8196    0   14
B 15097 8187    0   14
B 15107 8196    0   14
B 15117 8197    0   14
B 15127 8196    0   14
B 15137 8197    0   14
B 15147 8197    0   14
B 15157 8196    0   14
B 15167 8196    0   14
SSS vs= 0.98  t=  193
%P VOLT1   = 8096
%P VOLT2   = 8346
%P S2_SC   =  0.98
%P L_ANG_MAX = 193
B 15177 8197   68   14
B 15187 8182   68   14
B 15197 8064   68   14
B 15207 8047   68   14
B 15217 8042   68   14
B 15227 8030   68   14
B 15237 7682   68   14
B 15247 7755   68   18
B 15257 7750   68   26
B 15267 7721   68   34
B 15277 7597   68   42
B 15287 7617   68   50
B 15297 7588   68   58
B 15307 7696   29   67
B 15317 7739   29   76
B 15327 7831   29   86
*** adj PULL_V2->58 
*** dt = 64 , A = 94 , rpm = 315 
B 15337 7851   56   96
B 15347 7864   56  104
B 15357 7836   56  112
B 15367 8084   56  119
B 15377 8049   56  128
B 15387 8045   56  135
B 15397 8082   56  142
pull out 143
B 15407 8072  -97  150
B 15417 7946  -97  158
B 15427 7856  -97  167
B 15437 7811  -97  174
B 15447 7846  -97  182
B 15457 7830  -97  190
B 15467 7872  -97  197
B 15477 7477  -97  202
B 15487 7697  -97  204
B 15497 7591  -97  204
*** amax = 204  vhit = 95
B 15507 7614  -92  202
B 15517 7488  -92  189
B 15527 7503  -92  174
B 15537 7380  -92  158
B 15547 7235  -92  141
B 15557 7301  -92  122
B 15567 7378  -92  104
B 15577 7645  -92   83
B 15587 7642  -92   62
B 15597 7706  -92   39
B 15607 7774  -92   14
B 15617 7788  -92   -7
push -10 -10
push out at target
B 15627 7787   78  -18
B 15637 7757   78  -30
B 15647 7697   78  -45
B 15657 7689   78  -62
B 15667 7647   78  -78
B 15677 7696   78  -94
B 15687 7676   78 -111
B 15697 7472   78 -128
B 15707 7438   78 -144
B 15717 7530   78 -155
B 15727 7647   78 -158
B 15737 7617   14 -158
B 15747 7641    9 -158
B 15757 7304    9 -150
B 15767 7405    9 -135
B 15777 7500    9 -121
B 15787 7526    9 -110
B 15797 7552    9  -95
B 15807 8133    9  -80
B 15817 8108    9  -66
B 15827 8109    9  -53
pb end 
B 15837 8146    0  -39
B 15847 8147    0  -26
B 15857 8149    0  -14
B 15867 8152    0   -2
B 15877 8152    0    6
B 15887 8152    0   13
B 15897 8153    0   18
B 15907 8190    0   21
B 15917 8190    0   23
B 15927 8190    0   25
B 15937 8191    0   26
B 15947 8187    0   26
B 15957 8191    0   28
B 15967 8190    0   28
B 15977 8191    0   28
B 15987 8193    0   28
B 15997 8191    0   28
B 16007 8191    0   28
B 16017 8193    0   28
B 16027 8193    0   28
B 16037 8191    0   28
B 16047 8191    0   28
B 16057 8193    0   28
B 16067 8193    0   28
B 16077 8193    0   28
B 16087 8193    0   28
B 16097 8194    0   27
B 16107 8193    0   26
B 16117 8193    0   24
B 16127 8193    0   22
B 16137 8193    0   20
B 16147 8194    0   18
B 16157 8194    0   16
B 16167 8193    0   14
B 16177 8193    0   12
B 16187 8194    0   10
B 16197 8194    0    9
B 16207 8194    0    7
B 16217 8191    0    6
B 16227 8194    0    6
B 16237 8194    0    6
B 16247 8194    0    6
B 16257 8194    0    6
B 16267 8194    0    6
B 16277 8197    0    6
B 16287 8196    0    6
B 16297 8193    0    6
B 16307 8194    0    6
B 16317 8196    0    6
B 16327 8194    0    6
SSS vs= 0.98  t=  193
%P VOLT1   = 8096
%P VOLT2   = 8346
%P S2_SC   =  0.98
%P L_ANG_MAX = 193
B 16338 8193   68    6
B 16348 8194   68    6
B 16358 8166   68    6
B 16368 8064   68    6
B 16378 8057   68    6
B 16388 8067   68    6
B 16398 8058   68    6
B 16408 7788   68    9
B 16418 7808   68   15
B 16428 7789   68   22
B 16438 7665   68   30
B 16448 7596   68   39
B 16458 7603   68   48
B 16468 7579   68   56
B 16478 7693   29   65
B 16488 7720   29   74
B 16498 7776   29   84
*** adj PULL_V2->58 
*** dt = 66 , A = 92 , rpm = 315 
B 16508 7857   56   94
B 16518 7886   56  104
B 16528 7972   56  114
B 16538 7934   56  122
B 16548 7902   56  131
B 16558 8042   56  139
B 16568 8042   56  147
pull out 151
B 16578 8038  -97  156
B 16588 7919  -97  166
B 16598 7808  -97  175
B 16608 7774  -97  182
B 16618 7775  -97  191
B 16628 7865  -97  200
B 16638 7908  -97  206
B 16648 7607  -97  211
B 16658 7645  -97  212
B 16668 7552  -97  212
B 16678 7652  -97  212
*** amax = 212  vhit = 91
B 16688 7532  -88  198
B 16698 7555  -88  184
B 16708 7216  -88  168
B 16718 7247  -88  150
B 16728 7303  -88  132
B 16738 7443  -88  114
B 16748 7598  -88   93
B 16758 7598  -88   72
B 16768 7769  -88   50
B 16778 7771  -88   26
B 16788 7785  -88    1
push -10 -10
push out at target
B 16798 7802   78  -13
B 16808 7781   78  -24
B 16818 7728   78  -38
B 16828 7706   78  -54
B 16838 7700   78  -70
B 16848 7745   78  -84
B 16858 7618   78 -102
B 16868 7514   78 -118
B 16878 7482   78 -134
B 16888 7604   78 -144
B 16898 7645   71 -148
B 16908 7614   22 -147
B 16918 7617    9 -147
B 16928 7553    9 -139
B 16938 7621    9 -127
B 16948 7584    9 -117
B 16958 8095    9 -104
B 16968 8102    9  -92
B 16978 8145    9  -80
B 16988 8145    9  -68
B 16998 8149    9  -56
pb end 
B 17008 8146    0  -46
B 17018 8149    0  -34
B 17028 8150    0  -25
B 17038 8152    0  -16
B 17048 8150    0   -9
B 17058 8152    0   -2
B 17068 8187    0    2
B 17078 8188    0    6
B 17088 8190    0   10
B 17098 8188    0   12
B 17108 8190    0   14
B 17118 8191    0   15
B 17128 8190    0   16
B 17138 8190    0   18
B 17148 8191    0   18
B 17158 8190    0   18
B 17168 8191    0   18
B 17178 8191    0   18
B 17188 8191    0   18
B 17198 8191    0   18
B 17208 8190    0   18
B 17218 8191    0   18
B 17228 8191    0   18
B 17238 8191    0   18
B 17248 8191    0   18
B 17258 8193    0   18
B 17268 8191    0   18
B 17278 8196    0   17
B 17288 8191    0   16
B 17298 8191    0   15
B 17308 8191    0   13
B 17318 8193    0   12
B 17328 8191    0   11
B 17338 8193    0   10
B 17348 8193    0   10
B 17358 8193    0   10
B 17368 8194    0   10
B 17378 8193    0   10
B 17388 8194    0   10
B 17398 8193    0   10
B 17408 8193    0   10
B 17418 8194    0   10
B 17428 8193    0   10
B 17438 8193    0   10
B 17448 8194    0   10
B 17458 8193    0   10
B 17468 8193    0   10
B 17478 8194    0   10
B 17488 8191    0   10
B 17498 8194    0   10
SSS vs= 0.98  t=  193
%P VOLT1   = 8096
%P VOLT2   = 8339
%P S2_SC   =  0.98
%P L_ANG_MAX = 193
B 17508 8193   68   10
B 17518 8193   68   10
B 17528 8148   68   10
B 17538 8058   68   10
B 17548 8046   68   10
B 17558 8046   68   10
B 17568 8030   68   10
B 17578 7723   68   10
B 17588 7731   68   17
B 17598 7718   68   25
B 17608 7613   68   33
B 17618 7593   68   41
B 17628 7610   68   49
B 17638 7621   68   58
B 17648 7730   29   66
B 17658 7768   29   75
B 17668 7804   29   85
*** adj PULL_V2->58 
*** dt = 66 , A = 92 , rpm = 315 
B 17678 7872   56   95
B 17688 7892   56  104
B 17698 8045   56  112
B 17708 7972   56  120
B 17718 7939   56  129
B 17728 8042   56  136
B 17738 8039   56  144
pull out 146
B 17748 8032  -97  152
B 17758 7945  -97  161
B 17768 7809  -97  170
B 17778 7780  -97  177
B 17788 7783  -97  186
B 17798 7833  -97  194
B 17808 7872  -97  200
B 17818 7609  -97  205
B 17828 7651  -97  206
B 17838 7552  -97  206
B 17848 7655  -97  205
*** amax = 206  vhit = 94
B 17858 7538  -91  192
B 17868 7553  -91  177
B 17878 7213  -91  160
B 17888 7246  -91  143
B 17898 7303  -91  125
B 17908 7484  -91  106
B 17918 7639  -91   86
B 17928 7639  -91   64
B 17938 7776  -91   42
B 17948 7774  -91   18
B 17958 7785  -91   -6
push -10 -10
push out at target
B 17968 7793   78  -16
B 17978 7765   78  -28
B 17988 7703   78  -42
B 17998 7695   78  -58
B 18008 7657   78  -74
B 18018 7707   78  -90
B 18028 7580   78 -107
B 18038 7476   78 -124
B 18048 7441   78 -139
B 18058 7633   78 -150
B 18068 7646   78 -152
B 18078 7621    6 -152
B 18088 7543    9 -152
B 18098 7351    9 -141
B 18108 7473    9 -127
B 18118 7514    9 -114
B 18128 7565    9 -102
B 18138 7589    9  -87
B 18148 8098    9  -73
B 18158 8104    9  -59
B 18168 8106    9  -45
pb end 
B 18178 8143    0  -32
B 18188 8145    0  -18
B 18198 8147    0   -6
B 18208 8149    0    5
B 18218 8150    0   13
B 18228 8152    0   18
B 18238 8152    0   22
B 18248 8152    0   26
B 18258 8152    0   27
B 18268 8152    0   28
B 18278 8152    0   28
B 18288 8153    0   31
B 18298 8153    0   31
B 18308 8188    0   31
B 18318 8190    0   31
B 18328 8187    0   31
B 18338 8188    0   31
B 18348 8184    0   31
B 18358 8190    0   31
B 18368 8190    0   31
B 18378 8190    0   31
B 18388 8190    0   31
B 18398 8190    0   31
B 18408 8188    0   31
B 18418 8190    0   31
B 18428 8190    0   30
B 18438 8188    0   29
B 18448 8191    0   27
B 18458 8191    0   25
B 18468 8190    0   22
B 18478 8191    0   20
B 18488 8191    0   18
B 18498 8191    0   16
B 18508 8191    0   14
B 18518 8187    0   12
B 18528 8190    0   10
B 18538 8191    0    9
B 18548 8191    0    7
B 18558 8191    0    6
B 18568 8191    0    6
B 18578 8191    0    6
B 18588 8191    0    5
B 18598 8191    0    5
B 18608 8191    0    5
B 18618 8191    0    5
B 18628 8191    0    5
B 18638 8190    0    5
B 18648 8191    0    5
B 18658 8193    0    6
B 18668 8194    0    6
SSS vs= 0.98  t=  193
%P VOLT1   = 8096
%P VOLT2   = 8339
%P S2_SC   =  0.98
%P L_ANG_MAX = 193
B 18680 8191   68    6
B 18690 8190   68    6
B 18700 8118   68    6
B 18710 8056   68    6
B 18720 8057   68    6
B 18730 8076   68    6
B 18740 7834   68    6
B 18750 7808   68    9
B 18760 7806   68   15
B 18770 7696   68   23
B 18780 7684   68   32
B 18790 7589   68   41
B 18800 7574   68   49
B 18810 7591   68   58
B 18820 7706   29   66
B 18830 7738   29   76
B 18840 7735   29   86
*** adj PULL_V2->52 
*** dt = 60 , A = 93 , rpm = 332 
B 18850 7844   50   96
B 18860 7843   50  106
B 18870 7859   50  116
B 18880 7851   50  124
B 18890 8050   50  134
B 18900 8050   50  143
pull out 150
B 18910 8053  -97  152
B 18920 7984  -97  161
B 18930 7980  -97  170
B 18940 7839  -97  178
B 18950 7782  -97  185
B 18960 7823  -97  193
B 18970 7907  -97  200
B 18980 7629  -97  206
B 18990 7611  -97  210
B 19000 7616  -97  210
B 19010 7700  -97  210
*** amax = 210  vhit = 92
B 19020 7661  -89  208
B 19030 7582  -89  195
B 19040 7214  -89  180
B 19050 7268  -89  164
B 19060 7257  -89  147
B 19070 7419  -89  129
B 19080 7447  -89  110
B 19090 7598  -89   90
B 19100 7740  -89   68
B 19110 7734  -89   46
B 19120 7773  -89   22
B 19130 7751  -89   -2
push -10 -10
push out at target
B 19140 7762   78  -14
B 19150 7773   78  -26
B 19160 7713   78  -39
B 19170 7668   78  -55
B 19180 7717   78  -70
B 19190 7586   78  -86
B 19200 7631   78 -102
B 19210 7480   78 -118
B 19220 7717   78 -133
B 19230 7633   78 -142
B 19240 7646   62 -144
B 19250 7548    6 -144
B 19260 7671    9 -143
B 19270 7582    9 -134
B 19280 7563    9 -122
B 19290 7587    9 -112
B 19300 8059    9 -100
B 19310 8102    9  -88
B 19320 8106    9  -76
B 19330 8143    9  -66
B 19340 8145    9  -55
pb end 
B 19350 8147    0  -45
B 19360 8147    0  -35
B 19370 8149    0  -27
B 19380 8149    0  -21
B 19390 8150    0  -15
B 19400 8152    0  -10
B 19410 8152    0   -6
B 19420 8152    0   -2
B 19430 8187    0    2
B 19440 8187    0    5
B 19450 8152    0    8
B 19460 8155    0   10
B 19470 8152    0   14
B 19480 8187    0   15
B 19490 8188    0   15
B 19500 8187    0   16
B 19510 8153    0   16
B 19520 8188    0   16
B 19530 8188    0   16
B 19540 8190    0   16
B 19550 8191    0   16
B 19560 8188    0   16
B 19570 8188    0   16
B 19580 8190    0   16
B 19590 8188    0   16
B 19600 8188    0   16
B 19610 8190    0   15
B 19620 8190    0   15
B 19630 8191    0   15
B 19640 8188    0   15
B 19650 8190    0   14
B 19660 8191    0   13
B 19670 8190    0   12
B 19680 8190    0   11
B 19690 8190    0   10
B 19700 8190    0   10
B 19710 8188    0    9
B 19720 8190    0    9
B 19730 8190    0    9
B 19740 8191    0    9
B 19750 8191    0    9
B 19760 8191    0    9
B 19770 8191    0    9
B 19780 8190    0    9
B 19790 8191    0    9
B 19800 8191    0    9
B 19810 8188    0    9
B 19820 8191    0    9
B 19830 8191    0    9
B 19840 8191    0    9
B 19850 8191    0    9
SSS vs= 0.98  t=  193
%P VOLT1   = 8096
%P VOLT2   = 8335
%P S2_SC   =  0.98
%P L_ANG_MAX = 193
B 19860 8190   68    9
B 19870 8188   68    9
B 19880 8196   68    9
B 19890 8106   68    9
B 19900 8056   68    9
B 19910 8056   68    9
B 19920 8047   68    9
B 19930 7697   68    9
B 19940 7727   68   12
B 19950 7701   68   20
B 19960 7673   68   28
B 19970 7630   68   36
B 19980 7655   68   43
B 19990 7634   68   51
B 20000 7702   68   60
B 20010 7694   29   69
B 20020 7689   29   78
B 20030 7740   29   89
*** adj PULL_V2->53 
*** dt = 60 , A = 93 , rpm = 331 
B 20040 7812   51   99
B 20050 7809   51  109
B 20060 7829   51  118
B 20070 7809   51  127
B 20080 8048   51  136
B 20090 8049   51  146
pull out 149
B 20100 8052  -97  154
B 20110 7981  -97  162
B 20120 7946  -97  172
B 20130 7788  -97  181
B 20140 7817  -97  186
B 20150 7863  -97  195
B 20160 7913  -97  202
B 20170 7413  -97  208
B 20180 7696  -97  212
B 20190 7598  -97  212
B 20200 7581  -97  212
*** amax = 212  vhit = 91
B 20210 7586  -88  207
B 20220 7580  -88  194
B 20230 7434  -88  180
B 20240 7208  -88  163
B 20250 7270  -88  146
B 20260 7319  -88  128
B 20270 7557  -88  110
B 20280 7564  -88   90
B 20290 7667  -88   68
B 20300 7770  -88   45
B 20310 7771  -88   21
B 20320 7787  -88   -3
push -10 -10
push out at target
B 20330 7765   78  -14
B 20340 7741   78  -26
B 20350 7724   78  -40
B 20360 7708   78  -56
B 20370 7727   78  -71
B 20380 7735   78  -87
B 20390 7425   78 -103
B 20400 7446   78 -119
B 20410 7601   78 -134
B 20420 7694   78 -142
B 20430 7643   54 -142
B 20440 7552    9 -142
B 20450 7559    9 -142
B 20460 7661    9 -130
B 20470 7602    9 -118
B 20480 8015    9 -107
B 20490 8024    9  -94
B 20500 8102    9  -82
B 20510 8141    9  -70
B 20520 8143    9  -58
pb end 
B 20530 8143    0  -46
B 20540 8145    0  -36
B 20550 8146    0  -26
B 20560 8147    0  -16
B 20570 8149    0   -8
B 20580 8149    0   -2
B 20590 8150    0    3
B 20600 8152    0    7
B 20610 8152    0   11
B 20620 8152    0   14
B 20630 8187    0   15
B 20640 8187    0   17
B 20650 8150    0   18
B 20660 8152    0   20
B 20670 8152    0   20
B 20680 8150    0   20
B 20690 8187    0   20
B 20700 8188    0   20
B 20710 8152    0   20
B 20720 8153    0   20
B 20730 8152    0   20
B 20740 8191    0   20
B 20750 8155    0   20
B 20760 8152    0   20
B 20770 8188    0   20
B 20780 8188    0   20
B 20790 8188    0   20
B 20800 8190    0   19
B 20810 8188    0   18
B 20820 8188    0   16
B 20830 8190    0   14
B 20840 8188    0   13
B 20850 8188    0   12
B 20860 8190    0   10
B 20870 8188    0   10
B 20880 8188    0   10
B 20890 8155    0    9
B 20900 8188    0    9
B 20910 8188    0    9
B 20920 8190    0    9
B 20930 8188    0    9
B 20940 8190    0    9
B 20950 8190    0    9
B 20960 8188    0    9
B 20970 8191    0    9
B 20980 8190    0    9
B 20990 8190    0    9
B 21000 8191    0    9
B 21010 8190    0    9
B 21020 8190    0    9
SSS vs= 0.98  t=  193
%P VOLT1   = 8096
%P VOLT2   = 8332
%P S2_SC   =  0.98
%P L_ANG_MAX = 193
B 21030 8190   68    9
B 21040 8188   68    9
B 21050 8190   68    9
B 21060 8099   68    9
B 21070 8050   68    9
B 21080 8047   68   10
B 21090 8043   68   10
B 21100 7707   68   10
B 21110 7752   68   12
B 21120 7725   68   19
B 21130 7685   68   27
B 21140 7587   68   35
B 21151 7610   68   43
B 21161 7622   68   52
B 21171 7628   68   60
B 21181 7628   29   69
B 21191 7733   29   78
B 21201 7761   29   88
*** adj PULL_V2->58 
*** dt = 66 , A = 92 , rpm = 315 
B 21211 7819   56   98
B 21221 7810   56  108
B 21231 7860   56  117
B 21241 7831   56  125
B 21251 8034   56  134
B 21261 8038   56  143
B 21271 8039   56  151
pull out 152
B 21281 7929  -97  160
B 21291 7892  -97  169
B 21301 7782  -97  178
B 21311 7796  -97  185
B 21321 7843  -97  194
B 21331 7889  -97  201
B 21341 7592  -97  207
B 21351 7679  -97  210
B 21361 7566  -97  210
B 21371 7648  -97  210
*** amax = 210  vhit = 92
B 21381 7627  -89  203
B 21391 7633  -89  189
B 21401 7244  -89  174
B 21411 7192  -89  158
B 21421 7250  -89  140
B 21431 7399  -89  122
B 21441 7527  -89  102
B 21451 7533  -89   82
B 21461 7740  -89   60
B 21471 7774  -89   38
B 21481 7777  -89   14
B 21491 7758  -89   -8
push -10 -10
push out at target
B 21501 7762   78  -19
B 21511 7734   78  -31
B 21521 7750   78  -46
B 21531 7706   78  -62
B 21541 7734   78  -76
B 21551 7638   78  -94
B 21561 7500   78 -110
B 21571 7512   78 -126
B 21581 7619   78 -140
B 21591 7651   78 -147
B 21601 7607   46 -148
B 21611 7598    0 -147
B 21621 7631    9 -146
B 21631 7714    9 -134
B 21641 7538    9 -123
B 21651 7910    9 -113
B 21661 7920    9 -102
B 21671 8102    9  -90
B 21681 8142    9  -78
B 21691 8142    9  -68
B 21701 8142    9  -58
B 21711 8145    9  -48
pb end 
B 21721 8146    0  -40
B 21731 8146    0  -32
B 21741 8147    0  -26
B 21751 8147    0  -20
B 21761 8149    0  -15
B 21771 8149    0  -10
B 21781 8150    0   -6
B 21791 8149    0   -2
B 21801 8149    0    1
B 21811 8152    0    4
B 21821 8150    0    6
B 21831 8150    0   10
B 21841 8152    0   13
B 21851 8150    0   14
B 21861 8150    0   15
B 21871 8150    0   15
B 21881 8152    0   16
B 21891 8152    0   16
B 21901 8152    0   16
B 21911 8149    0   16
B 21921 8150    0   16
B 21931 8150    0   16
B 21941 8187    0   16
B 21951 8152    0   16
B 21961 8152    0   16
B 21971 8188    0   15
B 21981 8153    0   15
B 21991 8152    0   15
B 22001 8152    0   14
B 22011 8187    0   14
B 22021 8188    0   12
B 22031 8188    0   11
B 22041 8188    0   10
B 22051 8188    0    9
B 22061 8188    0    9
B 22071 8188    0    8
B 22081 8188    0    8
B 22091 8187    0    8
B 22101 8190    0    7
B 22111 8188    0    7
B 22121 8188    0    8
B 22131 8188    0    8
B 22141 8188    0    8
B 22151 8190    0    8
B 22161 8188    0    8
B 22171 8190    0    8
B 22181 8188    0    8
B 22191 8188    0    8
B 22201 8188    0    8
B 22211 8188    0    8
SSS vs= 0.98  t=  193
%P VOLT1   = 8096
%P VOLT2   = 8332
%P S2_SC   =  0.98
%P L_ANG_MAX = 193
B 22222 8188   68    8
B 22232 8191   68    8
B 22242 8187   68    8
B 22252 8074   68    8
B 22262 8049   68    8
B 22272 8040   68    8
B 22282 7806   68    8
B 22292 7770   68    8
B 22302 7745   68   14
B 22312 7714   68   22
B 22322 7735   68   30
B 22332 7618   68   38
B 22342 7635   68   46
B 22352 7635   68   54
B 22362 7665   42   63
B 22372 7730   29   72
B 22382 7729   29   82
B 22392 7777   29   92
*** adj PULL_V2->52 
*** dt = 60 , A = 93 , rpm = 332 
B 22402 7829   50  102
B 22412 7851   50  112
B 22422 7863   50  121
B 22432 8018   50  130
B 22442 8012   50  138
B 22452 8015   50  147
pull out 148
B 22462 8017  -97  155
B 22472 8012  -97  164
B 22482 7855  -97  173
B 22492 7822  -97  180
B 22502 7843  -97  187
B 22512 7854  -97  195
B 22522 7364  -97  201
B 22532 7379  -97  206
B 22542 7672  -97  208
B 22552 7672  -97  208
B 22562 7615  -97  208
*** amax = 208  vhit = 93
B 22572 7594  -90  198
B 22582 7434  -90  184
B 22592 7480  -90  168
B 22602 7252  -90  152
B 22612 7305  -90  134
B 22622 7340  -90  116
B 22632 7537  -90   97
B 22642 7681  -90   76
B 22652 7675  -90   54
B 22662 7744  -90   31
B 22672 7749  -90    7
push -10 -10
push out at target
B 22682 7763   78  -10
B 22692 7758   78  -21
B 22702 7693   78  -34
B 22712 7701   78  -46
B 22722 7778   78  -58
B 22732 7781   78  -71
B 22742 7811   78  -84
B 22752 7695   78  -96
B 22762 7693   78 -104
B 22772 7628   54 -106
B 22782 7745    6 -106
B 22792 7790    9 -106
B 22802 7864    9  -97
B 22812 7543    9  -87
B 22822 7593    9  -78
B 22832 7602    9  -67
B 22842 8104    9  -55
B 22852 8104    9  -45
B 22862 8106    9  -34
B 22872 8143    9  -23
pb end 
B 22882 8145    0  -13
B 22892 8145    0   -3
B 22902 8146    0    5
B 22912 8147    0   11
B 22922 8149    0   15
B 22932 8146    0   18
B 22942 8149    0   21
B 22952 8150    0   22
B 22962 8147    0   22
B 22972 8186    0   22
B 22982 8184    0   22
B 22992 8147    0   22
B 23002 8150    0   22
B 23012 8150    0   22
B 23022 8150    0   22
B 23032 8152    0   22
B 23042 8150    0   22
B 23052 8152    0   22
B 23062 8150    0   22
B 23072 8149    0   22
B 23082 8150    0   21
B 23092 8187    0   20
B 23102 8186    0   19
B 23112 8152    0   18
B 23122 8150    0   17
B 23132 8150    0   15
B 23142 8152    0   14
B 23152 8152    0   13
B 23162 8152    0   12
B 23172 8150    0   11
B 23182 8187    0   10
B 23192 8186    0   10
B 23202 8186    0   10
B 23212 8152    0   10
B 23222 8153    0   10
B 23232 8187    0   10
B 23242 8186    0   10
B 23252 8188    0   10
B 23262 8186    0   10
B 23272 8190    0   10
B 23282 8187    0   10
B 23292 8187    0   10
B 23302 8188    0   10
B 23312 8187    0   10
B 23322 8187    0   10
B 23332 8188    0   10
B 23342 8188    0   10
B 23352 8187    0   10
B 23362 8188    0   10
B 23372 8188    0   10
SSS vs= 0.98  t=  193
%P VOLT1   = 8096
%P VOLT2   = 8325
%P S2_SC   =  0.98
%P L_ANG_MAX = 193
B 23383 8188   68   10
B 23394 8188   68   10
B 23405 8190   68   10
B 23415 8137   68   10
B 23425 8065   68   10
B 23435 8061   68   10
B 23445 8079   68   10
B 23456 8054   68   10
B 23466 7820   68   10
B 23477 7783   68   12
B 23487 7743   68   20
B 23497 7657   68   28
B 23507 7664   68   36
B 23517 7644   68   44
B 23527 7624   68   53
B 23537 7635   42   62
B 23547 7711   29   70
B 23557 7720   29   80
B 23567 7782   29   90
*** adj PULL_V2->52 
*** dt = 60 , A = 93 , rpm = 332 
B 23577 7845   50  100
B 23587 7859   50  109
B 23597 7846   50  117
B 23607 8011   50  126
B 23617 8014   50  134
B 23627 8017   50  142
pull out 145
B 23637 8052  -97  150
B 23647 7974  -97  158
B 23657 7964  -97  167
B 23667 7941  -97  177
B 23677 7794  -97  185
B 23687 7802  -97  192
B 23697 7843  -97  200
B 23707 7428  -97  206
B 23717 7450  -97  212
B 23727 7579  -97  214
B 23737 7685  -97  214
B 23747 7632  -97  214
*** amax = 214  vhit = 90
B 23757 7683  -87  206
B 23767 7370  -87  193
B 23777 7402  -87  178
B 23787 7277  -87  162
B 23797 7297  -87  144
B 23807 7340  -87  127
B 23817 7472  -87  108
B 23827 7693  -87   87
B 23837 7689  -87   66
B 23847 7751  -87   43
B 23857 7788  -87   20
B 23867 7801  -87   -4
push -10 -10
push out at target
B 23877 7772   78  -15
B 23887 7787   78  -27
B 23897 7734   78  -40
B 23907 7696   78  -56
B 23917 7718   78  -70
B 23927 7756   78  -86
B 23937 7684   78 -102
B 23947 7633   78 -118
B 23957 7574   78 -131
B 23967 7615   78 -139
B 23977 7718   54 -140
B 23987 7713    0 -140
B 23997 7715    9 -139
B 24007 7417    9 -127
B 24017 7501    9 -114
B 24027 7577    9 -102
B 24037 7875    9  -90
B 24047 7884    9  -78
B 24057 8102    9  -64
B 24067 8139    9  -52
B 24077 8142    9  -39
pb end 
B 24087 8143    0  -27
B 24097 8143    0  -15
B 24107 8145    0   -4
B 24117 8146    0    5
B 24127 8146    0   12
B 24137 8147    0   17
B 24147 8147    0   21
B 24157 8147    0   24
B 24167 8147    0   26
B 24177 8147    0   26
B 24187 8149    0   26
B 24197 8149    0   29
B 24207 8149    0   29
B 24217 8150    0   29
B 24227 8150    0   29
B 24237 8149    0   29
B 24247 8150    0   29
B 24257 8150    0   29
B 24267 8149    0   29
B 24277 8150    0   29
B 24287 8150    0   28
B 24297 8150    0   28
B 24307 8150    0   28
B 24317 8150    0   27
B 24327 8150    0   25
B 24337 8150    0   23
B 24347 8150    0   21
B 24357 8152    0   19
B 24367 8150    0   17
B 24377 8150    0   15
B 24387 8152    0   14
B 24397 8152    0   12
B 24407 8150    0   11
B 24417 8149    0   10
B 24427 8152    0   10
B 24437 8150    0    9
B 24447 8187    0    8
B 24457 8150    0    8
B 24467 8152    0    8
B 24477 8152    0    8
B 24487 8152    0    8
B 24497 8152    0    8
B 24507 8153    0    8
B 24517 8187    0    8
B 24527 8190    0    8
B 24537 8188    0    8
B 24547 8187    0    8
B 24557 8187    0    8
B 24567 8153    0    8
B 24577 8186    0    8
SSS vs= 0.98  t=  193
%P VOLT1   = 8096
%P VOLT2   = 8328
%P S2_SC   =  0.98
%P L_ANG_MAX = 193
B 24588 8187   68    8
B 24598 8188   68    8
B 24608 8057   68    8
B 24618 8029   68    8
B 24629 8070   68    8
B 24639 7872   68    8
B 24650 7787   68    8
B 24660 7766   68    8
B 24670 7822   68   15
B 24680 7771   68   23
B 24690 7759   68   31
B 24700 7583   68   39
B 24710 7593   68   47
B 24720 7602   68   55
B 24730 7713   29   64
B 24740 7751   29   73
B 24750 7754   29   82
*** adj PULL_V2->64 
*** dt = 72 , A = 92 , rpm = 298 
B 24760 7754   62   92
B 24770 7771   62  102
B 24780 7805   62  112
B 24790 7766   62  122
B 24800 7797   62  132
B 24810 7801   62  142
B 24820 7912   62  151
B 24830 7840   62  162
pull out 163
B 24840 7831  -97  172
B 24850 7897  -97  184
B 24860 7775  -97  195
B 24870 7747  -97  204
B 24880 7740  -97  214
B 24890 7748  -97  224
B 24900 7784  -97  232
B 24910 7572  -97  238
B 24920 7644  -97  241
B 24930 7578  -97  241
B 24940 7708  -97  241
*** amax = 241  vhit = 76
B 24950 7621  -74  230
B 24960 7661  -74  217
B 24970 7336  -74  202
B 24980 7337  -74  185
B 24990 7360  -74  168
B 25000 7518  -74  150
B 25010 7743  -74  132
B 25020 7750  -74  114
B 25030 7865  -74   94
B 25040 7943  -74   73
B 25050 7946  -74   52
B 25060 7949  -74   30
B 25070 7947  -74    8
B 25080 7949  -74   -9
push -10 -10
push out at target
B 25090 7946   78  -18
B 25100 7925   78  -30
B 25110 7863   78  -42
B 25120 7886   78  -54
B 25130 7875   78  -67
B 25140 7897   78  -78
B 25150 7522   78  -90
B 25160 7689   78 -103
B 25170 7663   78 -113
B 25180 7836   71 -118
B 25190 7890   30 -118
B 25200 7929    9 -118
B 25210 7710    9 -118
B 25220 7592    9 -112
B 25230 7601    9 -103
B 25240 7997    9  -97
B 25250 8038    9  -88
B 25260 8037    9  -80
B 25270 8109    9  -72
B 25280 8147    9  -65
pb end 
B 25290 8146    0  -58
B 25300 8147    0  -51
B 25310 8147    0  -44
B 25320 8147    0  -39
B 25330 8149    0  -34
B 25340 8149    0  -28
B 25350 8149    0  -26
B 25360 8149    0  -26
B 25370 8150    0  -26
B 25380 8149    0  -26
B 25390 8150    0  -23
B 25400 8149    0  -22
B 25410 8152    0  -22
B 25420 8152    0  -20
B 25430 8150    0  -20
B 25440 8150    0  -19
B 25450 8150    0  -18
B 25460 8152    0  -15
B 25470 8150    0  -14
B 25480 8150    0  -12
B 25490 8152    0  -10
B 25500 8152    0   -8
B 25510 8150    0   -6
B 25520 8150    0   -4
B 25530 8150    0   -3
B 25540 8153    0   -2
B 25550 8152    0   -1
B 25560 8150    0   -1
B 25570 8150    0   -1
B 25580 8150    0   -1
B 25590 8150    0   -1
B 25600 8150    0   -1
B 25610 8152    0   -1
B 25620 8150    0   -1
B 25630 8152    0   -1
B 25640 8155    0   -1
B 25650 8150    0   -1
B 25660 8152    0   -1
B 25670 8152    0   -1
B 25680 8152    0   -1
B 25690 8152    0   -1
B 25700 8152    0   -1
B 25710 8150    0   -1
B 25720 8152    0   -1
B 25730 8152    0   -1
B 25740 8152    0   -1
B 25750 8153    0   -1
B 25760 8152    0   -1
B 25770 8152    0   -1
B 25780 8153    0   -1
B 25790 8152    0   -1
SSS vs= 0.98  t=  198
%P VOLT1   = 8037
%P VOLT2   = 8328
%P S2_SC   =  0.98
%P L_ANG_MAX = 198
B 25800 8152   68   -1
B 25810 8153   68   -1
B 25820 8153   68   -1
B 25830 8076   68   -1
B 25840 8038   68   -1
B 25850 8075   68   -1
B 25860 8088   68   -1
B 25870 7774   68   -1
B 25880 7902   68   -1
B 25890 7883   68    1
B 25900 7896   68    5
B 25910 7907   68   11
B 25920 7903   68   19
B 25930 7875   68   28
B 25940 7717   68   37
B 25950 7736   68   46
B 25960 7644   68   54
B 25970 7688   59   62
B 25980 7685   29   70
B 25990 7793   29   79
B 26000 7825   29   89
*** adj PULL_V2->58 
*** dt = 67 , A = 96 , rpm = 315 
B 26010 7855   56   98
B 26020 7850   56  108
B 26030 7871   56  117
B 26040 7864   56  126
B 26050 8001   56  134
B 26060 7902   56  143
B 26070 7903   56  151
pull out 156
B 26080 7902  -98  161
B 26090 7933  -98  170
B 26100 7930  -98  180
B 26110 7929  -98  190
B 26120 7800  -98  200
B 26130 7794  -98  207
B 26140 7858  -98  216
B 26150 7420  -98  224
B 26160 7438  -98  230
B 26170 7628  -98  235
B 26180 7843  -98  238
B 26190 7831  -98  238
B 26200 7902  -98  238
*** amax = 238  vhit = 80
B 26210 7630  -78  234
B 26220 7644  -78  223
B 26230 7477  -78  210
B 26240 7414  -78  195
B 26250 7418  -78  181
B 26260 7455  -78  164
B 26270 7741  -78  147
B 26280 7742  -78  130
B 26290 7815  -78  112
B 26300 7885  -78   93
B 26310 7890  -78   74
B 26320 7897  -78   54
B 26330 7899  -78   32
B 26340 7900  -78   13
B 26350 7903  -78   -6
push -10 -10
push out at target
B 26360 7941   78  -14
B 26370 7940   78  -24
B 26380 7941   78  -34
B 26390 7894   78  -46
B 26400 7899   78  -58
B 26410 7805   78  -70
B 26420 7598   78  -82
B 26430 7606   78  -92
B 26440 7786   71 -104
B 26450 7965   78 -114
B 26460 7968   71 -120
B 26470 7968   38 -122
B 26480 7731    6 -122
B 26490 7735    9 -122
B 26500 7607    9 -120
B 26510 7966    9 -113
B 26520 7970    9 -108
B 26530 7935    9 -100
B 26540 8149    9  -94
B 26550 8149    9  -86
B 26560 8114    9  -80
B 26570 8149    9  -74
pb end 
B 26580 8147    0  -67
B 26590 8150    0  -62
B 26600 8149    0  -56
B 26610 8149    0  -50
B 26620 8150    0  -46
B 26630 8152    0  -40
B 26640 8150    0  -35
B 26650 8150    0  -31
B 26660 8152    0  -27
B 26670 8152    0  -23
B 26680 8152    0  -20
B 26690 8152    0  -17
B 26700 8153    0  -14
B 26710 8150    0  -11
B 26720 8152    0   -8
B 26730 8153    0   -6
B 26740 8152    0   -4
B 26750 8153    0   -2
B 26760 8153    0    0
B 26770 8152    0    1
B 26780 8153    0    2
B 26790 8152    0    2
B 26800 8152    0    2
B 26810 8152    0    2
B 26820 8153    0    2
B 26830 8153    0    2
B 26840 8152    0    2
B 26850 8153    0    2
B 26860 8152    0    2
B 26870 8153    0    2
B 26880 8153    0    2
B 26890 8153    0    2
B 26900 8152    0    2
B 26910 8153    0    2
B 26920 8152    0    2
B 26930 8155    0    2
B 26940 8153    0    2
B 26950 8153    0    2
B 26960 8152    0    2
B 26970 8153    0    2
B 26980 8155    0    2
B 26990 8153    0    2
B 27000 8153    0    2
B 27010 8153    0    2
B 27020 8153    0    2
B 27030 8153    0    2
B 27040 8153    0    2
B 27050 8153    0    2
B 27060 8153    0    2
B 27070 8153    0    2
SSS vs= 0.98  t=  203
%P VOLT1   = 8037
%P VOLT2   = 8328
%P S2_SC   =  0.98
%P L_ANG_MAX = 203
B 27080 8155   68    2
B 27090 8153   68    2
B 27100 8153   68    2
B 27110 8073   68    2
B 27120 8047   68    2
B 27130 8052   68    2
B 27140 7778   68    2
B 27150 7788   68    2
B 27160 7819   68    2
B 27170 7940   68    2
B 27180 7917   68    9
B 27190 7907   68   17
B 27200 7809   68   26
B 27210 7823   68   34
B 27220 7732   68   42
B 27230 7640   68   50
B 27240 7645   68   58
B 27250 7754   56   65
B 27260 7858   35   73
B 27270 7859   29   81
B 27280 7825   29   89
B 27290 7818   29   98
*** adj PULL_V2->69 
*** dt = 84 , A = 98 , rpm = 281 
B 27300 7833   67  106
B 27310 7805   67  114
B 27320 8012   67  122
B 27330 7984   67  130
B 27340 8014   67  136
B 27350 8011   67  144
B 27360 8009   67  151
B 27370 7868   67  159
pull out 163
B 27380 7900  -98  168
B 27390 7898  -98  178
B 27400 7880  -98  188
B 27410 7784  -98  194
B 27420 7795  -98  203
B 27430 7804  -98  211
B 27440 7666  -98  217
B 27450 7672  -98  222
B 27460 7815  -98  225
*** amax = 226  vhit = 89
B 27470 7960  -87  225
B 27480 7960  -87  225
B 27490 7926  -87  225
B 27500 7466  -87  216
B 27510 7466  -87  205
B 27520 7429  -87  192
B 27530 7429  -87  178
B 27540 7430  -87  163
B 27550 7464  -87  148
B 27560 7679  -87  131
B 27570 7682  -87  114
B 27580 7752  -87   94
B 27590 7789  -87   74
B 27600 7789  -87   54
B 27610 7789  -87   32
B 27620 7789  -87   10
B 27630 7792  -87   -8
push -10 -10
push out at target
B 27640 7826   78  -16
B 27650 7875   78  -27
B 27660 7882   78  -38
B 27670 7889   78  -50
B 27680 7541   78  -59
B 27690 7541   78  -70
B 27700 7723   78  -80
B 27710 7936   78  -90
B 27720 7934   71  -97
B 27730 7971   47 -100
B 27740 7874   14 -100
B 27750 7878    9 -100
B 27760 7640    9 -100
B 27770 7893    9  -95
B 27780 7896    9  -87
B 27790 7937    9  -80
B 27800 8079    9  -74
B 27810 8078    9  -65
B 27820 8114    9  -57
B 27830 8152    9  -49
pb end 
B 27840 8150    0  -41
B 27850 8150    0  -32
B 27860 8152    0  -24
B 27870 8152    0  -16
B 27880 8152    0   -9
B 27890 8155    0   -2
B 27900 8152    0    5
B 27910 8153    0   10
B 27920 8152    0   13
B 27930 8153    0   15
B 27940 8153    0   17
B 27950 8153    0   17
B 27960 8153    0   17
B 27970 8153    0   17
B 27980 8152    0   17
B 27990 8153    0   17
B 28000 8153    0   17
B 28010 8153    0   17
B 28020 8153    0   17
B 28030 8153    0   16
B 28040 8155    0   16
B 28050 8153    0   14
B 28060 8155    0   12
B 28070 8153    0   10
B 28080 8153    0    9
B 28090 8155    0    8
B 28100 8155    0    7
B 28110 8153    0    6
B 28120 8156    0    6
B 28130 8156    0    6
B 28140 8153    0    6
B 28150 8155    0    6
B 28160 8153    0    6
B 28170 8153    0    6
B 28180 8155    0    6
B 28190 8153    0    6
B 28200 8153    0    6
B 28210 8155    0    6
B 28220 8155    0    6
B 28230 8155    0    6
B 28240 8155    0    6
B 28250 8153    0    6
B 28260 8156    0    6
B 28270 8155    0    6
B 28280 8155    0    6
B 28290 8155    0    6
B 28300 8153    0    6
B 28310 8155    0    6
B 28320 8155    0    6
B 28330 8153    0    6
B 28340 8149    0    6
SSS vs= 0.98  t=  208
%P VOLT1   = 8037
%P VOLT2   = 8332
%P S2_SC   =  0.98
%P L_ANG_MAX = 208
B 28350 8156   68    6
B 28360 8156   68    6
B 28370 8082   68    6
B 28380 8059   68    6
B 28390 8059   68    6
B 28400 7750   68    6
B 28410 7747   68    6
B 28420 7803   68    6
B 28430 7898   68    8
B 28440 7898   68   14
B 28450 7841   68   20
B 28460 7817   68   28
B 28470 7828   68   35
B 28480 7799   68   42
B 28490 7736   68   49
B 28500 7738   68   55
B 28510 7778   64   62
B 28520 7813   51   69
B 28531 7815   34   76
B 28541 7815   29   84
B 28551 7833   29   91
B 28561 7843   29   98
*** adj PULL_V2->86 
*** dt = 115 , A = 100 , rpm = 232 
B 28571 7810   84  105
B 28581 8024   84  111
B 28591 8026   84  116
B 28601 8033   84  122
B 28611 8012   84  127
B 28621 8009   84  132
B 28631 8048   84  138
B 28641 7730   84  145
B 28651 7733   84  152
B 28661 7806   84  162
B 28671 7670   84  171
pull out 180
B 28681 7673  -98  181
B 28691 7604  -98  191
B 28701 7606  -98  201
B 28711 7600  -98  210
B 28721 7601  -98  219
B 28731 7714  -98  227
B 28741 7720  -98  236
B 28751 7505  -98  242
B 28761 7761  -98  249
B 28771 7762  -98  254
B 28781 7871  -98  255
*** amax = 255  vhit = 77
B 28791 7977  -75  255
B 28801 7975  -75  254
B 28811 7868  -75  252
B 28821 7481  -75  242
B 28831 7481  -75  230
B 28841 7446  -75  218
B 28851 7626  -75  205
B 28861 7625  -75  190
B 28871 7625  -75  176
B 28881 7803  -75  160
B 28891 7806  -75  144
B 28901 7878  -75  128
B 28911 7914  -75  110
B 28921 7917  -75   93
B 28931 7918  -75   74
B 28941 7882  -75   56
B 28951 7881  -75   36
B 28961 7884  -75   16
B 28971 7952  -75   -3
push -10 -10
push out at target
B 28981 7952   78  -12
B 28991 7952   78  -20
B 29001 7922   78  -31
B 29011 7924   78  -40
B 29021 7968   78  -50
B 29031 7548   78  -60
B 29041 7552   78  -68
B 29051 7769   78  -78
B 29061 7948   71  -86
B 29072 7951   54  -92
B 29082 7985   34  -94
B 29092 7884    6  -94
B 29102 7892    9  -94
B 29112 7685    9  -94
B 29122 7973    9  -89
B 29132 7973    9  -85
B 29142 8009    9  -78
B 29152 8116    9  -72
B 29162 8116    9  -66
B 29172 8116    9  -60
B 29182 8118    9  -55
pb end 
B 29192 8116    0  -50
B 29202 8152    0  -45
B 29212 8155    0  -40
B 29222 8152    0  -35
B 29232 8153    0  -31
B 29242 8155    0  -26
B 29252 8153    0  -22
B 29262 8155    0  -18
B 29272 8155    0  -13
B 29282 8153    0   -9
B 29292 8153    0   -5
B 29302 8155    0   -2
B 29312 8155    0    2
B 29322 8155    0    4
B 29332 8155    0    5
B 29342 8155    0    6
B 29352 8155    0    7
B 29362 8155    0    7
B 29372 8155    0    7
B 29382 8155    0    6
B 29392 8153    0    7
B 29402 8155    0    7
B 29412 8157    0    6
B 29422 8155    0    6
B 29432 8155    0    7
B 29442 8156    0    7
B 29452 8155    0    6
B 29462 8155    0    6
B 29472 8155    0    6
B 29482 8155    0    6
B 29492 8156    0    6
B 29502 8155    0    4
B 29512 8155    0    4
B 29522 8156    0    4
B 29532 8155    0    4
B 29542 8155    0    4
B 29552 8156    0    4
B 29562 8156    0    4
B 29572 8155    0    4
B 29582 8156    0    4
B 29592 8155    0    4
B 29602 8155    0    4
B 29612 8155    0    4
B 29622 8155    0    4
B 29632 8156    0    4
B 29642 8155    0    4
B 29652 8155    0    4
B 29662 8156    0    4
B 29672 8155    0    4
B 29682 8156    0    4
SSS vs= 0.98  t=  213
%P VOLT1   = 8037
%P VOLT2   = 8335
%P S2_SC   =  0.98
%P L_ANG_MAX = 213
B 29692 8156    0    4
B 29702 8156   68    4
B 29712 8152   68    4
B 29722 8082   68    4
B 29733 8068   68    4
B 29743 8071   68    4
B 29753 7760   68    4
B 29765 7833   68    4
B 29776 7829   68    4
B 29786 7968   68    6
B 29796 7930   68   12
B 29807 7932   68   20
B 29817 7796   68   28
B 29827 7771   68   36
B 29838 7775   68   43
B 29848 7674   68   51
B 29858 7783   68   58
B 29868 7788   62   64
B 29878 7823   50   72
B 29889 7829   38   78
B 29900 7834   29   86
B 29910 7838   29   94
B 29920 7811   29  100
*** adj PULL_V2->86 
*** dt = 117 , A = 104 , rpm = 231 
B 29930 7991   84  106
B 29940 7993   84  112
B 29950 7977   84  118
B 29960 8023   84  123
B 29970 8021   84  128
B 29980 8059   84  134
B 29990 7709   84  140
B 30000 7711   84  148
B 30010 7783   84  157
B 30020 7682   84  166
B 30030 7679   84  176
B 30040 7614   84  185
pull out 188
B 30050 7615  -98  195
B 30060 7615  -98  205
B 30070 7652  -98  215
B 30080 7714  -98  226
B 30090 7715  -98  234
B 30100 7721  -98  242
B 30110 7442  -98  252
B 30120 7444  -98  260
B 30130 7623  -98  266
B 30140 7909  -98  271
B 30150 7909  -98  273
B 30160 7945  -98  273
B 30170 7803  -98  273
*** amax = 273  vhit = 75
B 30180 7805  -73  269
B 30190 7555  -73  259
B 30200 7447  -73  247
B 30210 7451  -73  234
B 30220 7453  -73  222
B 30230 7524  -73  209
B 30240 7525  -73  195
B 30250 7738  -73  180
B 30260 7847  -73  164
B 30270 7848  -73  147
B 30280 7885  -73  129
B 30290 7885  -73  112
B 30300 7888  -73   94
B 30310 7885  -73   76
B 30320 7921  -73   57
B 30330 7921  -73   38
B 30340 7956  -73   18
B 30350 7955  -73   -3
push -10 -10
push out at target
B 30360 7956   78  -12
B 30370 7954   78  -21
B 30380 7945   78  -31
B 30390 7926   78  -42
B 30400 7965   78  -52
B 30410 7832   78  -63
B 30420 7834   78  -75
B 30430 7698   78  -83
B 30440 7914   54  -94
B 30450 7915   78 -102
B 30460 7991   54 -107
B 30470 7921   30 -109
B 30480 7924    6 -109
B 30490 7710    9 -109
B 30500 7783    9 -109
B 30510 7790    9 -104
B 30520 7865    9  -97
B 30530 8046    9  -90
B 30540 8046    9  -86
B 30550 8116    9  -79
B 30560 8119    9  -72
B 30570 8118    9  -66
pb end 
B 30580 8118    0  -60
B 30590 8150    0  -55
B 30600 8152    0  -50
B 30610 8153    0  -46
B 30620 8153    0  -41
B 30630 8153    0  -37
B 30640 8155    0  -32
B 30650 8155    0  -28
B 30660 8155    0  -23
B 30670 8155    0  -19
B 30680 8155    0  -14
B 30690 8155    0  -10
B 30700 8155    0   -5
B 30710 8155    0   -1
B 30720 8155    0    2
B 30730 8156    0    6
B 30740 8155    0    8
B 30750 8156    0   10
B 30760 8155    0   10
B 30770 8155    0   11
B 30780 8156    0   11
B 30790 8156    0   10
B 30800 8157    0   10
B 30810 8156    0   10
B 30820 8156    0   10
B 30830 8155    0   10
B 30840 8156    0   10
B 30850 8156    0   10
B 30860 8156    0   10
B 30870 8156    0   10
B 30880 8155    0    8
B 30890 8155    0    6
B 30900 8155    0    5
B 30910 8155    0    4
B 30920 8153    0    3
B 30930 8156    0    3
B 30940 8156    0    3
B 30950 8156    0    3
B 30960 8156    0    3
B 30970 8156    0    3
B 30980 8156    0    3
B 30990 8156    0    3
B 31000 8157    0    3
B 31010 8156    0    3
B 31020 8156    0    3
B 31030 8156    0    3
B 31040 8156    0    3
B 31050 8157    0    3
B 31060 8156    0    3
B 31070 8157    0    3
SSS vs= 0.98  t=  218
%P VOLT1   = 8037
%P VOLT2   = 8335
%P S2_SC   =  0.98
%P L_ANG_MAX = 218
B 31080 8156    0    4
B 31090 8156   68    4
B 31100 8133   68    4
B 31110 8086   68    4
B 31120 8075   68    4
B 31130 8079   68    4
B 31140 8086   68    4
B 31150 7806   68    4
B 31160 7946   68    4
B 31170 7940   68    4
B 31180 7937   68   10
B 31190 7868   68   16
B 31200 7878   68   23
B 31210 7882   68   30
B 31220 7711   68   38
B 31230 7714   68   44
B 31240 7718   68   50
B 31250 7826   68   57
B 31260 7824   66   63
B 31270 7829   56   70
B 31280 7830   48   76
B 31290 7832   38   82
B 31301 7802   29   89
B 31311 7805   29   95
B 31321 7811   29  102
*** adj PULL_V2->91 
*** dt = 120 , A = 106 , rpm = 215 
B 31331 7851   89  107
B 31341 7959   89  113
B 31351 7958   89  118
B 31361 8032   89  123
B 31371 8025   89  128
B 31381 8028   89  134
B 31391 8033   89  140
B 31401 7717   89  147
B 31411 7721   89  155
B 31421 7756   89  164
B 31431 7581   89  174
B 31441 7582   89  182
pull out 191
B 31451 7547  -98  193
B 31461 7584  -98  202
B 31471 7584  -98  212
B 31481 7614  -98  222
B 31491 7684  -98  233
B 31501 7690  -98  240
B 31511 7657  -98  250
B 31521 7552  -98  258
B 31531 7555  -98  265
B 31541 7735  -98  270
B 31551 7913  -98  273
B 31561 7913  -98  273
B 31571 7983  -98  273
*** amax = 273  vhit = 75
B 31581 7666  -73  271
B 31591 7663  -73  262
B 31601 7488  -73  250
B 31611 7489  -73  238
B 31621 7489  -73  225
B 31631 7456  -73  213
B 31641 7741  -73  198
B 31651 7741  -73  183
B 31662 7779  -73  167
B 31672 7885  -73  150
B 31682 7887  -73  134
B 31692 7888  -73  115
B 31702 7888  -73   98
B 31712 7888  -73   79
B 31722 7888  -73   60
B 31732 7958  -73   42
B 31742 7956  -73   21
B 31752 7961  -73    2
push -10 -10
push out at target
B 31762 7958   78  -10
B 31772 7956   78  -19
B 31782 7955   78  -29
B 31792 7931   78  -39
B 31802 7933   78  -50
B 31812 7940   78  -62
B 31822 7589   78  -72
B 31832 7592   78  -80
B 31842 7773   54  -92
B 31852 7918   78 -102
B 31863 7917   71 -107
B 31873 7983   26 -109
B 31883 7855    6 -109
B 31893 7861    9 -109
B 31903 7583    9 -109
B 31913 7975    9 -103
B 31923 7975    9  -99
B 31933 8116    9  -93
B 31943 8118    9  -87
B 31953 8116    9  -81
B 31963 8118    9  -75
B 31973 8116    9  -70
pb end 
B 31983 8119    0  -66
B 31993 8118    0  -62
B 32003 8118    0  -58
B 32013 8119    0  -54
B 32023 8120    0  -51
B 32033 8155    0  -48
B 32043 8155    0  -46
B 32053 8155    0  -42
B 32063 8155    0  -40
B 32073 8156    0  -38
B 32083 8156    0  -35
B 32093 8155    0  -32
B 32103 8153    0  -30
B 32113 8155    0  -28
B 32123 8156    0  -26
B 32133 8156    0  -23
B 32143 8155    0  -20
B 32153 8156    0  -18
B 32163 8156    0  -16
B 32173 8156    0  -14
B 32183 8156    0  -12
B 32193 8156    0  -10
B 32203 8155    0   -8
B 32213 8156    0   -6
B 32223 8156    0   -5
B 32233 8156    0   -4
B 32243 8156    0   -4
B 32253 8156    0   -3
B 32263 8191    0   -3
B 32273 8157    0   -3
B 32283 8157    0   -3
B 32293 8155    0   -3
B 32303 8156    0   -3
B 32313 8156    0   -3
B 32323 8156    0   -3
B 32333 8156    0   -3
B 32343 8156    0   -3
B 32353 8156    0   -3
B 32363 8191    0   -3
B 32373 8191    0   -3
B 32383 8157    0   -3
B 32393 8156    0   -3
B 32403 8156    0   -3
B 32413 8157    0   -3
B 32423 8156    0   -3
B 32433 8156    0   -3
B 32443 8157    0   -3
B 32453 8156    0   -3
B 32463 8156    0   -3
B 32473 8156    0   -3
SSS vs= 0.98  t=  223
%P VOLT1   = 8037
%P VOLT2   = 8335
%P S2_SC   =  0.98
%P L_ANG_MAX = 223
B 32483 8157   68   -3
B 32493 8156   68   -3
B 32503 8146   68   -3
B 32513 8091   68   -3
B 32523 8079   68   -3
B 32533 8082   68   -3
B 32543 7768   68   -3
B 32553 7775   68   -3
B 32563 7886   68   -3
B 32573 7998   68   -2
B 32583 7996   68    0
B 32593 7994   68    6
B 32603 7947   68   13
B 32613 7944   68   21
B 32623 7843   68   30
B 32633 7707   68   38
B 32645 7679   68   46
B 32655 7682   68   54
B 32665 7791   68   60
B 32675 7827   61   67
B 32686 7830   52   75
B 32696 7833   42   82
B 32706 7840   34   90
B 32716 7844   29   96
B 32726 7846   29  102
B 32736 7885   29  108
*** adj PULL_V2->97 
*** dt = 120 , A = 112 , rpm = 198 
B 32746 7891   95  114
B 32756 8033   95  119
B 32766 7996   95  124
B 32776 7978   95  129
B 32786 8026   95  134
B 32796 8025   95  139
B 32806 8031   95  145
B 32816 7645   95  152
B 32826 7754   95  160
B 32836 7758   95  168
B 32846 7653   95  177
B 32856 7547   95  186
pull out 193
B 32866 7550  -98  196
B 32876 7550  -98  206
B 32886 7579  -98  215
B 32896 7581  -98  224
B 32906 7655  -98  230
B 32916 7694  -98  238
B 32926 7696  -98  246
B 32936 7734  -98  252
B 32946 7843  -98  257
B 32956 7843  -98  258
B 32966 7985  -98  258
B 32976 7914  -98  258
*** amax = 258  vhit = 83
B 32986 7917  -81  255
B 32996 7487  -81  246
B 33006 7453  -81  234
B 33016 7456  -81  222
B 33026 7456  -81  210
B 33036 7492  -81  197
B 33046 7492  -81  182
B 33056 7743  -81  166
B 33066 7816  -81  151
B 33076 7816  -81  135
B 33086 7851  -81  118
B 33096 7852  -81  101
B 33106 7852  -81   82
B 33116 7851  -81   64
B 33126 7850  -81   44
B 33136 7851  -81   24
B 33146 7848  -81    3
B 33156 7885  -81   -9
push -10 -10
push out at target
B 33166 7884   78  -18
B 33176 7920   78  -27
B 33186 7920   78  -38
B 33196 7896   78  -50
B 33206 7861   78  -62
B 33216 7727   78  -75
B 33226 7731   78  -86
B 33236 7735   78  -98
B 33246 7879   78 -109
B 33256 7878   78 -118
B 33266 7986   63 -123
B 33276 7988   30 -124
B 33286 7988    0 -125
B 33297 7640    0 -124
B 33307 7579    9 -122
B 33317 7583    9 -114
B 33327 7762    9 -106
B 33337 8047    9  -99
B 33347 8047    9  -91
B 33357 8118    9  -84
B 33367 8118    9  -76
B 33377 8118    9  -70
B 33387 8118    9  -63
pb end 
B 33397 8118    0  -58
B 33407 8119    0  -52
B 33417 8119    0  -48
B 33427 8155    0  -43
B 33437 8156    0  -39
B 33447 8119    0  -34
B 33457 8120    0  -30
B 33467 8120    0  -26
B 33477 8155    0  -22
B 33487 8156    0  -18
B 33497 8156    0  -15
B 33507 8155    0  -11
B 33517 8156    0   -8
B 33527 8156    0   -5
B 33537 8156    0   -2
B 33547 8156    0   -1
B 33557 8156    0    1
B 33567 8156    0    2
B 33577 8156    0    4
B 33587 8157    0    4
B 33597 8157    0    4
B 33607 8156    0    4
B 33617 8157    0    4
B 33627 8156    0    4
B 33637 8156    0    4
B 33647 8156    0    4
B 33657 8157    0    4
B 33667 8156    0    4
B 33677 8153    0    4
B 33687 8156    0    4
B 33697 8156    0    4
B 33707 8157    0    4
B 33717 8157    0    4
B 33727 8156    0    4
B 33737 8157    0    4
B 33747 8156    0    4
B 33757 8157    0    4
B 33767 8157    0    4
B 33777 8157    0    4
B 33787 8156    0    4
B 33797 8157    0    4
B 33807 8156    0    4
B 33817 8156    0    4
B 33827 8157    0    4
B 33837 8156    0    4
B 33847 8157    0    4
B 33857 8156    0    4
B 33867 8157    0    4
B 33877 8157    0    4
B 33887 8156    0    4
SSS vs= 0.98  t=  228
%P VOLT1   = 8037
%P VOLT2   = 8335
%P S2_SC   =  0.98
%P L_ANG_MAX = 228
B 33898 8157   68    4
B 33909 8157   68    4
B 33921 8157   68    4
B 33931 8105   68    4
B 33941 8082   68    4
B 33951 8080   68    4
B 33961 8085   68    4
B 33971 7802   68    4
B 33981 7872   68    4
B 33991 7876   68    4
B 34001 7987   68    9
B 34011 7992   68   15
B 34022 7998   68   22
B 34032 7824   68   30
B 34042 7720   68   36
B 34053 7723   68   42
B 34063 7721   68   49
B 34073 7761   68   54
B 34083 7761   68   61
B 34094 7799   62   66
B 34104 7870   55   73
B 34115 7800   50   79
B 34125 7802   43   85
B 34135 7806   37   91
B 34146 7846   31   98
B 34156 7847   29  104
B 34166 7885   29  110
B 34176 7993   29  114
*** adj PULL_V2->108 
*** dt = 120 , A = 115 , rpm = 165 
B 34186 7995  105  120
B 34196 7996  105  124
B 34206 8032  105  129
B 34216 8016  105  133
B 34226 8035  105  136
B 34236 8033  105  141
B 34246 8036  105  146
B 34256 7791  105  151
B 34266 7721  105  158
B 34276 7723  105  166
B 34286 7688  105  174
B 34296 7511  105  182
pull out 184
B 34306 7512  -98  190
B 34316 7514  -98  200
B 34326 7581  -98  209
B 34336 7582  -98  217
B 34346 7622  -98  223
B 34356 7446  -98  230
B 34366 7448  -98  238
B 34376 7628  -98  242
B 34386 7913  -98  247
B 34396 7914  -98  248
B 34406 7950  -98  248
B 34416 7844  -98  248
*** amax = 248  vhit = 90
B 34426 7844  -88  246
B 34436 7632  -88  238
B 34446 7491  -88  226
B 34456 7489  -88  214
B 34466 7489  -88  202
B 34476 7525  -88  189
B 34486 7526  -88  174
B 34496 7598  -88  159
B 34506 7778  -88  144
B 34516 7780  -88  128
B 34526 7782  -88  111
B 34536 7783  -88   93
B 34546 7782  -88   75
B 34556 7780  -88   56
B 34566 7814  -88   36
B 34576 7816  -88   15
B 34586 7814  -88   -5
push -10 -10
push out at target
B 34596 7850   78  -15
B 34606 7848   78  -26
B 34616 7829   78  -37
B 34626 7867   78  -48
B 34636 7871   78  -60
B 34646 7805   78  -72
B 34656 7739   78  -82
B 34666 7742   78  -94
B 34676 7887   78 -104
B 34686 7961   71 -112
B 34696 7959   54 -116
B 34706 7961   22 -116
B 34716 7636    9 -116
B 34726 7646    9 -116
B 34736 7579    9 -111
B 34746 7688    9 -103
B 34756 7691    9  -97
B 34766 8047    9  -90
B 34776 8118    9  -82
B 34786 8118    9  -74
B 34796 8119    9  -67
B 34806 8120    9  -62
pb end 
B 34816 8119    0  -55
B 34826 8118    0  -50
B 34836 8119    0  -44
B 34846 8119    0  -38
B 34856 8119    0  -32
B 34866 8120    0  -27
B 34876 8120    0  -22
B 34886 8120    0  -15
B 34896 8119    0  -10
B 34906 8122    0   -5
B 34916 8156    0    0
B 34926 8120    0    4
B 34936 8120    0    7
B 34946 8156    0    9
B 34956 8156    0   11
B 34966 8156    0   12
B 34976 8157    0   12
B 34986 8156    0   12
B 34996 8156    0   12
B 35006 8156    0   12
B 35016 8157    0   12
B 35026 8156    0   12
B 35036 8156    0   12
B 35046 8156    0   12
B 35056 8157    0   12
B 35066 8156    0   11
B 35076 8157    0   11
B 35086 8159    0   10
B 35096 8155    0    8
B 35106 8157    0    6
B 35116 8156    0    6
B 35126 8157    0    5
B 35136 8157    0    4
B 35146 8157    0    4
B 35156 8157    0    4
B 35166 8156    0    4
B 35176 8156    0    4
B 35186 8157    0    4
B 35196 8157    0    4
B 35206 8157    0    4
B 35216 8157    0    4
B 35226 8157    0    4
B 35236 8156    0    4
B 35246 8157    0    4
B 35256 8157    0    4
B 35266 8159    0    4
B 35276 8157    0    4
B 35286 8156    0    4
B 35296 8157    0    4
B 35306 8156    0    4
SSS vs= 0.98  t=  233
%P VOLT1   = 8037
%P VOLT2   = 8335
%P S2_SC   =  0.98
%P L_ANG_MAX = 233
B 35316 8157   68    4
B 35326 8156   68    4
B 35336 8105   68    4
B 35346 8089   68    4
B 35356 8087   68    4
B 35366 8093   68    4
B 35376 7809   68    4
B 35386 7810   68    4
B 35396 7917   68    8
B 35406 7882   68   13
B 35416 7890   68   18
B 35426 7823   68   24
B 35436 7792   68   30
B 35446 7793   68   35
B 35456 7758   68   42
B 35466 7761   68   46
B 35476 7764   68   52
B 35486 7766   68   58
B 35496 7800   67   63
B 35506 7802   61   68
B 35516 7769   56   74
B 35526 7803   51   79
B 35536 7806   47   84
B 35546 7806   41   90
B 35556 7809   37   96
B 35567 7811   31  102
B 35577 7884   29  107
B 35587 7925   29  112
B 35597 7925   29  117
*** adj PULL_V2->108 
*** dt = 120 , A = 118 , rpm = 166 
B 35607 7999  105  121
B 35617 8033  105  125
B 35627 8032  105  128
B 35637 8059  105  131
B 35647 8037  105  135
B 35657 8033  105  138
B 35667 8039  105  142
B 35677 7614  105  147
B 35687 7616  105  154
B 35697 7687  105  161
B 35707 7618  105  168
B 35717 7620  105  176
pull out 178
B 35727 7480  -98  184
B 35737 7516  -98  193
B 35747 7515  -98  201
B 35757 7622  -98  209
B 35767 7657  -98  214
B 35777 7661  -98  222
B 35787 7521  -98  229
B 35797 7701  -98  233
B 35807 7702  -98  237
B 35817 7879  -98  238
B 35827 7988  -98  238
B 35837 7986  -98  238
*** amax = 238  vhit = 98
B 35847 7810  -96  235
B 35857 7598  -96  226
B 35867 7596  -96  214
B 35877 7491  -96  202
B 35887 7491  -96  189
B 35897 7491  -96  176
B 35907 7601  -96  162
B 35917 7710  -96  146
B 35927 7710  -96  130
B 35937 7783  -96  114
B 35947 7783  -96   97
B 35957 7780  -96   80
B 35967 7782  -96   61
B 35977 7782  -96   42
B 35987 7779  -96   22
B 35997 7816  -96    2
B 36007 7814  -96  -10
push -10 -10
push out at target
B 36017 7814   78  -19
B 36027 7850   78  -30
B 36037 7865   78  -42
B 36047 7867   78  -53
B 36057 7768   78  -65
B 36067 7734   78  -77
B 36077 7738   78  -86
B 36087 7847   78  -98
B 36097 7920   78 -109
B 36107 7921   78 -117
B 36117 7955   54 -120
B 36127 7887   14 -120
B 36137 7889    9 -120
B 36147 7613    9 -120
B 36157 7617    9 -114
B 36167 7619    9 -107
B 36177 8010    9 -102
B 36187 8084    9  -94
B 36197 8082    9  -86
B 36207 8119    9  -79
B 36217 8119    9  -74
pb end 
B 36227 8119    0  -68
B 36237 8119    0  -63
B 36247 8118    0  -58
B 36257 8122    0  -54
B 36267 8120    0  -50
B 36277 8120    0  -45
B 36287 8119    0  -40
B 36297 8122    0  -36
B 36307 8120    0  -32
B 36317 8120    0  -28
B 36327 8122    0  -24
B 36337 8122    0  -19
B 36347 8119    0  -15
B 36357 8122    0  -11
B 36367 8119    0   -7
B 36377 8122    0   -4
B 36387 8122    0   -1
B 36397 8120    0    2
B 36407 8122    0    3
B 36417 8156    0    5
B 36427 8157    0    6
B 36437 8157    0    6
B 36447 8120    0    6
B 36457 8157    0    6
B 36467 8157    0    6
B 36477 8157    0    6
B 36487 8157    0    6
B 36497 8157    0    6
B 36507 8157    0    6
B 36517 8159    0    6
B 36527 8159    0    6
B 36537 8157    0    6
B 36547 8157    0    6
B 36557 8157    0    6
B 36567 8157    0    6
B 36577 8157    0    5
B 36587 8157    0    4
B 36597 8156    0    3
B 36607 8157    0    2
B 36617 8157    0    2
B 36627 8156    0    2
B 36637 8157    0    2
B 36647 8157    0    2
B 36657 8157    0    2
B 36667 8156    0    2
B 36677 8155    0    2
B 36687 8157    0    2
B 36697 8156    0    2
B 36707 8157    0    2
B 36717 8157    0    2
SSS vs= 0.98  t=  238
%P VOLT1   = 8037
%P VOLT2   = 8339
%P S2_SC   =  0.98
%P L_ANG_MAX = 238
B 36727 8157   68    3
B 36737 8156   68    3
B 36747 8157   68    3
B 36757 8113   68    3
B 36767 8090   68    3
B 36777 8090   68    3
B 36787 8094   68    3
B 36797 8097   68    3
B 36807 7885   68    3
B 36817 7920   68    4
B 36827 7922   68    9
B 36837 7996   68   14
B 36847 7928   68   20
B 36857 7934   68   27
B 36867 7795   68   34
B 36877 7759   68   40
B 36887 7762   68   46
B 36897 7731   68   52
B 36907 7800   68   57
B 36918 7800   66   63
B 36928 7802   61   69
B 36938 7840   56   75
B 36948 7840   52   80
B 36958 7809   47   86
B 36968 7772   43   91
B 36978 7773   38   97
B 36988 7847   34  102
B 36998 7851   29  108
B 37008 7851   29  114
B 37018 7925   29  118
B 37028 7996   29  123
*** adj PULL_V2->113 
*** dt = 120 , A = 124 , rpm = 149 
B 37038 7997  110  128
B 37048 8033  110  132
B 37058 8059  110  135
B 37068 8040  110  139
B 37078 8037  110  143
B 37088 8039  110  147
B 37098 8042  110  153
B 37108 7691  110  159
B 37118 7727  110  166
B 37128 7727  110  174
B 37138 7587  110  182
B 37148 7515  110  190
pull out 190
B 37158 7515  -98  198
B 37168 7551  -98  206
B 37178 7589  -98  216
B 37188 7585  -98  225
B 37198 7656  -98  233
B 37208 7660  -98  240
B 37218 7664  -98  248
B 37228 7487  -98  255
B 37238 7700  -98  261
B 37248 7704  -98  265
B 37258 7917  -98  266
B 37268 7952  -98  266
B 37278 7951  -98  266
*** amax = 266  vhit = 86
B 37288 7810  -84  264
B 37298 7598  -84  254
B 37308 7599  -84  242
B 37318 7492  -84  230
B 37328 7492  -84  220
B 37338 7494  -84  206
B 37348 7566  -84  192
B 37358 7674  -84  177
B 37368 7678  -84  160
B 37378 7783  -84  144
B 37388 7817  -84  127
B 37398 7820  -84  110
B 37408 7820  -84   92
B 37418 7820  -84   74
B 37428 7819  -84   54
B 37438 7854  -84   34
B 37448 7852  -84   14
B 37458 7851  -84   -6
push -10 -10
push out at target
B 37468 7852   78  -15
B 37478 7888   78  -25
B 37488 7887   78  -36
B 37498 7901   78  -48
B 37508 7870   78  -60
B 37518 7873   78  -73
B 37528 7737   78  -86
B 37538 7702   78  -95
B 37548 7707   63 -108
B 37558 7885   78 -119
B 37568 7956   78 -125
B 37578 7956   38 -127
B 37588 7884    6 -127
B 37598 7674    9 -127
B 37608 7680    9 -127
B 37618 7578    9 -122
B 37628 7582    9 -112
B 37638 7585    9 -105
B 37648 7976    9  -98
B 37658 8084    9  -90
B 37668 8085    9  -82
B 37678 8119    9  -75
B 37688 8119    9  -68
pb end 
B 37698 8119    0  -63
B 37708 8119    0  -58
B 37718 8119    0  -52
B 37728 8122    0  -46
B 37738 8120    0  -42
B 37748 8120    0  -36
B 37758 8122    0  -31
B 37768 8157    0  -26
B 37778 8122    0  -21
B 37788 8122    0  -15
B 37798 8120    0  -10
B 37808 8119    0   -6
B 37818 8120    0   -2
B 37828 8122    0    2
B 37838 8122    0    4
B 37848 8120    0    6
B 37858 8120    0    8
B 37868 8120    0    9
B 37878 8120    0    9
B 37888 8120    0    9
B 37898 8122    0    9
B 37908 8120    0    9
B 37918 8122    0    9
B 37928 8120    0    9
B 37938 8120    0    9
B 37948 8122    0    9
B 37958 8157    0    9
B 37968 8157    0    8
B 37978 8120    0    8
B 37988 8122    0    8
B 37998 8122    0    7
B 38008 8120    0    6
B 38018 8157    0    5
B 38028 8157    0    5
B 38038 8122    0    4
B 38048 8157    0    4
B 38058 8157    0    4
B 38068 8157    0    4
B 38078 8157    0    4
B 38088 8157    0    4
B 38098 8156    0    4
B 38108 8157    0    4
B 38118 8157    0    4
B 38128 8157    0    4
B 38138 8157    0    4
B 38148 8156    0    4
B 38158 8156    0    4
B 38168 8157    0    4
B 38178 8157    0    4
B 38188 8157    0    4
SSS vs= 0.98  t=  243
%P VOLT1   = 8037
%P VOLT2   = 8342
%P S2_SC   =  0.98
%P L_ANG_MAX = 243
B 38198 8159   68    4
B 38208 8155   68    5
B 38218 8103   68    5
B 38228 8091   68    5
B 38238 8090   68    5
B 38248 8025   68    5
B 38258 7812   68    5
B 38268 7813   68    5
B 38278 7926   68    8
B 38288 7964   68   13
B 38298 7967   68   18
B 38308 7793   68   23
B 38318 7832   68   30
B 38328 7834   68   35
B 38338 7799   68   41
B 38348 7765   68   46
B 38358 7766   68   51
B 38368 7802   68   56
B 38378 7768   68   62
B 38388 7768   64   66
B 38398 7805   60   71
B 38408 7805   57   76
B 38418 7807   52   82
B 38428 7770   49   87
B 38438 7809   45   92
B 38448 7809   41   98
B 38458 7846   38  103
B 38468 7920   33  108
B 38478 7921   30  113
B 38488 7958   29  118
B 38498 7925   29  122
B 38508 7928   29  126
*** adj PULL_V2->119 
*** dt = 120 , A = 126 , rpm = 132 
B 38518 7999  116  129
B 38528 8034  116  132
B 38538 8016  116  135
B 38548 8042  116  138
B 38558 8039  116  142
B 38568 8042  116  146
B 38578 7619  116  151
B 38588 7690  116  157
B 38598 7691  116  164
B 38608 7656  116  171
B 38618 7588  116  179
B 38628 7589  116  186
pull out 188
B 38638 7519  -98  195
B 38648 7555  -98  203
B 38658 7557  -98  212
B 38668 7659  -98  220
B 38678 7657  -98  226
B 38688 7664  -98  234
B 38698 7666  -98  241
B 38708 7595  -98  246
B 38718 7598  -98  251
B 38728 7846  -98  254
B 38738 7918  -98  254
B 38748 7918  -98  254
B 38758 7918  -98  254
*** amax = 254  vhit = 95
B 38768 7741  -93  249
B 38778 7742  -93  239
B 38788 7492  -93  228
B 38798 7528  -93  217
B 38808 7529  -93  205
B 38818 7565  -93  192
B 38828 7637  -93  178
B 38838 7639  -93  162
B 38848 7783  -93  146
B 38858 7783  -93  130
B 38868 7782  -93  114
B 38878 7783  -93   97
B 38888 7783  -93   79
B 38898 7783  -93   60
B 38908 7819  -93   41
B 38918 7854  -93   21
B 38928 7852  -93    0
push -10 -10
push out at target
B 38938 7852   78  -11
B 38948 7852   78  -20
B 38958 7851   78  -30
B 38968 7870   78  -42
B 38978 7904   78  -54
B 38988 7907   78  -66
B 38998 7700   78  -78
B 39008 7632   78  -88
B 39018 7634   71 -101
B 39028 7848   78 -112
B 39038 7918   78 -122
B 39048 7920   71 -126
B 39058 7956   22 -127
B 39068 7811    0 -127
B 39078 7821    9 -127
B 39088 7654    9 -127
B 39098 7621    9 -120
B 39108 7621    9 -116
B 39118 8085    9 -110
B 39128 8084    9 -103
B 39138 8084    9  -98
B 39148 8085    9  -92
B 39158 8118    9  -87
pb end 
B 39168 8119    0  -83
B 39178 8119    0  -79
B 39188 8120    0  -76
B 39198 8118    0  -73
B 39208 8120    0  -70
B 39218 8122    0  -67
B 39228 8119    0  -65
B 39238 8120    0  -63
B 39248 8120    0  -60
B 39258 8120    0  -58
B 39268 8120    0  -56
B 39278 8120    0  -54
B 39288 8123    0  -52
B 39298 8122    0  -50
B 39308 8122    0  -48
B 39318 8122    0  -46
B 39328 8120    0  -45
B 39338 8122    0  -43
B 39348 8120    0  -42
B 39358 8122    0  -39
B 39368 8122    0  -38
B 39378 8120    0  -36
B 39388 8120    0  -35
B 39398 8120    0  -34
B 39408 8122    0  -32
B 39418 8120    0  -30
B 39428 8122    0  -29
B 39438 8120    0  -27
B 39448 8122    0  -26
B 39458 8122    0  -24
B 39468 8122    0  -22
B 39478 8122    0  -20
B 39488 8122    0  -18
B 39498 8122    0  -15
B 39508 8122    0  -13
B 39518 8122    0  -11
2_28_bew_13 test-1 volt=0.83 ang= 200.0 rpm= 386 340.9 374.6 394.4 
2_28_bew_13 test-2 volt=8.25 ang= 183.0 rpm= 374 322.0 361.2 375.0 
2_28_bew_13 test-3 volt=8.21 ang= 229.0 rpm= 391 355.0 382.6 395.4 
2_28_bew_13 test-4 volt=8.20 ang= 218.0 rpm= 398 358.8 389.3 409.2 
2_28_bew_13 test-5 volt=8.20 ang= 212.0 rpm= 391 352.5 382.8 404.5 
2_28_bew_13 test-6 volt=8.20 ang= 229.0 rpm= 384 353.3 375.8 390.4 
2_28_bew_13 test-7 volt=8.20 ang= 216.0 rpm= 398 354.6 389.3 401.5 
2_28_bew_13 test-8 volt=8.16 ang= 221.0 rpm= 396 352.9 385.3 405.1 
2_28_bew_13 test-9 volt=8.19 ang= 214.0 rpm= 390 351.8 381.5 392.0 
2_28_bew_13 test-10 volt=8.16 ang= 208.0 rpm= 384 345.8 377.9 400.0 
2_28_bew_13 test-11 volt=8.16 ang= 205.0 rpm= 381 343.1 371.3 392.1 
2_28_bew_13 test-12 volt=8.15 ang= 205.0 rpm= 385 343.3 374.2 392.1 
2_28_bew_13 test-13 volt=8.15 ang= 208.0 rpm= 385 345.3 376.1 391.3 
2_28_bew_13 test-14 volt=8.15 ang= 204.0 rpm= 384 341.7 375.0 397.6 
2_28_bew_13 test-15 volt=8.15 ang= 212.0 rpm= 388 347.4 377.5 401.7 
2_28_bew_13 test-16 volt=8.15 ang= 206.0 rpm= 385 340.9 371.9 389.8 
2_28_bew_13 test-17 volt=8.14 ang= 210.0 rpm= 385 344.1 375.0 392.9 
2_28_bew_13 test-18 volt=8.15 ang= 212.0 rpm= 391 343.3 378.9 396.2 
2_28_bew_13 test-19 volt=8.14 ang= 210.0 rpm= 378 342.1 367.5 383.7 
2_28_bew_13 test-20 volt=8.15 ang= 208.0 rpm= 380 339.0 371.9 390.5 
2_28_bew_13 test-21 volt=8.14 ang= 214.0 rpm= 382 342.2 371.7 386.9 
2_28_bew_13 test-22 volt=8.14 ang= 241.0 rpm= 364 334.9 356.4 365.5 
2_28_bew_13 test-23 volt=8.15 ang= 238.0 rpm= 346 315.6 331.4 339.7 
2_28_bew_13 test-24 volt=8.15 ang= 225.0 rpm= 358 320.5 348.8 365.9 
2_28_bew_13 test-25 volt=8.15 ang= 255.0 rpm= 326 300.6 317.3 331.0 
2_28_bew_13 test-26 volt=8.12 ang= 273.0 rpm= 328 306.9 318.2 329.6 
2_28_bew_13 test-27 volt=8.12 ang= 273.0 rpm= 325 306.1 319.4 325.9 
2_28_bew_13 test-28 volt=8.12 ang= 258.0 rpm= 334 302.4 325.1 338.3 
2_28_bew_13 test-29 volt=8.12 ang= 248.0 rpm= 335 300.6 323.4 340.9 
2_28_bew_13 test-30 volt=8.12 ang= 238.0 rpm= 328 295.0 314.0 328.3 
2_28_bew_13 test-31 volt=8.12 ang= 266.0 rpm= 335 304.9 323.0 333.3 
2_28_bew_13 test-32 volt=8.12 ang= 254.0 rpm= 331 297.7 319.1 331.8 