SSS vs= 0.97  t=  178
%P VOLT1   = 8096
%P VOLT2   = 8304
%P S2_SC   =  0.98
%P L_ANG_MAX = 178
B   0 817   68    4
B  10 8179   68    4
B  21 8085   68    4
B  31 8038   68    4
B  41 8043   68    4
B  51 8044   68    5
B  61 8024   68    5
B  71 7760   68    6
B  81 7776   68   13
B  91 7756   68   22
B 101 7641   68   30
B 111 7576   68   39
B 121 7590   68   48
B 131 7600   68   56
B 141 7647   29   66
B 151 7648   29   76
B 161 7770   29   86
*** dt = 46 , A = 92 , rpm = 332 
B 171 7805   29   97
B 181 7832   29  107
B 191 7812   29  117
B 201 8067   29  125
B 211 8069   29  134
pull out 134
B 221 8074  -97  142
B 231 8067  -97  151
B 241 7844  -97  158
B 251 7849  -97  165
B 261 7896  -97  172
B 271 7952  -97  177
B 281 7353  -97  181
B 291 7526  -97  183
B 301 7399  -97  183
B 311 7569  -97  183
*** amax = 183  vhit = 98
B 321 7569  -95  176
B 331 7571  -95  162
B 341 7294  -95  147
B 351 7224  -95  130
B 361 7288  -95  114
B 371 7333  -95   96
B 381 7601  -95   76
B 391 7610  -95   56
B 401 7675  -95   34
B 411 7710  -95   11
push -10 -10
push out at target
B 421 7719   78  -11
B 431 7757   78  -21
B 441 7688   78  -33
B 451 7622   78  -47
B 461 7650   78  -62
B 471 7596   78  -75
B 481 7648   78  -90
B 491 7402   78 -106
B 501 7689   78 -120
B 511 7577   78 -129
B 521 7615   63 -132
B 531 7584   14 -132
B 541 7667    9 -132
B 551 7602    9 -124
B 561 7495    9 -111
B 571 7527    9 -100
B 581 8040    9  -88
B 591 8121    9  -75
B 601 8124    9  -62
B 611 8127    9  -50
B 621 8129    9  -37
pb end 
B 631 8131   10  -25
B 641 8129   10  -14
B 651 8168   10   -4
B 661 8168   10    5
B 671 8168   10   11
B 681 8169   10   16
B 691 8169   10   19
B 701 8169   10   22
B 711 8170   10   23
B 721 8168   10   24
B 731 8170   10   26
B 741 8168   10   27
B 751 8169   10   27
B 761 8169   10   27
B 771 8169   10   27
B 781 8169   10   27
B 791 8169   10   27
B 801 8169   10   27
B 811 8170   10   27
B 821 8169   10   27
B 831 8170   10   27
SSS vs= 0.98  t=  193
%P VOLT1   = 8096
%P VOLT2   = 8283
%P S2_SC   =  0.98
%P L_ANG_MAX = 193
B 841 8169   68   27
B 851 8170   68   27
B 861 8169   68   27
B 871 8043   68   27
B 881 8005   68   27
B 891 7984   68   27
B 901 7949   68   27
B 911 7565   68   27
B 921 7618   68   32
B 931 7631   68   38
B 941 7626   68   45
B 951 7508   68   52
B 961 7521   68   59
B 971 7553   29   67
B 981 7655   29   76
B 991 7689   29   85
*** adj PULL_V2->30 
*** dt = 72 , A = 92 , rpm = 298 
B 1001 7762   29   95
B 1011 7790   29  104
B 1021 7804   29  113
B 1031 8025   29  120
B 1041 8029   29  128
B 1051 8031   29  135
B 1061 8069   29  144
pull out 151
B 1071 8067   29  151
B 1081 8070  -97  157
B 1091 8072  -97  164
B 1101 7916  -97  170
B 1111 7834  -97  174
B 1121 7894  -97  179
B 1131 7272  -97  184
B 1141 7320  -97  187
B 1151 7514  -97  188
B 1161 7728  -97  189
B 1171 7607  -97  189
*** amax = 189  vhit = 102
B 1181 7633  -99  187
B 1191 7465  -99  175
B 1201 7474  -99  160
B 1211 7357  -99  144
B 1221 7186  -99  127
B 1231 7246  -99  109
B 1241 7393  -99   90
B 1251 7617  -99   70
B 1261 7614  -99   48
B 1271 7678  -99   26
B 1281 7712  -99    3
push -10 -10
push out at target
B 1291 7720   78  -14
B 1301 7709   78  -25
B 1311 7668   78  -39
B 1321 7607   78  -53
B 1331 7679   78  -67
B 1341 7590   78  -81
B 1351 7635   78  -97
B 1361 7466   78 -112
B 1371 7657   78 -124
B 1381 7568   78 -129
B 1391 7590   30 -129
B 1401 7469    9 -129
B 1411 7634    9 -125
B 1421 7510    9 -112
B 1431 7504    9 -100
B 1441 7530    9  -88
B 1451 7968    9  -75
B 1461 8118    9  -61
B 1471 8121    9  -48
B 1481 8124    9  -34
B 1491 8127    9  -21
pb end 
B 1501 8127   10   -8
B 1511 8127   10    4
B 1521 8128   10   13
B 1531 8128   10   20
B 1541 8128   10   26
B 1551 8129   10   30
B 1561 8129   10   32
B 1571 8129   10   33
B 1581 8129   10   34
B 1591 8131   10   34
B 1601 8165   10   36
B 1611 8163   10   36
B 1621 8166   10   36
B 1631 8165   10   36
B 1641 8165   10   36
B 1651 8165   10   36
B 1661 8163   10   36
B 1671 8165   10   36
B 1681 8165   10   36
SSS vs= 0.98  t=  198
%P VOLT1   = 8096
%P VOLT2   = 8265
%P S2_SC   =  0.98
%P L_ANG_MAX = 198
B 1691 8165   68   36
B 1701 8129   68   36
B 1711 8065   68   36
B 1721 7983   68   36
B 1731 7994   68   35
B 1741 7965   68   35
B 1751 7608   68   36
B 1761 7621   68   36
B 1771 7618   68   37
B 1781 7604   68   44
B 1791 7525   68   50
B 1801 7545   68   58
B 1811 7514   49   65
B 1821 7584   29   73
B 1831 7578   29   82
B 1841 7690   29   91
*** adj PULL_V2->30 
*** dt = 74 , A = 96 , rpm = 298 
B 1851 7737   29  100
B 1861 7757   29  109
B 1871 7806   29  117
B 1881 8059   29  124
B 1891 8062   29  132
B 1901 8029   29  139
B 1911 8069   29  148
pull out 154
B 1921 8067  -98  154
B 1931 8070  -98  160
B 1941 8055  -98  167
B 1951 7852  -98  172
B 1961 7835  -98  176
B 1971 7877  -98  181
B 1981 7929  -98  185
B 1991 7402  -98  188
B 2001 7707  -98  188
B 2011 7610  -98  188
B 2021 7606  -98  188
*** amax = 188  vhit = 105
B 2031 7586 -102  183
B 2041 7572 -102  168
B 2051 7431 -102  153
B 2061 7179 -102  136
B 2071 7246 -102  120
B 2081 7294 -102  102
B 2091 7536 -102   81
B 2101 7540 -102   61
B 2111 7641 -102   40
B 2121 7709 -102   16
B 2131 7713 -102   -6
push -10 -10
push out at target
B 2141 7719   78  -18
B 2151 7695   78  -30
B 2161 7625   78  -44
B 2171 7654   78  -58
B 2181 7627   78  -72
B 2191 7676   78  -86
B 2201 7362   78 -100
B 2211 7694   78 -114
B 2221 7584   78 -124
B 2231 7618   71 -126
B 2241 7586    6 -127
B 2251 7684    0 -126
B 2261 7646    9 -118
B 2271 7496    9 -105
B 2281 7524    9  -96
B 2291 8001    9  -84
B 2301 8080    9  -71
B 2311 8083    9  -58
B 2321 8121    9  -46
B 2331 8122    9  -34
B 2341 8124    9  -23
pb end 
B 2351 8124   10  -12
B 2361 8125   10   -2
B 2371 8125   10    4
B 2381 8127   10   10
B 2391 8125   10   14
B 2401 8127   10   16
B 2411 8125   10   18
B 2421 8128   10   20
B 2431 8127   10   20
B 2441 8128   10   20
B 2451 8127   10   22
B 2461 8128   10   22
B 2471 8127   10   22
B 2481 8128   10   22
B 2491 8127   10   22
B 2501 8125   10   22
B 2511 8127   10   22
B 2521 8127   10   22
B 2531 8125   10   22
B 2541 8127   10   22
SSS vs= 0.98  t=  203
%P VOLT1   = 8037
%P VOLT2   = 8258
%P S2_SC   =  0.98
%P L_ANG_MAX = 203
B 2551 8127   68   22
B 2561 8129   68   22
B 2571 8128   68   22
B 2581 7999   68   22
B 2591 7967   68   22
B 2601 7947   68   22
B 2611 7914   68   22
B 2621 7601   68   22
B 2631 7655   68   28
B 2641 7651   68   35
B 2651 7608   68   42
B 2661 7537   68   48
B 2671 7557   68   55
B 2681 7488   59   63
B 2691 7623   35   72
B 2701 7649   29   80
B 2711 7704   29   89
B 2721 7739   29   98
*** adj PULL_V2->30 
*** dt = 74 , A = 101 , rpm = 298 
B 2731 7761   29  107
B 2741 7981   29  115
B 2751 8058   29  122
B 2761 8060   29  130
B 2771 8029   29  137
B 2781 8066   29  144
B 2791 8064   29  150
pull out 154
B 2801 8066  -98  156
B 2811 8066  -98  163
B 2821 8066  -98  168
B 2831 7886  -98  175
B 2841 7835  -98  178
B 2851 7864  -98  183
B 2861 7918  -98  187
B 2871 7568  -98  189
B 2881 7572  -98  191
B 2891 7629  -98  190
*** amax = 191  vhit = 106
B 2901 7652 -104  190
B 2911 7592 -104  184
B 2921 7575 -104  171
B 2931 7253 -104  156
B 2941 7316 -104  140
B 2951 7243 -104  121
B 2961 7365 -104  103
B 2971 7394 -104   84
B 2981 7542 -104   63
B 2991 7713 -104   42
B 3001 7709 -104   18
B 3011 7712 -104   -6
push -10 -10
push out at target
B 3021 7719   78  -17
B 3031 7695   78  -28
B 3041 7639   78  -42
B 3051 7644   78  -57
B 3061 7689   78  -70
B 3071 7633   78  -86
B 3081 7529   78 -100
B 3091 7520   78 -115
B 3101 7555   78 -125
B 3111 7661   71 -129
B 3121 7624   22 -129
B 3131 7634    9 -129
B 3141 7406    9 -122
B 3151 7485    9 -109
B 3161 7482    9  -98
B 3171 8067    9  -87
B 3181 8074    9  -73
B 3191 8080    9  -61
B 3201 8117    9  -48
B 3211 8119    9  -36
B 3221 8121    9  -24
pb end 
B 3231 8121   10  -12
B 3241 8124   10   -2
B 3251 8122   10    7
B 3261 8124   10   13
B 3271 8122   10   18
B 3281 8124   10   21
B 3291 8124   10   23
B 3301 8124   10   24
B 3311 8125   10   25
B 3321 8125   10   27
B 3331 8124   10   28
B 3341 8127   10   28
B 3351 8125   10   28
B 3361 8124   10   28
B 3371 8124   10   28
B 3381 8125   10   28
B 3391 8125   10   28
B 3401 8124   10   28
B 3411 8125   10   28
B 3421 8125   10   28
SSS vs= 0.98  t=  208
%P VOLT1   = 8037
%P VOLT2   = 8255
%P S2_SC   =  0.98
%P L_ANG_MAX = 208
B 3431 8125   68   28
B 3441 8033   68   28
B 3452 7973   68   28
B 3462 7950   68   28
B 3473 7565   68   28
B 3484 7534   68   28
B 3494 7626   68   32
B 3504 7592   68   38
B 3514 7619   68   44
B 3524 7603   68   52
B 3534 7546   68   59
B 3544 7546   53   67
B 3554 7543   36   76
B 3564 7630   29   84
B 3574 7663   29   94
B 3584 7705   29  104
*** dt = 61 , A = 107 , rpm = 332 
B 3594 7777   29  113
B 3604 7795   29  122
B 3614 7875   29  131
B 3624 8021   29  138
B 3634 8025   29  146
B 3644 8060   29  155
pull out 158
B 3654 8062  -98  163
B 3664 8064  -98  170
B 3674 7923  -98  176
B 3684 7820  -98  180
B 3694 7841  -98  185
B 3704 7892  -98  190
B 3714 7374  -98  194
B 3724 7396  -98  196
B 3734 7516  -98  196
B 3744 7645  -98  196
B 3754 7576  -98  196
*** amax = 196  vhit = 106
B 3764 7615 -104  184
B 3774 7368 -104  168
B 3784 7420 -104  152
B 3794 7278 -104  136
B 3804 7270 -104  118
B 3814 7315 -104  100
B 3824 7437 -104   80
B 3834 7648 -104   58
B 3844 7638 -104   36
B 3854 7710 -104   13
B 3864 7716 -104  -10
push -10 -10
push out at target
B 3874 7719   78  -21
B 3884 7685   78  -33
B 3894 7608   78  -48
B 3904 7632   78  -61
B 3914 7718   78  -74
B 3924 7374   78  -89
B 3934 7399   78 -104
B 3944 7508   78 -116
B 3954 7629   78 -122
B 3964 7570   38 -124
B 3974 7617    6 -124
B 3984 7521    9 -121
B 3994 7613    9 -109
B 4004 7473    9  -98
B 4014 8025    9  -88
B 4024 8039    9  -74
B 4034 8076    9  -62
B 4044 8080    9  -51
B 4054 8081    9  -39
B 4064 8118    9  -28
pb end 
B 4074 8119   10  -16
B 4084 8121   10   -7
B 4094 8121   10    1
B 4104 8121   10    7
B 4114 8121   10   12
B 4124 8122   10   15
B 4134 8121   10   17
B 4144 8122   10   18
B 4154 8121   10   19
B 4164 8122   10   22
B 4174 8122   10   22
B 4184 8124   10   22
B 4194 8121   10   22
B 4204 8122   10   22
B 4214 8122   10   22
B 4224 8121   10   22
B 4234 8121   10   22
B 4244 8121   10   22
B 4254 8122   10   22
B 4264 8122   10   22
SSS vs= 0.98  t=  208
%P VOLT1   = 8037
%P VOLT2   = 8251
%P S2_SC   =  0.99
%P L_ANG_MAX = 208
B 4274 8124   68   22
B 4284 8122   68   22
B 4294 8124   68   22
B 4304 8044   68   22
B 4314 7977   68   22
B 4324 7949   68   22
B 4334 7922   68   22
B 4344 7609   68   22
B 4354 7592   68   23
B 4364 7587   68   29
B 4374 7565   68   36
B 4384 7599   68   44
B 4394 7507   68   50
B 4404 7512   68   57
B 4414 7510   58   65
B 4424 7578   40   74
B 4434 7685   29   84
B 4444 7710   29   93
B 4454 7763   29  103
*** dt = 66 , A = 107 , rpm = 315 
B 4464 7858   29  112
B 4474 7875   29  120
B 4484 7875   29  128
B 4494 8022   29  136
B 4504 8025   29  144
B 4514 8025   29  152
B 4524 8060   29  159
pull out 159
B 4534 8062  -98  165
B 4544 8060  -98  172
B 4554 7972  -98  179
B 4564 7839  -98  184
B 4574 7846  -98  188
B 4584 7888  -98  192
B 4594 7939  -98  196
B 4604 7364  -98  198
B 4614 7674  -98  199
B 4624 7554  -98  199
B 4634 7543  -98  199
*** amax = 199  vhit = 104
B 4644 7545 -102  188
B 4654 7550 -102  172
B 4664 7459 -102  157
B 4674 7205 -102  140
B 4684 7269 -102  122
B 4694 7308 -102  103
B 4704 7539 -102   83
B 4714 7538 -102   62
B 4724 7641 -102   40
B 4734 7710 -102   16
B 4744 7717 -102   -8
push -11 -10
push out at target
B 4754 7721   78  -20
B 4764 7695   78  -32
B 4774 7614   78  -45
B 4784 7664   78  -60
B 4794 7675   78  -73
B 4804 7723   78  -88
B 4814 7398   78 -101
B 4824 7634   78 -114
B 4834 7533   78 -122
B 4844 7545   55 -124
B 4854 7586    6 -124
B 4864 7744    9 -122
B 4874 7670    9 -111
B 4884 7433    9 -100
B 4894 7453    9  -89
B 4904 7926    9  -76
B 4914 8073    9  -64
B 4924 8077    9  -52
B 4934 8078    9  -40
B 4944 8118    9  -28
pb end 
B 4954 8119   10  -17
B 4964 8118   10   -8
B 4974 8118   10    0
B 4984 8121   10    6
B 4994 8122   10   11
B 5004 8121   10   15
B 5014 8119   10   17
B 5024 8119   10   19
B 5034 8122   10   20
B 5044 8119   10   20
B 5054 8121   10   23
B 5064 8122   10   23
B 5074 8121   10   23
B 5084 8119   10   23
B 5094 8121   10   23
B 5104 8118   10   23
B 5114 8119   10   23
B 5124 8119   10   23
B 5134 8119   10   23
B 5144 8121   10   23
SSS vs= 0.99  t=  208
%P VOLT1   = 8096
%P VOLT2   = 8248
%P S2_SC   =  0.98
%P L_ANG_MAX = 208
B 5155 8156   68   23
B 5166 8122   68   23
B 5176 8122   68   23
B 5186 8035   68   23
B 5196 7974   68   23
B 5206 7952   68   23
B 5216 7925   68   23
B 5226 7610   68   23
B 5236 7591   68   24
B 5246 7625   68   30
B 5256 7606   68   36
B 5266 7624   68   43
B 5276 7570   68   50
B 5286 7510   68   57
B 5296 7504   58   65
B 5306 7575   38   74
B 5316 7656   29   83
B 5326 7681   29   92
B 5336 7729   29  102
*** dt = 67 , A = 106 , rpm = 315 
B 5346 7895   29  110
B 5356 7905   29  119
B 5366 8015   29  126
B 5376 8019   29  134
B 5386 8021   29  141
B 5396 8059   29  148
B 5406 8022   29  155
pull out 156
B 5416 8017  -98  161
B 5426 8023  -98  168
B 5436 7986  -98  174
B 5446 7844  -98  179
B 5456 7845  -98  183
B 5466 7925  -98  188
B 5476 7973  -98  191
B 5486 7541  -98  193
B 5496 7642  -98  194
B 5506 7525  -98  194
*** amax = 194  vhit = 107
B 5516 7616 -104  193
B 5526 7542 -104  182
B 5536 7542 -104  167
B 5546 7306 -104  152
B 5556 7235 -104  135
B 5566 7301 -104  117
B 5576 7382 -104   99
B 5586 7506 -104   79
B 5596 7503 -104   58
B 5606 7675 -104   36
B 5616 7707 -104   13
B 5626 7712 -104  -10
push -10 -10
push out at target
B 5636 7717   78  -21
B 5646 7650   78  -33
B 5656 7576   78  -48
B 5666 7661   78  -61
B 5676 7707   78  -74
B 5686 7752   78  -89
B 5696 7430   78 -104
B 5706 7557   78 -117
B 5716 7455   78 -125
B 5726 7608   54 -127
B 5736 7621    6 -127
B 5746 7764    9 -127
B 5756 7523    9 -116
B 5766 7463    9 -104
B 5776 7486    9  -94
B 5786 8029    9  -82
B 5796 8072    9  -70
B 5806 8076    9  -58
B 5816 8077    9  -47
B 5826 8078    9  -36
pb end 
B 5836 8081   10  -24
B 5846 8114   10  -15
B 5856 8117   10   -6
B 5866 8117   10    1
B 5876 8118   10    6
B 5886 8118   10   10
B 5896 8118   10   13
B 5906 8119   10   15
B 5916 8119   10   16
B 5926 8118   10   17
B 5936 8119   10   20
B 5946 8121   10   20
B 5956 8119   10   20
B 5966 8119   10   20
B 5976 8119   10   20
B 5986 8118   10   20
B 5996 8118   10   20
B 6006 8118   10   20
B 6016 8118   10   20
B 6026 8119   10   20
B 6036 8119   10   20
SSS vs= 0.98  t=  208
%P VOLT1   = 8037
%P VOLT2   = 8248
%P S2_SC   =  0.99
%P L_ANG_MAX = 208
B 6046 8119   68   20
B 6056 8118   68   20
B 6066 8075   68   20
B 6076 7981   68   20
B 6086 7959   68   20
B 6096 7938   68   20
B 6106 7905   68   20
B 6116 7594   68   22
B 6126 7617   68   28
B 6136 7629   68   35
B 6146 7550   68   42
B 6156 7501   68   48
B 6166 7511   68   56
B 6176 7546   60   64
B 6186 7541   45   72
B 6196 7542   29   82
B 6206 7652   29   92
B 6216 7731   29  100
*** adj PULL_V2->30 
*** dt = 71 , A = 108 , rpm = 298 
B 6226 7771   29  111
B 6236 7753   29  120
B 6246 7796   29  128
B 6256 7804   29  136
B 6266 8023   29  144
B 6276 8022   29  152
B 6286 8022   29  161
pull out 167
B 6296 8060  -98  168
B 6306 8060  -98  175
B 6316 8046  -98  181
B 6326 7848  -98  187
B 6336 7832  -98  191
B 6346 7874  -98  196
B 6356 7497  -98  200
B 6366 7428  -98  202
B 6376 7411  -98  204
*** amax = 204  vhit = 102
B 6386 7596 -100  204
B 6396 7598 -100  203
B 6406 7552 -100  196
B 6416 7506 -100  183
B 6426 7369 -100  167
B 6436 7430 -100  150
B 6446 7247 -100  132
B 6456 7292 -100  115
B 6466 7317 -100   96
B 6476 7571 -100   76
B 6486 7709 -100   52
B 6496 7705 -100   30
B 6506 7712 -100    6
push -11 -10
push out at target
B 6516 7723   78  -13
B 6526 7720   78  -24
B 6536 7636   78  -37
B 6546 7647   78  -51
B 6556 7693   78  -63
B 6566 7702   78  -76
B 6576 7568   78  -91
B 6586 7563   78 -104
B 6596 7569   78 -113
B 6606 7673   63 -116
B 6616 7638   14 -116
B 6626 7622    9 -116
B 6636 7240    9 -107
B 6646 7354    9  -93
B 6656 7471    9  -80
B 6666 7689    9  -68
B 6676 7704    9  -53
B 6686 8032    9  -39
B 6696 8073    9  -24
B 6706 8074    9  -10
pb end 
B 6716 8077   10    4
B 6726 8078   10   16
B 6736 8078   10   27
B 6746 8115   10   34
B 6756 8117   10   40
B 6766 8117   10   43
B 6776 8117   10   44
B 6786 8117   10   46
B 6796 8117   10   46
B 6806 8118   10   46
B 6816 8117   10   46
B 6826 8117   10   46
B 6836 8117   10   46
B 6846 8118   10   46
B 6856 8117   10   46
B 6866 8117   10   46
B 6876 8115   10   45
B 6886 8115   10   45
B 6896 8117   10   44
B 6906 8115   10   44
SSS vs= 0.99  t=  208
%P VOLT1   = 8037
%P VOLT2   = 8237
%P S2_SC   =  0.99
%P L_ANG_MAX = 208
B 6916 8117   69   42
B 6926 8117   69   41
B 6936 7991   69   40
B 6946 7950   69   39
B 6956 7929   69   39
B 6966 7582   69   39
B 6976 7547   69   39
B 6986 7571   69   39
B 6996 7546   69   43
B 7006 7568   69   49
B 7016 7523   69   56
B 7026 7501   61   64
B 7036 7504   45   71
B 7046 7511   29   79
B 7056 7647   29   88
B 7066 7698   29   96
*** adj PULL_V2->36 
*** dt = 82 , A = 105 , rpm = 281 
B 7076 7727   35  106
B 7086 7819   35  115
B 7096 7829   35  122
B 7106 7977   35  130
B 7116 8011   35  137
B 7126 8012   35  144
B 7136 8012   35  152
B 7146 8012   35  158
B 7156 8011   35  164
pull out 165
B 7166 8008  -98  172
B 7176 8007  -98  179
B 7186 7856  -98  184
B 7196 7797  -98  188
B 7206 7829  -98  195
B 7216 7873  -98  199
B 7226 7347  -98  202
B 7236 7667  -98  204
B 7246 7581  -98  204
B 7256 7577  -98  204
*** amax = 204  vhit = 102
B 7266 7593 -100  200
B 7276 7581 -100  188
B 7286 7466 -100  172
B 7296 7135 -100  156
B 7306 7197 -100  140
B 7316 7246 -100  122
B 7326 7488 -100  102
B 7336 7492 -100   83
B 7346 7597 -100   62
B 7356 7699 -100   38
B 7366 7703 -100   16
B 7376 7716 -100   -8
push -11 -10
push out at target
B 7386 7723   78  -19
B 7396 7692   78  -31
B 7406 7609   78  -44
B 7416 7676   78  -57
B 7426 7723   78  -70
B 7436 7658   78  -84
B 7446 7646   78  -97
B 7456 7576   78 -108
B 7466 7554   78 -114
B 7476 7645   38 -115
B 7486 7653    0 -115
B 7496 7670    9 -111
B 7506 7427    9  -99
B 7516 7490    9  -85
B 7526 7447    9  -74
B 7536 7990    9  -61
B 7546 7999    9  -48
B 7556 8073    9  -33
B 7566 8074    9  -20
B 7576 8077    9   -6
B 7586 8076    9    6
pb end 
B 7596 8077   10   17
B 7606 8080   10   26
B 7616 8115   10   32
B 7626 8115   10   36
B 7636 8115   10   39
B 7646 8114   10   40
B 7656 8114   10   40
B 7666 8115   10   40
B 7676 8115   10   40
B 7686 8117   10   40
B 7696 8115   10   40
B 7706 8115   10   40
B 7716 8117   10   40
B 7726 8115   10   40
B 7736 8114   10   40
B 7746 8115   10   39
B 7756 8114   10   38
B 7766 8115   10   36
B 7776 8113   10   35
B 7786 8115   10   34
SSS vs= 0.99  t=  208
%P VOLT1   = 8037
%P VOLT2   = 8234
%P S2_SC   =  0.99
%P L_ANG_MAX = 208
B 7796 8115   69   33
B 7806 8118   69   32
B 7816 8012   69   31
B 7826 7961   69   30
B 7836 7939   69   30
B 7846 7910   69   31
B 7856 7527   69   31
B 7866 7576   69   31
B 7876 7580   69   34
B 7886 7604   69   41
B 7896 7486   69   48
B 7906 7505   69   55
B 7916 7510   63   63
B 7926 7578   43   72
B 7936 7575   29   80
B 7946 7632   29   89
B 7956 7704   29   99
*** dt = 67 , A = 106 , rpm = 315 
B 7966 7736   29  108
B 7976 7753   29  117
B 7986 7903   29  125
B 7996 7906   29  132
B 8006 8018   29  140
B 8016 8019   29  148
B 8026 8019   29  155
pull out 158
B 8036 8021  -98  161
B 8046 8056  -98  168
B 8056 8055  -98  174
B 8066 7926  -98  180
B 8076 7801  -98  184
B 8086 7819  -98  189
B 8096 7898  -98  194
B 8106 7445  -98  196
B 8116 7465  -98  199
B 8126 7548  -98  199
B 8136 7646  -98  199
*** amax = 199  vhit = 104
B 8146 7575 -102  198
B 8156 7588 -102  184
B 8166 7346 -102  170
B 8176 7404 -102  154
B 8186 7288 -102  136
B 8196 7310 -102  119
B 8206 7347 -102  100
B 8216 7468 -102   80
B 8226 7644 -102   59
B 8236 7638 -102   36
B 8246 7709 -102   13
B 8256 7715 -102  -10
push -10 -10
push out at target
B 8266 7717   78  -20
B 8276 7687   78  -32
B 8286 7644   78  -46
B 8296 7668   78  -60
B 8306 7714   78  -73
B 8316 7370   78  -88
B 8326 7392   78 -101
B 8336 7510   78 -114
B 8346 7639   78 -121
B 8356 7581   47 -122
B 8366 7593    0 -122
B 8376 7487    9 -120
B 8386 7572    9 -108
B 8396 7504    9  -96
B 8406 8019    9  -86
B 8416 8026    9  -74
B 8426 8069    9  -62
B 8436 8072    9  -50
B 8446 8073    9  -38
B 8456 8076    9  -27
B 8466 8076    9  -16
pb end 
B 8476 8076   10   -7
B 8486 8077   10    0
B 8496 8114   10    6
B 8506 8114   10   11
B 8516 8113   10   14
B 8526 8114   10   16
B 8536 8115   10   18
B 8546 8115   10   18
B 8556 8115   10   20
B 8566 8115   10   21
B 8576 8115   10   21
B 8586 8117   10   21
B 8596 8114   10   21
B 8606 8113   10   21
B 8616 8114   10   21
B 8626 8113   10   21
B 8636 8114   10   21
B 8646 8113   10   21
B 8656 8114   10   21
SSS vs= 0.99  t=  213
%P VOLT1   = 8037
%P VOLT2   = 8230
%P S2_SC   =  0.99
%P L_ANG_MAX = 213
B 8666 8115   69   21
B 8676 8115   69   21
B 8686 8115   69   20
B 8696 8040   69   20
B 8706 7966   69   20
B 8716 7943   69   20
B 8726 7919   69   20
B 8736 7571   69   21
B 8746 7553   69   21
B 8756 7618   69   27
B 8766 7528   69   34
B 8776 7555   69   40
B 8786 7500   69   48
B 8797 7505   69   56
B 8807 7504   63   64
B 8817 7541   49   73
B 8827 7635   31   82
B 8837 7666   29   92
B 8847 7711   29  101
B 8857 7807   29  110
*** adj PULL_V2->30 
*** dt = 72 , A = 112 , rpm = 298 
B 8867 7822   29  119
B 8877 7831   29  127
B 8887 7976   29  135
B 8897 7981   29  143
B 8907 8018   29  150
B 8917 8018   29  157
B 8927 8019   29  164
pull out 166
B 8937 8021  -98  171
B 8947 8053  -98  177
B 8957 8055  -98  184
B 8967 7865  -98  190
B 8977 7803  -98  192
B 8987 7829  -98  198
B 8997 7909  -98  202
B 9007 7452  -98  204
B 9017 7459  -98  206
B 9027 7523  -98  206
B 9037 7622  -98  206
*** amax = 206  vhit = 103
B 9047 7569 -101  202
B 9057 7589 -101  189
B 9067 7329 -101  174
B 9077 7384 -101  158
B 9087 7269 -101  140
B 9097 7281 -101  123
B 9107 7309 -101  104
B 9117 7462 -101   84
B 9127 7641 -101   63
B 9137 7637 -101   40
B 9147 7709 -101   16
B 9157 7717 -101   -8
push -10 -10
push out at target
B 9167 7729   78  -20
B 9177 7662   78  -32
B 9187 7612   78  -44
B 9197 7637   78  -57
B 9207 7717   78  -70
B 9217 7371   78  -84
B 9227 7396   78  -97
B 9237 7526   78 -108
B 9247 7639   78 -116
B 9257 7591   55 -116
B 9267 7608    9 -116
B 9277 7532    9 -113
B 9287 7610    9 -101
B 9297 7536    9  -90
B 9307 8019    9  -80
B 9317 8029    9  -66
B 9327 8035    9  -54
B 9337 8072    9  -41
B 9347 8073    9  -29
pb end 
B 9357 8073   10  -16
B 9367 8076   10   -5
B 9377 8076   10    5
B 9387 8077   10   13
B 9397 8074   10   19
B 9407 8077   10   23
B 9417 8077   10   25
B 9427 8113   10   27
B 9437 8114   10   27
B 9447 8113   10   28
B 9457 8115   10   28
B 9467 8114   10   28
B 9477 8113   10   28
B 9487 8111   10   28
B 9497 8113   10   28
B 9507 8113   10   28
B 9517 8111   10   28
B 9527 8111   10   28
B 9537 8113   10   28
B 9547 8113   10   28
SSS vs= 0.99  t=  213
%P VOLT1   = 8037
%P VOLT2   = 8227
%P S2_SC   =  0.99
%P L_ANG_MAX = 213
B 9557 8113   69   28
B 9567 8113   69   28
B 9577 8037   69   28
B 9587 7964   69   28
B 9597 7942   69   28
B 9607 7918   69   28
B 9617 7887   69   28
B 9627 7530   69   28
B 9637 7608   69   29
B 9647 7632   69   36
B 9657 7585   69   43
B 9667 7497   69   50
B 9677 7504   69   56
B 9687 7466   63   64
B 9697 7569   47   73
B 9707 7572   31   82
B 9717 7611   29   92
B 9727 7657   29  101
B 9737 7696   29  111
*** dt = 66 , A = 112 , rpm = 315 
B 9747 7749   29  120
B 9757 7970   29  128
B 9767 7974   29  136
B 9777 7977   29  144
B 9787 8017   29  152
B 9797 8018   29  160
pull out 165
B 9807 8018  -98  167
B 9817 8019  -98  174
B 9827 7970  -98  180
B 9837 7811  -98  186
B 9847 7804  -98  189
B 9857 7842  -98  194
B 9867 7926  -98  198
B 9877 7530  -98  200
B 9887 7513  -98  201
B 9897 7555  -98  201
B 9907 7638  -98  201
*** amax = 201  vhit = 106
B 9917 7595 -104  194
B 9927 7596 -104  179
B 9937 7276 -104  164
B 9947 7338 -104  147
B 9957 7252 -104  130
B 9967 7365 -104  112
B 9977 7390 -104   92
B 9987 7502 -104   72
B 9997 7675 -104   50
B 10007 7671 -104   28
B 10017 7710 -104    4
push -10 -10
push out at target
B 10027 7720   78  -14
B 10037 7715   78  -26
B 10047 7594   78  -38
B 10057 7621   78  -52
B 10067 7663   78  -65
B 10077 7706   78  -78
B 10087 7493   78  -92
B 10097 7482   78 -105
B 10107 7534   78 -114
B 10117 7642   63 -117
B 10127 7611   14 -117
B 10137 7639    9 -117
B 10147 7323    9 -108
B 10157 7445    9  -94
B 10167 7478    9  -81
B 10177 7615    9  -70
B 10187 7631    9  -56
B 10197 7995    9  -42
B 10207 8067    9  -28
B 10217 8070    9  -14
pb end 
B 10227 8072   10   -1
B 10237 8073   10   12
B 10247 8074   10   22
B 10257 8074   10   30
B 10267 8074   10   36
B 10277 8076   10   39
B 10287 8074   10   41
B 10297 8077   10   42
B 10307 8076   10   42
B 10317 8076   10   42
B 10327 8077   10   42
B 10337 8077   10   42
B 10347 8077   10   42
B 10357 8113   10   42
B 10367 8111   10   42
B 10377 8111   10   42
B 10387 8110   10   42
B 10397 8111   10   41
B 10407 8110   10   40
B 10417 8110   10   39
SSS vs= 0.99  t=  213
%P VOLT1   = 8037
%P VOLT2   = 8223
%P S2_SC   =  0.99
%P L_ANG_MAX = 213
B 10427 8111   69   38
B 10437 8113   69   36
B 10447 7989   69   36
B 10457 7956   69   35
B 10467 7936   69   35
B 10477 7513   69   35
B 10487 7485   69   36
B 10497 7581   69   36
B 10507 7558   69   39
B 10517 7582   69   45
B 10527 7568   69   52
B 10537 7504   69   59
B 10547 7504   59   66
B 10557 7502   47   74
B 10567 7590   29   83
B 10577 7615   29   92
B 10587 7657   29  101
B 10597 7723   29  110
*** adj PULL_V2->30 
*** dt = 75 , A = 110 , rpm = 298 
B 10607 7744   29  119
B 10617 7825   29  127
B 10627 7973   29  135
B 10637 7976   29  142
B 10647 8012   29  150
B 10657 8015   29  157
B 10667 8017   29  164
pull out 167
B 10677 8017  -98  170
B 10687 8017  -98  176
B 10697 8015  -98  182
B 10707 7995  -98  188
B 10717 7825  -98  193
B 10727 7808  -98  196
B 10737 7843  -98  200
B 10747 7319  -98  204
B 10757 7350  -98  206
B 10767 7481  -98  207
B 10777 7672  -98  207
B 10787 7579  -98  207
*** amax = 207  vhit = 103
B 10797 7572 -101  199
B 10807 7461 -101  185
B 10817 7494 -101  170
B 10827 7375 -101  153
B 10837 7220 -101  136
B 10847 7261 -101  118
B 10857 7356 -101  100
B 10867 7608 -101   79
B 10877 7603 -101   58
B 10887 7666 -101   35
B 10897 7710 -101   11
push -11 -10
push out at target
B 10907 7720   78  -11
B 10917 7724   78  -21
B 10927 7647   78  -33
B 10937 7618   78  -46
B 10947 7656   78  -57
B 10957 7662   78  -69
B 10967 7700   78  -83
B 10977 7395   78  -96
B 10988 7636   78 -105
B 10998 7549   56 -109
B 11008 7581   22 -109
B 11018 7637    9 -109
B 11028 7743    9 -102
B 11038 7621    9  -91
B 11048 7474    9  -81
B 11058 7490    9  -69
B 11068 7992    9  -57
B 11078 8067    9  -45
B 11088 8070    9  -33
B 11098 8072    9  -20
B 11108 8072    9   -8
pb end 
B 11118 8073   10    3
B 11128 8074   10   12
B 11138 8073   10   20
B 11148 8074   10   26
B 11158 8076   10   29
B 11168 8076   10   32
B 11178 8074   10   32
B 11188 8074   10   32
B 11198 8076   10   32
B 11208 8076   10   32
B 11218 8076   10   32
B 11228 8113   10   32
B 11238 8111   10   32
B 11248 8110   10   32
B 11258 8113   10   32
B 11268 8111   10   32
B 11278 8110   10   31
B 11288 8110   10   30
B 11298 8110   10   29
B 11308 8074   10   28
SSS vs= 0.99  t=  213
%P VOLT1   = 7978
%P VOLT2   = 8223
%P S2_SC   =  0.99
%P L_ANG_MAX = 213
B 11318 8108   69   27
B 11329 8111   69   26
B 11339 8071   69   24
B 11349 7939   69   24
B 11359 7945   69   24
B 11369 7928   69   24
B 11379 7550   69   24
B 11389 7596   69   24
B 11399 7595   69   24
B 11409 7601   69   31
B 11419 7517   69   38
B 11429 7537   69   46
B 11439 7514   69   53
B 11449 7555   69   61
B 11459 7551   56   69
B 11469 7583   38   79
B 11479 7623   29   88
B 11489 7672   29   97
B 11499 7667   29  107
*** dt = 66 , A = 112 , rpm = 315 
B 11509 7700   29  117
B 11519 7751   29  126
B 11529 7936   29  134
B 11539 7939   29  142
B 11549 8014   29  151
B 11559 8017   29  159
B 11569 8014   29  167
pull out 168
B 11579 8018  -99  174
B 11589 8017  -99  180
B 11599 8015  -99  187
B 11609 7959  -99  194
B 11619 7818  -99  198
B 11629 7814  -99  203
B 11639 7849  -99  208
B 11649 7363  -99  211
B 11659 7388  -99  214
B 11669 7611  -99  214
B 11679 7611  -99  214
B 11689 7533  -99  214
*** amax = 214  vhit = 100
B 11699 7607  -99  205
B 11709 7501  -99  191
B 11719 7543  -99  176
B 11729 7246  -99  160
B 11739 7192  -99  142
B 11749 7233  -99  124
B 11759 7430  -99  106
B 11769 7574  -99   85
B 11779 7569  -99   64
B 11789 7705  -99   42
B 11799 7712  -99   18
B 11809 7724  -99   -6
push -10 -10
push out at target
B 11819 7699   79  -18
B 11829 7713   79  -30
B 11839 7657   79  -44
B 11849 7609   79  -60
B 11859 7636   79  -73
B 11869 7674   79  -89
B 11879 7540   79 -105
B 11889 7407   79 -120
B 11899 7344   79 -133
B 11909 7550   79 -140
B 11919 7584   47 -142
B 11929 7569    6 -142
B 11939 7519    9 -140
B 11949 7409    9 -128
B 11959 7494    9 -114
B 11969 7465    9 -102
B 11979 7804    9  -90
B 11989 7812    9  -76
B 11999 8031    9  -64
B 12009 8069    9  -50
B 12019 8069    9  -37
B 12029 8070    9  -24
pb end 
B 12039 8072   10  -12
B 12049 8073   10   -1
B 12059 8073   10    8
B 12069 8073   10   15
B 12079 8074   10   20
B 12089 8074   10   23
B 12099 8072   10   24
B 12109 8072   10   26
B 12119 8076   10   26
B 12129 8073   10   27
B 12139 8074   10   28
B 12149 8074   10   28
B 12159 8074   10   28
B 12169 8074   10   28
B 12179 8073   10   28
B 12189 8072   10   28
B 12199 8074   10   28
B 12209 8073   10   28
B 12219 8074   10   28
B 12229 8074   10   28
SSS vs= 0.99  t=  213
%P VOLT1   = 7978
%P VOLT2   = 8220
%P S2_SC   =  0.99
%P L_ANG_MAX = 213
B 12239 8076   69   28
B 12249 8076   69   28
B 12259 8010   69   28
B 12269 7939   69   28
B 12279 7915   69   28
B 12289 7894   69   28
B 12299 7538   69   28
B 12309 7560   69   28
B 12319 7561   69   30
B 12329 7578   69   36
B 12339 7494   69   44
B 12349 7507   69   50
B 12359 7477   69   56
B 12369 7512   63   64
B 12379 7507   49   72
B 12389 7617   33   81
B 12399 7627   29   90
B 12409 7698   29   99
B 12419 7733   29  108
*** adj PULL_V2->30 
*** dt = 74 , A = 111 , rpm = 298 
B 12429 7712   29  117
B 12439 7720   29  124
B 12449 7971   29  132
B 12459 7973   29  139
B 12469 7977   29  147
B 12479 8014   29  154
B 12489 8014   29  161
pull out 165
B 12499 8015  -99  167
B 12509 7953  -99  173
B 12519 7818  -99  179
B 12529 7808  -99  182
B 12539 7846  -99  186
B 12549 7393  -99  190
B 12559 7425  -99  192
B 12569 7593  -99  193
B 12579 7653  -99  193
*** amax = 193  vhit = 110
B 12589 7555 -109  192
B 12599 7621 -109  185
B 12609 7551 -109  172
B 12619 7587 -109  156
B 12629 7284 -109  140
B 12639 7230 -109  124
B 12649 7272 -109  106
B 12659 7440 -109   88
B 12669 7553 -109   68
B 12679 7552 -109   47
B 12689 7683 -109   24
B 12699 7717 -109    2
push -11 -10
push out at target
B 12709 7723   79  -15
B 12719 7679   79  -25
B 12729 7608   79  -38
B 12739 7604   79  -52
B 12749 7671   79  -64
B 12759 7637   79  -76
B 12769 7669   79  -89
B 12779 7557   79 -102
B 12789 7589   79 -111
B 12799 7527   63 -114
B 12809 7646   14 -114
B 12819 7713    9 -114
B 12829 7804    9 -106
B 12839 7458    9  -95
B 12849 7482    9  -85
B 12859 7491    9  -73
B 12869 8029    9  -62
B 12879 8031    9  -50
B 12889 8032    9  -38
B 12899 8070    9  -27
B 12909 8073    9  -16
pb end 
B 12919 8069   10   -4
B 12929 8073   10    4
B 12939 8072   10   12
B 12949 8073   10   16
B 12959 8074   10   20
B 12969 8072   10   22
B 12979 8073   10   24
B 12989 8074   10   24
B 12999 8074   10   24
B 13009 8074   10   24
B 13019 8073   10   25
B 13029 8074   10   25
B 13039 8070   10   25
B 13049 8074   10   25
B 13059 8073   10   25
B 13069 8072   10   24
B 13079 8073   10   24
B 13089 8070   10   24
B 13099 8074   10   24
SSS vs= 0.99  t=  218
%P VOLT1   = 7978
%P VOLT2   = 8220
%P S2_SC   =  0.99
%P L_ANG_MAX = 218
B 13110 8074   69   24
B 13121 8074   69   24
B 13131 8074   69   24
B 13141 8016   69   24
B 13151 7948   69   23
B 13161 7926   69   23
B 13171 7905   69   23
B 13181 7593   69   23
B 13191 7610   69   24
B 13201 7610   69   24
B 13211 7627   69   30
B 13221 7541   69   37
B 13231 7553   69   44
B 13241 7526   69   51
B 13251 7562   69   58
B 13261 7562   61   66
B 13271 7597   48   75
B 13281 7637   35   84
B 13291 7669   29   93
B 13301 7656   29  102
B 13311 7699   29  112
*** dt = 67 , A = 116 , rpm = 315 
B 13321 7713   29  120
B 13331 7859   29  129
B 13341 8007   29  136
B 13351 8011   29  144
B 13361 8011   29  152
B 13371 8014   29  160
B 13381 8015   29  167
pull out 168
B 13391 8015  -99  173
B 13401 8017  -99  180
B 13411 7927  -99  186
B 13421 7831  -99  190
B 13431 7833  -99  194
B 13441 7863  -99  199
B 13451 7367  -99  202
B 13461 7607  -99  204
B 13471 7584  -99  204
B 13481 7608  -99  204
B 13491 7681  -99  204
*** amax = 204  vhit = 107
B 13501 7659 -106  195
B 13511 7607 -106  182
B 13521 7258 -106  166
B 13531 7301 -106  150
B 13541 7268 -106  134
B 13551 7438 -106  116
B 13561 7459 -106   98
B 13571 7577 -106   78
B 13581 7722 -106   57
B 13591 7721 -106   36
B 13601 7720 -106   13
B 13611 7718 -106   -9
push -10 -10
push out at target
B 13621 7714   79  -20
B 13631 7656   79  -32
B 13641 7693   79  -45
B 13651 7663   79  -60
B 13661 7685   79  -72
B 13671 7533   79  -88
B 13681 7561   79 -104
B 13691 7430   79 -118
B 13701 7675   79 -132
B 13711 7638   39 -138
B 13721 7725   39 -140
B 13731 7628    6 -140
B 13741 7675    9 -140
B 13751 7525    9 -132
B 13761 7445    9 -121
B 13771 7456    9 -111
B 13781 7886    9 -103
B 13791 8032    9  -93
B 13801 8033    9  -84
B 13811 8035    9  -75
B 13821 8070    9  -68
pb end 
B 13831 8073   10  -61
B 13841 8073   10  -56
B 13851 8073   10  -49
B 13861 8073   10  -44
B 13871 8073   10  -37
B 13881 8072   10  -32
B 13891 8073   10  -26
B 13901 8073   10  -20
B 13911 8076   10  -15
B 13921 8072   10   -9
B 13931 8074   10   -4
B 13941 8074   10    0
B 13951 8074   10    4
B 13961 8073   10    6
B 13971 8074   10    9
B 13981 8074   10   12
B 13991 8074   10   12
B 14001 8073   10   13
B 14011 8074   10   14
B 14021 8073   10   14
B 14031 8074   10   14
SSS vs= 0.99  t=  223
%P VOLT1   = 7978
%P VOLT2   = 8223
%P S2_SC   =  0.99
%P L_ANG_MAX = 223
B 14041 8074   69   14
B 14051 8076   69   14
B 14061 8006   69   14
B 14071 7961   69   14
B 14081 7946   69   14
B 14091 7645   69   14
B 14101 7638   69   14
B 14111 7712   69   14
B 14121 7796   69   14
B 14131 7811   69   18
B 14141 7754   69   25
B 14151 7663   69   32
B 14161 7674   69   38
B 14171 7610   69   44
B 14181 7616   69   50
B 14191 7617   69   56
B 14201 7654   67   62
B 14211 7722   60   68
B 14221 7722   50   76
B 14231 7689   43   83
B 14241 7664   33   90
B 14251 7669   29   96
B 14261 7751   29  104
B 14271 7899   29  110
*** adj PULL_V2->53 
*** dt = 118 , A = 113 , rpm = 231 
B 14281 7906   52  116
B 14291 7873   52  122
B 14301 7981   52  127
B 14311 7973   52  132
B 14321 7994   52  137
B 14331 7991   52  142
B 14341 7986   52  148
B 14351 7880   52  153
B 14361 7912   52  160
B 14371 7911   52  166
B 14381 7877   52  172
B 14391 7843   52  179
pull out 181
B 14401 7843  -99  186
B 14411 7808  -99  192
B 14421 7801  -99  199
B 14431 7802  -99  204
B 14441 7849  -99  208
B 14451 7362  -99  212
B 14461 7369  -99  216
B 14471 7515  -99  219
B 14481 7768  -99  220
B 14491 7771  -99  220
B 14501 7843  -99  220
B 14511 7843  -99  220
*** amax = 220  vhit = 101
B 14521 7841 -100  212
B 14531 7626 -100  201
B 14541 7380 -100  188
B 14551 7381 -100  175
B 14561 7345 -100  160
B 14571 7490 -100  144
B 14581 7491 -100  128
B 14591 7599 -100  110
B 14601 7706 -100   92
B 14611 7708 -100   72
B 14621 7709 -100   52
B 14631 7714 -100   30
B 14641 7710 -100    9
push -10 -10
push out at target
B 14651 7713   79  -11
B 14661 7750   79  -21
B 14671 7729   79  -31
B 14681 7764   79  -42
B 14691 7774   79  -53
B 14701 7780   79  -62
B 14711 7466   79  -74
B 14721 7717   79  -84
B 14731 7720   72  -95
B 14741 7829   79 -103
B 14751 7900   55 -107
B 14761 7905   22 -108
B 14771 7836    0 -108
B 14781 7457    9 -108
B 14791 7466    9 -103
B 14801 7683    9  -94
B 14811 8037    9  -89
B 14821 8039    9  -80
B 14831 8040    9  -72
B 14841 8042    9  -64
B 14851 8042    9  -56
B 14861 8042    9  -49
B 14871 8076    9  -42
pb end 
B 14881 8074   10  -35
B 14891 8074   10  -28
B 14901 8076   10  -21
B 14911 8077   10  -14
B 14921 8074   10   -8
B 14931 8076   10   -2
B 14941 8077   10    3
B 14951 8076   10    7
B 14961 8074   10   10
B 14971 8077   10   12
B 14981 8074   10   13
B 14991 8076   10   14
B 15001 8078   10   16
B 15011 8076   10   16
B 15021 8077   10   16
B 15031 8076   10   16
B 15041 8076   10   16
B 15051 8077   10   16
B 15061 8074   10   16
SSS vs= 0.99  t=  228
%P VOLT1   = 7978
%P VOLT2   = 8227
%P S2_SC   =  0.99
%P L_ANG_MAX = 228
B 15072 8076   69   16
B 15082 8076   69   15
B 15093 8076   69   14
B 15103 8038   69   12
B 15114 7999   69   11
B 15124 7993   69   10
B 15134 7993   69   10
B 15144 7716   69   10
B 15156 7759   69   10
B 15167 7762   69   11
B 15177 7722   69   13
B 15187 7721   69   19
B 15197 7726   69   26
B 15207 7591   69   32
B 15217 7631   69   38
B 15227 7637   69   44
B 15237 7708   69   50
B 15247 7675   69   56
B 15257 7673   67   62
B 15267 7714   61   68
B 15277 7681   55   74
B 15287 7682   48   80
B 15297 7679   42   87
B 15308 7651   36   93
B 15318 7655   29  100
B 15328 7765   29  106
B 15338 7876   29  112
*** adj PULL_V2->64 
*** dt = 120 , A = 116 , rpm = 198 
B 15348 7881   63  116
B 15358 7951   63  122
B 15368 7953   63  126
B 15378 7935   63  130
B 15388 7963   63  135
B 15398 7962   63  139
B 15408 7963   63  144
B 15418 7784   63  149
B 15428 7819   63  155
B 15438 7817   63  162
B 15448 7746   63  168
B 15458 7747   63  176
pull out 181
B 15468 7749  -99  183
B 15478 7673  -99  190
B 15488 7773  -99  196
B 15498 7774  -99  200
B 15508 7781  -99  207
B 15518 7572  -99  212
B 15528 7576  -99  215
B 15538 7683  -99  218
B 15548 7791  -99  219
B 15558 7792  -99  219
B 15568 7936  -99  219
*** amax = 219  vhit = 104
B 15578 7864 -103  216
B 15588 7865 -103  207
B 15598 7476 -103  196
B 15608 7367 -103  184
B 15618 7368 -103  170
B 15628 7405 -103  156
B 15638 7443 -103  140
B 15648 7441 -103  124
B 15658 7655 -103  108
B 15668 7724 -103   89
B 15678 7726 -103   70
B 15689 7726 -103   50
B 15699 7727 -103   28
B 15709 7730 -103    8
push -10 -10
push out at target
B 15719 7731   79  -10
B 15729 7765   79  -18
B 15739 7767   79  -28
B 15749 7787   79  -38
B 15759 7780   79  -49
B 15769 7785   79  -60
B 15779 7652   79  -72
B 15789 7513   79  -84
B 15801 7765   79  -94
B 15811 7769   58 -105
B 15821 7842   79 -113
B 15831 7876   55 -116
B 15841 7876   14 -116
B 15851 7772    9 -116
B 15861 7461    9 -116
B 15871 7469    9 -109
B 15881 7684    9 -102
B 15891 8006    9  -95
B 15901 8005    9  -87
B 15911 8042    9  -78
B 15921 8043    9  -71
B 15931 8042    9  -64
pb end 
B 15941 8042   10  -57
B 15951 8078   10  -50
B 15961 8078   10  -44
B 15971 8078   10  -37
B 15981 8077   10  -30
B 15991 8077   10  -24
B 16001 8080   10  -18
B 16011 8077   10  -12
B 16021 8077   10   -6
B 16031 8078   10   -1
B 16041 8077   10    3
B 16051 8078   10    7
B 16061 8078   10    9
B 16071 8080   10   11
B 16081 8078   10   12
B 16091 8078   10   12
B 16101 8080   10   12
B 16111 8078   10   12
B 16121 8078   10   12
B 16131 8080   10   12
SSS vs= 0.99  t=  233
%P VOLT1   = 7978
%P VOLT2   = 8230
B 16141 8081   10   12
%P S2_SC   =  0.99
%P L_ANG_MAX = 233
B 16151 8080   69   12
B 16161 8076   69   12
B 16171 8027   69   12
B 16181 8013   69   12
B 16191 8014   69   12
B 16201 8020   69   12
B 16211 7740   69   12
B 16221 7851   69   12
B 16231 7854   69   12
B 16241 7822   69   15
B 16251 7719   69   20
B 16261 7720   69   26
B 16271 7722   69   32
B 16281 7646   69   36
B 16291 7654   69   42
B 16301 7654   69   47
B 16311 7727   69   52
B 16321 7726   69   57
B 16331 7726   68   62
B 16341 7692   62   68
B 16351 7690   57   73
B 16361 7692   53   79
B 16371 7659   47   84
B 16381 7659   42   90
B 16391 7697   36   96
B 16401 7805   31  101
B 16411 7808   29  106
B 16421 7846   29  111
B 16431 7920   29  116
*** adj PULL_V2->74 
*** dt = 120 , A = 117 , rpm = 166 
B 16441 7923   73  120
B 16451 7923   73  124
B 16461 7957   73  127
B 16471 7949   73  130
B 16481 7973   73  133
B 16491 7970   73  137
B 16501 7968   73  141
B 16511 7791   73  146
B 16521 7755   73  152
B 16531 7757   73  157
B 16541 7720   73  164
B 16551 7617   73  171
pull out 174
B 16561 7617  -99  178
B 16571 7618  -99  184
B 16581 7646  -99  192
B 16591 7648  -99  199
B 16601 7686  -99  203
B 16611 7406  -99  208
B 16621 7412  -99  214
B 16631 7551  -99  216
B 16641 7801  -99  219
B 16651 7802  -99  220
B 16661 7873  -99  220
B 16671 7839  -99  220
*** amax = 220  vhit = 106
B 16681 7839 -104  215
B 16691 7660 -104  204
B 16701 7377 -104  192
B 16711 7377 -104  180
B 16721 7377 -104  167
B 16731 7483 -104  152
B 16741 7484 -104  138
B 16751 7594 -104  122
B 16761 7701 -104  106
B 16771 7703 -104   90
B 16781 7744 -104   72
B 16791 7703 -104   55
B 16801 7704 -104   36
B 16811 7704 -104   17
B 16821 7704 -104   -3
push -10 -10
push out at target
B 16831 7703   79  -14
B 16841 7741   79  -23
B 16851 7751   79  -32
B 16861 7754   79  -43
B 16871 7758   79  -53
B 16881 7480   79  -64
B 16891 7484   79  -73
B 16901 7666   79  -82
B 16911 7843   63  -92
B 16921 7847   72  -99
B 16931 7920   47 -102
B 16941 7813   14 -102
B 16951 7815    9 -102
B 16961 7682    9 -102
B 16971 7755    9 -100
B 16981 7759    9  -93
B 16991 7865    9  -89
B 17001 8043    9  -82
B 17011 8039    9  -76
B 17021 8043    9  -69
B 17031 8045    9  -64
pb end 
B 17041 8045   10  -58
B 17051 8080   10  -53
B 17061 8081   10  -49
B 17071 8078   10  -44
B 17081 8078   10  -39
B 17091 8080   10  -34
B 17101 8080   10  -29
B 17111 8078   10  -24
B 17121 8080   10  -19
B 17131 8080   10  -14
B 17141 8078   10   -9
B 17151 8080   10   -4
B 17161 8080   10    0
B 17171 8078   10    3
B 17181 8080   10    5
B 17191 8078   10    7
B 17201 8080   10    8
B 17211 8078   10    8
B 17221 8080   10    8
B 17231 8080   10    8
B 17241 8078   10    8
SSS vs= 0.99  t=  238
%P VOLT1   = 7978
%P VOLT2   = 8234
%P S2_SC   =  0.99
%P L_ANG_MAX = 238
B 17251 8078   69    8
B 17261 8080   69    8
B 17271 8078   69    8
B 17281 8053   69    8
B 17291 8030   69    8
B 17301 8024   69    8
B 17311 8027   69    8
B 17321 7817   69    8
B 17331 7857   69    8
B 17341 7858   69    8
B 17351 7896   69    8
B 17361 7862   69    8
B 17371 7862   69   14
B 17381 7754   69   20
B 17391 7652   69   27
B 17401 7654   69   33
B 17411 7621   69   39
B 17421 7656   69   44
B 17431 7658   69   50
B 17441 7728   69   56
B 17451 7730   69   61
B 17461 7731   64   67
B 17471 7731   59   72
B 17481 7700   55   78
B 17491 7697   49   84
B 17501 7699   46   89
B 17511 7772   42   94
B 17521 7772   36  100
B 17531 7738   32  105
B 17541 7813   29  110
B 17551 7813   29  116
B 17561 7887   29  120
*** adj PULL_V2->75 
*** dt = 120 , A = 124 , rpm = 165 
B 17571 7958   74  125
B 17581 7960   74  129
B 17591 7978   74  133
B 17601 7973   74  137
B 17611 7970   74  141
B 17621 7974   74  145
B 17631 7761   74  151
B 17641 7767   74  157
B 17651 7763   74  164
B 17661 7659   74  170
B 17671 7659   74  176
B 17681 7590   74  184
pull out 188
B 17691 7624  -99  191
B 17701 7624  -99  198
B 17711 7692  -99  206
B 17721 7685  -99  214
B 17731 7689  -99  219
B 17741 7690  -99  226
B 17751 7477  -99  232
B 17761 7483  -99  236
B 17771 7660  -99  240
B 17781 7839  -99  242
B 17791 7840  -99  242
B 17801 7912  -99  242
B 17811 7734  -99  242
*** amax = 242  vhit = 98
B 17821 7736  -97  234
B 17831 7520  -97  224
B 17841 7378  -97  212
B 17851 7382  -97  200
B 17861 7379  -97  186
B 17871 7487  -97  171
B 17881 7487  -97  156
B 17891 7595  -97  140
B 17901 7740  -97  124
B 17911 7741  -97  107
B 17921 7742  -97   89
B 17931 7709  -97   71
B 17941 7707  -97   52
B 17951 7707  -97   33
B 17961 7744  -97   13
B 17971 7742  -97   -7
push -10 -10
push out at target
B 17981 7779   79  -18
B 17991 7779   79  -28
B 18001 7761   79  -38
B 18011 7791   79  -50
B 18021 7726   79  -61
B 18031 7730   79  -73
B 18041 7665   79  -85
B 18051 7772   79  -95
B 18061 7778   72 -105
B 18071 7849   72 -114
B 18081 7919   63 -118
B 18091 7922   22 -120
B 18101 7639    6 -120
B 18111 7501    9 -120
B 18121 7507    9 -116
B 18131 7547    9 -109
B 18141 7938    9 -103
B 18151 7938    9  -96
B 18161 8009    9  -89
B 18171 8045    9  -82
B 18181 8045    9  -77
B 18191 8045    9  -72
B 18201 8046    9  -67
pb end 
B 18211 8046   10  -62
B 18221 8080   10  -57
B 18231 8081   10  -53
B 18241 8080   10  -49
B 18251 8078   10  -44
B 18261 8078   10  -40
B 18271 8081   10  -35
B 18281 8080   10  -29
B 18291 8080   10  -24
B 18301 8078   10  -18
B 18311 8080   10  -13
B 18321 8081   10   -8
B 18331 8080   10   -4
B 18341 8080   10    0
B 18351 8081   10    2
B 18361 8078   10    4
B 18371 8080   10    6
B 18381 8083   10    8
B 18391 8080   10    8
SSS vs= 0.99  t=  243
%P VOLT1   = 7978
%P VOLT2   = 8234
%P S2_SC   =  0.99
%P L_ANG_MAX = 243
B 18401 8080   69    8
B 18411 8081   69    8
B 18421 8083   69    8
B 18431 8067   69    8
B 18441 8039   69    8
B 18451 8034   69    8
B 18461 8032   69    8
B 18471 7784   69    8
B 18481 7787   69    8
B 18491 7859   69    8
B 18501 7898   69    8
B 18511 7902   69   12
B 18521 7794   69   18
B 18531 7690   69   24
B 18541 7692   69   30
B 18551 7659   69   35
B 18561 7622   69   40
B 18572 7622   69   46
B 18582 7660   69   52
B 18593 7733   69   57
B 18604 7731   68   63
B 18614 7734   63   68
B 18624 7699   60   73
B 18634 7699   56   78
B 18644 7703   52   84
B 18654 7703   48   88
B 18664 7703   45   93
B 18674 7704   41   98
B 18685 7774   37  104
B 18697 7809   33  109
B 18707 7815   29  114
B 18717 7851   29  119
B 18727 7889   29  123
*** adj PULL_V2->80 
*** dt = 120 , A = 126 , rpm = 149 
B 18737 7892   79  127
B 18747 7998   79  130
B 18757 7984   79  134
B 18767 7974   79  137
B 18777 7971   79  140
B 18787 7973   79  144
B 18797 7976   79  149
B 18808 7696   79  154
B 18818 7695   79  160
B 18828 7697   79  167
B 18838 7554   79  173
B 18848 7553   79  180
pull out 185
B 18858 7554  -99  187
B 18868 7587  -99  194
B 18878 7622  -99  202
B 18888 7618  -99  210
B 18898 7621  -99  215
B 18908 7622  -99  221
B 18918 7625  -99  228
B 18928 7447  -99  232
B 18938 7733  -99  236
B 18948 7736  -99  239
B 18958 7808  -99  240
B 18968 7914  -99  240
B 18978 7914  -99  240
*** amax = 240  vhit = 101
B 18988 7808 -100  235
B 18998 7418 -100  224
B 19008 7418 -100  213
B 19018 7418 -100  201
B 19028 7453 -100  188
B 19038 7455 -100  174
B 19048 7490 -100  160
B 19058 7706 -100  144
B 19068 7706 -100  129
B 19078 7742 -100  112
B 19088 7744 -100   96
B 19098 7744 -100   78
B 19108 7744 -100   60
B 19118 7710 -100   42
B 19128 7710 -100   23
B 19138 7744 -100    3
push -10 -10
push out at target
B 19148 7779   79  -12
B 19158 7779   79  -20
B 19168 7772   79  -30
B 19178 7760   79  -40
B 19188 7763   79  -50
B 19198 7767   79  -62
B 19208 7559   79  -72
B 19218 7561   79  -80
B 19228 7706   55  -91
B 19238 7886   79 -100
B 19249 7889   63 -106
B 19259 7922   34 -108
B 19269 7786    6 -108
B 19279 7788    9 -108
B 19289 7581    9 -108
B 19299 7937    9 -101
B 19309 7938    9  -97
B 19319 8045    9  -90
B 19329 8046    9  -84
B 19339 8045    9  -79
B 19349 8045    9  -73
B 19359 8047    9  -69
pb end 
B 19369 8045   10  -65
B 19379 8046   10  -61
B 19389 8083   10  -57
B 19399 8081   10  -53
B 19409 8046   10  -50
B 19419 8080   10  -46
B 19429 8080   10  -44
B 19439 8083   10  -40
B 19449 8081   10  -36
B 19459 8083   10  -33
B 19469 8081   10  -30
B 19479 8081   10  -26
B 19489 8078   10  -23
B 19499 8083   10  -20
B 19509 8080   10  -16
B 19519 8080   10  -13
B 19529 8080   10  -10
B 19539 8080   10   -7
B 19549 8078   10   -4
B 19559 8080   10   -2
SSS vs= 0.99  t=  248
%P VOLT1   = 7978
%P VOLT2   = 8237
%P S2_SC   =  0.99
%P L_ANG_MAX = 248
B 19569 8083   69    0
B 19579 8081   69    2
B 19589 8081   69    3
B 19599 8077   69    3
B 19609 8048   69    3
B 19619 8035   69    3
B 19629 8035   69    3
B 19639 8038   69    3
B 19650 7794   69    4
B 19660 7865   69    4
B 19671 7936   69    4
B 19681 7936   69    6
B 19691 7936   69   10
B 19702 7795   69   16
B 19712 7795   69   23
B 19722 7727   69   29
B 19732 7658   69   35
B 19742 7660   69   40
B 19752 7619   69   46
B 19762 7697   69   52
B 19772 7699   69   56
B 19782 7734   68   62
B 19792 7736   65   67
B 19803 7737   61   72
B 19813 7737   57   78
B 19824 7703   54   83
B 19834 7701   50   88
B 19844 7738   47   92
B 19854 7777   45   96
B 19864 7777   42  101
B 19874 7781   38  105
B 19885 7813   35  110
B 19896 7887   32  115
B 19906 7887   29  119
B 19916 7923   29  122
B 19926 7960   29  126
*** adj PULL_V2->91 
*** dt = 120 , A = 129 , rpm = 115 
B 19936 7961   90  129
B 19946 7996   90  132
B 19956 7963   90  136
B 19966 7944   90  138
B 19976 7971   90  141
B 19986 7971   90  144
B 19996 7973   90  148
B 20006 7586   90  152
B 20016 7622   90  158
B 20026 7624   90  164
B 20036 7483   90  170
B 20046 7447   90  176
pull out 183
B 20056 7446  -99  183
B 20066 7483  -99  190
B 20076 7551  -99  196
B 20086 7547  -99  203
B 20096 7591  -99  207
B 20106 7415  -99  213
B 20116 7416  -99  218
B 20126 7737  -99  220
B 20136 7806  -99  223
B 20146 7808  -99  224
B 20156 7916  -99  224
B 20166 7881  -99  224
*** amax = 224  vhit = 112
B 20176 7881 -110  219
B 20186 7526 -110  208
B 20196 7490 -110  197
B 20206 7490 -110  188
B 20216 7527 -110  176
B 20226 7598 -110  161
B 20236 7601 -110  147
B 20246 7707 -110  132
B 20256 7744 -110  117
B 20266 7744 -110  103
B 20276 7779 -110   87
B 20286 7778 -110   72
B 20296 7781 -110   55
B 20306 7781 -110   38
B 20316 7781 -110   20
B 20326 7779 -110    2
push -10 -10
push out at target
B 20336 7779   79  -11
B 20346 7813   79  -19
B 20356 7808   79  -28
B 20366 7795   79  -37
B 20376 7801   79  -48
B 20386 7804   79  -57
B 20396 7666   79  -68
B 20406 7775   79  -76
B 20416 7777   55  -85
B 20426 7885   63  -94
B 20436 7924   63 -100
B 20446 7924   39 -104
B 20456 7856   22 -104
B 20466 7820    9 -104
B 20476 7823    9 -104
B 20486 7792    9 -104
B 20496 7761    9 -102
B 20506 7761    9  -98
B 20516 8010    9  -95
B 20526 8046    9  -90
B 20536 8046    9  -86
B 20546 8047    9  -81
B 20556 8046    9  -78
pb end 
B 20566 8046   10  -74
B 20576 8046   10  -72
B 20586 8081   10  -69
B 20596 8084   10  -66
B 20606 8083   10  -64
B 20616 8080   10  -62
B 20626 8081   10  -60
B 20636 8080   10  -59
B 20646 8083   10  -58
B 20656 8083   10  -58
B 20666 8081   10  -58
B 20676 8083   10  -58
B 20686 8081   10  -58
B 20696 8081   10  -58
B 20706 8081   10  -58
B 20716 8081   10  -58
B 20726 8081   10  -58
B 20736 8083   10  -58
B 20746 8081   10  -58
SSS vs= 0.99  t=  253
%P VOLT1   = 7978
%P VOLT2   = 8237
%P S2_SC   =  0.99
%P L_ANG_MAX = 253
B 20756 8081   69  -58
B 20766 8081   69  -58
B 20776 8081   69  -57
B 20786 8081   69  -57
B 20796 8049   69  -57
B 20806 8038   69  -56
B 20816 8036   69  -56
B 20826 7722   69  -52
B 20836 7722   69  -52
B 20846 7868   69  -50
B 20856 7869   69  -49
B 20866 7868   69  -49
B 20876 7905   69  -49
B 20886 7832   69  -49
B 20896 7831   69  -49
B 20906 7655   69  -49
B 20916 7656   69  -49
B 20926 7659   69  -49
B 20936 7696   69  -49
B 20946 7663   69  -49
B 20956 7663   69  -49
B 20966 7701   69  -49
B 20976 7701   69  -49
B 20986 7700   69  -49
B 20996 7700   69  -49
B 21006 7700   69  -49
B 21016 7701   69  -49
B 21026 7701   69  -49
B 21036 7737   69  -49
B 21046 7737   69  -49
B 21056 7738   69  -48
B 21066 7774   69  -48
B 21076 7775   69  -49
B 21086 7738   69  -49
B 21096 7775   69  -49
B 21106 7774   69  -49
B 21116 7775   69  -49
B 21126 7775   69  -48
B 21137 7775   69  -46
B 21147 7812   69  -45
B 21157 7775   69  -42
B 21167 7775   69  -38
B 21177 7810   69  -33
B 21187 7847   69  -28
B 21197 7847   69  -23
B 21207 7810   69  -17
B 21217 7847   69  -11
B 21227 7846   69   -4
B 21237 7847   69    2
B 21247 7885   69    8
pull bail out
B 21258 7886    9   14
B 21268 7883    9   20
B 21278 7892    9   25
B 21288 7899    9   29
B 21299 7901    9   33
B 21309 7904    9   36
B 21319 8046    9   37
B 21329 8046    9   37
B 21339 8045 -101   37
B 21349 8045 -101   37
B 21359 8084 -101   37
B 21369 8059 -101   37
B 21379 8045 -101   37
B 21389 8045 -101   37
B 21399 8048 -101   37
B 21409 8048 -101   37
*** amax = 37  vhit = 127
B 21419 7767 -128   32
B 21429 7839 -128   25
B 21439 7839 -128   20
B 21449 7913 -128   14
B 21459 7949 -128    8
B 21469 7949 -128    1
B 21479 7914 -128   -6
B 21489 7879 -128   -9
push -10 -10
push out at target
B 21499 7879   81  -13
B 21509 7771   81  -17
B 21519 7768   81  -22
B 21529 7769   81  -28
B 21539 7772   81  -29
B 21549 7774   81  -35
B 21559 7774   81  -40
B 21569 7882   81  -44
B 21579 7919   23  -48
B 21589 7919   23  -51
B 21599 7957   14  -52
B 21609 7967    0  -52
B 21619 7972   10  -52
B 21629 7832   10  -52
B 21639 7938   10  -52
B 21649 7940   10  -52
B 21659 8045   10  -50
B 21669 8081   10  -46
B 21679 8083   10  -42
B 21689 8045   10  -38
B 21699 8047   10  -33
pb end 
B 21709 8046   10  -29
B 21719 8081   10  -24
B 21729 8083   10  -20
B 21739 8081   10  -16
B 21749 8081   10  -11
B 21759 8081   10   -7
B 21769 8081   10   -3
B 21779 8083   10    0
B 21789 8083   10    3
B 21799 8081   10    4
B 21809 8083   10    6
B 21819 8081   10    7
B 21829 8081   10    7
B 21839 8081   10    7
B 21849 8081   10    7
B 21859 8083   10    7
B 21869 8083   10    7
B 21879 8081   10    7
B 21889 8081   10    7
B 21899 8083   10    6
SSS vs= 1.02  t=  258
%P VOLT1   = 7978
%P VOLT2   = 8237
%P S2_SC   =  0.99
%P L_ANG_MAX = 258
B 21909 8083   69    6
B 21919 8080   69    6
B 21929 8083   69    6
B 21939 8078   69    4
B 21949 8046   69    2
B 21959 8038   69    1
B 21969 8038   69    0
B 21979 8042   69   -1
B 21989 7795   69   -1
B 21999 7832   69   -1
B 22009 7835   69   -1
B 22019 7905   69    0
B 22029 7910   69    0
B 22039 7913   69    4
B 22049 7837   69    9
B 22059 7804   69   16
B 22069 7804   69   21
B 22079 7768   69   26
B 22089 7767   69   31
B 22099 7768   69   36
B 22109 7839   69   40
B 22119 7840   69   44
B 22129 7840   69   48
B 22139 7843   69   51
B 22150 7806   69   54
B 22161 7808   69   57
B 22171 7806   69   59
B 22181 7843   69   60
B 22191 7808   68   62
B 22201 7806   68   63
B 22211 7842   67   64
B 22221 7840   67   65
B 22232 7845   66   66
B 22242 7845   66   66
B 22252 7881   65   67
B 22263 7882   65   67
B 22274 7846   65   67
B 22284 7882   65   67
B 22294 7881   65   67
B 22304 7847   65   67
B 22315 7883   65   67
B 22326 7883   65   67
B 22336 7883   65   67
B 22346 7883   65   67
B 22357 7919   65   67
B 22367 7919   65   67
B 22377 7920   65   67
B 22387 7883   65   67
B 22397 7885   65   67
B 22408 7919   65   67
pull bail out
B 22418 7920  -99   67
B 22428 7916  -99   67
B 22438 7913  -99   67
B 22448 7914  -99   67
B 22458 7914  -99   67
B 22468 7882  -99   67
B 22478 7916  -99   67
B 22488 7916  -99   67
B 22498 7951  -99   67
*** amax = 67  vhit = 127
B 22508 7953 -125   63
B 22518 7953 -125   56
B 22528 7954 -125   51
B 22538 7954 -125   45
B 22548 7954 -125   38
B 22558 7954 -125   31
B 22568 7919 -125   24
B 22578 7917 -125   17
B 22588 7919 -125    9
B 22598 7953 -125   -1
B 22608 7955 -125   -7
push -10 -10
push out at target
B 22618 7954   79  -10
B 22628 7992   79  -13
B 22638 7990   79  -18
B 22648 7949   79  -22
B 22658 7949   79  -26
B 22668 7951   79  -30
B 22678 7953   79  -32
B 22688 7953   79  -35
B 22698 7955   14  -39
B 22708 7957   22  -42
B 22718 7996   14  -46
B 22728 8002   22  -49
B 22738 8005   14  -52
B 22748 8008   14  -54
B 22759 8009    6  -57
B 22769 8045   12  -58
B 22779 8081    0  -60
B 22789 8081    6  -60
B 22799 8083    9  -60
B 22809 8083    9  -60
B 22819 8081    9  -60
B 22829 8083    9  -60
B 22839 8081    9  -60
B 22849 8083    9  -60
B 22859 8083    9  -60
B 22869 8083    9  -60
B 22879 8083    9  -60
pb end 
B 22889 8083   10  -60
B 22899 8083   10  -60
B 22909 8084   10  -60
B 22919 8083   10  -60
B 22929 8083   10  -60
B 22939 8078   10  -60
B 22949 8081   10  -60
B 22959 8083   10  -60
B 22969 8081   10  -60
B 22979 8083   10  -60
B 22989 8081   10  -60
B 22999 8081   10  -60
B 23009 8083   10  -60
B 23019 8081   10  -60
B 23029 8080   10  -60
B 23039 8081   10  -60
B 23049 8081   10  -60
B 23059 8080   10  -60
B 23069 8083   10  -60
B 23079 8081   10  -60
SSS vs= 0.99  t=  263
%P VOLT1   = 7978
%P VOLT2   = 8241
%P S2_SC   =  0.99
%P L_ANG_MAX = 263
B 23089 8083   69  -60
B 23099 8081   69  -60
B 23109 8078   69  -60
B 23119 8048   69  -60
B 23129 8041   69  -60
B 23139 8039   69  -60
B 23149 8042   69  -60
B 23159 7831   69  -60
B 23169 7869   69  -60
B 23179 7871   69  -60
B 23189 7872   69  -60
B 23199 7873   69  -56
B 23209 7873   69  -52
B 23219 7839   69  -46
B 23229 7873   69  -41
B 23239 7909   69  -36
B 23250 7909   69  -29
B 23260 7906   69  -22
B 23271 7946   69  -14
B 23281 7944   69   -8
B 23291 7946   69    0
B 23301 7947   69    6
B 23312 7949   69   14
B 23322 7950   69   20
B 23332 7950   69   25
B 23342 7950   69   30
B 23352 7950   69   34
B 23362 7949   69   38
B 23372 7951   69   41
B 23382 7953   69   44
B 23392 7951   69   46
B 23402 7950   69   47
B 23412 7949   69   48
B 23422 7949   69   49
B 23432 7947   69   50
B 23442 7949   69   50
B 23452 7950   69   50
B 23462 7950   69   50
B 23472 7951   69   50
B 23482 7988   69   50
B 23492 7987   69   50
B 23502 7991   69   50
B 23512 7988   69   50
B 23522 7988   69   50
B 23532 8025   69   50
B 23542 7988   69   50
B 23552 7990   69   50
B 23562 7990   69   50
B 23572 7990   69   50
B 23582 7990   69   50
pull bail out
B 23592 7990    9   50
B 23602 7990    9   50
B 23612 7990    9   50
B 23622 8002    9   50
B 23632 8005    9   50
B 23642 8010    9   50
B 23652 8009    9   50
B 23662 8083    9   50
B 23672 8083 -100   50
B 23682 8081 -100   50
B 23692 8060 -100   50
B 23702 8052 -100   50
*** amax = 50  vhit = 127
B 23712 8050 -127   49
B 23722 7946 -127   47
B 23732 7947 -127   44
B 23742 7947 -127   41
B 23752 7949 -127   37
B 23762 7950 -127   34
B 23772 7984 -127   30
B 23782 7984 -127   25
B 23792 7985 -127   20
B 23802 7985 -127   13
B 23812 7987 -127    8
B 23822 7987 -127    3
B 23832 7987 -127   -3
B 23842 7990 -127   -6
B 23852 7987 -127   -8
push -10 -10
push out at target
B 23862 7988   80  -11
B 23872 7953   80  -14
B 23882 7951   80  -18
B 23892 7947   80  -22
B 23902 7984   80  -26
B 23912 7987   80  -29
B 23922 7951   80  -32
B 23932 7987   80  -35
B 23942 7990   14  -38
B 23952 8023   14  -42
B 23962 7999   23  -45
B 23973 8005   14  -49
B 23983 8005   20  -52
B 23993 8078   14  -55
B 24003 8076   14  -57
B 24013 8078    6  -60
B 24023 8083   14  -60
B 24033 8081   10  -61
B 24043 8080   10  -61
B 24053 8083   10  -61
B 24063 8081   10  -61
B 24073 8083   10  -61
B 24083 8081   10  -61
B 24093 8081   10  -61
B 24103 8083   10  -61
B 24113 8081   10  -61
pb end 
B 24123 8081   10  -61
B 24133 8083   10  -61
B 24143 8081   10  -61
B 24153 8081   10  -61
B 24163 8083   10  -61
B 24173 8117   10  -61
B 24183 8118   10  -61
B 24193 8083   10  -61
B 24203 8083   10  -61
B 24213 8081   10  -61
B 24223 8081   10  -61
B 24233 8081   10  -61
B 24243 8081   10  -61
B 24253 8081   10  -61
B 24263 8081   10  -61
B 24273 8083   10  -61
B 24283 8081   10  -61
B 24293 8083   10  -61
B 24303 8083   10  -61
B 24313 8081   10  -61
SSS vs= 1.00  t=  268
%P VOLT1   = 7978
%P VOLT2   = 8241
%P S2_SC   =  0.99
%P L_ANG_MAX = 268
B 24323 8081   69  -61
B 24333 8083   69  -61
B 24343 8083   69  -61
B 24353 8067   69  -61
B 24363 8042   69  -61
B 24373 8036   69  -61
B 24383 8038   69  -61
B 24394 8039   69  -61
B 24404 7865   69  -61
B 24414 7899   69  -61
B 24424 7903   69  -61
B 24434 7905   69  -61
B 24444 7909   69  -60
B 24456 7944   69  -56
B 24466 7944   69  -52
B 24476 7949   69  -50
B 24486 7949   69  -47
B 24496 7947   69  -44
B 24506 7984   69  -40
B 24516 7985   69  -34
B 24526 7985   69  -29
B 24536 7985   69  -24
B 24546 7987   69  -19
B 24556 7985   69  -14
B 24566 7987   69   -8
B 24576 7985   69   -3
B 24586 7985   69    2
B 24596 8022   69    8
B 24607 7985   69   12
B 24617 7985   69   17
B 24627 7984   69   21
B 24637 7985   69   24
B 24647 7984   69   26
B 24657 7984   69   28
B 24667 7985   69   30
B 24677 7987   69   32
B 24687 7987   69   32
B 24697 7987   69   32
B 24707 7987   69   32
B 24717 7987   69   32
B 24727 7987   69   32
B 24738 7990   69   32
B 24748 7988   69   32
B 24758 7990   69   32
B 24768 7988   69   32
B 24778 7988   69   32
B 24788 7988   69   32
B 24798 7990   69   32
B 24809 7991   69   32
B 24820 7990   69   32
pull bail out
B 24831 7992  -98   32
B 24841 7988  -98   32
B 24851 7987  -98   32
B 24861 7987  -98   32
B 24871 7987  -98   32
B 24881 7987  -98   32
B 24891 7990  -98   32
B 24901 7990  -98   32
B 24911 7988  -98   32
*** amax = 32  vhit = 127
B 24921 7988 -125   31
B 24931 7990 -125   28
B 24941 7990 -125   24
B 24951 7991 -125   21
B 24961 7990 -125   18
B 24971 7991 -125   14
B 24981 7991 -125   11
B 24991 7990 -125    4
B 25001 7990 -125    0
B 25011 8026 -125   -4
B 25021 8025 -125   -5
B 25031 7991 -125   -7
B 25041 7990 -125   -9
push -10 -10
push out at target
B 25051 7991   79  -11
B 25061 7991   79  -13
B 25071 7988   79  -16
B 25081 7987   79  -18
B 25091 7988   79  -21
B 25101 7990   79  -24
B 25111 7988   79  -25
B 25121 7991   79  -27
B 25131 8026    6  -29
B 25141 8028    6  -32
B 25151 8036   14  -33
B 25161 8043    0  -35
B 25171 8045    6  -36
B 25181 8045    0  -37
B 25191 8083    0  -37
B 25201 8084    9  -38
B 25211 8084    9  -38
B 25221 8083    9  -38
B 25231 8081    9  -38
B 25241 8084    9  -38
B 25251 8084    9  -38
B 25261 8081    9  -38
B 25271 8083    9  -38
B 25281 8088    9  -38
pb end 
B 25291 8080   10  -38
B 25301 8083   10  -38
B 25311 8083   10  -38
B 25321 8081   10  -38
B 25331 8083   10  -36
B 25341 8081   10  -34
B 25351 8081   10  -32
B 25361 8083   10  -29
B 25371 8080   10  -26
B 25381 8081   10  -24
B 25391 8083   10  -20
B 25401 8083   10  -17
B 25411 8081   10  -14
B 25421 8083   10  -11
B 25431 8081   10   -8
B 25441 8081   10   -6
B 25451 8083   10   -4
B 25461 8080   10   -2
B 25471 8081   10   -1
B 25481 8084   10   -1
B 25491 8081   10    0
SSS vs= 0.99  t=  273
%P VOLT1   = 7978
%P VOLT2   = 8241
%P S2_SC   =  0.99
%P L_ANG_MAX = 273
B 25501 8081   69    0
B 25511 8083   69    0
B 25521 8078   69    0
B 25531 8049   69    0
B 25541 8041   69    0
B 25551 8042   69    0
B 25561 8042   69    0
B 25571 7905   69    0
B 25581 7940   69    0
B 25591 7943   69    0
B 25601 7980   69    0
B 25611 7978   69    0
B 25621 7977   69    0
B 25631 7980   69    0
B 25641 7944   69    4
B 25651 7943   69    8
B 25661 7943   69   12
B 25671 7981   69   15
B 25681 7981   69   18
B 25691 7981   69   20
B 25701 7984   69   21
B 25711 7984   69   22
B 25721 7985   69   22
B 25731 7987   69   22
B 25741 7985   69   22
B 25751 7987   69   22
B 25761 7985   69   22
B 25771 7985   69   22
B 25781 7988   69   22
B 25791 7985   69   22
B 25801 7988   69   22
B 25811 7988   69   22
B 25821 7988   69   22
B 25831 7988   69   22
B 25841 7990   69   22
B 25851 7990   69   22
B 25861 7988   69   22
B 25871 7990   69   22
B 25881 7988   69   22
B 25891 7990   69   22
B 25901 7990   69   22
B 25911 8025   69   22
B 25921 8025   69   22
B 25931 8025   69   22
B 25941 8028   69   22
B 25951 8026   69   22
B 25961 8025   69   22
B 25971 8028   69   22
B 25981 8025   69   22
pull bail out
B 25991 8028  -98   22
B 26001 8026  -98   22
B 26011 8025  -98   22
B 26021 8022  -98   22
B 26031 8028  -98   22
B 26041 8023  -98   22
B 26051 7990  -98   22
B 26061 7990  -98   22
B 26071 7988  -98   23
*** amax = 23  vhit = 127
B 26081 8026 -125   22
B 26091 8026 -125   22
B 26101 8025 -125   22
B 26111 8025 -125   21
B 26121 8028 -125   18
B 26131 8025 -125   16
B 26141 8026 -125   12
B 26151 8028 -125   10
B 26161 8025 -125    4
B 26171 8026 -125    1
B 26181 8026 -125   -2
B 26191 8025 -125   -4
B 26201 8028 -125   -6
B 26211 8026 -125   -8
B 26221 8026 -125   -9
push -10 -10
push out at target
B 26231 7991   79  -10
B 26241 7991   79  -12
B 26251 7990   79  -15
B 26261 7990   79  -17
B 26271 7990   79  -20
B 26281 7990   79  -22
B 26291 7992   79  -23
B 26301 8026   79  -24
B 26311 8028    0  -24
B 26321 8026    9  -24
B 26331 8026    9  -24
B 26341 8039    9  -24
B 26351 8042    9  -24
B 26361 8045    9  -24
B 26371 8047    9  -24
B 26381 8081    9  -24
B 26391 8083    9  -24
B 26401 8083    9  -24
pb end 
B 26411 8081   10  -24
B 26421 8084   10  -24
B 26431 8081   10  -24
B 26441 8083   10  -24
B 26451 8083   10  -24
B 26461 8081   10  -21
B 26471 8081   10  -18
B 26481 8083   10  -16
B 26491 8081   10  -13
B 26501 8081   10  -11
B 26511 8084   10   -8
B 26521 8084   10   -6
B 26531 8081   10   -4
B 26541 8118   10   -2
B 26551 8117   10   -1
B 26561 8080   10    0
B 26571 8084   10    0
B 26581 8081   10    0
B 26591 8083   10    0
B 26601 8083   10    0
SSS vs= 0.99  t=  278
%P VOLT1   = 7978
%P VOLT2   = 8237
%P S2_SC   =  0.99
%P L_ANG_MAX = 278
B 26612 8083   69    0
B 26623 8084   69    0
B 26633 8083   69    0
B 26643 8055   69    0
B 26653 8046   69    0
B 26663 8045   69    0
B 26674 8046   69    0
B 26684 7941   69    0
B 26694 7981   69    0
B 26706 7982   69    0
B 26717 7982   69    0
B 26728 7984   69    0
B 26738 7984   69    0
B 26748 7985   69    0
B 26758 7985   69    0
B 26768 7985   69    0
B 26778 7981   69    2
B 26788 7980   69    4
B 26798 7981   69    8
B 26809 7982   69   10
B 26819 7984   69   12
B 26829 7985   69   14
B 26841 7988   69   15
B 26852 7985   69   16
B 26862 8022   69   16
B 26872 8023   69   16
B 26883 8023   69   16
B 26893 8023   69   16
B 26903 7988   69   16
B 26913 7990   69   16
B 26923 7988   69   16
B 26933 8025   69   16
B 26943 8023   69   16
B 26953 8025   69   16
B 26963 8025   69   16
B 26973 8026   69   16
B 26984 8025   69   16
B 26994 8025   69   16
B 27004 8026   69   16
B 27014 8026   69   16
B 27024 8026   69   16
B 27036 8026   69   16
B 27046 8026   69   16
B 27056 8025   69   16
B 27066 8026   69   16
B 27076 8026   69   16
B 27086 8028   69   16
B 27096 8029   69   16
B 27107 8028   69   16
pull bail out
B 27117 8028  -99   16
B 27127 8026  -99   16
B 27137 8026  -99   16
B 27147 8025  -99   16
B 27157 8023  -99   16
B 27167 8023  -99   16
B 27177 8023  -99   16
B 27187 8026  -99   16
B 27197 8026  -99   16
B 27207 8026  -99   16
B 27217 8028  -99   16
*** amax = 16  vhit = 127
B 27227 8028 -125   15
B 27237 8026 -125   15
B 27247 8026 -125   14
B 27257 8026 -125   14
B 27267 8028 -125   12
B 27277 8028 -125    9
B 27287 8026 -125    8
B 27297 8028 -125    3
B 27307 8028 -125    0
B 27317 8028 -125   -2
B 27327 8028 -125   -4
B 27337 8028 -125   -4
B 27347 8028 -125   -6
B 27357 8028 -125   -7
B 27367 8026 -125   -8
B 27377 8026 -125  -10
push -10 -10
push out at target
B 27387 8025   79  -12
B 27397 8025   79  -14
B 27407 8026   79  -16
B 27417 8028   79  -16
B 27427 8026   79  -16
B 27437 8026   79  -16
B 27447 8028   79  -16
B 27457 8029   79  -16
B 27467 8028    9  -16
B 27477 8029    9  -16
B 27487 8035    9  -16
B 27497 8042    9  -16
B 27507 8045    9  -16
B 27517 8081    9  -16
B 27527 8083    9  -16
B 27537 8081    9  -16
B 27547 8083    9  -16
B 27557 8081    9  -16
pb end 
B 27567 8083   10  -16
B 27577 8083   10  -14
B 27587 8083   10  -12
B 27597 8083   10  -10
B 27607 8081   10   -8
B 27617 8083   10   -6
B 27627 8083   10   -4
B 27637 8078   10   -3
B 27647 8084   10   -1
B 27657 8083   10    0
B 27667 8083   10    0
B 27677 8081   10    0
B 27687 8081   10    0
B 27697 8083   10    0
B 27707 8081   10    0
B 27717 8083   10    0
B 27727 8083   10    0
B 27737 8081   10    0
B 27747 8083   10    0
B 27757 8083   10    0
SSS vs= 0.99  t=  283
%P VOLT1   = 7978
%P VOLT2   = 8237
%P S2_SC   =  0.99
%P L_ANG_MAX = 283
B 27768 8081   69    0
B 27778 8081   69    0
B 27789 8080   69    0
B 27799 8053   69    0
B 27809 8045   69    0
B 27819 8046   69    0
B 27831 7943   69    0
B 27842 7944   69    0
B 27852 7981   69    0
B 27862 7982   69    0
B 27873 7984   69    0
B 27883 7982   69    0
B 27893 7985   69    0
B 27904 7984   69    0
B 27914 8018   69    1
B 27924 7982   69    4
B 27936 7984   69    6
B 27947 7985   69    8
B 27957 7984   69    9
B 27967 8021   69   10
B 27978 8022   69   11
B 27988 7988   69   11
B 27999 7988   69   11
B 28009 7990   69   11
B 28019 8023   69   11
B 28029 8025   69   11
B 28039 8023   69   11
B 28049 8025   69   11
B 28059 8026   69   11
B 28069 8025   69   11
B 28079 8026   69   11
B 28089 8026   69   11
B 28099 8025   69   11
B 28109 8026   69   11
B 28120 8028   69   11
B 28131 8028   69   11
B 28142 8025   69   11
B 28152 8026   69   11
B 28162 8031   69   11
B 28173 8028   69   11
B 28183 8025   69   11
B 28193 8028   69   11
B 28203 8028   69   11
B 28213 8028   69   11
B 28223 8028   69   11
B 28234 8028   69   11
B 28244 8029   69   11
B 28254 8026   69   11
pull bail out
B 28264 8028  -99   11
B 28274 8058  -99   11
B 28284 8022  -99   11
B 28294 8022  -99   11
B 28304 8017  -99   11
B 28314 8026  -99   11
B 28324 8026  -99   11
B 28334 8026  -99   11
B 28344 8026  -99   11
*** amax = 11  vhit = 127
B 28354 8028 -125   10
B 28364 8026 -125   10
B 28374 8029 -125   10
B 28384 8028 -125   10
B 28394 8028 -125   10
B 28404 8026 -125    9
B 28414 8031 -125    8
B 28424 8026 -125    6
B 28434 8028 -125    2
B 28444 8028 -125    0
B 28454 8028 -125   -1
B 28464 8028 -125   -3
B 28474 8028 -125   -4
B 28484 8028 -125   -4
B 28494 8028 -125   -5
B 28504 8026 -125   -6
B 28514 8026 -125   -8
B 28524 8025 -125   -9
push -10 -10
push out at target
B 28534 8025   79  -11
B 28544 8023   79  -12
B 28554 8026   79  -13
B 28564 8026   79  -14
B 28574 8029   79  -14
B 28584 8029   79  -14
B 28594 8029   79  -14
B 28604 8029   79  -14
B 28614 8031    9  -14
B 28624 8035    9  -14
B 28634 8043    9  -14
B 28644 8046    9  -14
B 28654 8046    9  -14
B 28664 8081    9  -14
B 28674 8084    9  -14
B 28684 8081    9  -14
B 28694 8083    9  -14
B 28704 8084    9  -14
pb end 
B 28714 8083   10  -14
B 28724 8083   10  -14
B 28734 8083   10  -13
B 28744 8083   10  -11
B 28754 8078   10   -9
B 28764 8083   10   -8
B 28774 8083   10   -6
B 28784 8083   10   -5
B 28794 8083   10   -4
B 28804 8083   10   -4
B 28814 8083   10   -4
B 28824 8083   10   -4
B 28834 8083   10   -4
B 28844 8081   10   -4
B 28854 8083   10   -4
B 28864 8083   10   -4
B 28874 8083   10   -4
B 28884 8083   10   -4
B 28894 8081   10   -4
B 28904 8084   10   -4
SSS vs= 0.99  t=  288
%P VOLT1   = 7978
%P VOLT2   = 8241
%P S2_SC   =  0.99
%P L_ANG_MAX = 288
B 28914 8084   69   -4
B 28924 8074   69   -4
B 28934 8052   69   -4
B 28944 8046   69   -4
B 28954 8048   69   -4
B 28964 8014   69   -4
B 28974 7980   69   -4
B 28984 7981   69   -4
B 28994 7984   69   -4
B 29004 7985   69   -4
B 29014 7985   69   -4
B 29024 8021   69   -4
B 29034 8021   69   -4
B 29044 8022   69   -4
B 29054 8023   69   -4
B 29064 8022   69   -3
B 29074 8021   69    0
B 29084 8019   69    4
B 29094 7982   69    6
B 29104 7985   69    9
B 29114 7985   69   12
B 29124 8022   69   13
B 29134 8025   69   14
B 29145 8023   69   15
B 29155 8022   69   15
B 29167 8023   69   15
B 29177 8025   69   15
B 29187 8023   69   15
B 29198 8028   69   15
B 29208 8028   69   15
B 29218 8026   69   15
B 29228 8026   69   15
B 29238 8026   69   15
B 29249 8026   69   15
B 29259 8028   69   15
B 29269 8026   69   15
B 29279 8028   69   15
B 29289 8031   69   15
B 29299 8028   69   15
B 29309 8026   69   15
B 29319 8028   69   15
B 29329 8028   69   15
B 29339 8028   69   15
B 29349 8029   69   15
B 29359 8029   69   15
B 29369 8028   69   15
B 29380 8029   69   15
B 29391 8026   69   15
B 29401 8029   69   15
pull bail out
B 29411 8023  -98   15
B 29421 8028  -98   15
B 29431 8028  -98   15
B 29441 8026  -98   15
B 29451 8025  -98   15
B 29461 8026  -98   15
B 29471 8026  -98   15
B 29481 8025  -98   15
B 29491 8026  -98   15
B 29501 8025  -98   15
B 29511 8028  -98   15
B 29521 8028  -98   15
*** amax = 15  vhit = 127
B 29531 8026 -125   14
B 29541 8028 -125   14
B 29551 8028 -125   12
B 29561 8028 -125   10
B 29571 8028 -125    8
B 29581 8029 -125    6
B 29591 8026 -125    1
B 29601 8029 -125   -1
B 29611 8029 -125   -3
B 29621 8029 -125   -4
B 29631 8029 -125   -4
B 29641 8029 -125   -5
B 29651 8028 -125   -6
B 29661 8028 -125   -8
B 29671 8026 -125   -9
push -10 -10
push out at target
B 29681 8025   79  -11
B 29691 8021   79  -12
B 29701 8026   79  -14
B 29711 8026   79  -15
B 29721 8028   79  -16
B 29731 8028   79  -16
B 29741 8031   79  -16
B 29751 8029   79  -16
B 29761 8028    9  -16
B 29771 8028    9  -16
B 29781 8031    9  -16
B 29791 8035    9  -16
B 29801 8040    9  -16
B 29811 8043    9  -16
B 29821 8047    9  -16
B 29831 8083    9  -16
B 29841 8083    9  -16
B 29851 8081    9  -16
pb end 
B 29861 8083   10  -16
B 29871 8118   10  -16
B 29881 8118   10  -16
B 29891 8083   10  -14
B 29901 8081   10  -12
B 29911 8083   10  -10
B 29921 8083   10   -8
B 29931 8083   10   -6
B 29941 8084   10   -5
B 29951 8083   10   -4
B 29961 8083   10   -3
B 29971 8083   10   -2
B 29981 8081   10   -2
B 29991 8083   10   -2
B 30001 8083   10   -2
B 30011 8084   10   -2
B 30021 8083   10   -2
B 30031 8086   10   -2
B 30041 8076   10   -2
B 30051 8083   10   -2
SSS vs= 0.99  t=  293
%P VOLT1   = 7978
%P VOLT2   = 8237
%P S2_SC   =  0.99
%P L_ANG_MAX = 293
B 30061 8083   69   -2
B 30071 8084   69   -2
B 30081 8062   69   -2
B 30091 8052   69   -2
B 30101 8048   69   -2
B 30111 7980   69   -2
B 30121 7978   69   -2
B 30131 7985   69   -2
B 30141 7982   69   -2
B 30151 7982   69   -2
B 30161 8022   69   -2
B 30171 8022   69   -2
B 30181 8022   69   -2
B 30191 8019   69   -2
B 30201 8021   69   -2
B 30211 8022   69   -1
B 30221 8025   69    1
B 30232 8021   69    4
B 30242 8022   69    6
B 30252 8023   69    8
B 30262 8022   69    9
B 30272 8023   69   10
B 30282 8023   69   10
B 30292 8023   69   10
B 30302 8025   69   10
B 30312 8026   69   10
pull bail out
push bail out 
** 30330
2_28_bew_8 test-1 volt=0.82 ang= 183.0 rpm= 367 316.0 351.5 375.0 
2_28_bew_8 test-2 volt=8.13 ang= 189.0 rpm= 369 324.9 355.3 372.4 
2_28_bew_8 test-3 volt=8.13 ang= 188.0 rpm= 370 323.0 359.1 377.5 
2_28_bew_8 test-4 volt=8.12 ang= 191.0 rpm= 376 328.9 359.2 384.1 
2_28_bew_8 test-5 volt=8.12 ang= 196.0 rpm= 376 327.6 363.2 376.1 
2_28_bew_8 test-6 volt=8.12 ang= 199.0 rpm= 383 335.6 365.9 388.2 
2_28_bew_8 test-7 volt=8.12 ang= 194.0 rpm= 373 326.2 358.3 376.1 
2_28_bew_8 test-8 volt=8.08 ang= 204.0 rpm= 384 336.9 370.9 383.0 
2_28_bew_8 test-9 volt=8.08 ang= 204.0 rpm= 382 333.3 361.9 383.0 
2_28_bew_8 test-10 volt=8.08 ang= 199.0 rpm= 379 333.1 363.2 383.3 
2_28_bew_8 test-11 volt=8.08 ang= 206.0 rpm= 389 339.0 370.4 394.3 
2_28_bew_8 test-12 volt=8.07 ang= 201.0 rpm= 373 332.7 361.4 379.3 
2_28_bew_8 test-13 volt=8.07 ang= 207.0 rpm= 382 335.2 370.8 391.6 
2_28_bew_8 test-14 volt=8.07 ang= 214.0 rpm= 383 340.9 370.6 389.8 
2_28_bew_8 test-15 volt=8.07 ang= 193.0 rpm= 366 317.0 348.6 371.8 
2_28_bew_8 test-16 volt=8.07 ang= 204.0 rpm= 365 322.1 353.2 367.4 
2_28_bew_8 test-17 volt=8.07 ang= 220.0 rpm= 355 314.4 341.2 356.7 
2_28_bew_8 test-18 volt=8.07 ang= 219.0 rpm= 347 301.7 327.6 344.8 
2_28_bew_8 test-19 volt=8.04 ang= 220.0 rpm= 317 281.4 301.5 319.1 
2_28_bew_8 test-20 volt=8.04 ang= 242.0 rpm= 327 297.0 315.1 325.0 
2_28_bew_8 test-21 volt=8.05 ang= 240.0 rpm= 315 289.0 306.1 316.2 
2_28_bew_8 test-22 volt=8.04 ang= 224.0 rpm= 294 263.6 279.4 293.5 