SSS vs= 0.98  t=  186
%P VOLT1   = 8214
%P VOLT2   = 8185
%P S2_SC   =  0.98
%P L_ANG_MAX = 186
B   0 820   68   -3
B  10 8202   68   -3
B  20 8202   68   -3
B  30 8093   68   -3
B  40 8058   68   -3
B  50 8070   68   -3
B  60 8073   68   -3
B  70 7800   68    0
B  80 7782   68    6
B  91 7746   68   15
B 101 7708   68   24
B 111 7519   68   32
B 123 7545   68   41
B 134 7559   68   51
B 144 7629   68   61
B 154 7723   29   69
B 164 7726   29   79
B 174 7786   29   89
*** adj PULL_V2->52 
*** dt = 49 , A = 97 , rpm = 332 
B 184 7807   50  101
B 194 7829   50  110
B 204 7839   50  119
B 214 8024   50  127
B 224 8024   50  137
pull out 141
B 234 8024  -97  145
B 244 7992  -97  153
B 254 7985  -97  161
B 264 7838  -97  171
B 274 7805  -97  178
B 284 7840  -97  186
B 294 7860  -97  194
B 304 7343  -97  200
B 314 7340  -97  205
B 324 7590  -97  205
B 334 7574  -97  205
*** amax = 205  vhit = 91
B 344 7523  -88  203
B 354 7475  -88  189
B 364 7259  -88  175
B 374 7324  -88  158
B 384 7187  -88  141
B 394 7279  -88  123
B 404 7305  -88  104
B 414 7562  -88   83
B 424 7667  -88   61
B 434 7667  -88   37
B 444 7745  -88   13
B 454 7762  -88   -8
push -11 -10
push out at target
B 464 7762   78  -18
B 474 7723   78  -29
B 484 7672   78  -43
B 494 7711   78  -55
B 504 7761   78  -69
B 514 7593   78  -83
B 524 7610   78  -97
B 534 7640   78 -107
B 544 7603   71 -112
B 554 7551   30 -112
B 564 7627    9 -112
B 574 7603    9 -105
B 584 7687    9  -92
B 594 7514    9  -81
B 604 7782    9  -67
B 614 7791    9  -53
B 624 8114    9  -40
B 634 8117    9  -26
B 644 8118    9  -13
pb end 
B 654 8118   10    0
B 664 8121   10   11
B 674 8120   10   20
B 684 8157   10   25
B 694 8155   10   29
B 704 8158   10   32
B 714 8157   10   33
B 724 8157   10   33
B 734 8158   10   33
B 744 8157   10   33
B 754 8158   10   34
B 764 8157   10   34
B 774 8157   10   34
B 784 8192   10   34
B 794 8191   10   34
B 804 8157   10   34
B 814 8155   10   34
B 824 8157   10   34
B 834 8157   10   34
B 844 8155   10   34
B 854 8157   10   34
B 864 8157   10   34
B 874 8158   10   34
B 884 8159   10   34
B 894 8157   10   34
B 904 8158   10   33
B 914 8158   10   33
B 924 8159   10   33
B 934 8158   10   33
B 944 8158   10   33
B 954 8159   10   33
B 964 8158   10   33
B 974 8157   10   33
B 984 8158   10   33
B 994 8159   10   33
B 1004 8159   10   33
B 1014 8158   10   33
B 1024 8161   10   33
B 1034 8158   10   33
B 1044 8158   10   33
B 1054 8159   10   33
B 1064 8158   10   33
B 1074 8159   10   33
B 1084 8159   10   33
B 1094 8158   10   33
B 1104 8159   10   33
B 1114 8158   10   33
B 1124 8158   10   33
B 1134 8159   10   33
B 1144 8159   10   33
SSS vs= 0.98  t=  196
%P VOLT1   = 8155
%P VOLT2   = 8167
%P S2_SC   =  0.98
%P L_ANG_MAX = 196
B 1154 8159   68   33
B 1164 8159   68   33
B 1174 8161   68   33
B 1184 8032   68   33
B 1194 7992   68   33
B 1204 7975   68   33
B 1214 7940   68   33
B 1224 7540   68   33
B 1234 7608   68   35
B 1244 7623   68   41
B 1254 7580   68   48
B 1264 7527   68   55
B 1274 7536   49   63
B 1284 7568   29   71
B 1294 7683   29   80
B 1304 7721   29   89
*** adj PULL_V2->64 
*** dt = 75 , A = 93 , rpm = 298 
B 1314 7783   62   97
B 1324 7868   62  105
B 1334 7875   62  111
B 1344 8008   62  118
B 1354 7989   62  125
B 1364 7987   62  131
B 1374 7977   62  138
pull out 147
B 1384 7806  -98  147
B 1394 7783  -98  157
B 1404 7813  -98  167
B 1414 7695  -98  177
B 1424 7621  -98  186
B 1434 7588  -98  196
B 1444 7654  -98  205
B 1454 7713  -98  212
B 1464 7505  -98  217
B 1474 7540  -98  220
B 1484 7429  -98  220
B 1494 7556  -98  219
*** amax = 220  vhit = 88
B 1504 7430  -86  207
B 1514 7455  -86  193
B 1524 7092  -86  177
B 1534 7165  -86  159
B 1544 7227  -86  141
B 1554 7334  -86  122
B 1564 7525  -86  102
B 1574 7524  -86   81
B 1584 7701  -86   57
B 1594 7742  -86   33
B 1604 7755  -86    9
push -10 -10
push out at target
B 1614 7773   78  -11
B 1624 7769   78  -22
B 1634 7716   78  -35
B 1644 7691   78  -51
B 1654 7685   78  -67
B 1664 7732   78  -81
B 1674 7610   78  -99
B 1684 7621   78 -115
B 1694 7600   78 -131
B 1704 7566   78 -143
B 1714 7630   78 -147
B 1724 7590   22 -146
B 1734 7531    9 -145
B 1744 7379    9 -137
B 1754 7468    9 -124
B 1764 7509    9 -113
B 1774 8061    9  -99
B 1784 8069    9  -87
B 1794 8075    9  -73
B 1804 8113    9  -60
B 1814 8114    9  -48
pb end 
B 1824 8114   10  -35
B 1834 8117   10  -24
B 1844 8117   10  -15
B 1854 8117   10   -7
B 1864 8118   10    0
B 1874 8118   10    5
B 1884 8118   10    9
B 1894 8153   10   12
B 1904 8154   10   14
B 1914 8155   10   16
B 1924 8118   10   17
B 1934 8118   10   20
B 1944 8155   10   20
B 1954 8155   10   20
B 1964 8151   10   20
B 1974 8154   10   20
B 1984 8154   10   20
B 1994 8153   10   21
B 2004 8154   10   21
B 2014 8154   10   22
B 2024 8155   10   22
B 2034 8154   10   22
B 2044 8154   10   22
B 2054 8155   10   22
B 2064 8155   10   22
B 2074 8154   10   22
B 2084 8155   10   22
B 2094 8154   10   22
B 2104 8155   10   22
B 2114 8155   10   22
B 2124 8154   10   22
B 2134 8155   10   22
B 2144 8155   10   22
B 2154 8155   10   22
B 2164 8155   10   22
B 2174 8155   10   22
B 2184 8155   10   22
B 2194 8157   10   22
B 2204 8154   10   22
B 2214 8157   10   22
B 2224 8157   10   22
B 2234 8155   10   22
B 2244 8157   10   22
B 2254 8158   10   22
B 2264 8157   10   22
B 2274 8157   10   22
B 2284 8155   10   22
B 2294 8155   10   22
B 2304 8159   10   22
B 2314 8157   10   22
SSS vs= 0.98  t=  196
%P VOLT1   = 8155
%P VOLT2   = 8157
%P S2_SC   =  0.98
%P L_ANG_MAX = 196
B 2324 8155   68   22
B 2334 8157   68   22
B 2344 8155   68   22
B 2354 8037   68   22
B 2364 7990   68   22
B 2374 7969   68   22
B 2384 7937   68   22
B 2394 7546   68   25
B 2405 7601   68   31
B 2416 7617   68   38
B 2426 7580   68   45
B 2437 7568   68   53
B 2449 7537   62   61
B 2459 7531   29   70
B 2469 7599   29   79
B 2479 7715   29   89
*** adj PULL_V2->58 
*** dt = 67 , A = 94 , rpm = 315 
B 2489 7763   56   98
B 2499 7783   56  107
B 2509 7783   56  115
B 2519 7749   56  123
B 2529 7999   56  131
B 2539 8005   56  139
B 2549 7999   56  147
pull out 150
B 2559 7875  -98  156
B 2569 7895  -98  166
B 2579 7885  -98  176
B 2589 7721  -98  186
B 2599 7653  -98  194
B 2609 7707  -98  203
B 2619 7731  -98  211
B 2629 7444  -98  217
B 2639 7384  -98  220
B 2649 7535  -98  221
*** amax = 221  vhit = 88
B 2659 7533  -86  220
B 2669 7504  -86  213
B 2679 7339  -86  199
B 2689 7136  -86  184
B 2699 7213  -86  167
B 2709 7205  -86  150
B 2719 7287  -86  131
B 2729 7307  -86  112
B 2739 7591  -86   91
B 2749 7657  -86   69
B 2759 7663  -86   45
B 2769 7751  -86   21
B 2779 7769  -86   -4
push -11 -10
push out at target
B 2789 7780   78  -17
B 2799 7755   78  -29
B 2809 7727   78  -43
B 2819 7653   78  -60
B 2829 7663   78  -75
B 2839 7647   78  -92
B 2849 7700   78 -109
B 2859 7405   78 -126
B 2869 7510   78 -140
B 2880 7408   78 -148
B 2890 7571   49 -149
B 2900 7555    0 -148
B 2910 7722    9 -144
B 2920 7484    9 -131
B 2930 7534    9 -119
B 2940 7556    9 -107
B 2950 8031    9  -93
B 2960 8071    9  -80
B 2970 8075    9  -67
B 2980 8076    9  -55
B 2990 8112    9  -43
B 3000 8114    9  -32
pb end 
B 3011 8117   10  -23
B 3021 8116   10  -15
B 3031 8116   10   -8
B 3041 8116   10   -3
B 3051 8117   10    2
B 3061 8117   10    6
B 3071 8116   10    9
B 3081 8117   10   12
B 3091 8117   10   14
B 3101 8116   10   18
B 3111 8117   10   19
B 3121 8116   10   19
B 3131 8148   10   20
B 3141 8151   10   21
B 3151 8153   10   21
B 3161 8153   10   22
B 3171 8116   10   23
B 3181 8116   10   23
B 3191 8117   10   23
B 3201 8117   10   23
B 3211 8116   10   23
B 3221 8153   10   23
B 3231 8151   10   23
B 3241 8150   10   23
B 3251 8153   10   23
B 3261 8153   10   23
B 3271 8153   10   23
B 3281 8117   10   23
B 3291 8117   10   23
B 3301 8118   10   23
B 3311 8154   10   23
B 3321 8154   10   23
B 3331 8154   10   23
B 3341 8153   10   23
B 3351 8154   10   23
B 3361 8155   10   23
B 3371 8154   10   23
B 3381 8154   10   23
B 3391 8154   10   23
B 3401 8154   10   23
B 3411 8154   10   23
B 3421 8154   10   23
B 3431 8154   10   23
B 3441 8154   10   23
B 3451 8154   10   23
B 3461 8153   10   23
B 3471 8155   10   23
B 3481 8154   10   23
B 3491 8153   10   23
SSS vs= 0.98  t=  196
%P VOLT1   = 8155
%P VOLT2   = 8153
%P S2_SC   =  0.98
%P L_ANG_MAX = 196
B 3502 8155   68   23
B 3513 8154   68   23
B 3523 8154   68   23
B 3533 8139   68   23
B 3543 8027   68   23
B 3553 7990   68   23
B 3563 7968   68   23
B 3573 7576   68   23
B 3583 7546   68   28
B 3593 7571   68   33
B 3603 7553   68   40
B 3614 7584   68   48
B 3624 7530   68   55
B 3634 7567   62   62
B 3644 7564   29   70
B 3654 7563   29   79
B 3664 7691   29   89
*** adj PULL_V2->58 
*** dt = 67 , A = 94 , rpm = 315 
B 3674 7751   56   98
B 3684 7743   56  107
B 3694 7863   56  116
B 3704 7822   56  124
B 3714 7960   56  132
B 3724 7999   56  140
B 3734 8001   56  148
pull out 151
B 3744 7845  -98  157
B 3754 7899  -98  166
B 3764 7891  -98  176
B 3774 7755  -98  186
B 3784 7669  -98  194
B 3794 7713  -98  203
B 3804 7736  -98  212
B 3814 7469  -98  218
B 3824 7456  -98  223
B 3834 7481  -98  224
B 3844 7595  -98  224
*** amax = 224  vhit = 86
B 3854 7552  -84  220
B 3864 7477  -84  208
B 3874 7087  -84  193
B 3884 7164  -84  176
B 3894 7203  -84  159
B 3904 7324  -84  141
B 3914 7352  -84  121
B 3924 7538  -84  101
B 3935 7711  -84   78
B 3945 7713  -84   54
B 3955 7721  -84   29
B 3965 7772  -84    5
push -11 -10
push out at target
B 3975 7787   78  -12
B 3985 7750   78  -23
B 3995 7665   78  -36
B 4005 7690   78  -47
B 4015 7776   78  -60
B 4025 7328   78  -73
B 4035 7358   78  -86
B 4045 7520   78  -96
B 4055 7624   71 -101
B 4065 7564   30 -102
B 4075 7679    0 -102
B 4085 7553    9  -99
B 4095 7623    9  -87
B 4105 7514    9  -78
B 4115 8024    9  -67
B 4125 8032    9  -55
B 4135 8072    9  -43
B 4145 8073    9  -32
B 4155 8076    9  -20
B 4165 8113    9  -10
B 4175 8113    9    1
pb end 
B 4185 8113   10    8
B 4195 8114   10   14
B 4205 8113   10   17
B 4215 8113   10   21
B 4225 8117   10   22
B 4235 8114   10   23
B 4245 8116   10   23
B 4255 8114   10   23
B 4265 8114   10   23
B 4275 8114   10   23
B 4285 8114   10   23
B 4295 8114   10   23
B 4305 8116   10   23
B 4315 8114   10   23
B 4325 8114   10   23
B 4335 8114   10   23
B 4345 8114   10   23
B 4355 8114   10   23
B 4365 8116   10   23
B 4375 8116   10   23
B 4385 8116   10   23
B 4395 8114   10   23
B 4405 8116   10   23
B 4415 8116   10   22
B 4425 8114   10   22
B 4435 8116   10   22
B 4445 8117   10   22
B 4455 8116   10   22
B 4465 8151   10   22
B 4475 8116   10   22
B 4485 8116   10   22
B 4495 8116   10   22
B 4505 8116   10   22
B 4515 8117   10   22
B 4525 8118   10   22
B 4535 8151   10   22
B 4545 8151   10   22
B 4555 8116   10   22
B 4565 8116   10   22
B 4575 8117   10   22
B 4585 8151   10   22
B 4595 8116   10   22
B 4605 8116   10   22
B 4615 8117   10   22
B 4625 8114   10   22
B 4635 8117   10   22
B 4645 8154   10   22
B 4655 8151   10   22
B 4665 8154   10   22
B 4675 8150   10   22
SSS vs= 0.98  t=  196
%P VOLT1   = 8155
%P VOLT2   = 8150
%P S2_SC   =  0.98
%P L_ANG_MAX = 196
B 4685 8151   68   22
B 4695 8151   68   22
B 4705 8127   68   22
B 4715 8009   68   22
B 4725 7986   68   23
B 4735 7969   68   23
B 4745 7543   68   23
B 4755 7511   68   25
B 4765 7609   68   31
B 4775 7552   68   38
B 4785 7578   68   45
B 4795 7493   68   52
B 4805 7540   68   59
B 4815 7534   29   67
B 4825 7635   29   77
B 4835 7693   29   85
*** adj PULL_V2->64 
*** dt = 74 , A = 94 , rpm = 298 
B 4845 7751   62   95
B 4855 7740   62  105
B 4865 7790   62  113
B 4875 7733   62  121
B 4885 7943   62  129
B 4895 7948   62  137
B 4905 7943   62  145
B 4915 7814   62  154
pull out 157
B 4925 7827  -98  165
B 4935 7820  -98  176
B 4945 7651  -98  187
B 4955 7596  -98  196
B 4965 7646  -98  206
B 4975 7672  -98  216
B 4985 7398  -98  223
B 4995 7363  -98  228
B 5005 7551  -98  229
B 5015 7543  -98  229
*** amax = 229  vhit = 84
B 5025 7509  -82  224
B 5035 7261  -82  211
B 5045 7077  -82  196
B 5055 7170  -82  180
B 5065 7210  -82  162
B 5075 7304  -82  143
B 5085 7333  -82  124
B 5095 7661  -82  104
B 5105 7728  -82   82
B 5115 7725  -82   60
B 5125 7765  -82   36
B 5135 7779  -82   13
B 5145 7793  -82   -9
push -10 -10
push out at target
B 5155 7809   78  -20
B 5165 7661   78  -32
B 5175 7676   78  -43
B 5185 7763   78  -53
B 5195 7350   78  -67
B 5205 7386   78  -78
B 5215 7613   78  -88
B 5225 7616   78  -93
B 5235 7542   30  -94
B 5245 7678    0  -94
B 5255 7657    9  -91
B 5265 7730    9  -80
B 5275 7512    9  -69
B 5285 8024    9  -59
B 5295 8031    9  -47
B 5305 8071    9  -35
B 5315 8073    9  -23
B 5325 8075    9  -11
B 5335 8076    9    1
pb end 
B 5345 8112   10   10
B 5355 8112   10   17
B 5365 8113   10   22
B 5375 8113   10   25
B 5385 8113   10   28
B 5395 8113   10   29
B 5405 8113   10   29
B 5415 8114   10   29
B 5425 8113   10   29
B 5435 8113   10   29
B 5445 8113   10   29
B 5455 8113   10   29
B 5465 8113   10   29
B 5475 8112   10   29
B 5485 8112   10   29
B 5495 8112   10   29
B 5505 8113   10   29
B 5515 8113   10   29
B 5525 8114   10   29
B 5535 8113   10   29
B 5545 8114   10   29
B 5555 8113   10   29
B 5565 8113   10   29
B 5575 8113   10   28
B 5585 8114   10   28
B 5595 8113   10   28
B 5605 8114   10   27
B 5615 8114   10   27
B 5625 8114   10   27
B 5635 8116   10   27
B 5645 8114   10   27
B 5655 8113   10   27
B 5665 8114   10   27
B 5675 8116   10   27
B 5685 8114   10   27
B 5695 8114   10   27
B 5705 8116   10   27
B 5715 8114   10   27
B 5725 8116   10   27
B 5735 8116   10   27
B 5745 8114   10   27
B 5755 8116   10   27
B 5765 8114   10   27
B 5775 8114   10   27
B 5785 8117   10   27
B 5795 8114   10   27
B 5805 8114   10   27
B 5815 8116   10   27
B 5825 8116   10   27
B 5835 8114   10   27
SSS vs= 0.98  t=  196
%P VOLT1   = 8096
%P VOLT2   = 8146
%P S2_SC   =  0.99
%P L_ANG_MAX = 196
B 5845 8116   69   27
B 5855 8116   69   27
B 5865 8116   69   27
B 5875 8088   69   27
B 5885 7968   69   27
B 5895 7941   69   27
B 5905 7924   69   27
B 5915 7639   69   28
B 5925 7608   69   28
B 5936 7569   69   33
B 5946 7553   69   40
B 5956 7510   69   49
B 5966 7526   69   55
B 5976 7495   56   63
B 5986 7492   29   71
B 5996 7596   29   81
B 6006 7665   29   90
*** adj PULL_V2->58 
*** dt = 66 , A = 95 , rpm = 315 
B 6016 7720   57  100
B 6026 7742   57  109
B 6036 7746   57  117
B 6046 7707   57  126
B 6056 7957   57  135
B 6066 7961   57  143
B 6076 7960   57  151
pull out 153
B 6086 7835  -98  161
B 6096 7854  -98  170
B 6106 7850  -98  181
B 6116 7719  -98  191
B 6126 7638  -98  199
B 6136 7688  -98  208
B 6146 7749  -98  217
B 6156 7362  -98  223
B 6166 7323  -98  227
B 6176 7512  -98  228
B 6186 7509  -98  228
*** amax = 228  vhit = 84
B 6196 7478  -82  221
B 6206 7368  -82  208
B 6216 7163  -82  193
B 6226 7255  -82  176
B 6236 7187  -82  158
B 6246 7273  -82  140
B 6256 7301  -82  121
B 6266 7625  -82  100
B 6276 7691  -82   78
B 6286 7689  -82   56
B 6296 7766  -82   33
B 6306 7782  -82    8
push -11 -10
push out at target
B 6316 7796   78  -11
B 6326 7733   78  -21
B 6336 7624   78  -33
B 6346 7649   78  -43
B 6356 7773   78  -56
B 6366 7464   78  -68
B 6376 7497   78  -80
B 6386 7559   78  -89
B 6397 7595   63  -94
B 6408 7636   27  -94
B 6418 7722    9  -94
B 6428 7723    9  -87
B 6438 7472    9  -75
B 6448 7509    9  -64
B 6458 7773    9  -51
B 6468 8030    9  -39
B 6478 8034    9  -24
B 6488 8071    9  -11
B 6498 8075    9    2
B 6508 8073    9   14
pb end 
B 6518 8075   10   25
B 6528 8110   10   33
B 6538 8110   10   39
B 6548 8112   10   43
B 6558 8112   10   45
B 6568 8110   10   46
B 6578 8112   10   47
B 6588 8112   10   47
B 6598 8114   10   47
B 6608 8112   10   47
B 6618 8112   10   47
B 6628 8112   10   47
B 6638 8112   10   47
B 6648 8110   10   46
B 6658 8109   10   45
B 6668 8112   10   43
B 6678 8110   10   41
B 6688 8110   10   40
B 6698 8113   10   39
B 6708 8112   10   38
B 6718 8112   10   37
B 6728 8113   10   36
B 6738 8113   10   35
B 6748 8113   10   35
B 6758 8113   10   34
B 6768 8113   10   33
B 6778 8114   10   33
B 6788 8112   10   32
B 6798 8112   10   32
B 6808 8114   10   32
B 6818 8109   10   32
B 6828 8112   10   32
B 6838 8112   10   32
B 6848 8113   10   32
B 6858 8113   10   32
B 6868 8112   10   32
B 6878 8113   10   32
B 6888 8114   10   32
B 6898 8113   10   32
B 6908 8114   10   32
B 6918 8114   10   32
B 6928 8113   10   32
B 6938 8114   10   32
B 6948 8113   10   32
B 6958 8113   10   32
B 6968 8114   10   32
B 6978 8114   10   32
B 6988 8116   10   32
B 6998 8114   10   32
B 7008 8113   10   32
SSS vs= 0.99  t=  196
%P VOLT1   = 8096
%P VOLT2   = 8143
%P S2_SC   =  0.99
%P L_ANG_MAX = 196
B 7018 8114   69   32
B 7028 8114   69   32
B 7038 8114   69   32
B 7048 8029   69   32
B 7058 7992   69   32
B 7068 7935   69   32
B 7078 7906   69   32
B 7088 7728   69   33
B 7098 7530   69   33
B 7108 7539   69   38
B 7118 7563   69   45
B 7128 7472   69   52
B 7138 7485   69   60
B 7148 7522   29   67
B 7158 7622   29   77
B 7168 7641   29   85
*** adj PULL_V2->64 
*** dt = 74 , A = 94 , rpm = 298 
B 7178 7735   63   95
B 7188 7842   63  104
B 7198 7857   63  113
B 7208 7811   63  120
B 7218 7943   63  129
B 7228 7942   63  136
B 7238 7940   63  144
B 7248 7782   63  153
pull out 155
B 7258 7758  -98  162
B 7268 7782  -98  173
B 7278 7747  -98  184
B 7288 7592  -98  195
B 7298 7597  -98  204
B 7308 7617  -98  213
B 7318 7679  -98  222
B 7328 7326  -98  229
B 7338 7591  -98  233
B 7348 7451  -98  233
B 7358 7498  -98  233
*** amax = 233  vhit = 82
B 7368 7367  -80  225
B 7378 7376  -80  212
B 7388 7184  -80  197
B 7398 7132  -80  180
B 7408 7202  -80  162
B 7418 7389  -80  143
B 7428 7592  -80  124
B 7438 7598  -80  104
B 7448 7773  -80   82
B 7458 7806  -80   59
B 7468 7811  -80   36
B 7478 7824  -80   12
B 7488 7835  -80   -9
push -10 -10
push out at target
B 7498 7834   78  -20
B 7508 7803   78  -32
B 7518 7732   78  -47
B 7528 7722   78  -60
B 7538 7695   78  -74
B 7548 7459   78  -89
B 7558 7494   78 -104
B 7568 7619   78 -117
B 7578 7628   78 -124
B 7588 7562   47 -125
B 7598 7528    0 -125
B 7608 7427    9 -124
B 7618 7546    9 -112
B 7628 7490    9 -102
B 7638 7907    9  -90
B 7648 7918    9  -77
B 7658 8065    9  -65
B 7668 8068    9  -52
B 7678 8068    9  -41
B 7688 8071    9  -30
B 7698 8072    9  -19
pb end 
B 7708 8073   10   -9
B 7718 8110   10   -2
B 7728 8110   10    4
B 7738 8110   10    9
B 7748 8112   10   12
B 7758 8112   10   15
B 7768 8110   10   17
B 7778 8109   10   17
B 7788 8112   10   17
B 7798 8110   10   21
B 7808 8110   10   21
B 7818 8110   10   21
B 7828 8110   10   21
B 7838 8110   10   21
B 7848 8109   10   21
B 7858 8113   10   21
B 7868 8110   10   21
B 7878 8110   10   21
B 7888 8112   10   21
B 7898 8112   10   21
B 7908 8112   10   21
B 7918 8110   10   21
B 7928 8112   10   21
B 7938 8112   10   21
B 7948 8109   10   21
B 7958 8110   10   21
B 7968 8112   10   21
B 7978 8112   10   21
B 7988 8110   10   21
B 7998 8112   10   21
B 8008 8112   10   21
B 8018 8112   10   21
B 8028 8113   10   21
B 8038 8112   10   21
B 8048 8110   10   21
B 8058 8113   10   21
B 8068 8114   10   21
B 8078 8112   10   21
B 8088 8113   10   21
B 8098 8112   10   21
B 8108 8112   10   21
B 8118 8113   10   21
B 8128 8113   10   21
B 8138 8112   10   21
B 8148 8114   10   21
B 8158 8112   10   21
B 8168 8113   10   21
B 8178 8113   10   21
B 8188 8112   10   21
SSS vs= 0.99  t=  196
%P VOLT1   = 8096
%P VOLT2   = 8139
%P S2_SC   =  0.99
%P L_ANG_MAX = 196
B 8198 8112   69   21
B 8208 8113   69   21
B 8218 8029   69   21
B 8228 7952   69   21
B 8238 7932   69   21
B 8248 7910   69   21
B 8258 7518   69   23
B 8268 7557   69   28
B 8278 7558   69   34
B 8288 7512   69   41
B 8298 7506   69   47
B 8308 7527   69   54
B 8318 7565   56   62
B 8328 7558   29   70
B 8338 7551   29   79
B 8348 7672   29   89
*** adj PULL_V2->58 
*** dt = 67 , A = 94 , rpm = 315 
B 8358 7718   57   97
B 8368 7739   57  106
B 8378 7948   57  114
B 8388 7954   57  123
B 8398 7956   57  130
B 8408 7960   57  138
B 8418 7848   57  146
pull out 149
B 8428 7828  -98  155
B 8438 7848  -98  165
B 8448 7834  -98  175
B 8458 7679  -98  185
B 8468 7649  -98  192
B 8478 7667  -98  201
B 8488 7722  -98  209
B 8498 7510  -98  215
B 8508 7599  -98  219
B 8518 7466  -98  219
B 8528 7541  -98  219
*** amax = 219  vhit = 89
B 8538 7443  -87  212
B 8548 7440  -87  198
B 8558 7063  -87  183
B 8568 7098  -87  166
B 8578 7163  -87  149
B 8588 7353  -87  130
B 8598 7483  -87  111
B 8608 7483  -87   89
B 8618 7659  -87   68
B 8628 7693  -87   44
B 8638 7706  -87   20
B 8648 7721  -87   -4
push -10 -10
push out at target
B 8658 7734   78  -17
B 8668 7637   78  -29
B 8678 7620   78  -43
B 8688 7694   78  -53
B 8698 7749   78  -67
B 8708 7368   78  -80
B 8718 7630   78  -93
B 8728 7549   78 -103
B 8738 7638   71 -107
B 8748 7626   22 -107
B 8758 7704    9 -107
B 8768 7440    9  -99
B 8778 7436    9  -87
B 8788 7471    9  -76
B 8798 7983    9  -63
B 8808 8028    9  -51
B 8818 8032    9  -37
B 8828 8068    9  -24
B 8838 8071    9  -11
pb end 
B 8848 8071   10    1
B 8858 8071   10   12
B 8868 8073   10   22
B 8878 8072   10   29
B 8888 8072   10   33
B 8898 8073   10   36
B 8908 8073   10   37
B 8918 8072   10   38
B 8928 8109   10   38
B 8938 8109   10   38
B 8948 8107   10   38
B 8958 8110   10   38
B 8968 8109   10   38
B 8978 8109   10   38
B 8988 8109   10   37
B 8998 8107   10   37
B 9008 8109   10   37
B 9018 8107   10   37
B 9028 8109   10   37
B 9038 8109   10   37
B 9048 8109   10   37
B 9058 8109   10   37
B 9068 8110   10   36
B 9078 8110   10   35
B 9088 8110   10   35
B 9098 8110   10   34
B 9108 8109   10   33
B 9118 8109   10   33
B 9128 8112   10   32
B 9138 8109   10   31
B 9148 8110   10   31
B 9158 8110   10   31
B 9168 8109   10   31
B 9178 8110   10   31
B 9188 8110   10   31
B 9198 8110   10   31
B 9208 8110   10   31
B 9218 8112   10   31
B 9228 8110   10   31
B 9238 8112   10   31
B 9248 8109   10   31
B 9258 8112   10   31
B 9268 8112   10   31
B 9278 8110   10   31
B 9288 8110   10   31
B 9298 8110   10   31
B 9308 8110   10   31
B 9318 8113   10   31
B 9328 8110   10   31
B 9338 8113   10   31
B 9348 8110   10   31
SSS vs= 0.99  t=  196
%P VOLT1   = 8096
%P VOLT2   = 8132
%P S2_SC   =  0.99
%P L_ANG_MAX = 196
B 9358 8112   69   31
B 9368 8110   69   31
B 9378 8112   69   31
B 9388 8029   69   31
B 9398 7951   69   31
B 9408 7931   69   32
B 9418 7903   69   32
B 9428 7552   69   32
B 9438 7572   69   32
B 9448 7576   69   37
B 9458 7527   69   44
B 9468 7512   69   51
B 9478 7522   69   59
B 9488 7522   29   66
B 9498 7567   29   75
B 9508 7579   29   84
B 9518 7689   29   93
*** adj PULL_V2->64 
*** dt = 75 , A = 93 , rpm = 298 
B 9528 7762   63  102
B 9538 7779   63  111
B 9548 7947   63  119
B 9558 7934   63  128
B 9568 7937   63  135
B 9578 7937   63  143
B 9588 7745   63  151
pull out 157
B 9598 7724  -98  161
B 9608 7777  -98  172
B 9618 7769  -98  184
B 9628 7623  -98  194
B 9638 7557  -98  203
B 9648 7616  -98  213
B 9658 7669  -98  222
B 9668 7496  -98  229
B 9678 7588  -98  233
B 9688 7461  -98  233
B 9698 7536  -98  233
*** amax = 233  vhit = 82
B 9708 7371  -80  226
B 9718 7377  -80  213
B 9728 7043  -80  197
B 9738 7132  -80  180
B 9748 7200  -80  163
B 9758 7354  -80  144
B 9768 7590  -80  125
B 9778 7598  -80  105
B 9788 7770  -80   83
B 9798 7769  -80   61
B 9808 7773  -80   37
B 9818 7786  -80   13
B 9828 7801  -80   -8
push -10 -10
push out at target
B 9838 7798   78  -19
B 9848 7799   78  -31
B 9858 7697   78  -44
B 9868 7687   78  -58
B 9878 7692   78  -71
B 9888 7452   78  -87
B 9898 7485   78 -101
B 9908 7630   78 -113
B 9918 7598   78 -121
B 9928 7531   55 -123
B 9938 7533    6 -123
B 9948 7462    9 -122
B 9958 7581    9 -111
B 9968 7455    9 -100
B 9978 7902    9  -88
B 9988 7915    9  -75
B 9998 8027    9  -63
B 10008 8066    9  -51
B 10018 8068    9  -39
B 10028 8069    9  -27
B 10038 8069    9  -17
pb end 
B 10048 8071   10   -7
B 10058 8071   10    1
B 10068 8072   10    7
B 10078 8071   10   11
B 10088 8072   10   15
B 10098 8071   10   17
B 10108 8073   10   19
B 10118 8073   10   20
B 10128 8109   10   20
B 10138 8109   10   22
B 10148 8107   10   22
B 10158 8109   10   22
B 10168 8107   10   22
B 10178 8109   10   23
B 10188 8109   10   23
B 10198 8107   10   23
B 10208 8109   10   23
B 10218 8109   10   22
B 10228 8107   10   22
B 10238 8109   10   22
B 10248 8110   10   23
B 10258 8107   10   23
B 10268 8109   10   23
B 10278 8107   10   23
B 10288 8107   10   23
B 10298 8109   10   23
B 10308 8107   10   22
B 10318 8109   10   22
B 10328 8109   10   22
B 10338 8109   10   22
B 10348 8109   10   22
B 10358 8109   10   22
B 10368 8110   10   22
B 10378 8109   10   22
B 10388 8109   10   22
B 10398 8109   10   22
B 10408 8107   10   22
B 10418 8110   10   22
B 10428 8109   10   22
B 10438 8109   10   22
B 10448 8109   10   22
B 10458 8109   10   22
B 10468 8110   10   22
B 10478 8109   10   22
B 10488 8110   10   22
B 10498 8112   10   22
B 10508 8110   10   22
B 10518 8112   10   22
B 10528 8110   10   22
SSS vs= 0.99  t=  196
%P VOLT1   = 8096
%P VOLT2   = 8132
%P S2_SC   =  0.99
%P L_ANG_MAX = 196
B 10539 8110   69   22
B 10550 8110   69   22
B 10560 7997   69   22
B 10570 7945   69   23
B 10580 7928   69   23
B 10590 7903   69   22
B 10600 7503   69   24
B 10610 7554   69   29
B 10620 7559   69   36
B 10630 7522   69   43
B 10640 7514   69   49
B 10651 7531   69   57
B 10662 7531   36   65
B 10672 7555   29   74
B 10683 7636   29   85
*** adj PULL_V2->58 
*** dt = 68 , A = 93 , rpm = 315 
B 10693 7704   57   94
B 10703 7728   57  103
B 10713 7958   57  111
B 10723 7921   57  119
B 10733 7950   57  127
B 10743 7954   57  134
B 10753 7954   57  142
pull out 149
B 10763 7800  -98  151
B 10773 7854  -98  160
B 10783 7840  -98  170
B 10793 7722  -98  181
B 10803 7596  -98  188
B 10813 7634  -98  197
B 10823 7692  -98  206
B 10833 7460  -98  212
B 10843 7460  -98  217
B 10853 7495  -98  219
B 10863 7571  -98  219
*** amax = 219  vhit = 89
B 10873 7526  -87  217
B 10883 7441  -87  205
B 10893 7039  -87  191
B 10903 7102  -87  175
B 10913 7132  -87  157
B 10923 7296  -87  141
B 10933 7330  -87  121
B 10943 7484  -87  101
B 10953 7659  -87   80
B 10963 7656  -87   56
B 10973 7699  -87   33
B 10983 7713  -87    9
push -10 -10
push out at target
B 10993 7727   78  -11
B 11003 7721   78  -21
B 11013 7624   78  -35
B 11023 7639   78  -46
B 11033 7726   78  -58
B 11043 7351   78  -71
B 11053 7385   78  -83
B 11063 7569   78  -95
B 11073 7640   78 -102
B 11083 7573   47 -103
B 11093 7595    0 -103
B 11103 7488    9 -103
B 11113 7571    9  -91
B 11123 7466    9  -83
B 11133 8013    9  -71
B 11143 8022    9  -60
B 11153 8028    9  -48
B 11163 8065    9  -37
B 11173 8066    9  -26
B 11183 8068    9  -15
pb end 
B 11193 8069   10   -4
B 11203 8069   10    4
B 11213 8071   10   11
B 11223 8069   10   15
B 11233 8071   10   19
B 11243 8071   10   21
B 11253 8071   10   22
B 11263 8072   10   22
B 11273 8071   10   22
B 11283 8069   10   22
B 11293 8072   10   22
B 11303 8107   10   22
B 11313 8107   10   22
B 11323 8106   10   22
B 11333 8071   10   22
B 11343 8106   10   22
B 11353 8104   10   22
B 11363 8106   10   22
B 11373 8106   10   22
B 11383 8106   10   22
B 11393 8107   10   22
B 11403 8107   10   22
B 11413 8107   10   22
B 11423 8107   10   22
B 11433 8109   10   22
B 11443 8107   10   22
B 11453 8107   10   22
B 11463 8109   10   22
B 11473 8107   10   22
B 11483 8107   10   22
B 11493 8107   10   22
B 11503 8107   10   22
B 11513 8107   10   22
B 11523 8107   10   22
B 11533 8107   10   22
B 11543 8109   10   22
B 11553 8106   10   22
B 11563 8107   10   22
B 11573 8109   10   22
B 11583 8110   10   22
B 11593 8109   10   22
B 11603 8109   10   22
B 11613 8109   10   22
B 11623 8106   10   22
B 11633 8107   10   22
B 11643 8109   10   22
B 11653 8109   10   22
B 11663 8109   10   22
B 11673 8109   10   22
B 11683 8109   10   22
SSS vs= 0.99  t=  196
%P VOLT1   = 8096
%P VOLT2   = 8129
%P S2_SC   =  0.99
%P L_ANG_MAX = 196
B 11693 8110   69   22
B 11703 8107   69   22
B 11713 8110   69   22
B 11723 8109   69   22
B 11733 7980   69   22
B 11743 7945   69   22
B 11753 7927   69   22
B 11763 7578   69   22
B 11773 7542   69   22
B 11783 7568   69   29
B 11793 7508   69   35
B 11803 7532   69   43
B 11813 7482   69   50
B 11823 7527   69   57
B 11833 7528   36   66
B 11843 7561   29   74
B 11853 7636   29   84
B 11863 7702   29   93
*** adj PULL_V2->58 
*** dt = 67 , A = 94 , rpm = 315 
B 11873 7730   57  102
B 11883 7924   57  111
B 11893 7885   57  119
B 11903 7913   57  127
B 11913 7954   57  135
B 11923 7953   57  143
pull out 149
B 11933 7800  -98  151
B 11943 7854  -98  161
B 11953 7843  -98  171
B 11963 7731  -98  181
B 11973 7633  -98  189
B 11983 7667  -98  198
B 11993 7688  -98  207
B 12003 7459  -98  213
B 12013 7461  -98  219
B 12023 7501  -98  220
B 12033 7569  -98  220
B 12043 7525  -98  220
*** amax = 220  vhit = 88
B 12053 7441  -86  207
B 12063 7031  -86  193
B 12073 7102  -86  177
B 12083 7138  -86  160
B 12093 7301  -86  142
B 12103 7333  -86  123
B 12113 7450  -86  103
B 12123 7657  -86   82
B 12133 7657  -86   59
B 12143 7663  -86   36
B 12153 7677  -86   11
B 12163 7696  -86   -9
push -11 -10
push out at target
B 12173 7692   78  -20
B 12183 7631   78  -32
B 12193 7638   78  -44
B 12203 7685   78  -56
B 12213 7307   78  -69
B 12223 7343   78  -81
B 12233 7501   78  -92
B 12243 7611   78  -99
B 12253 7542   47 -100
B 12263 7589    0 -100
B 12273 7525    9 -100
B 12283 7607    9  -90
B 12293 7535    9  -81
B 12303 8017    9  -70
B 12313 8021    9  -59
B 12323 8027    9  -47
B 12333 8030    9  -35
B 12343 8030    9  -25
B 12353 8068    9  -14
B 12363 8068    9   -4
pb end 
B 12373 8068   10    5
B 12383 8068   10   11
B 12393 8069   10   16
B 12403 8069   10   19
B 12413 8071   10   21
B 12423 8069   10   23
B 12433 8071   10   23
B 12443 8071   10   23
B 12453 8069   10   23
B 12463 8069   10   23
B 12473 8071   10   23
B 12483 8072   10   23
B 12493 8069   10   23
B 12503 8069   10   23
B 12513 8071   10   23
B 12523 8071   10   23
B 12533 8069   10   23
B 12543 8071   10   23
B 12553 8069   10   23
B 12563 8069   10   23
B 12573 8069   10   23
B 12583 8071   10   22
B 12593 8106   10   22
B 12603 8104   10   22
B 12613 8106   10   22
B 12623 8107   10   22
B 12633 8106   10   22
B 12643 8106   10   22
B 12653 8106   10   22
B 12663 8106   10   22
B 12673 8106   10   22
B 12683 8107   10   22
B 12693 8107   10   22
B 12703 8106   10   22
B 12713 8107   10   22
B 12723 8106   10   22
B 12733 8107   10   22
B 12743 8107   10   22
B 12753 8109   10   22
B 12763 8107   10   22
B 12773 8107   10   22
B 12783 8107   10   22
B 12793 8107   10   22
B 12803 8107   10   22
B 12813 8107   10   22
B 12823 8107   10   22
B 12833 8107   10   22
B 12843 8107   10   22
B 12853 8109   10   22
SSS vs= 0.99  t=  196
%P VOLT1   = 8096
%P VOLT2   = 8125
%P S2_SC   =  0.99
%P L_ANG_MAX = 196
B 12863 8107   69   22
B 12873 8107   69   22
B 12883 8107   69   22
B 12893 8107   69   22
B 12903 7979   69   22
B 12913 7942   69   22
B 12923 7923   69   22
B 12933 7537   69   23
B 12943 7509   69   23
B 12953 7568   69   28
B 12963 7539   69   35
B 12973 7564   69   41
B 12983 7481   69   49
B 12993 7493   69   57
B 13003 7493   43   65
B 13013 7560   29   73
B 13023 7634   29   82
B 13033 7700   29   92
*** adj PULL_V2->58 
*** dt = 68 , A = 93 , rpm = 315 
B 13043 7728   57  101
B 13053 7743   57  109
B 13063 7704   57  117
B 13073 7947   57  125
B 13083 7917   57  133
B 13093 7919   57  141
pull out 149
B 13103 7835  -98  149
B 13113 7817  -98  158
B 13123 7803  -98  168
B 13133 7695  -98  178
B 13143 7638  -98  185
B 13153 7673  -98  195
B 13163 7658  -98  204
B 13173 7388  -98  210
B 13183 7384  -98  216
B 13193 7566  -98  217
B 13203 7571  -98  217
B 13213 7530  -98  217
*** amax = 217  vhit = 90
B 13223 7306  -88  205
B 13233 7116  -88  189
B 13243 7172  -88  174
B 13253 7168  -88  157
B 13263 7259  -88  139
B 13273 7291  -88  121
B 13283 7552  -88  101
B 13293 7629  -88   79
B 13303 7622  -88   56
B 13313 7699  -88   33
B 13323 7673  -88    8
push -10 -10
push out at target
B 13333 7691   78  -11
B 13343 7685   78  -23
B 13353 7590   78  -35
B 13363 7607   78  -48
B 13373 7691   78  -60
B 13383 7314   78  -75
B 13393 7346   78  -87
B 13403 7596   78  -99
B 13413 7599   78 -105
B 13423 7535   38 -106
B 13433 7554    0 -106
B 13443 7525    9 -104
B 13453 7607    9  -93
B 13463 7500    9  -84
B 13473 7977    9  -71
B 13483 7984    9  -60
B 13493 8027    9  -48
B 13503 8028    9  -36
B 13513 8030    9  -24
B 13523 8066    9  -13
B 13533 8068    9   -3
pb end 
B 13543 8068   10    6
B 13553 8068   10   13
B 13563 8069   10   17
B 13573 8069   10   20
B 13583 8068   10   22
B 13593 8069   10   23
B 13603 8068   10   24
B 13613 8071   10   23
B 13623 8071   10   23
B 13633 8069   10   24
B 13643 8069   10   24
B 13653 8069   10   24
B 13663 8068   10   24
B 13673 8068   10   24
B 13683 8068   10   23
B 13693 8068   10   24
B 13703 8068   10   24
B 13713 8104   10   24
B 13723 8104   10   23
B 13733 8069   10   23
B 13743 8071   10   23
B 13753 8071   10   23
B 13763 8069   10   23
B 13773 8069   10   23
B 13783 8071   10   23
B 13793 8068   10   23
B 13803 8071   10   23
B 13813 8071   10   23
B 13823 8106   10   23
B 13833 8071   10   23
B 13843 8069   10   23
B 13853 8104   10   23
B 13863 8071   10   23
B 13873 8071   10   23
B 13883 8106   10   23
B 13893 8071   10   23
B 13903 8071   10   23
B 13913 8106   10   23
B 13923 8106   10   23
B 13933 8104   10   23
B 13943 8071   10   23
B 13953 8109   10   23
B 13963 8106   10   23
B 13973 8071   10   23
B 13983 8107   10   23
B 13993 8106   10   23
B 14003 8107   10   23
B 14013 8106   10   23
B 14023 8107   10   23
SSS vs= 0.99  t=  196
%P VOLT1   = 8096
%P VOLT2   = 8125
%P S2_SC   =  0.99
%P L_ANG_MAX = 196
B 14033 8106   69   23
B 14043 8106   69   23
B 14053 8107   69   23
B 14063 8104   69   23
B 14073 7979   69   23
B 14083 7942   69   23
B 14093 7924   69   23
B 14103 7508   69   23
B 14113 7471   69   24
B 14123 7566   69   30
B 14133 7504   69   37
B 14143 7529   69   43
B 14153 7516   69   50
B 14163 7490   69   57
B 14173 7489   36   65
B 14183 7557   29   74
B 14193 7632   29   83
B 14203 7697   29   93
*** adj PULL_V2->58 
*** dt = 68 , A = 93 , rpm = 315 
B 14213 7728   57  101
B 14223 7742   57  110
B 14233 7707   57  117
B 14243 7912   57  126
B 14253 7917   57  133
B 14263 7919   57  141
pull out 148
B 14273 7869  -98  149
B 14283 7817  -98  158
B 14293 7805  -98  169
B 14303 7691  -98  179
B 14313 7634  -98  186
B 14323 7669  -98  195
B 14333 7618  -98  204
B 14343 7387  -98  210
B 14353 7385  -98  216
B 14363 7573  -98  217
B 14373 7538  -98  217
B 14383 7495  -98  217
*** amax = 217  vhit = 90
B 14393 7305  -88  205
B 14403 7118  -88  189
B 14413 7174  -88  174
B 14423 7134  -88  157
B 14433 7258  -88  139
B 14443 7291  -88  121
B 14453 7551  -88  101
B 14463 7622  -88   79
B 14473 7620  -88   57
B 14483 7696  -88   33
B 14493 7674  -88    9
push -11 -10
push out at target
B 14503 7689   78  -11
B 14513 7718   78  -21
B 14523 7585   78  -35
B 14533 7601   78  -47
B 14543 7684   78  -59
B 14553 7343   78  -72
B 14563 7376   78  -85
B 14573 7600   78  -96
B 14583 7612   78 -103
B 14593 7546   47 -104
B 14603 7556    0 -104
B 14613 7559    9 -104
B 14623 7640    9  -93
B 14633 7467    9  -84
B 14643 7976    9  -72
B 14653 7986    9  -61
B 14663 8024    9  -50
B 14673 8028    9  -39
B 14683 8027    9  -27
B 14693 8065    9  -16
B 14703 8068    9   -7
pb end 
B 14713 8066   10    2
B 14723 8068   10    9
B 14733 8066   10   14
B 14743 8068   10   17
B 14753 8066   10   20
B 14763 8066   10   21
B 14773 8068   10   21
B 14783 8069   10   21
B 14793 8066   10   21
B 14803 8068   10   21
B 14813 8069   10   21
B 14823 8068   10   21
B 14833 8066   10   21
B 14843 8068   10   21
B 14853 8068   10   21
B 14863 8068   10   21
B 14873 8066   10   21
B 14883 8068   10   21
B 14893 8068   10   21
B 14903 8068   10   21
B 14913 8069   10   21
B 14923 8072   10   21
B 14933 8069   10   21
B 14943 8069   10   21
B 14953 8069   10   21
B 14963 8068   10   21
B 14973 8069   10   21
B 14983 8071   10   21
B 14993 8068   10   21
B 15003 8068   10   21
B 15013 8068   10   21
B 15023 8069   10   21
B 15033 8065   10   21
B 15043 8069   10   21
B 15053 8071   10   21
B 15063 8071   10   21
B 15073 8069   10   21
B 15083 8069   10   21
B 15093 8071   10   21
B 15103 8069   10   21
B 15113 8071   10   21
B 15123 8063   10   21
B 15133 8069   10   21
B 15143 8072   10   21
B 15153 8069   10   21
B 15163 8071   10   21
B 15173 8071   10   21
B 15183 8069   10   21
B 15193 8071   10   21
SSS vs= 0.99  t=  196
%P VOLT1   = 8037
%P VOLT2   = 8122
%P S2_SC   =  0.99
%P L_ANG_MAX = 196
B 15203 8071   69   21
B 15213 8069   69   21
B 15224 8069   69   21
B 15234 8051   69   21
B 15244 7933   69   21
B 15254 7905   69   21
B 15264 7889   69   21
B 15274 7498   69   21
B 15284 7460   69   23
B 15294 7558   69   29
B 15304 7539   69   36
B 15315 7567   69   43
B 15325 7483   69   51
B 15335 7487   69   58
B 15345 7486   29   67
B 15355 7555   29   75
B 15365 7654   29   85
B 15375 7707   29   93
*** adj PULL_V2->64 
*** dt = 74 , A = 94 , rpm = 298 
B 15385 7732   63  103
B 15395 7743   63  111
B 15405 7686   63  119
B 15415 7895   63  126
B 15426 7902   63  134
B 15436 7893   63  143
B 15446 7765   63  152
pull out 156
B 15456 7742  -99  163
B 15466 7736  -99  173
B 15476 7600  -99  185
B 15486 7565  -99  193
B 15496 7612  -99  203
B 15506 7599  -99  212
B 15516 7357  -99  219
B 15526 7319  -99  224
B 15536 7512  -99  224
*** amax = 225  vhit = 86
B 15546 7510  -85  224
B 15556 7482  -85  219
B 15566 7310  -85  207
B 15576 7097  -85  192
B 15586 7166  -85  175
B 15596 7160  -85  157
B 15606 7245  -85  139
B 15616 7275  -85  121
B 15626 7569  -85  101
B 15636 7633  -85   78
B 15646 7633  -85   55
B 15656 7711  -85   32
B 15666 7723  -85    7
B 15676 7738  -85  -10
push -11 -10
push out at target
B 15686 7725   79  -21
B 15696 7710   79  -33
B 15706 7634   79  -48
B 15716 7669   79  -63
B 15726 7611   79  -77
B 15736 7656   79  -93
B 15746 7405   79 -109
B 15756 7536   79 -123
B 15766 7436   79 -131
B 15776 7555   55 -133
B 15786 7496    6 -133
B 15796 7616    9 -133
B 15806 7390    9 -121
B 15816 7446    9 -108
B 15826 7471    9  -97
B 15836 7979    9  -84
B 15846 8022    9  -71
B 15856 8027    9  -59
B 15866 8025    9  -47
B 15876 8028    9  -35
B 15886 8030    9  -23
pb end 
B 15896 8063   10  -13
B 15906 8063   10   -5
B 15916 8065   10    2
B 15926 8066   10    7
B 15936 8065   10   11
B 15946 8066   10   14
B 15956 8066   10   17
B 15966 8066   10   18
B 15976 8065   10   18
B 15986 8066   10   19
B 15996 8066   10   21
B 16006 8066   10   21
B 16016 8066   10   21
B 16026 8066   10   21
B 16036 8066   10   21
B 16046 8066   10   21
B 16056 8066   10   21
B 16066 8066   10   21
B 16076 8065   10   21
B 16086 8068   10   21
B 16096 8066   10   21
B 16106 8068   10   21
B 16116 8066   10   21
B 16126 8068   10   21
B 16136 8065   10   21
B 16146 8068   10   21
B 16156 8065   10   21
B 16166 8068   10   21
B 16176 8068   10   21
B 16186 8069   10   21
B 16196 8068   10   21
B 16206 8066   10   21
B 16216 8068   10   21
B 16226 8069   10   21
B 16236 8068   10   21
B 16246 8068   10   21
B 16256 8068   10   21
B 16266 8068   10   21
B 16276 8068   10   21
B 16286 8068   10   21
B 16296 8068   10   21
B 16306 8069   10   21
B 16316 8068   10   21
B 16326 8066   10   21
B 16336 8071   10   21
B 16346 8069   10   21
B 16356 8069   10   21
B 16366 8065   10   21
B 16376 8068   10   21
B 16386 8104   10   21
SSS vs= 0.99  t=  196
%P VOLT1   = 8096
%P VOLT2   = 8115
%P S2_SC   =  0.99
%P L_ANG_MAX = 196
B 16396 8104   69   21
B 16406 8019   69   21
B 16416 7925   69   21
B 16426 7899   69   21
B 16436 7876   69   21
B 16446 7523   69   21
B 16456 7489   69   27
B 16466 7521   69   33
B 16476 7546   69   39
B 16486 7576   69   45
B 16496 7487   69   52
B 16506 7493   69   59
B 16516 7485   29   67
B 16526 7549   29   76
B 16536 7652   29   85
*** adj PULL_V2->64 
*** dt = 75 , A = 93 , rpm = 298 
B 16546 7707   63   93
B 16556 7695   63  102
B 16566 7703   63  110
B 16576 7648   63  117
B 16586 7895   63  125
B 16596 7899   63  133
B 16606 7889   63  140
B 16616 7727   63  149
pull out 153
B 16626 7774  -98  159
B 16636 7768  -98  170
B 16646 7601  -98  181
B 16656 7523  -98  189
B 16666 7571  -98  199
B 16676 7592  -98  208
B 16686 7354  -98  214
B 16696 7326  -98  219
B 16706 7493  -98  220
B 16716 7554  -98  220
*** amax = 220  vhit = 88
B 16726 7526  -86  216
B 16736 7308  -86  204
B 16746 7096  -86  189
B 16756 7160  -86  173
B 16766 7155  -86  155
B 16776 7242  -86  137
B 16786 7270  -86  119
B 16796 7527  -86   99
B 16806 7592  -86   77
B 16816 7591  -86   54
B 16826 7664  -86   31
B 16836 7678  -86    6
push -10 -10
push out at target
B 16846 7695   78  -11
B 16856 7632   78  -23
B 16866 7580   78  -36
B 16876 7613   78  -47
B 16886 7698   78  -59
B 16896 7316   78  -72
B 16906 7343   78  -84
B 16916 7548   78  -95
B 16926 7558   78  -99
B 16936 7502   22 -100
B 16946 7629    0 -100
B 16956 7592    9  -97
B 16966 7654    9  -87
B 16976 7467    9  -78
B 16986 7976    9  -67
B 16996 7984    9  -56
B 17006 8022    9  -45
B 17016 8025    9  -35
B 17026 8027    9  -23
B 17036 8028    9  -13
pb end 
B 17046 8065   10   -3
B 17056 8065   10    5
B 17066 8066   10   11
B 17076 8063   10   15
B 17086 8065   10   17
B 17096 8065   10   19
B 17106 8065   10   21
B 17116 8066   10   21
B 17126 8066   10   21
B 17136 8066   10   21
B 17146 8066   10   21
B 17156 8065   10   21
B 17166 8066   10   21
B 17176 8065   10   21
B 17186 8065   10   21
B 17196 8063   10   21
B 17206 8066   10   21
B 17216 8065   10   21
B 17226 8066   10   21
B 17236 8066   10   21
B 17246 8065   10   21
B 17256 8066   10   20
B 17266 8065   10   20
B 17276 8068   10   20
B 17286 8066   10   20
B 17296 8066   10   20
B 17306 8066   10   20
B 17316 8068   10   20
B 17326 8066   10   20
B 17336 8066   10   20
B 17346 8066   10   20
B 17356 8066   10   20
B 17366 8066   10   20
B 17376 8065   10   20
B 17386 8068   10   20
B 17396 8068   10   20
B 17406 8066   10   20
B 17416 8068   10   20
B 17426 8065   10   20
B 17436 8065   10   20
B 17446 8069   10   20
B 17456 8068   10   20
B 17466 8068   10   20
B 17476 8068   10   20
B 17486 8068   10   20
B 17496 8068   10   20
B 17506 8068   10   20
B 17516 8068   10   20
B 17526 8068   10   20
B 17536 8068   10   20
SSS vs= 0.99  t=  196
%P VOLT1   = 8037
%P VOLT2   = 8111
%P S2_SC   =  0.99
%P L_ANG_MAX = 196
B 17546 8065   69   20
B 17556 8068   69   20
B 17566 8066   69   20
B 17576 8012   69   20
B 17586 7925   69   20
B 17596 7904   69   20
B 17606 7883   69   21
B 17616 7498   69   21
B 17626 7471   69   22
B 17636 7572   69   29
B 17646 7548   69   36
B 17656 7574   69   43
B 17666 7452   69   50
B 17676 7495   69   58
B 17686 7492   29   66
B 17696 7560   29   74
B 17706 7660   29   84
B 17716 7708   29   93
*** adj PULL_V2->58 
*** dt = 66 , A = 95 , rpm = 315 
B 17726 7732   57  102
B 17736 7742   57  109
B 17746 7749   57  117
B 17756 7948   57  123
B 17766 7921   57  132
B 17776 7920   57  138
pull out 144
B 17786 7917  -99  145
B 17796 7797  -99  153
B 17806 7773  -99  161
B 17816 7680  -99  170
B 17826 7704  -99  177
B 17836 7748  -99  185
B 17846 7651  -99  193
B 17856 7405  -99  198
B 17866 7377  -99  202
B 17876 7548  -99  203
B 17886 7564  -99  203
*** amax = 203  vhit = 97
B 17896 7535  -96  197
B 17906 7350  -96  184
B 17916 7168  -96  169
B 17926 7231  -96  153
B 17936 7153  -96  136
B 17946 7273  -96  118
B 17956 7302  -96   99
B 17966 7523  -96   79
B 17976 7626  -96   57
B 17986 7619  -96   35
B 17996 7657  -96   11
B 18006 7674  -96   -9
push -10 -10
push out at target
B 18016 7677   79  -20
B 18026 7612   79  -32
B 18036 7591   79  -46
B 18046 7626   79  -59
B 18056 7636   79  -72
B 18066 7325   79  -85
B 18076 7339   79  -99
B 18086 7547   79 -109
B 18096 7569   72 -113
B 18106 7525   22 -113
B 18116 7584    9 -113
B 18126 7515    9 -106
B 18136 7578    9  -93
B 18146 7466    9  -83
B 18156 7977    9  -70
B 18166 7983    9  -56
B 18176 8022    9  -44
B 18186 8025    9  -31
B 18196 8027    9  -19
pb end 
B 18206 8028   10   -6
B 18216 8027   10    5
B 18226 8028   10   14
B 18236 8063   10   20
B 18246 8063   10   24
B 18256 8063   10   27
B 18266 8065   10   29
B 18276 8065   10   29
B 18286 8062   10   29
B 18296 8065   10   29
B 18306 8063   10   30
B 18316 8066   10   30
B 18326 8065   10   30
B 18336 8065   10   30
B 18346 8065   10   30
B 18356 8066   10   30
B 18366 8065   10   30
B 18376 8063   10   30
B 18386 8063   10   30
B 18396 8063   10   30
B 18406 8065   10   30
B 18416 8065   10   30
B 18426 8063   10   29
B 18436 8065   10   29
B 18446 8065   10   29
B 18456 8066   10   29
B 18466 8066   10   29
B 18476 8065   10   29
B 18486 8066   10   29
B 18496 8066   10   29
B 18506 8063   10   29
B 18516 8066   10   29
B 18526 8065   10   29
B 18536 8065   10   29
B 18546 8068   10   29
B 18556 8065   10   29
B 18566 8066   10   29
B 18576 8066   10   29
B 18586 8065   10   29
B 18596 8065   10   29
B 18606 8065   10   29
B 18616 8066   10   29
B 18626 8066   10   29
B 18636 8068   10   29
B 18646 8066   10   29
B 18656 8068   10   29
B 18666 8066   10   29
B 18676 8066   10   29
B 18686 8068   10   29
B 18696 8066   10   29
SSS vs= 0.99  t=  196
%P VOLT1   = 8037
%P VOLT2   = 8122
%P S2_SC   =  0.99
%P L_ANG_MAX = 196
B 18706 8068   69   29
B 18716 8066   69   29
B 18726 8051   69   29
B 18736 7931   69   29
B 18746 7901   69   29
B 18756 7883   69   29
B 18766 7851   69   29
B 18776 7539   69   29
B 18786 7569   69   33
B 18796 7586   69   39
B 18806 7467   69   46
B 18816 7482   69   53
B 18826 7520   69   61
B 18837 7517   29   69
B 18847 7550   29   77
B 18858 7619   29   87
*** adj PULL_V2->69 
*** dt = 81 , A = 93 , rpm = 282 
B 18868 7670   68   96
B 18878 7695   68  105
B 18888 7945   68  113
B 18898 7879   68  120
B 18908 7875   68  127
B 18918 7809   68  135
B 18928 7795   68  143
B 18938 7660   68  153
pull out 161
B 18948 7712  -99  164
B 18958 7709  -99  175
B 18968 7549  -99  187
B 18978 7479  -99  195
B 18988 7534  -99  205
B 18998 7554  -99  215
B 19008 7490  -99  223
B 19018 7455  -99  228
B 19028 7480  -99  229
B 19038 7524  -99  229
*** amax = 229  vhit = 84
B 19048 7500  -83  224
B 19058 7353  -83  212
B 19068 7025  -83  197
B 19078 7104  -83  180
B 19088 7170  -83  162
B 19098 7363  -83  144
B 19108 7392  -83  125
B 19118 7546  -83  105
B 19128 7727  -83   84
B 19138 7724  -83   61
B 19148 7725  -83   37
B 19158 7732  -83   13
B 19168 7742  -83   -9
push -11 -10
push out at target
B 19178 7743   79  -20
B 19188 7751   79  -33
B 19198 7663   79  -48
B 19208 7675   79  -63
B 19218 7607   79  -77
B 19228 7649   79  -93
B 19238 7329   79 -108
B 19248 7583   79 -123
B 19258 7486   79 -132
B 19268 7528   63 -135
B 19278 7433   14 -135
B 19288 7532    9 -135
B 19298 7483    9 -124
B 19308 7435    9 -111
B 19318 7466    9 -100
B 19328 7940    9  -87
B 19338 8017    9  -74
B 19348 8020    9  -60
B 19358 8022    9  -48
B 19368 8025    9  -36
pb end 
B 19378 8028   10  -23
B 19388 8025   10  -12
B 19398 8062   10   -2
B 19408 8063   10    5
B 19418 8062   10   11
B 19428 8063   10   15
B 19438 8065   10   18
B 19448 8063   10   20
B 19458 8063   10   21
B 19468 8065   10   21
B 19478 8065   10   23
B 19488 8062   10   25
B 19498 8065   10   25
B 19508 8063   10   25
B 19518 8062   10   25
B 19528 8061   10   25
B 19538 8063   10   25
B 19548 8063   10   25
B 19558 8063   10   25
B 19568 8062   10   25
B 19578 8065   10   25
B 19588 8065   10   25
B 19598 8062   10   25
B 19608 8065   10   25
B 19618 8065   10   25
B 19628 8065   10   25
B 19638 8065   10   25
B 19648 8065   10   25
B 19658 8065   10   25
B 19668 8065   10   24
B 19678 8065   10   24
B 19688 8065   10   24
B 19698 8065   10   25
B 19708 8065   10   25
B 19718 8065   10   25
B 19728 8065   10   25
B 19738 8063   10   25
B 19748 8065   10   25
B 19758 8065   10   25
B 19768 8066   10   25
B 19778 8063   10   25
B 19788 8066   10   25
B 19798 8066   10   25
B 19808 8063   10   25
B 19818 8066   10   25
B 19828 8065   10   25
B 19838 8065   10   25
B 19848 8066   10   25
B 19858 8066   10   25
B 19868 8066   10   25
B 19878 8065   10   25
SSS vs= 0.99  t=  196
%P VOLT1   = 8037
%P VOLT2   = 8111
%P S2_SC   =  0.99
%P L_ANG_MAX = 196
B 19888 8065   69   25
B 19898 8066   69   25
B 19908 8066   69   25
B 19918 7980   69   25
B 19928 7911   69   25
B 19938 7893   69   25
B 19948 7871   69   25
B 19958 7444   69   25
B 19968 7528   69   29
B 19978 7528   69   34
B 19988 7553   69   41
B 19998 7440   69   47
B 20008 7455   69   53
B 20018 7492   69   60
B 20028 7555   29   68
B 20038 7551   29   76
B 20048 7668   29   85
*** adj PULL_V2->69 
*** dt = 83 , A = 92 , rpm = 281 
B 20058 7679   68   93
B 20068 7695   68  101
B 20078 7639   68  109
B 20088 7875   68  116
B 20098 7873   68  123
B 20108 7877   68  130
B 20118 7682   68  138
B 20128 7653   68  147
B 20138 7708   68  158
pull out 159
B 20148 7639  -99  169
B 20158 7650  -99  181
B 20168 7576  -99  192
B 20178 7468  -99  203
B 20188 7489  -99  212
B 20198 7580  -99  221
B 20208 7280  -99  230
B 20218 7315  -99  237
B 20228 7435  -99  241
B 20238 7575  -99  241
B 20248 7514  -99  241
*** amax = 241  vhit = 78
B 20258 7462  -77  236
B 20268 7073  -77  222
B 20278 7135  -77  208
B 20288 7145  -77  191
B 20298 7276  -77  174
B 20308 7321  -77  156
B 20318 7563  -77  137
B 20328 7719  -77  117
B 20338 7717  -77   97
B 20348 7749  -77   75
B 20358 7783  -77   53
B 20368 7787  -77   30
B 20378 7797  -77    6
B 20388 7804  -77  -11
push -11 -10
push out at target
B 20398 7800   79  -22
B 20408 7795   79  -35
B 20418 7784   79  -48
B 20428 7710   79  -63
B 20438 7660   79  -77
B 20448 7563   79  -93
B 20458 7600   79 -108
B 20468 7457   79 -124
B 20478 7627   79 -134
B 20488 7551   72 -139
B 20498 7551   31 -139
B 20508 7312    9 -139
B 20518 7456    9 -132
B 20528 7394    9 -119
B 20538 7518    9 -107
B 20548 7541    9  -95
B 20558 7907    9  -81
B 20568 8018    9  -68
B 20578 8021    9  -55
B 20588 8024    9  -43
B 20598 8022    9  -31
pb end 
B 20608 8025   10  -18
B 20618 8027   10   -7
B 20628 8025   10    3
B 20638 8027   10   10
B 20648 8061   10   16
B 20658 8061   10   20
B 20668 8063   10   22
B 20678 8061   10   24
B 20688 8063   10   25
B 20698 8063   10   25
B 20708 8062   10   28
B 20718 8063   10   28
B 20728 8062   10   28
B 20738 8062   10   28
B 20748 8062   10   28
B 20758 8062   10   28
B 20768 8063   10   28
B 20778 8062   10   28
B 20788 8061   10   28
B 20798 8065   10   28
B 20808 8062   10   28
B 20818 8063   10   28
B 20828 8065   10   28
B 20838 8062   10   27
B 20848 8063   10   27
B 20858 8062   10   27
B 20868 8065   10   27
B 20878 8065   10   27
B 20888 8063   10   27
B 20898 8065   10   27
B 20908 8065   10   27
B 20918 8063   10   27
B 20928 8062   10   27
B 20938 8063   10   27
B 20948 8063   10   27
B 20958 8063   10   27
B 20968 8063   10   27
B 20978 8065   10   27
B 20988 8066   10   27
B 20998 8065   10   27
B 21008 8063   10   27
B 21018 8100   10   27
B 21028 8099   10   27
B 21038 8063   10   27
B 21048 8063   10   27
B 21058 8063   10   27
B 21068 8063   10   27
B 21078 8059   10   27
B 21088 8066   10   27
SSS vs= 0.99  t=  196
%P VOLT1   = 8037
%P VOLT2   = 8108
%P S2_SC   =  0.99
%P L_ANG_MAX = 196
B 21098 8065   69   27
B 21108 8065   69   27
B 21118 8065   69   27
B 21128 7947   69   27
B 21139 7905   69   27
B 21149 7886   69   27
B 21159 7858   69   28
B 21169 7583   69   28
B 21179 7568   69   32
B 21189 7545   69   37
B 21199 7500   69   43
B 21209 7526   69   50
B 21219 7497   69   57
B 21229 7564   43   64
B 21239 7557   29   72
B 21249 7572   29   81
B 21259 7602   29   89
*** adj PULL_V2->69 
*** dt = 83 , A = 92 , rpm = 281 
B 21269 7651   68   98
B 21279 7649   68  107
B 21289 7702   68  115
B 21299 7688   68  123
B 21309 7865   68  131
B 21319 7610   68  141
B 21329 7599   68  150
B 21339 7657   68  161
pull out 168
B 21349 7689  -99  173
B 21359 7697  -99  185
B 21369 7674  -99  197
B 21379 7500  -99  209
B 21389 7475  -99  218
B 21399 7520  -99  229
B 21409 7149  -99  239
B 21419 7196  -99  247
B 21429 7365  -99  254
B 21439 7544  -99  256
B 21449 7468  -99  256
B 21459 7509  -99  256
*** amax = 256  vhit = 75
B 21469 7183  -74  243
B 21479 7205  -74  229
B 21489 7120  -74  213
B 21499 7190  -74  197
B 21509 7240  -74  179
B 21519 7309  -74  161
B 21529 7721  -74  142
B 21539 7731  -74  122
B 21549 7770  -74  101
B 21559 7804  -74   80
B 21569 7803  -74   57
B 21579 7839  -74   35
B 21589 7811  -74   11
B 21599 7814  -74   -9
push -11 -10
push out at target
B 21609 7723   79  -19
B 21619 7658   79  -30
B 21629 7673   79  -37
B 21639 7752   79  -49
B 21649 7336   79  -59
B 21659 7371   79  -69
B 21669 7541   79  -78
B 21679 7641   79  -83
B 21689 7569   31  -83
B 21699 7578    9  -83
B 21709 7324    9  -80
B 21719 7437    9  -69
B 21729 7400    9  -58
B 21739 7947    9  -48
B 21749 7967    9  -35
B 21759 8013    9  -23
B 21769 8017    9  -11
B 21779 8020    9    1
pb end 
B 21789 8022   10   13
B 21799 8024   10   23
B 21809 8024   10   31
B 21819 8025   10   37
B 21829 8025   10   41
B 21839 8025   10   44
B 21849 8061   10   45
B 21859 8061   10   45
B 21869 8059   10   45
B 21879 8062   10   45
B 21889 8061   10   45
B 21899 8061   10   45
B 21909 8061   10   45
B 21919 8061   10   45
B 21929 8062   10   41
B 21939 8057   10   38
B 21949 8061   10   35
B 21959 8061   10   33
B 21969 8061   10   31
B 21979 8061   10   29
B 21989 8061   10   27
B 21999 8062   10   26
B 22009 8059   10   25
B 22019 8062   10   24
B 22029 8062   10   23
B 22039 8062   10   22
B 22049 8063   10   22
B 22059 8062   10   22
B 22069 8062   10   22
B 22079 8063   10   22
B 22089 8061   10   22
B 22099 8063   10   22
B 22109 8063   10   22
B 22119 8062   10   22
B 22129 8062   10   22
B 22139 8063   10   22
B 22149 8062   10   22
B 22159 8062   10   22
B 22169 8062   10   22
B 22179 8063   10   22
B 22189 8063   10   22
B 22199 8063   10   22
B 22209 8063   10   22
B 22219 8063   10   22
B 22229 8063   10   22
B 22239 8065   10   22
B 22249 8065   10   22
B 22259 8062   10   22
B 22269 8065   10   22
B 22279 8062   10   22
SSS vs= 0.99  t=  196
%P VOLT1   = 8037
%P VOLT2   = 8104
%P S2_SC   =  0.99
%P L_ANG_MAX = 196
B 22289 8063   69   22
B 22299 8063   69   22
B 22309 8035   69   22
B 22319 7936   69   22
B 22329 7918   69   22
B 22339 7764   69   22
B 22349 7740   69   23
B 22359 7570   69   23
B 22369 7557   69   26
B 22379 7563   69   33
B 22389 7508   69   40
B 22399 7528   69   47
B 22409 7534   69   54
B 22419 7500   56   62
B 22429 7602   29   70
B 22439 7599   29   79
B 22449 7601   29   89
*** adj PULL_V2->58 
*** dt = 67 , A = 94 , rpm = 315 
B 22459 7637   57   98
B 22469 7677   57  107
B 22479 7648   57  117
B 22489 7895   57  125
B 22499 7901   57  134
B 22509 7905   57  143
B 22519 7796   57  153
pull out 155
B 22529 7790  -99  163
B 22539 7820  -99  173
B 22549 7677  -99  183
B 22559 7647  -99  191
B 22569 7646  -99  200
B 22579 7233  -99  209
B 22589 7278  -99  215
B 22599 7452  -99  221
B 22609 7604  -99  221
B 22619 7520  -99  221
*** amax = 221  vhit = 88
B 22629 7522  -87  220
B 22639 7231  -87  207
B 22649 7259  -87  193
B 22659 7098  -87  177
B 22669 7155  -87  160
B 22679 7201  -87  142
B 22689 7343  -87  124
B 22699 7568  -87  105
B 22709 7568  -87   83
B 22719 7637  -87   61
B 22729 7670  -87   38
B 22739 7677  -87   13
B 22749 7692  -87   -8
push -11 -10
push out at target
B 22759 7691   79  -19
B 22769 7661   79  -31
B 22779 7626   79  -47
B 22789 7612   79  -61
B 22799 7648   79  -75
B 22809 7583   79  -91
B 22819 7507   79 -107
B 22829 7487   79 -121
B 22839 7540   79 -131
B 22849 7596   72 -134
B 22859 7572   14 -134
B 22869 7510    9 -134
B 22879 7227    9 -125
B 22889 7333    9 -112
B 22899 7454    9  -99
B 22909 7562    9  -87
B 22919 7580    9  -73
B 22929 7979    9  -60
B 22939 7981    9  -47
B 22949 7986    9  -33
pb end 
B 22959 8021   10  -20
B 22969 8022   10   -7
B 22979 8024   10    5
B 22989 8022   10   15
B 22999 8022   10   22
B 23009 8025   10   27
B 23019 8024   10   30
B 23029 8027   10   32
B 23039 8025   10   33
B 23049 8024   10   33
B 23059 8024   10   33
B 23069 8025   10   33
B 23079 8062   10   33
B 23089 8025   10   33
B 23099 8024   10   33
B 23109 8061   10   33
B 23119 8059   10   33
B 23129 8059   10   33
B 23139 8061   10   33
B 23149 8059   10   33
B 23159 8061   10   33
B 23169 8061   10   33
B 23179 8062   10   33
B 23189 8061   10   33
B 23199 8063   10   33
B 23209 8062   10   33
B 23219 8061   10   33
B 23229 8061   10   33
B 23239 8062   10   32
B 23249 8062   10   31
B 23259 8062   10   31
B 23269 8061   10   31
B 23279 8063   10   31
B 23289 8062   10   31
B 23299 8062   10   31
B 23309 8062   10   31
B 23319 8061   10   31
B 23329 8062   10   31
B 23339 8062   10   31
B 23349 8061   10   31
B 23359 8062   10   31
B 23369 8063   10   31
B 23379 8062   10   31
B 23389 8062   10   31
B 23399 8063   10   31
B 23409 8062   10   31
B 23419 8063   10   31
B 23429 8062   10   31
B 23439 8062   10   31
B 23449 8062   10   31
SSS vs= 0.99  t=  196
%P VOLT1   = 8037
%P VOLT2   = 8104
%P S2_SC   =  0.99
%P L_ANG_MAX = 196
B 23459 8062   69   31
B 23469 8063   69   31
B 23479 8022   69   31
B 23489 7932   69   31
B 23499 7904   69   31
B 23509 7778   69   31
B 23519 7752   69   31
B 23530 7516   69   31
B 23540 7515   69   35
B 23550 7535   69   41
B 23560 7522   69   46
B 23570 7463   69   53
B 23580 7466   69   59
B 23590 7534   29   67
B 23600 7527   29   74
B 23610 7528   29   83
B 23620 7568   29   91
*** adj PULL_V2->69 
*** dt = 83 , A = 92 , rpm = 281 
B 23630 7611   68  101
B 23640 7638   68  109
B 23650 7616   68  117
B 23660 7860   68  126
B 23670 7867   68  135
B 23680 7829   68  144
B 23690 7674   68  154
B 23700 7665   68  165
pull out 169
B 23710 7664  -99  176
B 23720 7673  -99  188
B 23730 7667  -99  200
B 23740 7496  -99  211
B 23750 7497  -99  220
B 23760 7540  -99  231
B 23770 7625  -99  240
B 23780 7416  -99  248
B 23790 7400  -99  254
B 23800 7456  -99  255
B 23810 7575  -99  255
*** amax = 255  vhit = 75
B 23820 7559  -74  253
B 23830 7435  -74  240
B 23840 7134  -74  226
B 23850 7198  -74  211
B 23860 7240  -74  194
B 23870 7305  -74  177
B 23880 7327  -74  159
B 23890 7587  -74  140
B 23900 7738  -74  121
B 23910 7744  -74  101
B 23920 7815  -74   80
B 23930 7855  -74   58
B 23940 7859  -74   36
B 23950 7826  -74   13
B 23960 7831  -74   -7
push -11 -10
push out at target
B 23970 7832   79  -17
B 23980 7814   79  -28
B 23990 7740   79  -41
B 24000 7735   79  -53
B 24010 7758   79  -64
B 24020 7322   79  -79
B 24030 7343   79  -91
B 24040 7537   79 -103
B 24050 7667   79 -111
B 24060 7625   55 -112
B 24070 7685    0 -112
B 24080 7522    9 -112
B 24090 7581    9 -103
B 24100 7464    9  -93
B 24110 7975    9  -83
B 24120 7980    9  -72
B 24130 7981    9  -61
B 24140 8021    9  -51
B 24150 8025    9  -41
B 24160 8024    9  -31
B 24170 8024    9  -21
pb end 
B 24180 8025   10  -13
B 24190 8025   10   -6
B 24200 8025   10    0
B 24210 8025   10    4
B 24220 8025   10    8
B 24230 8025   10   10
B 24240 8025   10   12
B 24250 8028   10   13
B 24260 8025   10   13
B 24270 8025   10   16
B 24280 8062   10   17
B 24290 8061   10   17
B 24300 8062   10   17
B 24310 8059   10   17
B 24320 8059   10   17
B 24330 8061   10   17
B 24340 8058   10   17
B 24350 8061   10   17
B 24360 8061   10   17
B 24370 8062   10   17
B 24380 8062   10   17
B 24390 8062   10   17
B 24400 8061   10   17
B 24410 8061   10   16
B 24420 8061   10   16
B 24430 8061   10   16
B 24440 8062   10   16
B 24450 8062   10   16
B 24460 8061   10   16
B 24470 8062   10   16
B 24480 8061   10   16
B 24490 8062   10   16
B 24500 8061   10   16
B 24510 8062   10   16
B 24520 8061   10   16
B 24530 8061   10   16
B 24540 8062   10   16
B 24550 8061   10   16
B 24560 8062   10   16
B 24570 8062   10   16
B 24580 8062   10   16
B 24590 8061   10   16
B 24600 8062   10   16
B 24610 8063   10   16
B 24620 8061   10   16
B 24630 8065   10   16
B 24640 8062   10   16
B 24650 8062   10   16
B 24660 8062   10   16
B 24670 8062   10   16
SSS vs= 0.99  t=  196
%P VOLT1   = 8037
%P VOLT2   = 8101
%P S2_SC   =  0.99
%P L_ANG_MAX = 196
B 24680 8063   69   16
B 24690 8062   69   16
B 24700 8062   69   16
B 24710 7957   69   16
B 24720 7927   69   17
B 24730 7913   69   17
B 24740 7540   69   17
B 24750 7517   69   18
B 24760 7571   69   24
B 24770 7509   69   30
B 24780 7523   69   37
B 24790 7540   69   44
B 24800 7510   69   50
B 24810 7515   69   57
B 24820 7551   36   65
B 24830 7623   29   73
B 24840 7622   29   81
B 24850 7630   29   89
*** adj PULL_V2->75 
*** dt = 92 , A = 91 , rpm = 264 
B 24860 7677   74   98
B 24870 7695   74  107
B 24880 7740   74  114
B 24890 7885   74  122
B 24900 7867   74  129
B 24910 7870   74  137
B 24920 7541   74  145
B 24930 7517   74  154
B 24940 7606   74  165
pull out 169
B 24950 7639  -99  176
B 24960 7653  -99  188
B 24970 7597  -99  200
B 24980 7467  -99  212
B 24990 7472  -99  221
B 25000 7510  -99  232
B 25010 7192  -99  241
B 25020 7219  -99  249
B 25030 7364  -99  257
B 25040 7605  -99  260
*** amax = 260  vhit = 75
B 25050 7581  -74  259
B 25060 7655  -74  259
B 25070 7483  -74  253
B 25080 7511  -74  240
B 25090 7319  -74  226
B 25100 7440  -74  212
B 25110 7448  -74  196
B 25120 7457  -74  180
B 25130 7638  -74  162
B 25140 7642  -74  144
B 25150 7714  -74  125
B 25160 7790  -74  106
B 25170 7794  -74   86
B 25180 7829  -74   65
B 25190 7835  -74   43
B 25200 7838  -74   22
B 25210 7840  -74    0
push -11 -10
push out at target
B 25220 7879   79  -12
B 25230 7881   79  -21
B 25240 7845   79  -32
B 25250 7800   79  -43
B 25260 7805   79  -54
B 25270 7786   79  -64
B 25280 7408   79  -76
B 25290 7418   79  -87
B 25300 7638   79  -99
B 25310 7779   79 -107
B 25320 7769   55 -111
B 25330 7845   22 -111
B 25340 7626    9 -111
B 25350 7644    9 -111
B 25360 7481    9 -104
B 25370 7913    9  -96
B 25380 7915    9  -89
B 25390 7952    9  -81
B 25400 8024    9  -73
B 25410 8025    9  -65
B 25420 8025    9  -59
pb end 
B 25430 8025   10  -52
B 25440 8025   10  -47
B 25450 8027   10  -41
B 25460 8025   10  -35
B 25470 8025   10  -30
B 25480 8027   10  -25
B 25490 8025   10  -19
B 25500 8025   10  -15
B 25510 8027   10   -9
B 25520 8027   10   -5
B 25530 8027   10   -1
B 25540 8027   10    2
B 25550 8025   10    5
B 25560 8027   10    7
B 25570 8027   10    8
B 25580 8062   10    9
B 25590 8063   10   10
B 25600 8027   10   12
B 25610 8062   10   12
B 25620 8062   10   12
B 25630 8025   10   12
B 25640 8062   10   12
B 25650 8062   10   12
B 25660 8061   10   12
B 25670 8062   10   11
B 25680 8061   10   11
B 25690 8061   10   11
B 25700 8062   10   11
B 25710 8061   10   11
B 25720 8062   10   11
B 25730 8062   10   10
B 25740 8061   10   10
B 25750 8062   10   10
B 25760 8062   10   10
B 25770 8062   10   10
B 25780 8063   10   10
B 25790 8062   10   11
B 25800 8062   10   11
B 25810 8062   10   11
B 25820 8063   10   10
B 25830 8062   10   10
B 25840 8062   10   10
B 25850 8059   10   10
B 25860 8062   10   10
B 25870 8063   10   10
B 25880 8062   10   10
B 25890 8062   10   10
B 25900 8062   10   10
B 25910 8062   10   10
B 25920 8062   10   10
SSS vs= 0.99  t=  201
%P VOLT1   = 8037
%P VOLT2   = 8101
%P S2_SC   =  0.99
%P L_ANG_MAX = 201
B 25930 8063   69   10
B 25940 8062   69   10
B 25950 8062   69   10
B 25960 8063   69   10
B 25970 7971   69   11
B 25980 7941   69   11
B 25990 7932   69   11
B 26000 7919   69   11
B 26010 7907   69   11
B 26020 7657   69   15
B 26030 7660   69   21
B 26040 7673   69   28
B 26050 7510   69   35
B 26060 7519   69   41
B 26070 7522   69   48
B 26080 7592   69   56
B 26090 7627   62   63
B 26100 7634   33   71
B 26110 7674   29   79
B 26120 7641   29   87
B 26130 7676   29   95
*** adj PULL_V2->75 
*** dt = 92 , A = 96 , rpm = 264 
B 26140 7664   74  103
B 26150 7622   74  111
B 26160 7612   74  118
B 26170 7860   74  126
B 26180 7895   74  134
B 26190 7893   74  143
B 26200 7644   74  153
B 26210 7682   74  164
B 26220 7686   74  175
pull out 178
B 26230 7659  -99  185
B 26240 7593  -99  197
B 26250 7585  -99  208
B 26260 7604  -99  219
B 26270 7655  -99  227
B 26280 7669  -99  237
B 26290 7713  -99  247
B 26300 7400  -99  253
B 26310 7403  -99  260
B 26320 7690  -99  264
B 26330 7798  -99  264
B 26340 7799  -99  264
*** amax = 264  vhit = 75
B 26350 7693  -74  263
B 26360 7444  -74  253
B 26370 7445  -74  243
B 26380 7342  -74  230
B 26390 7345  -74  217
B 26400 7346  -74  202
B 26410 7348  -74  187
B 26420 7596  -74  170
B 26430 7598  -74  153
B 26440 7739  -74  136
B 26450 7775  -74  117
B 26460 7775  -74   97
B 26470 7812  -74   77
B 26480 7776  -74   56
B 26490 7776  -74   35
B 26500 7815  -74   13
B 26510 7815  -74   -7
push -11 -10
push out at target
B 26520 7816   79  -15
B 26530 7852   79  -25
B 26540 7858   79  -36
B 26550 7844   79  -48
B 26560 7820   79  -59
B 26570 7758   79  -69
B 26580 7763   79  -81
B 26590 7626   79  -92
B 26600 7736   79 -103
B 26611 7736   79 -109
B 26621 7881   34 -113
B 26631 7853   22 -113
B 26641 7864    9 -113
B 26651 7480    9 -113
B 26661 7482    9 -107
B 26671 7490    9 -100
B 26681 7882    9  -94
B 26691 7921    9  -87
B 26701 7919    9  -79
B 26711 7991    9  -72
B 26721 8027    9  -66
B 26731 8028    9  -59
pb end 
B 26741 8028   10  -53
B 26751 8028   10  -47
B 26761 8027   10  -40
B 26771 8028   10  -34
B 26781 8027   10  -27
B 26791 8028   10  -21
B 26801 8027   10  -15
B 26811 8028   10  -10
B 26821 8028   10   -5
B 26831 8024   10   -1
B 26841 8028   10    3
B 26851 8028   10    5
B 26861 8027   10    7
B 26871 8028   10    9
B 26881 8025   10    9
B 26891 8027   10    9
B 26901 8028   10    9
B 26911 8027   10    9
B 26921 8028   10    9
B 26931 8030   10    9
B 26941 8027   10    9
B 26951 8030   10    9
B 26961 8028   10    9
B 26971 8027   10    9
B 26981 8027   10    9
B 26991 8028   10    9
B 27001 8028   10    8
B 27011 8028   10    7
B 27021 8027   10    7
B 27031 8025   10    7
B 27041 8028   10    7
B 27051 8063   10    7
B 27061 8063   10    7
B 27071 8063   10    7
B 27081 8063   10    7
B 27091 8063   10    7
B 27101 8063   10    7
B 27111 8028   10    7
B 27121 8027   10    7
B 27131 8063   10    7
B 27141 8063   10    7
B 27151 8062   10    7
B 27161 8063   10    7
B 27171 8063   10    7
B 27181 8063   10    7
B 27191 8028   10    7
B 27201 8062   10    7
B 27211 8063   10    7
B 27221 8063   10    7
B 27231 8063   10    7
SSS vs= 0.99  t=  206
%P VOLT1   = 8037
%P VOLT2   = 8104
%P S2_SC   =  0.99
%P L_ANG_MAX = 206
B 27241 8063   69    7
B 27251 8028   69    7
B 27261 8020   69    7
B 27271 7970   69    7
B 27281 7960   69    7
B 27291 7957   69    7
B 27301 7949   69    7
B 27311 7652   69    7
B 27321 7688   69   13
B 27331 7699   69   19
B 27341 7644   69   26
B 27351 7584   69   32
B 27363 7595   69   39
B 27374 7601   69   46
B 27384 7639   69   53
B 27394 7676   69   59
B 27404 7679   57   65
B 27415 7680   39   73
B 27425 7653   29   80
B 27435 7659   29   86
B 27445 7639   29   93
*** adj PULL_V2->91 
*** dt = 120 , A = 96 , rpm = 215 
B 27455 7719   90   99
B 27465 7721   90  105
B 27475 7811   90  110
B 27485 7882   90  115
B 27495 7876   90  121
B 27505 7878   90  125
B 27515 7493   90  132
B 27525 7498   90  140
B 27535 7607   90  149
B 27545 7575   90  158
B 27555 7580   90  167
B 27565 7476   90  177
pull out 181
B 27575 7408  -99  188
B 27585 7403  -99  197
B 27595 7441  -99  207
B 27605 7553  -99  214
B 27615 7555  -99  223
B 27625 7561  -99  231
B 27635 7562  -99  237
B 27645 7565  -99  241
B 27655 7708  -99  244
B 27665 7850  -99  244
*** amax = 244  vhit = 81
B 27675 7850  -80  243
B 27685 7780  -80  241
B 27695 7355  -80  232
B 27705 7356  -80  221
B 27715 7358  -80  208
B 27725 7358  -80  195
B 27735 7356  -80  180
B 27745 7427  -80  165
B 27755 7606  -80  149
B 27765 7609  -80  133
B 27775 7750  -80  117
B 27785 7753  -80   99
B 27795 7754  -80   81
B 27805 7756  -80   62
B 27815 7757  -80   42
B 27825 7757  -80   23
B 27835 7757  -80    2
B 27845 7756  -80  -11
push -11 -10
push out at target
B 27855 7757   79  -19
B 27865 7793   79  -29
B 27875 7797   79  -40
B 27885 7793   79  -51
B 27895 7731   79  -63
B 27905 7632   79  -75
B 27915 7634   79  -84
B 27925 7711   79  -95
B 27935 7750   79 -104
B 27945 7749   63 -111
B 27955 7857   47 -112
B 27965 7791    0 -112
B 27975 7795    9 -112
B 27985 7451    9 -112
B 27995 7456    9 -105
B 28005 7460    9 -100
B 28015 7814    9  -93
B 28025 7993    9  -86
B 28035 7993    9  -79
B 28045 7993    9  -72
B 28055 7994    9  -67
B 28065 7993    9  -60
pb end 
B 28075 8030   10  -55
B 28085 8028   10  -50
B 28095 8028   10  -45
B 28105 8030   10  -40
B 28115 8028   10  -35
B 28125 8028   10  -31
B 28135 8030   10  -27
B 28145 8030   10  -22
B 28155 8030   10  -17
B 28165 8030   10  -13
B 28175 8030   10   -9
B 28185 8028   10   -6
B 28195 8030   10   -3
B 28205 8030   10    0
B 28215 8030   10    2
B 28225 8028   10    5
B 28235 8028   10    6
B 28245 8027   10    7
B 28255 8030   10    7
B 28265 8030   10    7
B 28275 8028   10    7
B 28285 8028   10    7
B 28295 8031   10    7
B 28305 8028   10    7
B 28315 8027   10    7
B 28325 8028   10    7
B 28335 8024   10    7
B 28345 8028   10    7
B 28355 8028   10    7
B 28365 8030   10    7
B 28375 8030   10    7
B 28385 8027   10    6
B 28395 8027   10    6
B 28405 8030   10    6
B 28415 8027   10    6
B 28425 8028   10    6
B 28435 8065   10    6
B 28445 8028   10    6
B 28455 8027   10    6
B 28465 8030   10    6
B 28475 8030   10    6
B 28485 8030   10    6
B 28495 8063   10    6
B 28505 8028   10    6
B 28515 8030   10    6
B 28525 8027   10    6
B 28535 8030   10    6
B 28545 8030   10    6
B 28555 8028   10    6
B 28565 8030   10    6
SSS vs= 0.99  t=  211
%P VOLT1   = 7978
%P VOLT2   = 8108
%P S2_SC   =  1.00
%P L_ANG_MAX = 211
B 28576 8028   69    6
B 28587 8030   69    6
B 28597 7962   69    6
B 28608 7940   69    6
B 28618 7934   69    6
B 28628 7933   69    6
B 28638 7685   69    6
B 28648 7685   69    9
B 28658 7726   69   15
B 28668 7667   69   21
B 28678 7676   69   27
B 28688 7575   69   33
B 28698 7616   69   39
B 28708 7621   69   45
B 28718 7623   69   50
B 28728 7694   69   56
B 28738 7693   66   62
B 28748 7659   54   68
B 28758 7626   43   74
B 28768 7626   31   80
B 28778 7672   29   86
B 28788 7712   29   92
B 28798 7721   29   97
*** adj PULL_V2->102 
*** dt = 120 , A = 99 , rpm = 182 
B 28808 7762  101  103
B 28818 7867  101  107
B 28828 7843  101  111
B 28838 7897  101  115
B 28848 7894  101  119
B 28858 7896  101  124
B 28868 7510  101  130
B 28878 7619  101  137
B 28888 7622  101  145
B 28898 7589  101  153
B 28908 7379  101  162
B 28918 7381  101  170
pull out 173
B 28928 7382  -99  180
B 28938 7483  -99  189
B 28948 7486  -99  197
B 28958 7561  -99  205
B 28968 7317  -99  212
B 28978 7318  -99  219
B 28988 7534  -99  224
B 28998 7783  -99  227
B 29008 7784  -99  228
B 29018 7820  -99  228
*** amax = 228  vhit = 92
B 29028 7677  -91  227
B 29038 7678  -91  221
B 29048 7464  -91  210
B 29058 7359  -91  198
B 29068 7359  -91  185
B 29078 7359  -91  171
B 29088 7467  -91  157
B 29098 7468  -91  141
B 29108 7577  -91  126
B 29118 7685  -91  109
B 29128 7685  -91   93
B 29138 7686  -91   75
B 29148 7654  -91   56
B 29158 7651  -91   37
B 29168 7651  -91   17
B 29178 7689  -91   -3
push -10 -10
push out at target
B 29188 7685   79  -13
B 29198 7721   79  -23
B 29208 7731   79  -33
B 29218 7732   79  -43
B 29228 7739   79  -54
B 29238 7462   79  -65
B 29248 7467   79  -75
B 29258 7645   79  -84
B 29268 7826   64  -93
B 29278 7827   64  -99
B 29288 7860   39 -102
B 29298 7691   14 -102
B 29308 7694    9 -102
B 29318 7487    9 -102
B 29328 7847    9  -97
B 29338 7848    9  -92
B 29348 7815    9  -85
B 29358 7994    9  -79
B 29368 7993    9  -72
B 29378 7993    9  -65
B 29388 7997    9  -59
pb end 
B 29398 7994   10  -54
B 29408 7995   10  -48
B 29418 8028   10  -43
B 29428 8028   10  -37
B 29438 8030   10  -32
B 29448 8028   10  -27
B 29458 8030   10  -21
B 29468 8030   10  -16
B 29478 8030   10  -11
B 29488 8030   10   -6
B 29498 8030   10   -2
B 29508 8031   10    2
B 29518 8030   10    5
B 29528 8030   10    8
B 29538 8030   10    9
B 29548 8028   10   11
B 29558 8028   10   11
B 29568 8031   10   11
B 29578 8030   10   11
B 29588 8030   10   11
B 29598 8030   10   11
B 29608 8030   10   11
B 29618 8031   10   11
B 29628 8028   10   11
B 29638 8030   10   11
B 29648 8030   10   11
B 29658 8028   10   10
B 29668 8030   10    9
B 29678 8030   10    8
B 29688 8031   10    6
B 29698 8030   10    5
B 29708 8028   10    5
B 29718 8030   10    5
B 29728 8030   10    4
B 29738 8065   10    4
B 29748 8028   10    4
B 29758 8031   10    5
B 29768 8030   10    5
B 29778 8065   10    5
B 29788 8066   10    5
B 29798 8030   10    5
B 29808 8030   10    5
B 29818 8031   10    5
B 29828 8030   10    5
B 29838 8031   10    5
B 29848 8031   10    5
B 29858 8028   10    5
B 29868 8028   10    5
B 29878 8030   10    5
B 29888 8030   10    5
B 29898 8032   10    5
SSS vs= 1.00  t=  216
%P VOLT1   = 7978
%P VOLT2   = 8111
%P S2_SC   =  1.00
%P L_ANG_MAX = 216
B 29908 8028   69    5
B 29918 8030   69    5
B 29928 7975   69    5
B 29938 7950   69    5
B 29948 7947   69    5
B 29958 7669   69    5
B 29968 7666   69    5
B 29978 7704   69    5
B 29988 7744   69   10
B 29998 7743   69   16
B 30008 7677   69   22
B 30018 7540   69   29
B 30028 7545   69   35
B 30038 7657   69   41
B 30048 7625   69   47
B 30058 7627   69   53
B 30068 7701   69   58
B 30078 7667   63   64
B 30088 7667   56   70
B 30098 7667   45   76
B 30108 7672   36   82
B 30118 7675   29   88
B 30128 7647   29   94
B 30138 7827   29  100
*** adj PULL_V2->97 
*** dt = 120 , A = 104 , rpm = 198 
B 30148 7831   96  105
B 30158 7798   96  109
B 30168 7870   96  114
B 30178 7849   96  118
B 30188 7902   96  121
B 30198 7902   96  125
B 30208 7904   96  130
B 30218 7657   96  135
B 30228 7623   96  142
B 30238 7625   96  150
B 30248 7557   96  158
B 30258 7381   96  167
pull out 173
B 30268 7382  -99  176
B 30278 7385  -99  185
B 30288 7487  -99  194
B 30298 7490  -99  202
B 30308 7528  -99  209
B 30318 7353  -99  217
B 30328 7356  -99  223
B 30338 7535  -99  228
B 30348 7752  -99  231
B 30358 7750  -99  232
B 30368 7822  -99  232
B 30378 7680  -99  232
*** amax = 232  vhit = 92
B 30388 7680  -91  225
B 30398 7468  -91  214
B 30408 7360  -91  202
B 30418 7360  -91  189
B 30428 7360  -91  175
B 30438 7470  -91  161
B 30448 7471  -91  146
B 30458 7544  -91  131
B 30468 7689  -91  114
B 30478 7689  -91   97
B 30488 7689  -91   80
B 30498 7657  -91   61
B 30508 7654  -91   43
B 30518 7654  -91   23
B 30528 7689  -91    2
B 30538 7688  -91  -10
push -11 -10
push out at target
B 30548 7725   79  -19
B 30558 7735   79  -29
B 30568 7736   79  -39
B 30578 7742   79  -49
B 30588 7428   79  -60
B 30598 7432   79  -68
B 30608 7647   79  -78
B 30618 7830   79  -87
B 30628 7831   64  -93
B 30638 7867   39  -95
B 30648 7727    6  -95
B 30658 7732    9  -95
B 30668 7529    9  -95
B 30678 7815    9  -92
B 30688 7815    9  -88
B 30698 7853    9  -82
B 30708 7995    9  -75
B 30718 7994    9  -69
B 30728 7994    9  -64
B 30738 7997    9  -59
pb end 
B 30748 7995   10  -53
B 30758 7994   10  -48
B 30768 8031   10  -44
B 30778 8031   10  -39
B 30788 8031   10  -35
B 30798 8032   10  -31
B 30808 8031   10  -26
B 30818 8030   10  -21
B 30828 8031   10  -17
B 30838 8030   10  -13
B 30848 8031   10   -9
B 30858 8031   10   -5
B 30868 8030   10   -3
B 30878 8030   10    0
B 30888 8030   10    2
B 30898 8028   10    4
B 30908 8030   10    5
B 30918 8030   10    6
B 30928 8027   10    6
B 30938 8031   10    6
B 30948 8031   10    6
B 30958 8030   10    6
B 30968 8030   10    6
B 30978 8030   10    6
B 30988 8030   10    6
B 30998 8030   10    6
B 31008 8030   10    6
B 31018 8031   10    6
B 31028 8030   10    6
B 31038 8030   10    5
B 31048 8030   10    5
B 31058 8028   10    5
B 31068 8030   10    5
B 31078 8030   10    5
B 31088 8031   10    5
B 31098 8030   10    5
B 31108 8030   10    5
B 31118 8030   10    5
B 31128 8030   10    5
B 31138 8031   10    5
B 31148 8030   10    5
B 31158 8030   10    5
B 31168 8031   10    5
B 31178 8065   10    5
B 31188 8030   10    5
B 31198 8030   10    5
B 31208 8028   10    5
B 31218 8031   10    5
B 31228 8030   10    5
B 31238 8030   10    5
B 31248 8030   10    5
SSS vs= 1.00  t=  221
%P VOLT1   = 7978
%P VOLT2   = 8111
%P S2_SC   =  1.00
%P L_ANG_MAX = 221
B 31258 8030   69    5
B 31268 8031   69    5
B 31278 7978   69    5
B 31288 7956   69    5
B 31298 7953   69    5
B 31308 7638   69    5
B 31318 7639   69    5
B 31328 7714   69    5
B 31338 7757   69    9
B 31348 7759   69   14
B 31358 7691   69   20
B 31368 7582   69   26
B 31378 7581   69   32
B 31388 7584   69   38
B 31398 7622   69   44
B 31408 7626   69   50
B 31419 7700   69   57
B 31429 7666   67   62
B 31439 7668   59   68
B 31449 7670   53   74
B 31459 7674   44   80
B 31469 7675   37   85
B 31479 7645   29   91
B 31489 7791   29   97
B 31499 7794   29  102
*** adj PULL_V2->102 
*** dt = 120 , A = 107 , rpm = 182 
B 31509 7764  101  107
B 31519 7797  101  112
B 31529 7801  101  116
B 31539 7909  101  119
B 31549 7911  101  123
B 31559 7902  101  126
B 31569 7938  101  130
B 31579 7517  101  135
B 31589 7521  101  141
B 31599 7594  101  148
B 31609 7559  101  156
B 31619 7562  101  163
pull out 172
B 31629 7456  -99  172
B 31639 7421  -99  180
B 31649 7424  -99  189
B 31659 7453  -99  197
B 31669 7528  -99  204
B 31679 7532  -99  212
B 31689 7534  -99  219
B 31699 7535  -99  225
B 31709 7538  -99  229
B 31719 7681  -99  232
B 31729 7823  -99  232
B 31739 7823  -99  232
*** amax = 232  vhit = 95
B 31749 7825  -94  231
B 31759 7470  -94  221
B 31769 7470  -94  211
B 31779 7362  -94  199
B 31789 7399  -94  185
B 31799 7397  -94  171
B 31809 7399  -94  157
B 31819 7579  -94  141
B 31829 7582  -94  125
B 31839 7654  -94  109
B 31849 7691  -94   92
B 31860 7696  -94   73
B 31870 7689  -94   54
B 31880 7654  -94   34
B 31890 7655  -94   15
B 31900 7691  -94   -5
push -11 -10
push out at target
B 31910 7727   79  -14
B 31920 7716   79  -23
B 31930 7734   79  -33
B 31940 7740   79  -41
B 31950 7745   79  -52
B 31960 7716   79  -63
B 31970 7648   79  -71
B 31980 7650   79  -80
B 31990 7757   64  -88
B 32000 7868   55  -93
B 32010 7867   31  -94
B 32020 7871    0  -94
B 32030 7556    9  -94
B 32040 7564    9  -93
B 32050 7495    9  -87
B 32060 7710    9  -81
B 32070 7710    9  -75
B 32080 7995    9  -67
B 32090 7993    9  -60
B 32100 7997    9  -55
B 32110 7997    9  -49
B 32120 7995    9  -43
pb end 
B 32130 7995   10  -38
B 32140 7995   10  -32
B 32150 7995   10  -27
B 32160 7994   10  -21
B 32170 8030   10  -16
B 32180 8031   10  -11
B 32190 8030   10   -6
B 32200 8031   10   -2
B 32210 8030   10    2
B 32220 8031   10    5
B 32230 8030   10    7
B 32240 8030   10    9
B 32250 8031   10   10
B 32260 8031   10   10
B 32270 8030   10   10
B 32280 8031   10   10
B 32290 8030   10   10
B 32300 8030   10   10
B 32310 8028   10   10
B 32320 8031   10   10
B 32330 8028   10   10
B 32340 8030   10   10
B 32350 8030   10   10
B 32360 8030   10    9
B 32370 8030   10    9
B 32380 8028   10    8
B 32390 8030   10    7
B 32400 8030   10    6
B 32410 8031   10    6
B 32420 8030   10    6
B 32430 8030   10    6
B 32440 8030   10    6
B 32450 8030   10    6
B 32460 8025   10    6
B 32470 8031   10    6
B 32480 8030   10    6
B 32490 8031   10    6
B 32500 8030   10    6
B 32510 8030   10    6
B 32520 8030   10    6
B 32530 8030   10    6
B 32540 8031   10    6
B 32550 8028   10    6
B 32560 8031   10    6
B 32570 8030   10    6
B 32580 8028   10    6
B 32590 8030   10    6
B 32600 8030   10    6
B 32610 8030   10    6
B 32620 8030   10    6
SSS vs= 1.00  t=  226
%P VOLT1   = 7978
%P VOLT2   = 8108
%P S2_SC   =  1.00
%P L_ANG_MAX = 226
B 32630 8028   69    6
B 32640 8018   69    6
B 32650 7964   69    6
B 32660 7956   69    6
B 32670 7958   69    6
B 32680 7958   69    7
B 32690 7710   69    6
B 32700 7716   69    8
B 32710 7755   69   13
B 32720 7656   69   19
B 32730 7659   69   24
B 32740 7664   69   29
B 32750 7595   69   35
B 32760 7598   69   40
B 32770 7633   69   45
B 32780 7708   69   49
B 32790 7708   69   55
B 32800 7672   69   60
B 32811 7671   64   65
B 32821 7672   58   71
B 32831 7637   52   76
B 32841 7636   46   81
B 32851 7640   41   86
B 32861 7681   34   92
B 32871 7682   29   97
B 32881 7689   29  101
B 32891 7763   29  106
*** adj PULL_V2->113 
*** dt = 120 , A = 109 , rpm = 149 
B 32901 7839  112  110
B 32911 7839  112  113
B 32921 7839  112  117
B 32931 7929  112  120
B 32941 7908  112  122
B 32951 7910  112  125
B 32961 7911  112  129
B 32971 7911  112  134
B 32981 7526  112  140
B 32991 7598  112  147
B 33001 7599  112  154
B 33011 7495  112  161
pull out 168
B 33021 7355  -99  169
B 33031 7356  -99  177
B 33041 7428  -99  185
B 33051 7535  -99  193
B 33061 7528  -99  203
B 33071 7566  -99  209
B 33081 7500  -99  217
B 33091 7501  -99  223
B 33101 7573  -99  229
B 33111 7648  -99  233
B 33121 7650  -99  237
B 33131 7756  -99  237
B 33141 7861  -99  237
*** amax = 237  vhit = 95
B 33151 7863  -94  237
B 33161 7756  -94  229
B 33171 7400  -94  218
B 33181 7400  -94  207
B 33191 7364  -94  196
B 33201 7401  -94  182
B 33211 7404  -94  169
B 33221 7548  -94  153
B 33231 7620  -94  137
B 33241 7621  -94  122
B 33251 7692  -94  106
B 33261 7692  -94   89
B 33271 7694  -94   71
B 33281 7692  -94   53
B 33291 7692  -94   33
B 33301 7692  -94   13
B 33311 7691  -94   -6
push -11 -10
push out at target
B 33321 7726   79  -14
B 33331 7725   79  -23
B 33341 7759   79  -33
B 33351 7738   79  -45
B 33361 7740   79  -56
B 33371 7604   79  -68
B 33381 7504   79  -80
B 33391 7503   79  -89
B 33401 7723   64 -100
B 33411 7795   79 -110
B 33421 7797   72 -115
B 33431 7831   31 -116
B 33441 7730    0 -116
B 33451 7737    9 -116
B 33461 7496    9 -116
B 33471 7746    9 -110
B 33481 7744    9 -105
B 33491 7959    9  -99
B 33501 7994    9  -92
B 33511 7994    9  -87
B 33521 7995    9  -83
B 33531 7994    9  -77
pb end 
B 33541 7993   10  -74
B 33551 7995   10  -71
B 33562 7995   10  -67
B 33573 7997   10  -63
B 33583 7995   10  -61
B 33593 8030   10  -59
B 33603 8032   10  -56
B 33613 8028   10  -53
B 33623 8030   10  -51
B 33633 8030   10  -49
B 33643 8030   10  -47
B 33653 8030   10  -45
B 33663 8030   10  -43
B 33673 8031   10  -41
B 33683 8031   10  -39
B 33693 8031   10  -37
B 33703 8031   10  -35
B 33713 8031   10  -32
B 33723 8031   10  -30
B 33733 8030   10  -27
B 33743 8031   10  -24
B 33753 8030   10  -21
B 33763 8031   10  -19
B 33773 8031   10  -15
B 33783 8031   10  -13
B 33793 8031   10  -10
B 33803 8031   10   -7
B 33813 8032   10   -5
B 33823 8031   10   -3
B 33833 8030   10   -1
B 33843 8031   10    1
B 33853 8031   10    1
B 33863 8030   10    2
B 33873 8030   10    2
B 33883 8031   10    2
B 33893 8030   10    2
B 33903 8031   10    2
B 33913 8028   10    2
B 33923 8030   10    2
B 33933 8031   10    2
B 33943 8031   10    2
B 33953 8030   10    2
B 33963 8030   10    2
B 33973 8031   10    2
B 33983 8028   10    2
B 33993 8031   10    2
B 34003 8028   10    2
B 34013 8031   10    1
B 34023 8031   10    1
B 34033 8030   10    1
SSS vs= 1.00  t=  231
%P VOLT1   = 7978
%P VOLT2   = 8111
%P S2_SC   =  1.00
%P L_ANG_MAX = 231
B 34043 8031   69    1
B 34053 8036   69    1
B 34063 8011   69    1
B 34073 7965   69    1
B 34083 7961   69    1
B 34093 7961   69    1
B 34103 7754   69    1
B 34113 7795   69    1
B 34123 7799   69    2
B 34133 7832   69    4
B 34143 7722   69   10
B 34153 7721   69   17
B 34163 7654   69   25
B 34173 7586   69   31
B 34183 7591   69   37
B 34193 7630   69   44
B 34203 7739   69   50
B 34213 7739   69   56
B 34223 7708   68   62
B 34233 7708   62   68
B 34243 7708   56   74
B 34253 7640   50   80
B 34264 7641   45   86
B 34274 7643   38   93
B 34284 7716   32   98
B 34294 7789   29  104
B 34304 7794   29  109
B 34314 7831   29  114
*** adj PULL_V2->108 
*** dt = 120 , A = 117 , rpm = 166 
B 34324 7871  107  119
B 34334 7861  107  123
B 34344 7876  107  127
B 34354 7908  107  132
B 34364 7911  107  137
B 34374 7594  107  142
B 34384 7594  107  149
B 34394 7596  107  157
B 34404 7563  107  165
B 34414 7460  107  173
B 34424 7457  107  181
B 34434 7424  107  189
pull out 195
B 34444 7497  -99  199
B 34454 7500  -99  208
B 34464 7527  -99  217
B 34474 7565  -99  224
B 34484 7568  -99  232
B 34494 7535  -99  239
B 34504 7573  -99  246
B 34514 7575  -99  251
B 34524 7682  -99  255
B 34534 7826  -99  256
B 34544 7829  -99  256
B 34554 7791  -99  256
*** amax = 256  vhit = 88
B 34564 7470  -87  252
B 34574 7471  -87  242
B 34584 7400  -87  231
B 34594 7401  -87  221
B 34604 7400  -87  209
B 34614 7440  -87  196
B 34624 7582  -87  181
B 34634 7583  -87  166
B 34644 7620  -87  151
B 34654 7694  -87  135
B 34664 7694  -87  119
B 34674 7692  -87  102
B 34684 7694  -87   85
B 34694 7692  -87   66
B 34704 7727  -87   47
B 34714 7725  -87   27
B 34724 7725  -87    6
B 34734 7725  -87   -9
push -11 -10
push out at target
B 34744 7760   79  -19
B 34754 7760   79  -28
B 34764 7752   79  -39
B 34774 7734   79  -51
B 34784 7740   79  -63
B 34794 7640   79  -75
B 34804 7575   79  -86
B 34814 7577   79  -97
B 34824 7723   79 -109
B 34834 7831   79 -119
B 34844 7833   72 -123
B 34854 7867   22 -125
B 34864 7620    6 -125
B 34874 7621    9 -125
B 34884 7526    9 -125
B 34894 7566    9 -119
B 34904 7569    9 -112
B 34914 7746    9 -107
B 34924 7960    9 -100
B 34934 7960    9  -94
B 34944 7994    9  -88
B 34954 7994    9  -83
B 34964 7995    9  -77
pb end 
B 34974 7993   10  -73
B 34984 7995   10  -69
B 34994 7994   10  -65
B 35004 7995   10  -61
B 35014 7995   10  -59
B 35024 7994   10  -55
B 35034 7995   10  -52
B 35044 7995   10  -49
B 35054 7994   10  -46
B 35064 8031   10  -43
B 35074 8032   10  -40
B 35084 8030   10  -38
B 35094 8031   10  -35
B 35104 8032   10  -32
B 35114 8030   10  -30
B 35124 8031   10  -27
B 35134 8031   10  -24
B 35144 8031   10  -21
B 35154 8031   10  -19
B 35164 8030   10  -16
B 35174 8031   10  -13
B 35184 8031   10  -11
B 35194 8030   10   -7
B 35204 8031   10   -5
B 35214 8031   10   -3
B 35224 8031   10   -1
B 35234 8031   10    1
B 35244 8030   10    1
B 35254 8030   10    2
B 35264 8030   10    3
B 35274 8030   10    3
B 35284 8028   10    3
B 35294 8031   10    3
B 35304 8030   10    3
B 35314 8030   10    3
B 35324 8031   10    3
B 35334 8030   10    3
B 35344 8031   10    3
B 35354 8031   10    3
B 35364 8031   10    2
B 35374 8031   10    2
B 35384 8031   10    2
B 35394 8030   10    2
B 35404 8030   10    2
B 35414 8031   10    2
B 35424 8031   10    2
B 35434 8031   10    2
B 35444 8030   10    2
B 35454 8031   10    2
B 35464 8031   10    2
SSS vs= 1.00  t=  236
%P VOLT1   = 7978
%P VOLT2   = 8111
%P S2_SC   =  1.00
%P L_ANG_MAX = 236
B 35474 8031   69    2
B 35484 8030   69    2
B 35494 8031   69    2
B 35504 7999   69    2
B 35514 7965   69    2
B 35524 7960   69    2
B 35534 7964   69    2
B 35544 7970   69    2
B 35554 7763   69    3
B 35564 7765   69    3
B 35574 7836   69    7
B 35584 7762   69   13
B 35594 7761   69   20
B 35604 7654   69   26
B 35614 7621   69   33
B 35624 7625   69   39
B 35634 7626   69   45
B 35644 7701   69   50
B 35654 7704   69   56
B 35664 7704   69   61
B 35674 7707   64   67
B 35684 7709   59   72
B 35695 7675   55   77
B 35705 7677   50   82
B 35715 7678   46   87
B 35725 7680   42   92
B 35735 7752   37   97
B 35745 7756   34  101
B 35755 7794   30  106
B 35765 7833   29  110
B 35775 7836   29  113
B 35785 7837   29  117
*** adj PULL_V2->125 
*** dt = 120 , A = 117 , rpm = 115 
B 35795 7942  124  120
B 35805 7945  124  123
B 35815 7884  124  125
B 35825 7875  124  128
B 35835 7870  124  131
B 35845 7913  124  134
B 35855 7594  124  139
B 35865 7596  124  145
B 35875 7633  124  151
B 35885 7495  124  157
B 35895 7497  124  164
B 35905 7462  124  170
pull out 171
B 35915 7498  -99  177
B 35925 7500  -99  183
B 35935 7532  -99  190
B 35945 7602  -99  197
B 35955 7603  -99  202
B 35965 7606  -99  208
B 35975 7573  -99  213
B 35985 7575  -99  217
B 35995 7684  -99  220
B 36005 7790  -99  221
B 36015 7790  -99  221
B 36025 7826  -99  221
B 36035 7791  -99  221
*** amax = 221  vhit = 107
B 36045 7790 -106  217
B 36055 7648 -106  208
B 36065 7613 -106  197
B 36075 7614 -106  185
B 36085 7651 -106  174
B 36095 7650 -106  163
B 36105 7650 -106  150
B 36115 7757 -106  138
B 36125 7793 -106  125
B 36135 7795 -106  110
B 36145 7795 -106   95
B 36155 7760 -106   81
B 36166 7760 -106   63
B 36176 7753 -106   46
B 36186 7795 -106   29
B 36196 7795 -106   13
B 36206 7830 -106   -3
push -10 -10
push out at target
B 36216 7831   79  -11
B 36226 7830   79  -19
B 36236 7830   79  -26
B 36246 7812   79  -34
B 36256 7812   79  -43
B 36266 7783   79  -51
B 36276 7716   79  -60
B 36286 7721   79  -68
B 36296 7829   55  -76
B 36306 7866   55  -84
B 36316 7868   55  -92
B 36326 7907   55  -99
B 36336 7836   47 -103
B 36346 7836   22 -107
B 36356 7840   22 -109
B 36366 7840    6 -109
B 36376 7844    9 -109
B 36386 7848    9 -109
B 36396 7886    9 -109
B 36406 7888    9 -109
B 36416 7959    9 -109
B 36426 7994    9 -109
B 36436 7994    9 -109
B 36446 7994    9 -109
B 36456 7993    9 -109
pb end 
B 36466 7997   10 -109
B 36476 7994   10 -109
B 36486 8030   10 -109
B 36496 8031   10 -109
B 36506 8031   10 -109
B 36516 8030   10 -109
B 36526 8030   10 -109
B 36536 8030   10 -109
B 36546 8031   10 -109
B 36556 8031   10 -109
B 36566 8031   10 -111
B 36576 8031   10 -114
B 36586 8030   10 -116
B 36596 8030   10 -118
B 36606 8031   10 -120
B 36616 8031   10 -123
B 36626 8031   10 -124
B 36636 8031   10 -126
B 36646 8032   10 -127
B 36656 8031   10 -129
B 36666 8031   10 -131
B 36676 8030   10 -132
B 36686 8028   10 -134
B 36696 8031   10 -135
B 36706 8031   10 -137
B 36716 8030   10 -138
B 36726 8030   10 -139
B 36736 8031   10 -140
B 36746 8031   10 -141
B 36756 8030   10 -141
B 36766 8030   10 -143
B 36776 8031   10 -143
B 36786 8032   10 -143
B 36796 8031   10 -144
B 36806 8031   10 -144
B 36816 8031   10 -145
B 36826 8031   10 -145
B 36836 8031   10 -145
B 36846 8030   10 -145
B 36856 8032   10 -145
B 36866 8031   10 -145
B 36876 8031   10 -145
B 36886 8031   10 -145
B 36896 8030   10 -145
B 36906 8031   10 -145
B 36916 8034   10 -145
B 36926 8031   10 -145
B 36936 8031   10 -145
B 36946 8031   10 -145
B 36956 8031   10 -145
SSS vs= 1.00  t=  241
%P VOLT1   = 7978
%P VOLT2   = 8108
%P S2_SC   =  1.00
%P L_ANG_MAX = 241
B 36967 8031   69 -145
B 36978 8031   69 -145
B 36989 8030   69 -145
B 36999 7997   69 -145
B 37009 7967   69 -145
B 37020 7961   69 -145
B 37030 7962   69 -145
B 37040 7718   69 -145
B 37050 7721   69 -145
B 37060 7725   69 -145
B 37070 7693   69 -145
B 37080 7697   69 -141
B 37091 7629   69 -137
B 37101 7670   69 -133
B 37111 7670   69 -128
B 37122 7671   69 -124
B 37132 7745   69 -119
B 37144 7743   69 -112
B 37155 7745   69 -107
B 37165 7711   69 -100
B 37175 7746   69  -95
B 37185 7746   69  -88
B 37195 7746   69  -81
B 37205 7749   69  -75
B 37215 7746   69  -67
B 37225 7783   69  -59
B 37235 7784   69  -51
B 37246 7783   69  -43
B 37257 7783   69  -43
B 37267 7746   69  -43
B 37278 7779   69  -43
B 37288 7780   69  -43
B 37298 7748   69  -43
B 37308 7713   69  -43
B 37318 7716   69  -43
B 37328 7753   69  -43
B 37338 7753   69  -43
B 37349 7754   69  -43
B 37359 7754   69  -43
B 37369 7789   69  -43
B 37379 7789   69  -43
B 37389 7790   69  -43
B 37399 7790   69  -43
B 37409 7790   69  -43
B 37419 7790   69  -43
B 37429 7791   69  -43
B 37439 7791   69  -43
B 37449 7790   69  -43
B 37459 7791   69  -43
pull bail out
push -43 -10
push out at target
B 37469 7791   79  -43
B 37479 7791   79  -43
B 37489 7790   79  -43
B 37499 7790   79  -43
B 37509 7790   79  -43
B 37519 7754   79  -43
B 37529 7754   79  -43
B 37539 7756   79  -43
B 37549 7756    9  -43
B 37559 7757    9  -43
B 37569 7791    9  -43
B 37579 7804    9  -43
B 37589 7812    9  -43
B 37599 7815    9  -43
B 37609 7959    9  -43
B 37619 7959    9  -43
B 37629 7994    9  -43
B 37639 7994    9  -43
pb end 
B 37649 7997   10  -43
B 37659 7995   10  -43
B 37669 7994   10  -43
B 37679 7994   10  -43
B 37689 7994   10  -43
B 37699 8031   10  -43
B 37709 8030   10  -43
B 37719 8030   10  -43
B 37729 8030   10  -43
B 37739 8030   10  -43
B 37749 8030   10  -43
B 37759 8030   10  -43
B 37769 8028   10  -43
B 37779 8031   10  -43
B 37789 8030   10  -43
B 37799 8031   10  -43
B 37809 8032   10  -43
B 37819 8030   10  -43
B 37829 8031   10  -43
B 37839 8030   10  -43
B 37849 8031   10  -43
B 37859 8030   10  -43
B 37869 8030   10  -43
B 37879 8032   10  -43
B 37889 8030   10  -43
B 37899 8027   10  -43
B 37909 8030   10  -43
B 37919 8030   10  -43
B 37929 8032   10  -43
B 37939 8031   10  -43
B 37949 8031   10  -43
B 37959 8031   10  -41
B 37969 8030   10  -40
B 37979 8031   10  -39
B 37989 8031   10  -37
B 37999 8030   10  -35
B 38009 8030   10  -34
B 38019 8030   10  -32
B 38029 8030   10  -31
B 38039 8031   10  -28
B 38049 8034   10  -26
B 38059 8030   10  -24
B 38069 8031   10  -21
B 38079 8030   10  -19
B 38089 8030   10  -16
B 38099 8031   10  -13
B 38109 8030   10  -11
B 38119 8030   10   -7
B 38129 8030   10   -5
B 38139 8030   10   -3
SSS vs= 1.00  t=  246
%P VOLT1   = 7978
%P VOLT2   = 8115
%P S2_SC   =  1.00
%P L_ANG_MAX = 246
B 38149 8030   69   -1
B 38159 8031   69    1
B 38169 8030   69    2
B 38179 8031   69    3
B 38189 7986   69    4
B 38199 7965   69    4
B 38209 7962   69    4
B 38219 7968   69    4
B 38229 7724   69    5
B 38239 7801   69    5
B 38249 7804   69    5
B 38259 7875   69    5
B 38269 7870   69    9
B 38279 7865   69   13
B 38289 7761   69   20
B 38299 7697   69   26
B 38309 7700   69   32
B 38319 7703   69   37
B 38329 7707   69   42
B 38340 7708   69   46
B 38350 7745   69   50
B 38360 7781   69   53
B 38370 7781   69   57
B 38380 7781   69   60
B 38390 7781   68   63
B 38400 7780   66   65
B 38410 7779   64   68
B 38420 7780   62   70
B 38430 7781   61   72
B 38440 7783   60   73
B 38450 7786   59   75
B 38460 7787   59   75
B 38470 7825   58   76
B 38480 7826   58   76
B 38490 7825   58   76
B 38500 7825   58   76
B 38510 7861   58   76
B 38520 7860   58   76
B 38531 7861   58   76
B 38541 7863   58   76
B 38551 7861   58   76
B 38561 7860   58   76
B 38571 7863   58   76
B 38581 7866   58   76
B 38591 7863   58   76
B 38601 7827   58   76
B 38611 7827   58   76
B 38621 7897   58   76
B 38631 7863   58   76
B 38643 7863   58   76
pull bail out
B 38653 7863  -99   76
B 38663 7864  -99   76
B 38673 7860  -99   76
B 38683 7856  -99   76
B 38693 7858  -99   76
B 38703 7786  -99   76
B 38713 7787  -99   76
B 38723 7825  -99   76
B 38733 7895  -99   76
*** amax = 76  vhit = 127
B 38743 7897 -126   72
B 38753 7895 -126   67
B 38763 7932 -126   61
B 38773 7934 -126   55
B 38783 7897 -126   47
B 38793 7790 -126   39
B 38803 7791 -126   30
B 38813 7756 -126   21
B 38823 7827 -126   12
B 38833 7827 -126    2
B 38843 7829 -126   -4
B 38853 7861 -126   -9
push -10 -10
push out at target
B 38863 7863   79  -14
B 38873 7864   79  -19
B 38883 7829   79  -25
B 38893 7819   79  -31
B 38903 7822   79  -35
B 38913 7895   79  -40
B 38923 7898   79  -45
B 38933 7901   79  -51
B 38943 7902   39  -57
B 38953 7902   39  -63
B 38963 7907   39  -67
B 38973 7946   22  -72
B 38983 7948   31  -77
B 38993 7949   31  -80
B 39003 7986   14  -83
B 39013 7986   14  -84
B 39023 7991    0  -85
B 39033 7994    0  -86
B 39043 7995    0  -87
B 39053 7997    0  -87
B 39063 8034    9  -88
B 39073 8032    9  -88
B 39083 8032    9  -89
B 39093 8031    9  -91
B 39103 8031    9  -91
B 39113 8031    9  -93
B 39123 8031    9  -95
B 39133 8031    9  -96
B 39143 8030    9  -99
B 39153 8031    9 -101
pb end 
B 39163 8032   10 -103
B 39173 8031   10 -106
B 39183 8032   10 -109
B 39193 8032   10 -112
B 39203 8030   10 -115
B 39213 8031   10 -119
B 39223 8031   10 -123
B 39233 8030   10 -127
B 39243 8031   10 -131
B 39253 8031   10 -135
B 39263 8031   10 -139
B 39273 8031   10 -141
B 39283 8031   10 -143
B 39293 8031   10 -145
B 39303 8031   10 -147
B 39313 8028   10 -148
B 39323 8030   10 -149
B 39333 8031   10 -151
B 39343 8030   10 -152
B 39353 8028   10 -153
B 39363 8031   10 -155
B 39373 8031   10 -155
B 39383 8031   10 -157
B 39393 8031   10 -158
B 39403 8031   10 -159
B 39413 8030   10 -160
B 39423 8032   10 -161
B 39433 8030   10 -161
B 39443 8031   10 -162
B 39453 8031   10 -163
B 39463 8030   10 -163
B 39473 8030   10 -163
B 39483 8031   10 -163
B 39493 8030   10 -163
B 39503 8032   10 -163
B 39513 8031   10 -163
B 39523 8031   10 -163
B 39533 8032   10 -163
B 39543 8031   10 -163
B 39553 8031   10 -163
B 39563 8031   10 -163
B 39573 8028   10 -163
B 39583 8031   10 -163
B 39593 8031   10 -163
B 39603 8031   10 -163
B 39613 8031   10 -163
B 39623 8031   10 -163
B 39633 8031   10 -163
B 39643 8031   10 -163
** 39664
2_28_bew_11 test-1 volt=0.82 ang= 205.0 rpm= 387 344.3 379.5 396.2 
2_28_bew_11 test-2 volt=8.12 ang= 220.0 rpm= 398 356.4 388.3 400.0 
2_28_bew_11 test-3 volt=8.11 ang= 221.0 rpm= 398 355.7 387.7 403.9 
2_28_bew_11 test-4 volt=8.12 ang= 224.0 rpm= 407 359.7 390.2 409.1 
2_28_bew_11 test-5 volt=8.11 ang= 229.0 rpm= 389 355.6 379.3 389.0 
2_28_bew_11 test-6 volt=8.11 ang= 228.0 rpm= 388 355.6 382.7 399.7 
2_28_bew_11 test-7 volt=8.07 ang= 233.0 rpm= 391 357.7 383.3 390.4 
2_28_bew_11 test-8 volt=8.07 ang= 219.0 rpm= 395 353.9 383.0 400.0 
2_28_bew_11 test-9 volt=8.07 ang= 233.0 rpm= 391 357.9 383.1 396.2 
2_28_bew_11 test-10 volt=8.07 ang= 219.0 rpm= 392 350.9 383.6 391.7 
2_28_bew_11 test-11 volt=8.07 ang= 220.0 rpm= 391 354.6 383.9 399.8 
2_28_bew_11 test-12 volt=8.07 ang= 217.0 rpm= 393 352.3 387.1 399.7 
2_28_bew_11 test-13 volt=8.07 ang= 217.0 rpm= 391 350.4 383.3 400.0 
2_28_bew_11 test-14 volt=8.07 ang= 224.0 rpm= 395 354.8 391.0 398.9 
2_28_bew_11 test-15 volt=8.06 ang= 220.0 rpm= 392 351.2 385.6 398.2 
2_28_bew_11 test-16 volt=8.06 ang= 203.0 rpm= 374 333.9 365.6 382.8 
2_28_bew_11 test-17 volt=8.03 ang= 229.0 rpm= 393 355.9 384.8 397.6 
2_28_bew_11 test-18 volt=8.03 ang= 241.0 rpm= 383 354.3 376.6 389.8 
2_28_bew_11 test-19 volt=8.03 ang= 256.0 rpm= 383 357.3 374.8 382.8 
2_28_bew_11 test-20 volt=8.02 ang= 221.0 rpm= 389 350.0 383.1 398.5 
2_28_bew_11 test-21 volt=8.02 ang= 255.0 rpm= 374 347.0 365.6 372.5 
2_28_bew_11 test-22 volt=8.03 ang= 260.0 rpm= 362 336.3 353.3 358.7 
2_28_bew_11 test-23 volt=8.03 ang= 264.0 rpm= 359 330.6 348.8 356.7 
2_28_bew_11 test-24 volt=8.03 ang= 244.0 rpm= 331 301.0 320.9 330.5 
2_28_bew_11 test-25 volt=8.03 ang= 228.0 rpm= 327 291.9 313.3 326.5 
2_28_bew_11 test-26 volt=7.99 ang= 232.0 rpm= 326 292.3 312.8 328.1 
2_28_bew_11 test-27 volt=8.00 ang= 232.0 rpm= 330 291.9 311.2 325.7 
2_28_bew_11 test-28 volt=8.00 ang= 237.0 rpm= 326 290.9 312.2 330.5 
2_28_bew_11 test-29 volt=7.99 ang= 256.0 rpm= 332 297.3 319.7 336.2 
2_28_bew_11 test-30 volt=7.99 ang= 221.0 rpm= 288 248.6 266.9 276.0 