  0 783   71    1
 10 7837   71    1
 20 7821   71    1
 31 7701   71    1
 43 7698   71    1
 54 7723   71    1
 64 7387   71    1
 74 7479   71    2
 84 7427   71    8
 94 7417   71   16
104 7310   71   25
115 7307   71   35
126 7149   71   45
136 7172   71   54
146 7186   69   63
157 7326   57   73
168 7329   47   83
178 7368   36   95
188 7416   30  105
198 7390   30  115
208 7452   30  125
218 7463   30  135
228 7685   30  144
238 7724   30  152
248 7727   30  162
258 7729   30  171
268 7728 -102  179
278 7731 -102  187
288 7734 -102  194
298 7575 -102  200
308 7520 -102  203
318 7518 -102  210
328 6968 -102  214
338 7016 -102  217
348 7241 -102  219
358 7415 -102  219
368 7294 -102  219
378 7296 -102  218
388 7092 -102  206
398 7113 -102  191
408 6996 -102  175
418 6856 -102  157
428 6908 -102  141
438 7048 -102  123
448 7306 -102  103
458 7310 -102   81
468 7380 -102   59
478 7422 -102   35
488 7430 -102   12
498 7448 -102   -9
508 7441   81  -19
518 7397   81  -31
528 7351   81  -46
538 7297   81  -61
548 7348   81  -74
558 7292   81  -90
568 7221   81 -105
578 7185   81 -119
588 7218   81 -129
598 7289   74 -131
608 7258    6 -131
618 7153   10 -131
628 6791   10 -121
638 6917   10 -107
648 7067   10  -93
658 7228   10  -80
668 7254   10  -65
678 7689   10  -51
688 7735   10  -35
698 7739   10  -21
99999 0 0 0 
708 7778   10   -7
718 7779   10    6
728 7780   10   18
738 7780   10   27
748 7784   10   33
758 7783   10   37
768 7784   10   39
778 7786   10   41
788 7784   10   41
798 7786   10   41
808 7789   10   42
818 7789   71   42
828 7786   71   42
838 7681   71   42
848 7618   71   42
858 7566   71   42
868 7242   71   42
878 7221   71   42
888 7211   71   42
898 7245   71   47
908 7268   71   53
918 7219   71   60
928 7207   64   67
938 7216   55   75
948 7202   47   83
958 7220   38   91
968 7252   30   99
978 7317   30  108
988 7523   30  117
998 7545   30  125
1008 7561   30  133
1018 7638   30  141
1028 7643   30  149
1038 7681   30  156
1048 7685   30  163
1058 7687   30  169
1068 7721   30  176
1078 7724 -102  182
1088 7723 -102  188
1098 7721 -102  194
1108 7548 -102  199
1118 7503 -102  202
1128 7535 -102  207
1138 7015 -102  210
1148 7057 -102  212
1158 7242 -102  213
1168 7407 -102  213
1178 7282 -102  213
1188 7288 -109  209
1198 7087 -109  195
1208 7113 -109  181
1218 7001 -109  165
1228 6897 -109  147
1238 6950 -109  130
1248 7090 -109  111
1258 7313 -109   91
1268 7313 -109   70
1278 7381 -109   47
1288 7381 -109   24
1298 7391 -109    0
1308 7437   82  -15
1318 7413   82  -26
1328 7359   82  -39
1338 7287   82  -55
1348 7205   82  -71
1358 7261   82  -85
1368 7244   82 -102
1378 7172   82 -118
1388 7113   82 -133
1398 7145   82 -142
1408 7225   66 -145
1418 7197   14 -144
1428 7115   10 -144
1438 6789   10 -131
1448 6909   10 -117
1458 7041   10 -102
1468 7302   10  -90
1478 7324   10  -75
1488 7689   10  -61
1498 7731   10  -45
1508 7735   10  -31
99999 0 0 0 
1518 7737   10  -17
1528 7775   10   -3
1538 7776   10    8
1548 7778   10   18
1558 7779   10   24
1568 7778   10   29
1578 7780   10   31
1588 7779   10   33
1598 7780   10   34
1608 7782   10   34
1618 7784   10   35
1628 7784   71   35
1638 7784   71   35
1648 7678   71   35
1658 7607   71   35
1668 7542   71   35
1678 7219   71   35
1688 7199   71   35
1698 7199   71   37
1709 7208   71   43
1719 7233   71   49
1729 7220   71   55
1739 7205   68   63
1749 7213   60   71
1759 7188   51   79
1769 7199   42   87
1779 7225   34   96
1789 7293   30  104
1799 7430   30  114
1809 7460   30  123
1819 7480   30  131
1829 7596   30  140
1839 7602   30  147
1849 7677   30  155
1859 7678   30  163
1869 7681   30  170
1879 7718   30  176
1889 7718 -102  183
1899 7718 -102  189
1909 7717 -102  195
1919 7535 -102  201
1929 7507 -102  203
1939 7542 -102  208
1949 7023 -102  213
1959 7057 -102  214
1969 7228 -102  215
1979 7373 -102  215
1989 7264 -102  215
1999 7282 -108  210
2009 7098 -108  195
2019 7130 -108  181
2029 6980 -108  165
2039 6867 -108  147
2049 6915 -108  130
2059 7048 -108  111
2069 7304 -108   90
2079 7303 -108   70
2089 7372 -108   47
2099 7380 -108   23
2109 7389 -108    0
2119 7403   82  -14
2129 7378   82  -26
2139 7322   82  -39
2149 7282   82  -54
2159 7251   82  -70
2169 7304   82  -84
2179 7249   82 -100
2189 7138   82 -117
2199 7070   82 -130
2209 7108   82 -138
2219 7231   57 -140
2229 7203    6 -140
2239 7147   10 -139
2249 6873   10 -125
2259 6984   10 -111
2269 7056   10  -97
2279 7378   10  -84
2289 7396   10  -69
2299 7689   10  -54
2309 7731   10  -39
2319 7732   10  -25
99999 0 0 0 
2329 7734   10  -10
2339 7738   10    3
2349 7738   10   15
2359 7773   10   23
2369 7779   10   29
2379 7778   10   33
2389 7778   10   35
2399 7780   10   36
2409 7779   10   37
2419 7780   10   37
2430 7780   72   38
2440 7780   72   38
2450 7780   72   38
2460 7646   72   38
2470 7579   72   38
2480 7533   72   38
2490 7221   72   38
2500 7207   72   38
2510 7196   72   42
2520 7203   72   47
2531 7225   72   54
2541 7219   71   61
2551 7165   64   69
2561 7183   56   76
2571 7125   46   84
2581 7185   37   93
2591 7206   30  101
2601 7317   30  110
2611 7446   30  119
2621 7472   30  127
2631 7518   30  136
2641 7633   30  144
2651 7637   30  151
2661 7675   30  159
2671 7678   30  166
2681 7679   30  172
2691 7679   30  179
2701 7678 -102  185
2711 7677 -102  191
2721 7685 -102  197
2731 7511 -102  201
2741 7503 -102  205
2751 7545 -102  209
2761 6994 -102  212
2771 7026 -102  213
2781 7220 -102  214
2791 7361 -102  214
2801 7257 -102  214
2811 7252 -110  206
2821 7103 -110  192
2831 7141 -110  177
2841 6992 -110  161
2851 6911 -110  143
2861 6956 -110  125
2871 7048 -110  106
2881 7303 -110   86
2891 7300 -110   64
2901 7337 -110   41
2911 7380 -110   18
2921 7391 -110   -5
2931 7395   82  -17
2941 7364   82  -28
2951 7301   82  -42
2961 7267   82  -57
2971 7255   82  -73
2981 7310   82  -87
2991 7220   82 -103
3001 7130   82 -119
3011 7048   82 -132
3021 7124   82 -139
3031 7217   49 -140
3041 7194    0 -140
3051 7185   10 -136
3061 6911   10 -123
3071 7019   10 -109
3081 7073   10  -95
3091 7490   10  -82
3101 7504   10  -67
3111 7688   10  -53
3121 7728   10  -38
3131 7732   10  -25
99999 0 0 0 
3141 7732   10  -10
3151 7732   10    3
3161 7735   10   14
3171 7737   10   22
3181 7738   10   27
3191 7739   10   31
3201 7775   10   34
3211 7776   10   35
3221 7776   10   35
3231 7778   10   35
3241 7778   71   37
3251 7779   71   37
3261 7764   71   37
3271 7646   71   37
3281 7576   71   37
3291 7524   71   37
3301 7174   71   36
3311 7170   71   37
3321 7203   71   40
3331 7215   71   45
3341 7239   71   51
3351 7228   71   58
3361 7203   66   65
3371 7215   59   72
3381 7147   50   80
3391 7137   41   89
3401 7161   32   97
3411 7263   30  105
3421 7387   30  114
3431 7425   30  123
3441 7514   30  131
3451 7593   30  139
3461 7599   30  147
3471 7636   30  154
3481 7673   30  161
3491 7675   30  168
3501 7677   30  174
3511 7677 -102  181
3521 7677 -102  187
3531 7696 -102  193
3541 7518 -102  198
3551 7509 -102  201
3561 7549 -102  205
3571 6992 -102  209
3581 7022 -102  210
3591 7176 -102  211
3601 7318 -102  211
3611 7213 -111  210
3621 7239 -111  203
3631 7135 -111  189
3641 7178 -111  173
3651 7062 -111  157
3661 6877 -111  140
3671 6919 -111  122
3681 7048 -111  103
3691 7265 -111   83
3701 7262 -111   61
3711 7334 -111   39
3721 7375 -111   15
3731 7388 -111   -7
3741 7391   82  -17
3751 7360   82  -29
3761 7294   82  -43
3771 7300   82  -59
3781 7248   82  -74
3791 7305   82  -89
3801 7216   82 -105
3811 7126   82 -121
3821 7039   82 -134
3831 7085   82 -141
3841 7211   49 -142
3851 7190    0 -142
3861 7218   10 -138
3871 6910   10 -125
3881 7017   10 -111
3891 7037   10  -97
3901 7416   10  -85
3911 7430   10  -70
3921 7651   10  -55
3931 7725   10  -41
3941 7728   10  -27
99999 0 0 0 
3951 7731   10  -13
3961 7732   10   -1
3971 7732   10   11
3981 7735   10   19
3991 7735   10   25
4001 7738   10   29
4011 7738   10   32
4021 7775   10   33
4031 7775   10   34
4041 7773   10   34
4051 7778   72   35
4061 7776   72   35
4071 7756   72   35
4081 7639   72   35
4091 7580   72   35
4101 7528   72   35
4111 7184   72   35
4121 7176   72   36
4131 7207   72   40
4141 7255   72   47
4151 7238   72   54
4161 7257   72   60
4171 7198   65   68
4181 7210   56   76
4191 7153   47   84
4202 7220   37   93
4213 7206   30  103
4223 7248   30  112
4233 7377   30  121
4243 7507   30  130
4253 7518   30  139
4263 7596   30  147
4273 7668   30  154
4283 7673   30  161
4293 7674   30  168
4303 7675   30  175
4313 7675 -102  182
4323 7675 -102  188
4333 7675 -102  194
4343 7603 -102  200
4353 7467 -102  203
4363 7471 -102  208
4373 7515 -102  212
4383 6996 -102  215
4393 7166 -102  217
4403 7132 -102  217
4413 7306 -102  217
4423 7279 -102  217
4433 7239 -108  207
4443 7136 -108  193
4453 7010 -108  176
4463 7072 -108  160
4473 6883 -108  143
4483 6998 -108  124
4493 7015 -108  105
4503 7266 -108   85
4513 7337 -108   63
4523 7337 -108   41
4533 7380 -108   17
4543 7391 -108   -7
4553 7395   82  -17
4563 7364   82  -29
4573 7335   82  -42
4583 7275   82  -57
4593 7309   82  -71
4603 7253   82  -86
4613 7299   82 -102
4623 7053   82 -117
4633 7170   82 -129
4643 7085   82 -135
4653 7218   40 -135
4663 7167   10 -135
4673 7303   10 -131
4683 6960   10 -118
4693 7011   10 -104
4703 7051   10  -92
4713 7528   10  -78
4723 7681   10  -63
4733 7688   10  -49
4743 7727   10  -35
99999 0 0 0 
4753 7731   10  -21
4763 7729   10   -8
4773 7734   10    5
4783 7769   10   15
4793 7769   10   23
4803 7735   10   29
4813 7737   10   33
4823 7735   10   35
4833 7772   10   36
4843 7772   10   36
4853 7773   72   36
4863 7775   72   38
4873 7775   72   38
4883 7726   72   38
4893 7628   72   38
4904 7565   72   38
4914 7514   72   38
4924 7173   72   38
4934 7200   72   38
4945 7197   72   43
4955 7213   72   48
4966 7198   72   55
4976 7188   70   63
4986 7201   63   70
4997 7111   54   78
5008 7158   44   87
5019 7191   34   96
5029 7297   30  106
5039 7358   30  115
5049 7386   30  123
5059 7510   30  131
5069 7591   30  139
5079 7593   30  147
5090 7670   30  155
5100 7671   30  163
5110 7671   30  169
5120 7674   30  175
5130 7671   30  182
5140 7673 -102  188
5150 7668 -102  194
5160 7481 -102  199
5170 7470 -102  202
5180 7506 -102  206
5190 7021 -102  210
5200 7053 -102  211
5210 7293 -102  212
5220 7297 -102  212
5230 7189 -102  211
5240 7247 -111  205
5250 7162 -111  192
5260 7197 -111  177
5270 6910 -111  161
5280 6867 -111  143
5290 6913 -111  126
5300 7083 -111  107
5310 7232 -111   87
5320 7230 -111   66
5330 7370 -111   43
5340 7371 -111   20
5350 7382 -111   -3
5360 7391   82  -15
5370 7366   82  -27
5380 7308   82  -41
5390 7271   82  -55
5400 7283   82  -70
5410 7332   82  -85
5420 7171   82 -101
5430 6988   82 -116
5440 6911   82 -130
5450 7172   82 -137
5460 7194   49 -138
5470 7166    0 -138
5480 7107   10 -136
5490 6941   10 -123
5500 7044   10 -109
5510 7032   10  -94
5520 7484   10  -82
5530 7498   10  -67
5540 7681   10  -53
5550 7684   10  -37
5560 7689   10  -23
5570 7727   10   -9
99999 0 0 0 
5580 7729   10    3
5590 7729   10   15
5600 7732   10   23
5610 7732   10   28
5620 7734   10   32
5630 7734   10   34
5640 7734   10   35
5650 7735   10   35
5660 7735   10   37
5670 7737   10   38
5680 7738   72   38
5690 7766   72   38
5700 7643   72   38
5710 7584   72   38
5720 7531   72   38
5730 7361   72   38
5740 7347   72   38
5750 7237   72   42
5760 7240   72   47
5770 7254   72   53
5780 7208   72   60
5790 7196   65   67
5800 7210   56   75
5810 7152   48   83
5820 7178   39   91
5830 7199   31   99
5840 7300   31  108
5850 7360   31  117
5860 7387   31  126
5870 7507   31  134
5880 7588   31  142
5890 7592   31  150
5900 7665   31  157
5910 7633   31  164
5920 7633   31  171
5930 7670   31  178
5940 7668 -103  184
5950 7670 -103  190
5960 7667 -103  196
5970 7481 -103  202
5980 7465 -103  205
5990 7501 -103  209
6000 7510 -103  213
6010 7546 -103  214
6020 7259 -103  215
6030 7269 -103  215
6040 7157 -103  215
6050 7248 -109  209
6060 7200 -109  195
6070 7238 -109  181
6080 6940 -109  165
6090 6862 -109  147
6100 6911 -109  130
6110 7077 -109  111
6120 7228 -109   91
6130 7227 -109   70
6140 7366 -109   47
6150 7372 -109   25
6160 7381 -109    1
6170 7392   82  -13
6180 7372   82  -25
6190 7318   82  -38
6200 7279   82  -53
6210 7290   82  -68
6220 7339   82  -82
6230 7211   82  -98
6240 6992   82 -113
6250 6926   82 -127
6260 7183   82 -135
6270 7201   57 -137
6280 7174    6 -137
6290 7094   10 -134
6300 6913   10 -122
6310 7026   10 -107
6320 7058   10  -93
6330 7408   10  -81
6340 7422   10  -65
6350 7679   10  -50
6360 7685   10  -36
6370 7687   10  -21
99999 0 0 0 
6380 7728   10   -7
6390 7727   10    7
6400 7728   10   17
6410 7728   10   26
6420 7766   10   31
6430 7768   10   35
6440 7732   10   38
6450 7734   10   39
6460 7734   10   39
6470 7734   10   40
6480 7735   10   42
6490 7735   72   42
6500 7729   72   42
6510 7616   72   42
6520 7560   72   42
6530 7548   72   42
6540 7476   72   42
6550 7458   72   42
6560 7208   72   45
6570 7244   72   51
6580 7256   72   56
6591 7211   69   63
6601 7195   61   71
6614 7152   51   81
6624 7166   41   89
6634 7161   33   97
6644 7286   31  106
6654 7325   31  115
6664 7418   31  123
6674 7506   31  131
6684 7514   31  139
6694 7626   31  147
6704 7663   31  154
6714 7667   31  161
6724 7633   31  168
6734 7667   31  174
6744 7668   31  181
6754 7667 -103  187
6764 7667 -103  193
6774 7569 -103  198
6784 7461 -103  201
6794 7474 -103  206
6804 7515 -103  210
6814 7558 -103  212
6824 7266 -103  213
6834 7235 -103  214
6844 7227 -103  214
6854 7284 -110  213
6864 7249 -110  202
6874 7220 -110  188
6884 6913 -110  173
6894 6974 -110  156
6904 6887 -110  139
6914 7066 -110  121
6924 7082 -110  101
6934 7191 -110   81
6944 7330 -110   59
6954 7330 -110   37
6964 7375 -110   14
6974 7386 -110   -8
6984 7388   82  -18
6994 7353   82  -30
7004 7332   82  -45
7014 7275   82  -61
7024 7310   82  -73
7034 7182   82  -89
7044 7227   82 -105
7054 6978   82 -121
7064 7198   82 -133
7074 7117   82 -138
7084 7184   32 -138
7094 7060   10 -138
7104 7228   10 -132
7114 7063   10 -119
7124 7058   10 -105
7134 7089   10  -93
7144 7564   10  -79
7154 7678   10  -65
7164 7684   10  -50
7174 7685   10  -37
99999 0 0 0 
7184 7724   10  -23
7194 7727   10  -10
7204 7727   10    3
7214 7728   10   12
7224 7729   10   20
7234 7729   10   25
7244 7734   10   29
7254 7732   10   31
7264 7732   10   32
7274 7734   10   33
7284 7734   72   33
7294 7734   72   35
7304 7734   72   35
7314 7683   72   35
7324 7621   72   35
7334 7529   72   35
7344 7487   72   35
7354 7219   72   35
7364 7210   72   36
7374 7213   72   41
7384 7254   72   47
7394 7198   72   54
7404 7218   72   61
7414 7201   64   68
7424 7143   56   76
7434 7150   47   85
7444 7184   37   93
7454 7235   31  102
7464 7274   31  111
7474 7333   31  119
7484 7497   31  129
7494 7510   31  137
7504 7586   31  145
7514 7626   31  153
7524 7629   31  160
7534 7665   31  167
7544 7667   31  174
7554 7667   31  181
7564 7665 -103  187
7574 7665 -103  194
7584 7562 -103  199
7594 7459 -103  202
7604 7474 -103  207
7614 7516 -103  211
7624 6992 -103  214
7634 7193 -103  216
7644 7153 -103  216
7654 7293 -103  216
7664 7277 -103  215
7674 7239 -109  204
7684 7105 -109  191
7694 6944 -109  175
7704 7005 -109  159
7714 6884 -109  141
7724 6997 -109  123
7734 7011 -109  104
7744 7265 -109   84
7754 7298 -109   61
7764 7298 -109   39
7774 7375 -109   16
7784 7385 -109   -7
7794 7389   82  -17
7804 7360   82  -29
7814 7304   82  -43
7824 7242   82  -58
7834 7311   82  -71
7844 7253   82  -86
7854 7300   82 -103
7864 7083   82 -118
7874 7164   82 -129
7885 7082   82 -134
7895 7220   28 -135
7905 7163    0 -134
7915 7322   10 -129
7925 7013   10 -115
7935 7032   10 -102
7945 7056   10  -91
7955 7600   10  -77
7965 7678   10  -64
7975 7682   10  -50
7985 7723   10  -37
7995 7724   10  -24
99999 0 0 0 
8005 7728   10  -11
8015 7727   10    1
8025 7727   10   10
8035 7728   10   18
8045 7729   10   23
8055 7731   10   26
8065 7731   10   28
8075 7732   10   30
8085 7731   10   30
8095 7732   10   31
8106 7732   72   32
8116 7734   72   32
8126 7650   72   32
8136 7585   72   32
8146 7534   72   32
8156 7487   72   32
8166 7183   72   32
8176 7200   72   35
8186 7244   72   40
8196 7255   72   46
8206 7241   72   52
8218 7195   72   61
8228 7207   63   69
8238 7180   55   77
8248 7150   46   85
8258 7175   36   94
8268 7202   31  103
8278 7300   31  112
8288 7331   31  121
8298 7462   31  130
8308 7542   31  139
8318 7550   31  147
8328 7626   31  155
8338 7629   31  163
8348 7630   31  170
8358 7632   31  177
8368 7665 -103  183
8378 7667 -103  190
8388 7665 -103  197
8398 7498 -103  203
8408 7456 -103  206
8418 7484 -103  211
8428 6927 -103  215
8438 6965 -103  217
8448 7150 -103  219
8458 7325 -103  219
8468 7214 -103  219
8478 7228 -107  215
8488 7138 -107  202
8498 7161 -107  187
8508 7000 -107  171
8518 6890 -107  154
8528 6934 -107  137
8538 7000 -107  119
8548 7227 -107   98
8558 7230 -107   78
8568 7299 -107   56
8578 7372 -107   32
8588 7380 -107    9
8598 7392 -107   -9
8608 7382   82  -19
8618 7336   82  -30
8628 7262   82  -44
8638 7290   82  -58
8648 7338   82  -71
8658 7276   82  -86
8668 7099   82 -101
8678 7068   82 -114
8688 7136   82 -123
8698 7243   66 -125
8708 7211    6 -125
8718 7204   10 -125
8728 6836   10 -115
8738 6946   10 -102
8748 6999   10  -89
8758 7253   10  -77
8768 7274   10  -63
8778 7602   10  -49
8788 7679   10  -36
8798 7682   10  -22
99999 0 0 0 
8808 7685   10   -9
8818 7725   10    5
8828 7724   10   16
8838 7725   10   25
8848 7725   10   31
8858 7728   10   36
8868 7728   10   39
8878 7728   10   40
8888 7729   10   40
8898 7729   10   40
8908 7729   10   40
8918 7731   72   41
8928 7731   72   41
8938 7626   72   41
8948 7576   72   41
8958 7532   72   41
8968 7250   72   41
8978 7219   72   41
8988 7242   72   41
8998 7235   72   44
9008 7251   72   51
9018 7233   72   58
9028 7152   67   65
9038 7172   60   72
9048 7152   52   79
9058 7164   43   87
9068 7191   34   96
9078 7219   31  105
9088 7317   31  113
9098 7340   31  122
9108 7500   31  131
9118 7581   31  139
9128 7586   31  146
9138 7624   31  153
9148 7627   31  160
9158 7629   31  167
9168 7630   31  174
9178 7664   31  179
9188 7664   10  186
9198 7661   10  192
9208 7678   10  198
9218 7685   10  203
9228 7689   10  207
9238 7728   10  210
9248 7728   10  213
9258 7729   10  215
9268 7729   10  218
9278 7731   10  219
9288 7732   10  219
9298 7729   10  219
9308 7731   10  219
9318 7732   10  219
9328 7732   10  219
9338 7734   10  219
9348 7732 -103  219
9358 7734 -103  219
9368 7734 -103  219
9378 7732 -107  218
9388 7579 -107  215
9398 7543 -107  213
9408 7566 -107  209
9418 7103 -107  206
9428 7136 -107  202
9438 7298 -107  194
9448 7508 -107  187
9458 7450 -107  179
9468 7423 -107  167
9478 7356 -107  153
9488 7330 -107  137
9498 7332 -107  119
9508 7138 -107  101
9518 7192 -107   82
9528 7161 -107   61
9538 7259 -107   39
9548 7267 -107   18
9558 7338 -107   -5
9568 7392   82  -16
9578 7358   82  -27
9588 7258   82  -41
9598 7283   82  -53
9608 7328   82  -66
9618 7299   82  -79
9628 7213   82  -93
9638 7149   82 -103
9648 7152   75 -109
9658 7238   40 -109
9668 7220   10 -109
9678 7291   10 -105
9688 6984   10  -93
9698 7052   10  -79
9708 7051   10  -67
9718 7493   10  -54
9728 7500   10  -41
9738 7681   10  -26
9748 7721   10  -13
99999 0 0 0 
9758 7724   10    1
9768 7724   10   14
9778 7725   10   25
9788 7724   10   34
9798 7725   10   40
9808 7728   10   44
9818 7729   10   47
9828 7729   10   48
9838 7729   10   48
9848 7732   10   48
9858 7732   72   48
9868 7732   72   48
9878 7732   72   48
9888 7671   72   48
9898 7593   72   48
9908 7552   72   48
9918 7504   72   47
9928 7194   72   47
9938 7177   72   47
9948 7240   72   47
9958 7201   72   49
9968 7214   72   56
9978 7208   70   63
9988 7165   62   71
9998 7182   55   78
10008 7112   48   86
10018 7227   41   95
10028 7248   31  103
10038 7281   31  112
10048 7478   31  121
10058 7499   31  130
10068 7510   31  138
10078 7586   31  146
10088 7589   31  153
10098 7627   31  161
10108 7665   31  168
10118 7664   31  175
10128 7664   31  181
10138 7664 -103  187
10148 7664 -103  194
10158 7559 -103  199
10168 7459 -103  203
10178 7468 -103  207
10188 7509 -103  211
10198 7058 -103  214
10208 7082 -103  215
10218 7234 -103  216
10228 7340 -103  216
10238 7253 -111  215
10248 7249 -111  205
10258 7003 -111  191
10268 7049 -111  176
10278 6930 -111  159
10288 6918 -111  142
10298 6957 -111  124
10308 7082 -111  105
10318 7302 -111   85
10328 7300 -111   63
10338 7334 -111   41
10348 7375 -111   18
10358 7384 -111   -5
10368 7354   82  -17
10378 7366   82  -29
10388 7314   82  -42
10398 7244   82  -57
10408 7241   82  -70
10418 7289   82  -86
10428 7225   82 -102
10438 7192   82 -117
10448 7100   82 -129
10458 7163   82 -134
10468 7194   32 -134
10478 7183   10 -134
10488 7198   10 -130
10498 6998   10 -117
10508 7058   10 -105
10518 7086   10  -93
10528 7562   10  -79
10538 7569   10  -66
10548 7679   10  -53
10558 7685   10  -40
99999 0 0 0 
10568 7684   10  -27
10578 7685   10  -14
10588 7721   10   -2
10598 7724   10    8
10608 7725   10   16
10618 7727   10   21
10628 7728   10   25
10638 7727   10   27
10648 7729   10   29
10658 7728   10   29
10668 7728   72   29
10678 7729   72   31
10688 7731   72   31
10698 7667   72   31
10708 7593   72   31
10718 7549   72   31
10728 7504   72   31
10739 7221   72   31
10750 7205   72   31
10760 7242   72   36
10770 7221   72   42
10781 7245   72   49
10791 7193   72   56
10801 7206   70   63
10811 7212   62   71
10821 7146   54   79
10832 7207   47   88
10843 7198   38   98
10853 7223   31  107
10863 7391   31  116
10873 7411   31  124
10883 7429   31  133
10893 7510   31  141
10903 7619   31  148
10913 7624   31  156
10923 7626   31  163
10933 7626   31  170
10943 7627   31  177
10953 7661   31  183
10963 7626 -103  190
10973 7626 -103  195
10983 7660 -103  201
10993 7661 -103  207
11003 7584 -103  211
11013 7427 -103  215
11023 7470 -103  218
11033 7507 -103  221
11043 6947 -103  223
11053 7155 -103  224
11063 7145 -103  224
11073 7298 -103  224
11083 7271 -103  224
11093 7226 -107  214
11103 7154 -107  199
11113 7056 -107  184
11123 7113 -107  167
11133 6921 -107  150
11143 6995 -107  131
11153 7015 -107  113
11163 7234 -107   92
11173 7302 -107   71
11183 7300 -107   48
11193 7374 -107   24
11203 7386 -107    0
11213 7394   82  -13
11223 7374   82  -25
11233 7324   82  -38
11243 7252   82  -53
11253 7311   82  -67
11263 7287   82  -82
11273 7329   82  -97
11283 7090   82 -113
11293 7138   82 -126
11303 7070   82 -130
11313 7199   23 -131
11323 7181    0 -131
11333 7342   10 -129
11343 7006   10 -117
11353 7027   10 -103
11363 7052   10  -93
11373 7597   10  -80
11383 7674   10  -66
11393 7677   10  -54
11403 7681   10  -41
11413 7682   10  -29
99999 0 0 0 
11423 7684   10  -17
11433 7723   10   -5
11443 7723   10    5
11453 7725   10   12
11463 7725   10   18
11473 7725   10   22
11483 7727   10   25
11493 7727   10   26
11503 7728   10   27
11513 7727   10   27
11523 7728   72   29
11533 7729   72   29
11543 7689   72   29
11553 7605   72   29
11563 7556   72   29
11573 7511   72   29
11583 7197   72   29
11593 7255   72   29
11603 7248   72   33
11613 7219   72   38
11623 7235   72   44
11633 7253   72   51
11643 7201   72   58
11653 7178   68   66
11663 7180   60   73
11673 7154   52   82
11683 7157   45   90
11693 7188   35   99
11703 7242   31  108
11713 7364   31  117
11723 7386   31  127
11733 7469   31  135
11743 7616   31  143
11753 7618   31  151
11763 7624   31  159
11773 7624   31  167
11783 7626   31  173
11793 7661   31  179
11803 7627 -103  186
11813 7548 -103  192
11823 7459 -103  198
11833 7464 -103  201
11843 7502 -103  206
11853 6943 -103  210
11863 7149 -103  211
11873 7135 -103  213
11883 7327 -103  213
11893 7270 -113  212
11903 7229 -113  205
11913 7119 -113  191
11923 6979 -113  175
11933 7033 -113  160
11943 6871 -113  143
11953 6952 -113  125
11963 6970 -113  107
11973 7228 -113   87
11983 7333 -113   65
11993 7330 -113   44
12003 7334 -113   21
12013 7344 -113   -3
12023 7354   82  -15
12033 7371   82  -28
12043 7324   82  -43
12053 7246   82  -57
12063 7268   82  -71
12073 7240   82  -86
12083 7285   82 -102
12093 7087   82 -118
12103 7151   82 -131
12113 7068   82 -137
12123 7202   40 -138
12133 7144    0 -138
12143 7273   10 -134
12153 6963   10 -122
12163 7004   10 -109
12173 7041   10  -97
12183 7450   10  -83
12193 7634   10  -70
12203 7640   10  -57
12213 7679   10  -43
12223 7678   10  -29
99999 0 0 0 
12233 7682   10  -17
12243 7682   10   -4
12253 7687   10    7
12263 7688   10   15
12273 7724   10   20
12283 7725   10   25
12293 7727   10   27
12303 7727   10   29
12313 7724   10   29
12323 7727   10   30
12333 7727   72   31
12343 7728   72   31
12353 7676   72   31
12363 7595   72   31
12373 7549   72   31
12383 7500   72   31
12393 7198   72   31
12403 7258   72   31
12413 7256   72   36
12423 7231   72   42
12433 7242   72   48
12443 7260   72   54
12453 7205   72   61
12463 7143   64   69
12473 7144   57   77
12483 7160   50   84
12493 7167   41   93
12503 7199   33  102
12513 7256   31  111
12523 7405   31  119
12533 7424   31  128
12543 7469   31  136
12553 7616   31  144
12563 7620   31  151
12573 7623   31  159
12583 7626   31  167
12593 7626   31  173
12603 7661   31  179
12613 7659   31  186
12623 7659   10  191
12633 7659   10  198
12643 7670   10  203
12653 7681   10  209
12663 7650   10  213
12673 7723   10  215
12683 7727   10  219
12693 7727   10  221
12703 7727 -104  223
12713 7654 -104  225
12723 7535 -104  225
12733 7531 -104  226
12743 7560 -104  226
12753 7104 -104  226
12763 7341 -104  226
12773 7330 -107  225
12783 7329 -107  223
12793 7335 -107  212
12803 7287 -107  199
12813 7225 -107  183
12823 7022 -107  165
12833 7078 -107  148
12843 7022 -107  129
12853 7165 -107  110
12863 7185 -107   90
12873 7255 -107   68
12883 7392 -107   46
12893 7388 -107   23
12903 7388 -107   -1
12913 7389   83  -15
12923 7371   83  -26
12933 7270   83  -39
12943 7303   83  -53
12953 7342   83  -65
12963 7316   83  -79
12973 7169   83  -93
12983 7136   83 -105
12993 7177   83 -113
13003 7222   58 -114
13013 7194    0 -114
13023 7190   10 -114
13033 6859   10 -101
13043 6969   10  -88
13053 7025   10  -75
13063 7334   10  -62
13073 7350   10  -49
13083 7674   10  -34
13093 7679   10  -20
13103 7681   10   -6
13113 7682   10    7
99999 0 0 0 
13123 7718   10   19
13133 7721   10   29
13143 7723   10   37
13153 7723   10   41
13163 7724   10   45
13173 7724   10   47
13183 7727   10   47
13193 7725   10   47
13203 7725   10   47
13213 7728   10   47
13223 7727   72   47
13233 7762   72   47
13243 7727   72   47
13253 7667   72   47
13263 7570   72   47
13273 7515   72   46
13283 7487   72   46
13293 7262   72   46
13303 7181   72   46
13313 7177   72   46
13323 7222   72   47
13333 7175   72   53
13343 7199   72   59
13353 7213   67   66
13363 7146   60   73
13373 7143   52   81
13383 7166   45   89
13393 7218   37   97
13403 7249   31  106
13413 7270   31  114
13423 7377   31  123
13433 7391   31  131
13443 7507   31  139
13453 7616   31  147
13463 7622   31  155
13473 7622   31  162
13483 7659   31  168
13493 7661   31  175
13503 7623   31  181
13513 7659   31  187
13523 7659 -103  194
13533 7623 -103  199
13543 7507 -103  204
13553 7434 -103  207
13563 7482 -103  211
13573 6954 -103  215
13583 6991 -103  217
13593 7155 -103  218
13603 7368 -103  218
13613 7272 -103  218
13623 7268 -110  217
13633 7170 -110  205
13643 7180 -110  191
13653 7041 -110  175
13663 6851 -110  159
13673 6897 -110  141
13683 6966 -110  124
13693 7232 -110  105
13703 7235 -110   85
13713 7339 -110   63
13723 7372 -110   41
13733 7375 -110   18
13743 7350 -110   -5
13753 7354   82  -16
13763 7334   82  -27
13773 7319   82  -41
13783 7262   82  -56
13793 7290   82  -69
13803 7261   82  -84
13813 7049   82  -99
13823 7053   82 -113
13833 7157   82 -125
13843 7254   82 -130
13853 7218   32 -130
13863 7205   10 -130
13873 6828   10 -126
13883 6905   10 -113
13893 6961   10 -101
13903 7018   10  -89
13913 7049   10  -75
13923 7487   10  -62
13933 7671   10  -49
13943 7677   10  -35
99999 0 0 0 
13953 7677   10  -21
13963 7682   10   -9
13973 7681   10    3
13983 7684   10   14
13993 7685   10   22
14003 7687   10   27
14013 7687   10   31
14023 7724   10   33
14033 7723   10   34
14043 7724   10   34
14053 7727   10   34
14063 7725   72   35
14073 7727   72   35
14083 7661   72   35
14093 7598   72   35
14103 7560   72   35
14113 7237   72   35
14123 7214   72   35
14133 7274   72   35
14143 7270   72   38
14153 7277   72   44
14163 7257   72   51
14173 7205   72   57
14183 7223   69   64
14193 7197   62   72
14203 7166   54   79
14213 7178   47   87
14223 7191   39   95
14233 7270   31  104
14243 7294   31  113
14253 7387   31  121
14263 7538   31  129
14273 7544   31  136
14283 7619   31  143
14293 7622   31  150
14303 7624   31  157
14313 7624   31  163
14323 7624   31  169
14333 7626   31  175
14343 7622   31  181
14353 7623   31  186
14363 7623 -103  191
14373 7623 -103  197
14383 7622 -103  202
14393 7462 -103  205
14403 7468 -103  207
14413 7460 -103  210
14423 7493 -103  212
14433 7035 -103  213
14443 7339 -103  213
14453 7307 -103  213
14463 7323 -103  213
14473 7325 -113  209
14483 7301 -113  195
14493 7175 -113  181
14503 6900 -113  165
14513 6948 -113  149
14523 6921 -113  131
14533 7128 -113  112
14543 7141 -113   95
14553 7250 -113   75
14563 7351 -113   53
14573 7350 -113   31
14583 7350 -113    8
14593 7354 -113  -10
14603 7350   82  -21
14613 7312   82  -32
14623 7287   82  -46
14633 7283   82  -60
14643 7316   82  -73
14653 7000   82  -87
14663 7028   82 -102
14673 7107   82 -116
14684 7233   82 -125
14694 7183   59 -127
14704 7245    6 -127
14714 7152   10 -127
14724 7245   10 -118
14734 7073   10 -107
14744 7517   10  -98
14754 7527   10  -86
14764 7674   10  -75
14774 7677   10  -65
14784 7679   10  -54
14794 7682   10  -45
99999 0 0 0 
14804 7682   10  -34
14814 7684   10  -26
14824 7685   10  -18
14834 7721   10  -11
14844 7724   10   -5
14854 7723   10    0
14864 7723   10    5
14874 7724   10    8
14884 7725   10   11
14894 7724   10   13
14904 7725   72   15
14914 7725   72   17
14924 7720   72   18
14934 7639   72   18
14944 7602   72   18
14954 7573   72   18
14964 7531   72   18
14974 7228   72   19
14984 7358   72   23
14994 7359   72   26
15005 7337   72   31
15015 7278   72   38
15026 7297   72   45
15036 7313   72   52
15046 7181   72   59
15056 7186   67   66
15066 7151   61   73
15076 7194   55   81
15086 7198   49   89
15097 7217   41   97
15108 7341   33  107
15118 7358   31  115
15128 7380   31  123
15138 7431   31  131
15148 7545   31  139
15158 7550   31  146
15168 7623   31  153
15178 7623   31  160
15188 7624   31  167
15198 7624   31  173
15208 7624   31  179
15218 7624   31  185
15228 7624   31  190
15238 7623 -103  195
15248 7620 -103  201
15258 7476 -103  205
15268 7489 -103  207
15278 7509 -103  210
15288 7151 -103  213
15298 7108 -103  214
15308 7126 -103  214
15318 7353 -103  214
15328 7343 -103  214
15338 7287 -115  210
15348 7285 -115  198
15358 7170 -115  183
15368 7205 -115  169
15378 6921 -115  153
15388 6951 -115  135
15398 6971 -115  119
15408 7200 -115  100
15418 7315 -115   81
15428 7314 -115   60
15438 7386 -115   39
15448 7387 -115   16
15458 7390 -115   -5
15468 7393   82  -16
15478 7377   82  -27
15488 7344   82  -41
15498 7346   82  -55
15508 7285   82  -71
15518 7299   82  -84
15528 7147   82 -101
15538 7031   82 -117
15548 7044   82 -134
15558 7242   82 -147
15568 7367   82 -155
15578 7385   57 -157
15588 7407    6 -157
15598 7068   10 -157
15608 7094   10 -149
15618 7069   10 -139
15628 7641   10 -133
15638 7644   10 -123
15648 7684   10 -114
15658 7684   10 -106
15668 7685   10 -100
15678 7687   10  -94
15688 7689   10  -89
99999 0 0 0 
15698 7688   10  -85
15708 7688   10  -80
15718 7689   10  -76
15728 7689   10  -73
15738 7689   10  -69
15748 7727   10  -66
15758 7727   10  -62
15768 7727   10  -59
15778 7727   10  -57
15788 7727   72  -53
15798 7728   72  -51
15808 7709   72  -51
15818 7650   72  -51
15828 7640   72  -49
15838 7390   72  -49
15848 7380   72  -49
15858 7323   72  -49
15868 7456   72  -47
15878 7462   72  -45
15888 7508   72  -44
15898 7519   72  -44
15908 7529   72  -44
15918 7430   72  -44
15928 7151   72  -44
15938 7159   72  -44
15948 7197   72  -44
15958 7165   72  -44
15968 7167   72  -44
15978 7205   72  -44
15988 7206   72  -44
15998 7208   72  -44
16008 7175   72  -44
16018 7174   72  -44
16028 7175   72  -44
16038 7143   72  -44
16048 7179   72  -44
16058 7179   72  -44
16068 7146   72  -44
16078 7181   72  -44
16088 7182   72  -44
16098 7184   72  -44
16108 7150   72  -44
16118 7150   72  -44
16128 7185   72  -44
16139 7187   72  -44
16149 7187   72  -44
16159 7189   72  -44
16169 7185   72  -44
16179 7185   72  -44
16189 7184   72  -44
16199 7220   72  -44
16209 7222   72  -44
16219 7152   72  -44
16229 7191   72  -44
16240 7191   72  -44
16250 7193   72  -44
16260 7155   72  -44
16270 7158   72  -44
16280 7193   72  -44
16290 7193   82  -44
16300 7192   82  -44
16310 7191   82  -44
16320 7191   82  -44
16330 7189   82  -44
16340 7189   82  -44
16350 7086   82  -44
16360 7084   82  -44
16370 7052   10  -44
16380 7087   10  -44
16390 7089   10  -44
16400 7089   10  -44
16410 7108   10  -43
16420 7115   10  -43
16430 7121   10  -43
16440 7620   10  -44
16450 7619   10  -44
16460 7655   10  -44
99999 0 0 0 
16470 7657   10  -44
16480 7657   10  -44
16490 7657   10  -44
16500 7692   10  -44
16510 7693   10  -44
16520 7693   10  -44
16530 7693   10  -44
16540 7692   10  -44
16550 7693   10  -44
16560 7692   10  -43
16570 7695   72  -43
16580 7688   72  -43
16590 7645   72  -41
16601 7635   72  -37
16611 7635   72  -35
16621 7283   72  -32
16631 7288   72  -27
16641 7431   72  -21
16651 7429   72  -13
16661 7429   72   -5
16671 7323   72    4
16681 7218   72   13
16691 7219   72   21
16701 7256   72   30
16711 7364   72   38
16721 7363   72   46
16731 7401   72   54
16741 7400   72   62
16751 7400   67   69
16761 7364   60   77
16772 7332   56   85
16783 7334   49   93
16793 7336   44  101
16803 7409   39  108
16814 7378   34  115
16824 7382   31  123
16834 7493   31  129
16844 7496   31  135
16854 7498   31  141
16864 7570   31  147
16874 7606   31  153
16884 7605   31  158
16894 7641   31  163
16904 7641   31  167
16914 7641   31  172
16924 7640   31  176
16934 7638   31  180
16944 7640   31  183
16954 7638   31  187
16964 7638   31  190
16974 7638 -104  193
16984 7637 -104  195
16994 7630 -104  197
17004 7592 -104  199
17014 7590 -104  199
17024 7592 -104  199
17034 7598 -104  199
17044 7212 -104  199
17054 7359 -104  199
17064 7361 -128  198
17074 7540 -128  198
17084 7578 -128  193
17094 7581 -128  183
17104 7473 -128  172
17114 7297 -128  160
17124 7298 -128  147
17134 7049 -128  132
17144 7087 -128  118
17154 7087 -128  102
17164 7263 -128   85
17174 7334 -128   67
17184 7333 -128   49
17194 7404 -128   28
17204 7404 -128    8
17214 7405 -128   -9
17224 7368   83  -17
17234 7401   83  -27
17244 7395   83  -38
17254 7417   83  -51
17264 7386   83  -62
17274 7394   83  -74
17284 7256   83  -89
17294 7187   83 -101
17304 7192   83 -113
17314 7443   83 -123
17325 7514   75 -129
17335 7513   36 -129
17345 7340   10 -129
17355 7128   10 -129
17365 7147   10 -124
17375 7118   10 -114
17385 7194   10 -105
17395 7196   10  -98
17405 7657   10  -89
17415 7657   10  -79
17425 7657   10  -70
99999 0 0 0 
17435 7693   10  -61
17445 7693   10  -53
17455 7693   10  -44
17465 7695   10  -35
17475 7693   10  -27
17485 7695   10  -21
17495 7696   10  -14
17505 7696   10   -9
17515 7695   10   -4
17525 7695   10    1
17536 7695   72    4
17548 7696   72    7
17558 7698   72    9
17568 7732   72   11
17578 7700   72   11
17588 7687   72   11
17598 7683   72   14
17608 7361   72   14
17618 7357   72   14
17629 7452   72   14
17639 7522   72   15
17649 7524   72   19
17659 7565   72   24
17669 7465   72   30
17679 7470   72   35
17689 7404   72   41
17699 7261   72   47
17709 7263   72   52
17719 7230   72   57
17729 7302   71   62
17739 7304   68   67
17749 7304   65   71
17759 7341   61   77
17769 7346   58   82
17779 7308   56   86
17789 7311   52   91
17799 7311   50   96
17809 7346   46  101
17819 7381   43  106
17829 7382   39  111
17839 7456   36  116
17849 7491   33  121
17859 7494   31  126
17869 7532   31  131
17879 7570   31  135
17889 7572   31  139
17899 7572   31  143
17909 7607   31  146
17919 7607   31  149
17929 7643   31  152
17939 7643   31  155
17949 7644   31  157
17959 7643   31  160
17969 7644   31  162
17979 7644   31  163
17989 7646   31  165
17999 7647   31  167
18009 7641 -103  169
18019 7606 -103  170
18029 7569 -103  171
18039 7565 -103  171
18049 7604 -103  171
18059 7110 -103  171
18069 7113 -103  171
18079 7296 -103  171
18089 7509 -103  171
18099 7511 -103  171
18109 7548 -132  165
18119 7550 -132  156
18129 7551 -132  146
18139 7409 -132  135
18149 7090 -132  121
18159 7090 -132  109
18169 7056 -132   95
18179 7198 -132   79
18189 7198 -132   63
18199 7301 -132   46
18209 7374 -132   27
18219 7375 -132    9
18229 7374 -132   -7
18239 7374   83  -16
18249 7370   83  -25
18259 7356   83  -35
18269 7392   83  -47
18279 7398   83  -55
18289 7297   83  -67
18299 7229   83  -78
18309 7232   83  -89
18319 7378   83  -99
18329 7518   75 -105
18339 7517   41 -107
18350 7555    6 -107
18360 7168   10 -107
18370 7182   10 -105
18381 7158   10  -94
18391 7196   10  -85
18401 7197   10  -77
18411 7587   10  -67
18421 7658   10  -57
18431 7660   10  -47
18441 7660   10  -37
99999 0 0 0 
18451 7695   10  -27
18461 7696   10  -17
18471 7698   10   -8
18481 7696   10    1
18491 7696   10    8
18501 7696   10   14
18511 7698   10   19
18521 7696   10   23
18531 7696   10   25
18541 7698   10   26
18551 7698   72   27
18561 7688   72   27
18571 7660   72   28
18583 7682   72   28
18593 7676   72   28
18603 7360   72   28
18613 7468   72   28
18623 7472   72   28
18633 7547   72   28
18643 7550   72   28
18653 7551   72   28
18663 7443   72   33
18673 7365   72   38
18684 7367   72   45
18694 7229   72   51
18704 7230   72   56
18715 7234   72   62
18725 7234   68   67
18735 7307   65   72
18746 7308   62   77
18756 7347   59   83
18767 7348   56   88
18778 7385   52   94
18788 7388   50   98
18798 7352   47  103
18809 7423   44  108
18819 7425   41  113
18829 7430   38  117
18839 7463   35  122
18849 7464   32  127
18859 7537   31  131
18869 7570   31  135
18879 7573   31  139
18889 7573   31  143
18899 7609   31  147
18909 7610   31  151
18919 7646   31  154
18929 7646   31  157
18939 7646   31  160
18949 7647   31  163
18959 7643   31  165
18969 7646   31  167
18979 7644   31  169
18989 7644   31  170
18999 7646   31  171
19009 7644 -103  173
19019 7607 -103  174
19029 7600 -103  175
19039 7608 -103  175
19049 7606 -103  175
19059 7609 -103  175
19069 7612 -103  175
19079 7296 -103  175
19089 7297 -103  175
19099 7442 -103  175
19109 7554 -132  172
19119 7552 -132  165
19129 7589 -132  156
19139 7447 -132  145
19149 7447 -132  133
19159 7270 -132  119
19169 7062 -132  107
19179 7059 -132   91
19189 7131 -132   76
19199 7310 -132   59
19209 7310 -132   42
19219 7382 -132   24
19229 7382 -132    5
19239 7381 -132   -9
19249 7382   83  -17
19259 7378   83  -27
19269 7359   83  -37
19279 7398   83  -49
19289 7297   83  -59
19299 7298   83  -69
19309 7094   83  -81
19319 7381   83  -91
19329 7384   75 -101
19339 7490   75 -106
19349 7527   32 -107
19359 7535    0 -107
19369 7399   10 -107
19379 7122   10 -105
19389 7129   10  -97
19399 7483   10  -92
19409 7660   10  -84
19419 7661   10  -77
19429 7661   10  -69
19439 7696   10  -61
19449 7696   10  -54
99999 0 0 0 
19459 7698   10  -47
19469 7696   10  -41
19479 7699   10  -33
19489 7698   10  -26
19499 7698   10  -20
19509 7696   10  -13
19519 7698   10   -7
19529 7698   10   -2
19539 7698   10    2
19549 7698   10    6
19559 7699   72    9
19569 7696   72   11
19579 7698   72   12
19589 7715   72   12
19599 7696   72   12
19609 7690   72   12
19619 7689   72   14
19629 7686   72   14
19639 7404   72   14
19649 7509   72   14
19659 7506   72   14
19669 7574   72   16
19679 7537   72   21
19689 7545   72   27
19699 7373   72   33
19709 7302   72   39
19720 7305   72   44
19730 7271   72   49
19740 7273   72   54
19750 7273   72   59
19760 7346   71   63
19770 7348   68   69
19780 7348   65   73
19790 7347   62   79
19800 7277   60   83
19810 7280   57   87
19820 7316   55   92
19830 7315   52   97
19840 7314   49  101
19850 7385   47  107
19860 7457   44  111
19870 7457   42  116
19880 7460   39  121
19890 7497   36  126
19900 7500   33  130
19910 7538   31  135
19920 7539   31  139
19930 7541   31  143
19940 7576   31  147
19950 7613   31  151
19960 7614   31  154
19970 7646   31  157
19980 7648   31  159
19990 7648   31  162
20000 7647   31  164
20010 7647   31  167
20020 7646   31  168
20030 7646   31  170
20040 7646   31  171
20050 7646   31  173
20060 7646 -103  174
20070 7644 -103  175
20080 7643 -103  175
20090 7643 -103  176
20100 7615 -103  177
20110 7609 -131  176
20120 7613 -131  176
20130 7155 -131  176
20140 7158 -131  176
20150 7409 -131  176
20160 7480 -131  176
20170 7483 -131  171
20180 7591 -131  164
20190 7592 -131  155
20200 7593 -131  143
20210 7344 -131  131
20220 7166 -131  119
20230 7169 -131  105
20240 7098 -131   91
20250 7203 -131   75
20260 7205 -131   59
20270 7382 -131   41
20280 7419 -131   23
20290 7419 -131    4
20300 7384 -131   -9
20310 7385   83  -17
20320 7387   83  -26
20330 7365   83  -37
20340 7367   83  -48
20350 7377   83  -58
20360 7310   83  -69
20370 7240   83  -77
20380 7244   83  -87
20390 7460   75  -97
20400 7535   75 -102
20410 7535   32 -104
20421 7429    6 -104
20431 7216   10 -104
20441 7226   10 -103
20451 7161   10  -94
20461 7197   10  -88
20471 7200   10  -80
20481 7662   10  -71
20491 7662   10  -63
20501 7664   10  -55
20511 7699   10  -48
99999 0 0 0 
20521 7698   10  -41
20531 7699   10  -33
20541 7698   10  -26
20551 7698   10  -19
20561 7699   10  -12
20571 7734   10   -5
20581 7698   10    1
20591 7699   10    7
20601 7701   10   11
20611 7698   10   15
20621 7699   72   18
20631 7692   72   19
20641 7668   72   20
20651 7660   72   20
20661 7695   72   20
20671 7375   72   21
20681 7375   72   21
20691 7517   72   21
20701 7547   72   21
20711 7547   72   21
20721 7582   72   22
20731 7550   72   27
20743 7340   72   34
20753 7346   72   40
20763 7239   72   47
20773 7240   72   52
20783 7242   72   57
20794 7243   71   62
20804 7350   69   67
20814 7350   66   72
20824 7350   64   77
20834 7315   61   83
20844 7318   58   87
20854 7316   56   92
20865 7355   54   96
20875 7357   51  101
20886 7357   48  106
20896 7429   46  111
20906 7430   44  115
20916 7466   41  119
20927 7501   39  124
20938 7500   36  129
20948 7500   34  134
20958 7537   31  139
20968 7539   31  143
20978 7539   31  147
20988 7578   31  151
20998 7614   31  155
21008 7613   31  158
21018 7648   31  161
21028 7648   31  164
21038 7648   31  167
21048 7647   31  168
21058 7647   31  170
21068 7650   31  172
21078 7650   31  173
21088 7650   31  174
21098 7648   31  175
21108 7614 -103  175
21118 7647 -103  177
21128 7648 -103  177
21138 7596 -103  177
21148 7616 -103  178
21158 7616 -131  177
21168 7583 -131  177
21178 7230 -131  177
21188 7233 -131  177
21198 7446 -131  177
21208 7520 -131  176
21218 7523 -131  170
21228 7593 -131  162
21238 7558 -131  152
21248 7561 -131  140
21258 7240 -131  128
21268 7098 -131  115
21278 7100 -131  101
21288 7135 -131   86
21298 7243 -131   70
21308 7243 -131   53
21318 7385 -131   36
21328 7422 -131   17
21338 7425 -131   -1
21348 7384   83  -11
21358 7387   83  -19
21368 7384   83  -29
21378 7404   83  -39
21388 7338   83  -49
21398 7343   83  -60
21408 7134   83  -69
21418 7315   83  -78
21428 7316   67  -88
21438 7531   75  -95
21448 7569   49  -99
21458 7569   23 -100
21468 7325    0 -100
21478 7258   10 -100
21488 7267   10  -98
21498 7481   10  -90
21508 7450   10  -86
21518 7450   10  -78
21528 7699   10  -71
21538 7662   10  -65
21548 7664   10  -58
21558 7699   10  -53
21568 7699   10  -46
99999 0 0 0 
21578 7699   10  -41
21588 7701   10  -35
21598 7735   10  -30
21608 7735   10  -25
21618 7699   10  -19
21628 7699   10  -14
21638 7699   10   -9
21648 7699   10   -4
21658 7698   10    1
21668 7699   72    5
21678 7734   72    7
21688 7699   72   10
21698 7677   72   11
21708 7660   72   13
21718 7659   72   13
21728 7659   72   13
21738 7411   72   13
21748 7484   72   14
21758 7483   72   14
21768 7588   72   14
21778 7583   72   15
21788 7582   72   19
21798 7479   72   25
21808 7375   72   31
21818 7379   72   37
21828 7274   72   43
21838 7240   72   48
21848 7240   72   53
21858 7278   72   58
21868 7315   72   63
21878 7314   69   67
21888 7351   67   72
21899 7314   64   77
21909 7316   62   82
21919 7318   60   86
21929 7355   57   91
21939 7358   55   95
21949 7357   53   99
21959 7392   51  104
21969 7393   49  108
21979 7428   46  113
21989 7463   44  118
21999 7464   42  123
22009 7498   39  127
22020 7501   37  132
22030 7502   35  136
22040 7538   32  141
22050 7539   31  145
22060 7543   31  149
22070 7580   31  153
22080 7611   31  156
22090 7616   31  159
22100 7650   31  163
22110 7650   31  165
22120 7650   31  167
22130 7650   31  169
22140 7651   31  171
22150 7651   31  172
22160 7650   31  174
22170 7650   31  175
22180 7648   31  175
22190 7614   31  176
22200 7648 -103  177
22210 7647 -103  178
22220 7648 -103  178
22230 7648 -103  178
22240 7623 -103  178
22250 7581 -103  178
22260 7582 -103  178
22270 7585 -103  178
22280 7269 -103  178
22290 7377 -103  178
22300 7379 -131  177
22310 7558 -131  171
22320 7593 -131  165
22330 7593 -131  155
22340 7558 -131  145
22350 7419 -131  133
22360 7418 -131  120
22370 7100 -131  106
22380 7100 -131   92
22390 7101 -131   77
22400 7280 -131   60
22410 7351 -131   43
22420 7350 -131   25
22430 7422 -131    7
22440 7387 -131   -8
22450 7388   83  -16
22460 7388   83  -25
22470 7373   83  -35
22480 7373   83  -45
22490 7340   83  -53
22500 7239   83  -64
22510 7244   83  -74
22520 7354   83  -85
22530 7461   83  -93
22541 7463   58 -101
22551 7570   51 -102
22561 7504    0 -102
22571 7505   10 -102
22581 7122   10 -102
22591 7093   10  -97
22601 7095   10  -92
22611 7415   10  -85
22621 7664   10  -78
22631 7664   10  -71
22641 7664   10  -65
22651 7699   10  -59
99999 0 0 0 
22661 7701   10  -54
22671 7701   10  -49
22681 7699   10  -44
22691 7701   10  -39
22701 7699   10  -34
22711 7701   10  -29
22721 7701   10  -24
22731 7701   10  -19
22741 7701   10  -14
22751 7701   10   -9
22761 7701   72   -4
22771 7701   72   -1
22781 7699   72    3
22791 7692   72    6
22801 7667   72    8
22811 7661   72   10
22821 7695   72   11
22831 7414   72   13
22841 7416   72   14
22852 7518   72   14
22862 7554   72   14
22873 7592   72   15
22883 7592   72   18
22893 7593   72   23
22903 7379   72   28
22913 7379   72   34
22923 7239   72   40
22933 7237   72   46
22943 7242   72   51
22953 7278   72   56
22963 7315   72   61
22973 7314   70   66
22983 7351   67   71
22993 7354   66   75
23003 7351   63   80
23013 7318   61   85
23023 7357   59   89
23033 7355   57   94
23043 7321   55   98
23053 7360   52  103
23063 7357   51  107
23073 7428   49  111
23083 7467   47  115
23093 7466   45  120
23103 7502   43  125
23113 7501   40  129
23123 7501   38  134
23133 7502   36  139
23143 7538   34  143
23153 7541   32  147
23163 7578   31  151
23173 7580   31  155
23183 7580   31  159
23193 7616   31  162
23203 7651   31  165
23213 7654   31  167
23223 7652   31  170
23233 7651   31  172
23243 7651   31  174
23253 7650   31  175
23263 7651   31  176
23273 7650   31  177
23283 7613   31  178
23293 7650   31  179
23303 7650   31  179
23313 7613 -103  179
23323 7607 -103  179
23333 7602 -103  179
23343 7623 -103  179
23353 7619 -103  179
23363 7622 -103  179
23373 7196 -103  179
23383 7414 -103  179
23393 7415 -103  179
23403 7488 -131  176
23413 7596 -131  170
23423 7595 -131  163
23433 7597 -131  153
23443 7385 -131  140
23453 7385 -131  129
23463 7209 -131  115
23473 7139 -131  101
23483 7138 -131   87
23493 7209 -131   71
23503 7387 -131   54
23513 7388 -131   36
23523 7425 -131   18
23533 7388 -131   -1
23543 7388   83  -11
23553 7391   83  -19
23563 7389   83  -29
23573 7371   83  -39
23583 7378   83  -48
23593 7310   83  -57
23603 7314   83  -67
23613 7246   83  -77
23623 7461   75  -87
23633 7461   75  -94
23643 7535   49  -98
23653 7464   23  -99
23663 7467    0  -99
23673 7260   10  -99
23683 7162   10  -98
23693 7169   10  -90
23703 7417   10  -86
23713 7664   10  -79
23723 7664   10  -73
23733 7701   10  -66
23743 7705   10  -61
23753 7699   10  -55
99999 0 0 0 
23763 7701   10  -49
23773 7699   10  -44
23783 7701   10  -38
23793 7701   10  -33
23803 7701   10  -28
23813 7699   10  -22
23823 7701   10  -17
23833 7699   10  -11
23843 7701   10   -6
23853 7699   10   -1
23863 7701   10    3
23873 7702   72    7
23883 7701   72   10
23893 7682   72   12
23903 7665   72   14
23913 7663   72   15
23924 7378   72   15
23934 7382   72   15
23944 7452   72   16
23954 7559   72   16
23965 7558   72   16
23975 7592   72   16
23985 7591   72   20
23995 7591   72   25
24005 7484   72   31
24015 7275   72   38
24025 7274   72   43
24035 7243   72   48
24045 7280   72   53
24056 7283   72   58
24067 7284   71   63
24077 7352   69   68
24089 7352   67   73
24099 7355   65   78
24109 7319   63   82
24119 7321   61   87
24129 7324   59   91
24139 7360   58   95
24149 7358   56   99
24159 7360   54  103
24169 7429   52  107
24180 7430   50  111
24190 7429   48  115
24200 7466   46  120
24210 7464   44  124
24221 7467   42  129
24231 7467   40  133
24241 7501   39  138
24251 7504   37  142
24261 7541   35  146
24271 7578   33  150
24281 7579   31  153
24291 7613   31  157
24301 7579   31  160
24311 7580   31  163
24321 7616   31  166
24331 7617   31  168
24341 7617   31  170
24351 7617   31  171
24361 7616   31  173
24371 7617   31  175
24381 7616   31  175
24391 7616   31  176
24401 7616   31  177
24411 7650   31  177
24421 7650   31  178
24431 7650   31  178
24441 7613 -103  178
24451 7614 -103  178
24461 7613 -103  178
24471 7592 -103  178
24481 7586 -103  178
24491 7586 -103  178
24501 7589 -103  178
24511 7201 -103  178
24521 7203 -103  178
24531 7453 -131  175
24541 7527 -131  171
24551 7525 -131  164
24561 7597 -131  155
24571 7599 -131  145
24581 7599 -131  133
24591 7316 -131  120
24601 7174 -131  107
24611 7174 -131   93
24621 7139 -131   77
24631 7246 -131   61
24641 7246 -131   45
24651 7388 -131   27
24661 7426 -131    9
24671 7425 -131   -7
24681 7389   83  -15
24691 7391   83  -23
24701 7378   83  -33
24711 7371   83  -43
24721 7379   83  -50
24731 7384   83  -61
24741 7139   83  -71
24751 7318   83  -81
24761 7321   75  -89
24771 7501   58  -95
24781 7541   41  -98
24791 7543   15  -98
24801 7440   10  -98
24811 7338   10  -98
24821 7340   10  -97
24831 7484   10  -94
24841 7557   10  -89
24851 7557   10  -83
24861 7664   10  -79
24871 7701   10  -74
24881 7699   10  -70
24891 7701   10  -66
99999 0 0 0 
24901 7701   10  -62
24911 7699   10  -59
24921 7701   10  -56
24931 7701   10  -53
24941 7701   10  -49
24951 7702   10  -46
24961 7701   10  -43
24971 7702   10  -39
24981 7702   10  -36
24991 7702   10  -32
25001 7701   72  -27
25011 7702   72  -22
25021 7699   72  -17
25033 7668   72  -12
25043 7661   72   -6
25055 7661   72   -1
25066 7379   72    3
25076 7382   72    7
25086 7487   72   14
25096 7561   72   17
25106 7561   72   20
25116 7599   72   24
25126 7600   72   29
25136 7602   72   34
25146 7564   72   40
25156 7283   72   45
25166 7283   72   50
25176 7281   72   55
25187 7243   72   59
25198 7310   70   65
25208 7307   68   71
25218 7381   66   77
25228 7348   64   82
25238 7351   61   87
25248 7352   59   93
25258 7318   57   97
25268 7321   55  103
25278 7357   53  107
25288 7428   51  112
25298 7430   49  117
25308 7430   47  121
25318 7469   45  126
25328 7469   43  131
25338 7504   41  135
25348 7541   39  140
25358 7542   37  144
25368 7578   36  148
25378 7543   34  152
25388 7545   32  157
25398 7580   31  160
25408 7579   31  164
25418 7582   31  167
25428 7614   31  171
25438 7616   31  174
25448 7616   31  176
25458 7616   31  179
25468 7651   31  181
25478 7650   31  182
25488 7651   31  183
25498 7650   31  185
25508 7650   31  185
25518 7651   31  186
25528 7650   31  186
25538 7648   31  186
25548 7616 -103  186
25558 7613 -103  186
25568 7614 -103  186
25578 7616 -103  186
25588 7591 -103  186
25598 7586 -103  186
25608 7586 -103  186
25618 7341 -103  186
25628 7343 -103  186
25638 7415 -103  186
25648 7488 -131  183
25658 7488 -131  178
25668 7562 -131  171
25678 7597 -131  163
25688 7599 -131  151
25698 7457 -131  139
25708 7281 -131  127
25718 7280 -131  113
25728 7103 -131   99
25738 7210 -131   83
25748 7212 -131   68
25758 7352 -131   51
25768 7425 -131   33
25778 7426 -131   15
25788 7425 -131   -3
25798 7391   83  -13
25808 7389   83  -21
25818 7378   83  -30
25828 7411   83  -40
25838 7415   83  -47
25848 7314   83  -57
25858 7210   83  -67
25868 7213   83  -76
25878 7463   67  -85
25888 7502   67  -91
25898 7501   41  -93
25908 7538    6  -93
25918 7401   10  -93
25928 7405   10  -93
25938 7128   10  -89
25948 7343   10  -83
25958 7344   10  -77
25968 7699   10  -70
25978 7664   10  -63
25988 7665   10  -57
25998 7665   10  -50
26008 7701   10  -44
99999 0 0 0 
26018 7701   10  -38
26028 7702   10  -32
26038 7701   10  -25
26048 7701   10  -19
26058 7703   10  -13
26068 7701   10   -7
26078 7702   10   -1
26088 7702   10    4
26098 7701   10    9
26108 7701   72   13
26118 7701   72   15
26128 7678   72   17
26138 7668   72   19
26148 7664   72   19
26158 7452   72   19
26168 7453   72   19
26178 7490   72   19
26188 7527   72   19
26198 7527   72   19
26208 7595   72   19
26218 7592   72   21
26228 7593   72   26
26238 7347   72   32
26248 7277   72   39
26258 7281   72   44
26268 7280   72   49
26278 7283   72   55
26288 7283   72   59
26298 7318   71   63
26308 7354   70   68
26318 7354   68   72
26328 7389   66   77
26338 7355   64   81
26348 7357   63   85
26358 7358   61   89
26369 7322   60   93
26379 7322   58   96
26389 7361   57  100
26399 7395   55  104
26409 7395   54  107
26420 7429   52  111
26430 7464   51  115
26440 7466   49  119
26450 7500   47  123
26460 7469   46  127
26470 7467   45  130
26481 7504   43  134
26491 7504   41  138
26501 7505   40  141
26511 7541   39  145
26521 7542   37  148
26533 7578   36  152
26543 7578   35  155
26553 7580   33  158
26563 7580   33  161
26573 7580   31  163
26583 7580   31  165
26593 7617   31  167
26603 7617   31  168
26613 7619   31  170
26623 7619   31  171
26633 7616   31  171
26643 7652   31  172
26653 7652   31  172
26663 7651   31  173
26673 7616   31  173
26683 7652   31  173
26693 7651   31  172
26703 7616   31  172
26713 7652   31  172
26723 7652   31  172
26733 7614 -103  172
26743 7614 -103  172
26753 7603 -103  172
26763 7589 -103  172
26773 7589 -103  172
26783 7591 -103  172
26793 7556 -103  172
26803 7419 -103  172
26813 7418 -103  172
26823 7491 -131  171
26833 7597 -131  165
26843 7599 -131  159
26853 7602 -131  149
26863 7457 -131  138
26873 7459 -131  127
26883 7281 -131  114
26893 7139 -131  101
26903 7139 -131   87
26913 7212 -131   72
26923 7355 -131   56
26933 7355 -131   40
26943 7426 -131   23
26953 7425 -131    5
26963 7429 -131   -8
26973 7426   83  -15
26983 7425   83  -24
26993 7414   83  -33
27003 7414   83  -41
27013 7312   83  -49
27023 7315   83  -58
27033 7213   83  -67
27043 7464   83  -77
27053 7463   75  -84
27063 7501   49  -89
27073 7572   32  -89
27083 7578   10  -89
27093 7439   10  -89
27103 7196   10  -89
27113 7202   10  -84
27123 7521   10  -80
27133 7664   10  -73
27143 7665   10  -67
27153 7665   10  -61
27163 7702   10  -56
99999 0 0 0 
27173 7699   10  -51
27183 7702   10  -46
27193 7702   10  -42
27203 7701   10  -38
27213 7701   10  -33
27223 7701   10  -29
27233 7702   10  -25
27243 7702   10  -21
27253 7701   10  -16
27263 7702   10  -12
27273 7702   72   -7
27283 7702   72   -4
27293 7691   72   -1
27303 7671   72    3
27313 7668   72    5
27323 7667   72    7
27333 7562   72    8
27343 7493   72    9
27353 7491   72   12
27363 7527   72   12
27373 7596   72   14
27383 7596   72   17
27393 7595   72   21
27403 7493   72   27
27413 7490   72   32
27423 7350   72   38
27433 7278   72   43
27443 7280   72   47
27453 7316   72   51
27463 7354   72   55
27473 7354   72   58
27483 7391   72   61
27493 7429   71   64
27503 7426   70   67
27513 7392   69   70
27523 7358   68   73
27533 7357   67   75
27543 7357   66   77
27553 7358   65   79
27563 7357   64   82
27573 7392   63   84
27583 7392   63   86
27593 7391   62   88
27603 7428   61   90
27613 7428   61   91
27623 7429   60   92
27633 7430   60   93
27643 7466   60   95
27653 7467   59   95
27663 7467   59   95
27673 7430   59   96
27683 7432   59   96
27693 7432   59   96
27703 7430   59   96
27713 7432   59   96
27723 7464   59   96
27733 7430   59   96
27743 7429   59   96
27753 7464   59   96
27763 7467   59   96
27773 7466   59   96
27783 7467 -103   96
27793 7467 -103   96
27803 7461 -103   96
27813 7461 -103   96
27823 7460 -103   96
27833 7461 -103   96
27843 7355 -103   96
27853 7498 -103   96
27863 7501 -131   95
27873 7534 -131   91
27883 7570 -131   85
27893 7570 -131   79
27903 7606 -131   71
27913 7501 -131   61
27923 7501 -131   51
27933 7429 -131   40
27943 7324 -131   29
27953 7324 -131   17
27963 7360 -131    6
27973 7430 -131   -4
27983 7430 -131   -9
27993 7467   83  -14
28003 7467   83  -20
28013 7460   83  -26
28023 7457   83  -33
28033 7387   83  -37
28043 7391   83  -44
28053 7428   83  -51
28063 7501   83  -57
28073 7501   41  -63
28083 7538   41  -69
28093 7573   41  -73
28103 7576   23  -75
28113 7580    6  -75
28123 7410   10  -75
28133 7413   10  -75
28143 7487   10  -75
28153 7664   10  -75
28163 7665   10  -74
28173 7701   10  -73
28183 7699   10  -69
28193 7703   10  -66
28203 7701   10  -64
28213 7705   10  -62
99999 0 0 0 
28223 7701   10  -60
28233 7699   10  -58
28243 7702   10  -57
28253 7702   10  -54
28263 7701   10  -53
28273 7702   10  -51
28283 7701   10  -50
28293 7702   10  -48
28303 7703   10  -46
28313 7701   72  -45
28323 7703   72  -43
28333 7702   72  -41
28343 7675   72  -39
28353 7665   72  -37
28363 7665   72  -34
28373 7667   72  -32
28383 7420   72  -26
28393 7528   72  -23
28403 7528   72  -19
28413 7564   72  -15
28423 7569   72   -9
28433 7568   72   -2
28443 7569   72    5
28453 7461   72   12
28464 7466   72   20
28474 7428   72   27
28484 7428   72   33
28494 7429   72   38
28504 7464   72   42
28514 7500   72   47
28524 7500   72   51
28534 7463   72   55
28544 7460   72   59
28554 7456   72   62
28564 7456   70   66
28574 7422   69   69
28584 7422   69   71
28594 7460   67   74
28604 7460   67   76
28614 7461   66   78
28624 7500   66   79
28634 7466   65   81
28644 7466   65   81
28654 7466   65   82
28664 7501   65   82
28674 7500   65   82
28684 7464   65   82
28694 7498   65   82
28704 7500   65   82
28714 7500   65   82
28724 7500   65   82
28734 7500   65   82
28744 7500   65   82
28754 7502   65   82
28765 7500   65   82
28775 7537   65   82
28785 7539   65   82
28796 7537   65   82
28806 7501   65   82
28816 7501 -103   82
28826 7502 -103   82
28836 7505 -103   82
28846 7498 -103   82
28856 7498 -103   82
28866 7535 -103   82
28876 7535 -103   82
28886 7535 -103   82
28896 7535 -103   82
28906 7572 -103   82
28916 7572 -131   76
28926 7607 -131   71
28936 7607 -131   65
28946 7607 -131   59
28956 7535 -131   51
28966 7501 -131   43
28976 7502 -131   35
28986 7430 -131   25
28996 7430 -131   16
29006 7432 -131    7
29016 7502 -131   -3
29026 7502 -131   -7
29036 7502   83  -12
29046 7502   83  -17
29056 7498   83  -22
29066 7494   83  -28
29076 7428   83  -32
29086 7426   83  -36
29096 7428   83  -41
29106 7538   83  -46
