  0 809   69    0
 10 8091   69    0
 20 8090   69    0
 30 7967   69    0
 40 7944   69    0
 50 7951   69    0
 60 7939   69    0
 71 7888   69    0
 81 7544   69    8
 91 7607   69   17
101 7622   69   26
111 7551   69   35
121 7469   69   45
133 7480   69   56
143 7474   29   67
154 7543   29   79
164 7579   29   91
175 7656   29  104
185 7733   29  117
196 7719   29  129
206 7727  -98  139
216 7944  -98  149
226 7767  -98  160
238 7679  -98  172
248 7719  -98  181
258 7818  -98  189
268 7379  -98  195
278 7287  -98  198
288 7346  -98  198
298 7396  -98  198
308 7374  -89  189
318 7205  -89  173
328 6911  -89  157
338 6992  -89  140
348 7052  -89  124
358 7308  -89  105
368 7322  -89   85
378 7463  -89   64
388 7602  -89   39
398 7609  -89   17
409 7630  -89   -9
420 7639   79  -22
430 7600   79  -35
441 7545   79  -51
451 7553   79  -67
463 7511   79  -83
473 7567   79 -100
484 7437   79 -116
495 7475   79 -129
505 7369   79 -135
515 7468   39 -135
526 7393    9 -135
538 7241    9 -126
548 7321    9 -113
559 7324    9 -102
569 7944    9  -89
580 7954    9  -73
590 7995    9  -60
600 7999    9  -47
611 8001    9  -34
99999 0 0 0 
  0 808   69    1
 10 8087   69    1
 20 8051   69    1
 30 8087   69    1
 40 7993   69    1
 50 7905   69    1
 60 7916   69    1
 70 7920   69    1
 80 7576   69    1
 90 7644   69    4
100 7608   69   11
110 7590   69   21
120 7384   69   31
130 7404   69   41
140 7461   69   51
150 7475   69   61
160 7475   29   71
171 7546   29   83
182 7653   29   97
192 7684   29  111
203 7708   29  122
214 7720  -98  134
224 7940  -98  144
235 7890  -98  155
246 7677  -98  167
256 7681  -98  177
266 7739  -98  186
277 7231  -98  193
287 7233  -98  198
297 7110  -98  198
307 7348  -98  198
317 7380  -89  194
327 7370  -89  180
337 7087  -89  165
348 7028  -89  147
359 7040  -89  127
369 7087  -89  109
379 7253  -89   89
390 7502  -89   66
400 7498  -89   43
410 7576  -89   19
420 7628  -89   -6
430 7644   79  -19
440 7617   79  -31
450 7563   79  -45
460 7500   79  -61
471 7585   79  -77
481 7502   79  -93
492 7546   79 -109
502 7216   79 -125
512 7457   79 -134
524 7451   63 -137
534 7426   10 -137
544 7357    9 -137
554 7165    9 -125
564 7297    9 -109
575 7280    9  -95
586 7572    9  -80
596 7590    9  -65
607 7953    9  -49
617 7957    9  -33
629 7995    9  -17
99999 0 0 0 
  0 805   69   -5
 10 8050   69   -5
 22 8050   69   -5
 32 7963   69   -5
 42 7909   69   -5
 52 7915   69   -5
 62 7926   69   -5
 72 7690   69   -5
 82 7633   69    0
 92 7581   69    7
102 7598   69   17
112 7540   69   26
123 7577   69   36
134 7502   69   47
144 7407   69   57
154 7410   29   67
164 7511   29   79
174 7597   29   90
184 7668   29  102
194 7700   29  114
204 7714   29  125
214 7723  -99  134
224 7908  -99  145
234 7726  -99  155
244 7675  -99  164
254 7713  -99  174
264 7174  -99  181
274 7200  -99  187
284 7188  -99  190
294 7387  -99  190
304 7328  -93  189
314 7376  -93  181
324 7068  -93  166
334 7125  -93  151
344 7023  -93  133
354 7047  -93  117
364 7086  -93   98
374 7240  -93   78
384 7490  -93   57
394 7493  -93   33
404 7573  -93   10
414 7593   79  -12
424 7597   79  -23
434 7556   79  -35
444 7527   79  -50
454 7497   79  -66
464 7587   79  -79
474 7430   79  -97
484 7472   79 -112
494 7217   79 -127
504 7462   79 -137
514 7393   72 -141
524 7436   22 -141
534 7338    9 -141
544 7502    9 -129
554 7371    9 -114
564 7310    9 -102
574 7333    9  -87
584 7878    9  -73
594 7990    9  -57
604 7994    9  -42
614 7996    9  -29
99999 0 0 0 
624 7998   10  -14
634 7999   10   -1
644 7998   10   10
654 8001   10   18
664 8002   70   23
674 8002   70   27
684 7957   70   31
694 7940   70   33
704 7943   70   34
714 7767   70   38
724 7752   70   38
734 7727   70   39
744 7686   70   43
754 7634   70   48
764 7643   70   55
774 7572   30   63
784 7591   30   73
794 7558   30   83
804 7469   30   93
814 7545   30  104
824 7474   30  114
834 7632   30  124
844 7641   30  133
854 7896 -100  143
864 7899 -100  151
874 7888 -100  160
884 7694 -100  166
894 7669 -100  173
904 7718 -100  179
914 7779 -100  186
924 7320 -100  189
934 7271 -100  191
944 7313 -100  191
954 7415 -100  191
964 7377  -97  182
974 7346  -97  168
984 7042  -97  153
994 7118  -97  135
1004 7079  -97  119
1014 7228  -97   99
1024 7247  -97   79
1034 7355  -97   58
1044 7529  -97   35
1054 7535  -97   12
1064 7586  -97  -11
1074 7590   80  -22
1084 7556   80  -34
1094 7504   80  -49
1104 7534   80  -64
1114 7590   80  -78
1124 7573   80  -94
1134 7259   80 -109
1144 7196   80 -123
1154 7339   80 -131
1164 7440   56 -134
1174 7410   14 -134
1184 7525   10 -134
1194 7288   10 -123
1204 7353   10 -110
1214 7318   10  -99
1224 7902   10  -86
1234 7909   10  -73
1244 7950   10  -60
1254 7954   10  -47
1264 7958   10  -34
99999 0 0 0 
1274 7994   10  -21
1284 7994   10  -10
1294 7994   10    0
1304 7996   10    9
1314 7996   70   15
1324 7998   70   19
1334 7998   70   23
1344 7973   70   25
1354 7934   70   27
1364 7931   70   28
1374 7932   70   32
1384 7918   70   32
1394 7653   70   33
1404 7686   70   36
1414 7630   70   41
1424 7605   70   48
1434 7528   70   56
1444 7538   30   65
1454 7536   30   75
1464 7466   30   85
1474 7544   30   95
1484 7561   30  105
1494 7585   30  115
1504 7597   30  125
1514 7675   30  135
1524 7891 -100  144
1534 7895 -100  153
1544 7898 -100  161
1554 7899 -100  170
1564 7720 -100  177
1574 7667 -100  182
1584 7697 -100  187
1594 7757 -100  194
1604 7738 -100  197
1614 7394 -100  200
1624 7304 -100  201
1634 7355 -100  201
1644 7433  -92  198
1654 7412  -92  185
1664 7365  -92  170
1674 7047  -92  153
1684 7115  -92  135
1694 7102  -92  117
1704 7312  -92   97
1714 7322  -92   76
1724 7426  -92   54
1734 7532  -92   31
1744 7543  -92    7
1754 7598   80  -14
1764 7596   80  -25
1774 7555   80  -38
1784 7500   80  -53
1794 7530   80  -66
1804 7586   80  -81
1814 7565   80  -96
1824 7388   80 -110
1834 7291   80 -122
1844 7369   80 -127
1854 7465   31 -127
1864 7449   10 -127
1874 7522   10 -121
1884 7184   10 -108
1894 7251   10  -94
1904 7316   10  -83
1914 7826   10  -69
1924 7837   10  -55
1934 7949   10  -42
1944 7951   10  -28
99999 0 0 0 
1954 7955   10  -14
1964 7954   10   -1
1974 7991   10   11
1984 7994   10   20
1994 7994   70   27
2004 7994   70   32
2014 7948   70   36
2024 7925   70   39
2034 7928   70   41
2044 7934   70   43
2054 7868   70   45
2064 7775   70   46
2074 7713   70   47
2084 7682   70   51
2094 7658   70   56
2104 7639   30   64
2114 7566   30   74
2124 7542   30   83
2134 7611   30   93
2144 7575   30  103
2154 7803   30  111
2164 7814   30  118
2174 7891   30  127
2184 7892   30  135
2194 7896 -100  142
2204 7898 -100  148
2214 7722 -100  155
2224 7675 -100  158
2234 7680 -100  163
2244 7172 -100  169
2254 7213 -100  171
2264 7275 -100  173
2274 7457 -105  173
2284 7341 -105  173
2294 7392 -105  169
2304 7346 -105  156
2314 7379 -105  141
2324 7233 -105  125
2334 7055 -105  107
2344 7109 -105   89
2354 7168 -105   70
2364 7420 -105   49
2374 7418 -105   27
2384 7491 -105    4
2394 7537   80  -14
2404 7531   80  -25
2414 7519   80  -38
2424 7457   80  -53
2434 7439   80  -69
2444 7491   80  -83
2454 7374   80 -101
2464 7413   80 -117
2474 7162   80 -131
2484 7409   80 -141
2494 7341   73 -145
2504 7378   23 -145
2514 7284   10 -144
2524 7449   10 -133
2534 7286   10 -118
2544 7261   10 -107
2554 7285   10  -92
2564 7865   10  -77
2574 7941   10  -63
2584 7946   10  -49
2594 7949   10  -35
99999 0 0 0 
2604 7949   10  -21
2614 7951   10   -9
2624 7951   10    3
2634 7990   10   11
2644 7990   70   19
2654 7991   70   23
2664 7943   70   27
2674 7929   70   31
2684 7929   70   32
2694 7757   70   37
2706 7749   70   38
2716 7694   70   39
2726 7703   70   43
2736 7672   70   48
2746 7643   70   55
2756 7565   30   63
2766 7511   30   73
2776 7546   30   83
2786 7508   30   94
2796 7438   30  104
2806 7468   30  115
2816 7590   30  124
2826 7845   30  134
2836 7850   30  143
2846 7888 -100  151
2856 7814 -100  160
2866 7635 -100  165
2876 7636 -100  173
2886 7723 -100  179
2896 7782 -100  184
2906 7279 -100  188
2916 7398 -100  189
2926 7268 -100  189
2936 7406 -100  189
2946 7339 -100  178
2956 7346 -100  164
2966 7084 -100  149
2976 6982 -100  131
2986 7044 -100  115
2996 7189 -100   96
3006 7346 -100   75
3016 7344 -100   55
3026 7521 -100   32
3036 7527 -100    9
3046 7542   80  -13
3056 7548   80  -25
3066 7547   80  -37
3076 7453   80  -51
3086 7501   80  -66
3096 7520   80  -81
3106 7575   80  -95
3116 7249   80 -110
3126 7428   80 -125
3136 7313   80 -131
3146 7393   39 -133
3156 7406    6 -133
3166 7571   10 -132
3176 7341   10 -120
3186 7253   10 -109
3196 7278   10  -98
3206 7896   10  -85
3216 7903   10  -73
3226 7906   10  -61
3236 7946   10  -49
3246 7947   10  -37
99999 0 0 0 
3256 7949   10  -26
3266 7950   10  -16
3276 7951   10   -7
3286 7951   10    0
3297 7988   70    7
3307 7988   70   11
3317 7990   70   15
3328 7943   70   17
3338 7920   70   19
3349 7920   70   25
3359 7920   70   25
3369 7634   70   26
3379 7576   70   28
3389 7614   70   32
3399 7615   70   39
3411 7602   70   47
3421 7613   70   56
3431 7533   30   66
3441 7456   30   75
3451 7514   30   87
3461 7510   30   97
3471 7536   30  107
3481 7549   30  117
3491 7593   30  126
3501 7884   30  135
3511 7885 -100  143
3521 7889 -100  152
3531 7891 -100  160
3541 7794 -100  167
3551 7638 -100  173
3561 7680 -100  179
3571 7730 -100  185
3581 7785 -100  189
3591 7392 -100  192
3601 7343 -100  193
3611 7393 -100  193
3621 7415 -100  193
3631 7381 -100  182
3641 7313 -100  167
3651 7016 -100  152
3661 7089 -100  135
3671 7047 -100  118
3681 7266 -100   99
3691 7281 -100   79
3701 7385 -100   57
3711 7523 -100   35
3721 7528 -100   11
3731 7543   80  -12
3741 7584   80  -22
3751 7552   80  -35
3761 7463   80  -49
3771 7516   80  -63
3781 7568   80  -77
3791 7511   80  -93
3801 7397   80 -107
3811 7319   80 -120
3821 7357   80 -127
3831 7434   48 -127
3841 7408   10 -128
3851 7439   10 -125
3861 7132   10 -113
3871 7238   10  -99
3881 7290   10  -89
3891 7706   10  -74
3901 7717   10  -61
3911 7902   10  -47
3921 7941   10  -33
99999 0 0 0 
3931 7943   10  -19
3941 7946   10   -6
3951 7947   10    6
3961 7947   10   17
3971 7949   70   26
3981 7949   70   31
3991 7922   70   36
4001 7920   70   40
4011 7917   70   43
4021 7920   70   44
4031 7895   70   48
4041 7783   70   48
4051 7738   70   49
4061 7715   70   52
4071 7685   70   57
4081 7650   30   64
4091 7568   30   73
4101 7511   30   83
4111 7591   30   92
4121 7526   30  101
4131 7688   30  109
4141 7698   30  117
4151 7847   30  125
4161 7888   30  133
4171 7886   30  140
4181 7888 -100  147
4191 7889 -100  153
4201 7889 -100  159
4211 7706 -100  166
4221 7647 -100  169
4231 7680 -100  174
4241 7736 -100  179
4251 7315 -100  182
4261 7325 -100  183
4271 7419 -100  183
4281 7474 -100  183
4291 7409 -105  181
4301 7423 -105  167
4311 7164 -105  153
4321 7221 -105  136
4331 7111 -105  119
4341 7168 -105  101
4351 7199 -105   82
4361 7315 -105   61
4371 7491 -105   39
4381 7488 -105   16
4391 7535 -105   -7
4401 7578   80  -21
4411 7555   80  -33
4421 7500   80  -47
4431 7481   80  -62
4441 7527   80  -75
4451 7513   80  -92
4461 7237   80 -107
4471 7220   80 -122
4481 7332   80 -133
4491 7421   80 -137
4501 7389   23 -137
4511 7375   10 -137
4521 7030   10 -129
4531 7112   10 -116
4541 7199   10 -101
4551 7270   10  -89
4561 7304   10  -74
4571 7319   10  -60
4581 7898   10  -45
4591 7900   10  -31
99999 0 0 0 
4601 7905   10  -17
4611 7941   10   -2
4621 7946   10   10
4631 7946   10   20
4641 7947   10   27
4651 7947   70   33
4661 7949   70   37
4671 7947   70   40
4681 7895   70   42
4691 7885   70   43
4701 7922   70   47
4711 7916   70   47
4721 7658   70   47
4731 7706   70   49
4741 7645   70   52
4751 7613   70   58
4761 7524   30   66
4771 7530   30   75
4781 7530   30   84
4791 7467   30   94
4801 7517   30  103
4811 7539   30  112
4821 7834   30  120
4831 7843   30  128
4841 7845   30  136
4851 7882   30  144
4861 7885   30  151
4871 7886 -100  158
4881 7921 -100  164
4891 7824 -100  171
4901 7657 -100  175
4911 7667 -100  180
4921 7714 -100  185
4931 7762 -100  189
4941 7433 -100  191
4951 7382 -100  191
4961 7394 -100  191
4971 7456 -100  191
4981 7423 -104  180
4991 7392 -104  166
5001 7095 -104  150
5011 7164 -104  133
5021 7082 -104  115
5031 7264 -104   97
5041 7278 -104   77
5051 7382 -104   55
5061 7523 -104   33
5071 7527 -104   10
5081 7539   80  -13
5091 7578   80  -23
5101 7542   80  -36
5111 7454   80  -51
5121 7509   80  -65
5131 7560   80  -79
5141 7504   80  -94
5151 7354   80 -109
5161 7282   80 -122
5171 7319   80 -129
5181 7440   48 -130
5191 7413    0 -130
5201 7439   10 -129
5211 7086   10 -117
5221 7197   10 -105
5231 7285   10  -93
5241 7700   10  -80
5251 7714   10  -66
5261 7899   10  -53
5271 7902   10  -39
5281 7905   10  -26
99999 0 0 0 
5291 7943   10  -13
5301 7941   10   -1
5311 7941   10   11
5321 7946   10   20
5331 7947   10   27
5341 7947   70   31
5351 7947   70   35
5362 7902   70   37
5372 7877   70   39
5382 7880   70   39
5392 7742   70   43
5402 7730   70   43
5412 7644   70   43
5422 7690   70   45
5432 7630   70   49
5442 7605   70   55
5452 7489   30   63
5462 7500   30   73
5472 7541   30   82
5482 7466   30   91
5492 7497   30  101
5502 7512   30  109
5512 7839   30  116
5522 7844   30  124
5532 7845   30  131
5542 7885   30  138
5552 7885   30  145
5562 7884 -100  151
5572 7884 -100  157
5582 7884 -100  164
5592 7817 -100  170
5602 7666 -100  175
5612 7670 -100  179
5622 7716 -100  183
5632 7197 -100  187
5642 7221 -100  189
5652 7381 -104  189
5662 7503 -104  189
5672 7423 -104  189
5682 7425 -104  177
5692 7224 -104  162
5702 7278 -104  146
5712 7134 -104  129
5722 7089 -104  111
5732 7124 -104   92
5742 7278 -104   71
5752 7455 -104   49
5762 7452 -104   27
5772 7531 -104    4
5782 7543   80  -14
5792 7455   80  -25
5802 7435   80  -37
5812 7481   80  -46
5822 7537   80  -58
5832 7589   80  -69
5842 7431   80  -81
5852 7359   80  -89
5862 7363   56  -92
5872 7447   14  -92
5882 7538   10  -92
5892 7598   10  -85
5902 7273   10  -71
5912 7302   10  -62
5922 7354   10  -49
5932 7896   10  -36
5942 7900   10  -23
5952 7903   10   -9
5962 7940   10    3
99999 0 0 0 
5972 7941   10   15
5982 7941   10   26
5992 7943   10   35
6002 7946   10   41
6012 7946   70   46
6022 7946   70   49
6032 7947   70   51
6042 7916   70   51
6052 7869   70   52
6062 7867   70   52
6073 7910   70   53
6083 7612   70   53
6093 7560   70   53
6103 7615   70   54
6113 7593   70   57
6123 7569   30   63
6133 7561   30   71
6143 7460   30   80
6153 7552   30   90
6163 7525   30   99
6173 7455   30  109
6183 7473   30  117
6193 7481   30  125
6203 7843   30  133
6213 7847   30  141
6223 7882   30  148
6233 7882   30  155
6243 7884 -100  162
6253 7884 -100  168
6263 7702 -100  175
6273 7656 -100  178
6283 7686 -100  183
6293 7384 -100  188
6303 7424 -100  191
6313 7276 -100  193
6323 7464 -100  193
6333 7352 -100  193
6343 7405 -105  188
6353 7351 -105  175
6363 7379 -105  160
6373 7271 -105  143
6383 7053 -105  127
6393 7106 -105  108
6403 7169 -105   89
6413 7388 -105   68
6423 7384 -105   46
6433 7488 -105   23
6443 7532 -105   -1
6453 7546   80  -17
6463 7532   80  -27
6473 7506   80  -41
6483 7456   80  -56
6493 7495   80  -69
6503 7439   80  -83
6513 7484   80  -98
6523 7193   80 -113
6533 7410   80 -123
6543 7325   73 -127
6553 7389   23 -128
6563 7355    0 -128
6573 7513   10 -121
6583 7382   10 -109
6593 7253   10  -97
6603 7277   10  -85
6613 7819   10  -73
6623 7898   10  -60
6633 7900   10  -47
6643 7902   10  -34
6653 7939   10  -21
6663 7937   10   -9
99999 0 0 0 
6673 7941   10    3
6683 7943   10   12
6694 7944   10   20
6705 7944   70   26
6715 7946   70   30
6727 7912   70   33
6737 7875   70   35
6747 7875   70   35
6757 7880   70   39
6767 7879   70   39
6777 7663   70   39
6787 7677   70   41
6797 7615   70   45
6807 7613   70   51
6817 7563   70   58
6827 7568   30   67
6837 7488   30   77
6847 7415   30   87
6857 7499   30   96
6867 7479   30  106
6877 7501   30  116
6887 7511   30  125
6897 7836   30  135
6907 7839   30  143
6917 7841   30  151
6927 7880   30  159
6937 7882 -100  167
6947 7882 -100  174
6957 7880 -100  181
6967 7688 -100  187
6977 7663 -100  191
6987 7699 -100  197
6997 7748 -100  202
7007 7780 -100  204
7017 7369 -100  206
7027 7388 -100  206
7037 7290 -100  206
7047 7429 -101  200
7057 7351 -101  186
7067 7395 -101  171
7077 7104 -101  155
7087 7069 -101  137
7097 7113 -101  119
7107 7277 -101   99
7117 7388 -101   78
7127 7382 -101   57
7137 7488 -101   33
7147 7535 -101    8
7157 7553   80  -13
7167 7559   80  -23
7177 7510   80  -37
7187 7463   80  -50
7197 7536   80  -62
7207 7554   80  -75
7217 7594   80  -89
7227 7343   80 -102
7237 7385   80 -113
7248 7298   80 -115
7258 7436    5 -115
7268 7507   10 -115
7278 7645   10 -106
7288 7313   10  -94
7298 7302   10  -85
7308 7318   10  -73
7318 7894   10  -59
7328 7896   10  -47
7338 7899   10  -35
7348 7939   10  -23
99999 0 0 0 
7358 7936   10  -11
7368 7941   10   -1
7378 7941   10    7
7388 7941   10   14
7398 7943   70   19
7408 7937   70   23
7418 7884   70   25
7429 7876   70   27
7439 7880   70   32
7449 7881   70   32
7459 7852   70   33
7469 7660   70   35
7479 7635   70   39
7489 7589   70   44
7499 7607   70   51
7509 7607   70   60
7519 7623   30   69
7529 7478   30   79
7539 7483   30   89
7549 7541   30   99
7559 7497   30  109
7569 7545   30  119
7579 7553   30  127
7589 7840   30  136
7599 7843   30  145
7609 7843   30  153
7619 7881 -100  160
7629 7881 -100  168
7639 7882 -100  175
7649 7706 -100  182
7659 7653 -100  186
7669 7682 -100  191
7679 7733 -100  197
7689 7134 -100  200
7699 7134 -100  202
7709 7390 -100  203
7719 7384 -100  203
7729 7334 -103  199
7739 7395 -103  186
7749 7282 -103  170
7759 7346 -103  154
7769 7054 -103  136
7779 7106 -103  118
7789 7130 -103   99
7799 7315 -103   78
7809 7418 -103   56
7819 7418 -103   33
7829 7534 -103    9
7839 7552   80  -13
7849 7555   80  -23
7859 7541   80  -35
7869 7464   80  -49
7879 7500   80  -62
7889 7548   80  -77
7899 7519   80  -90
7909 7525   80 -103
7919 7373   80 -114
7929 7385   80 -119
7939 7338   31 -119
7949 7472   10 -119
7959 7466   10 -113
7969 7540   10 -101
7979 7257   10  -90
7989 7347   10  -77
7999 7356   10  -64
8009 7894   10  -51
8019 7898   10  -37
8029 7902   10  -25
99999 0 0 0 
8039 7937   10  -13
8049 7937   10   -1
8059 7940   10    9
8069 7940   10   17
8080 7941   70   23
8091 7941   70   28
8101 7943   70   31
8111 7923   70   33
8121 7879   70   34
8131 7873   70   38
8141 7875   70   38
8151 7679   70   38
8161 7628   70   38
8171 7609   70   40
8181 7595   70   44
8191 7572   70   51
8201 7569   70   59
8211 7471   30   67
8221 7534   30   77
8231 7519   30   86
8241 7483   30   95
8251 7504   30  104
8261 7477   30  112
8271 7836   30  119
8281 7840   30  127
8291 7875   30  134
8301 7877   30  140
8311 7878   30  147
8321 7878   30  153
8331 7877 -100  160
8341 7878 -100  166
8351 7698 -100  172
8361 7652 -100  175
8371 7681 -100  180
8381 7730 -100  184
8391 7346 -100  187
8401 7352 -100  189
8411 7408 -100  189
8421 7474 -110  188
8431 7416 -110  183
8441 7399 -110  170
8451 7108 -110  155
8461 7170 -110  139
8471 7091 -110  122
8481 7179 -110  104
8491 7203 -110   85
8501 7316 -110   64
8511 7487 -110   43
8521 7487 -110   19
8531 7532 -110   -4
8541 7541   80  -18
8551 7525   80  -29
8561 7472   80  -43
8571 7454   80  -57
8581 7495   80  -71
8591 7510   80  -86
8601 7233   80 -101
8611 7223   80 -115
8621 7338   80 -126
8631 7437   80 -130
8641 7396   23 -130
8651 7386   10 -130
8661 7042   10 -125
8671 7126   10 -112
8681 7165   10  -99
8691 7264   10  -87
8701 7299   10  -74
8711 7278   10  -61
8721 7888   10  -48
8731 7894   10  -34
99999 0 0 0 
8741 7895   10  -21
8751 7896   10   -8
8761 7899   10    4
8771 7936   10   15
8781 7939   10   23
8791 7939   70   29
8801 7939   70   33
8811 7939   70   36
8821 7883   70   38
8831 7872   70   39
8841 7877   70   43
8851 7877   70   43
8861 7605   70   43
8871 7696   70   44
8881 7643   70   47
8891 7594   70   51
8901 7573   70   59
8911 7566   30   67
8921 7509   30   76
8931 7364   30   86
8941 7425   30   95
8951 7495   30  105
8961 7490   30  115
8971 7505   30  124
8981 7583   30  134
8991 7836   30  143
9001 7841   30  151
9011 7841   30  159
9021 7843   30  167
9031 7843 -100  174
9041 7880 -100  181
9051 7737 -100  187
9061 7660 -100  191
9071 7680 -100  197
9081 7443 -100  202
9091 7484 -100  205
9101 7248 -100  207
9111 7458 -100  208
9121 7343 -100  208
9131 7389 -103  207
9141 7328 -103  194
9151 7347 -103  180
9161 7224 -103  164
9171 7040 -103  147
9181 7092 -103  129
9191 7162 -103  110
9201 7389 -103   89
9211 7388 -103   68
9221 7491 -103   45
9231 7532 -103   21
9241 7545 -103   -3
9251 7559   80  -17
9261 7578   80  -29
9271 7466   80  -42
9281 7525   80  -55
9291 7534   80  -68
9301 7578   80  -81
9311 7356   80  -94
9321 7445   80 -106
9331 7347   80 -113
9341 7434   48 -113
9351 7405   10 -113
9361 7509   10 -111
9371 7198   10  -99
9381 7215   10  -86
9391 7254   10  -75
9401 7664   10  -61
9411 7886   10  -47
9421 7894   10  -34
9431 7930   10  -19
9441 7896   10   -6
99999 0 0 0 
9451 7899   10    7
9461 7936   10   19
9471 7936   10   29
9481 7937   70   37
9491 7939   70   43
9501 7897   70   47
9511 7873   70   49
9521 7872   70   51
9531 7876   70   53
9541 7883   70   56
9551 7728   70   56
9561 7716   70   57
9571 7665   70   60
9581 7645   30   65
9591 7692   30   72
9601 7759   30   81
9611 7646   30   89
9621 7565   30   98
9631 7576   30  105
9641 7795   30  112
9651 7837   30  119
9661 7839   30  126
9671 7841   30  134
9681 7880   30  140
9691 7878   30  146
9701 7880   30  152
9711 7878   30  158
9721 7875 -100  164
9731 7874 -100  170
9741 7874 -100  175
9751 7779 -100  181
9761 7668 -100  183
9771 7639 -100  187
9781 7681 -100  191
9791 7158 -100  193
9801 7399 -100  194
9811 7354 -100  194
9821 7487 -100  194
9831 7444 -110  191
9841 7412 -110  179
9851 7314 -110  164
9861 7192 -110  148
9871 7260 -110  131
9881 7100 -110  113
9891 7246 -110   94
9901 7256 -110   74
9911 7428 -110   52
9921 7493 -110   30
9931 7497 -110    7
9941 7542   80  -13
9951 7539   80  -25
9961 7500   80  -37
9971 7462   80  -52
9981 7513   80  -65
9991 7561   80  -79
10001 7430   80  -95
10011 7240   80 -110
10021 7168   80 -122
10031 7399   80 -129
10041 7411   48 -130
10051 7395    0 -130
10061 7313   10 -129
10071 7206   10 -117
10081 7309   10 -105
10091 7287   10  -93
10101 7626   10  -81
10111 7635   10  -67
10121 7889   10  -54
10131 7895   10  -42
10141 7895   10  -29
99999 0 0 0 
10151 7898   10  -15
10161 7935   10   -4
10171 7936   10    8
10181 7937   10   17
10191 7937   10   24
10201 7937   70   29
10211 7939   70   33
10221 7895   70   35
10231 7872   70   37
10241 7872   70   38
10251 7876   70   41
10261 7872   70   41
10271 7690   70   41
10281 7671   70   43
10291 7617   70   46
10301 7615   70   52
10311 7534   70   60
10321 7535   30   69
10331 7418   30   78
10341 7380   30   87
10351 7474   30   97
10361 7444   30  107
10371 7534   30  115
10381 7542   30  124
10391 7830   30  133
10401 7836   30  141
10411 7837   30  149
10421 7874   30  156
10431 7840   30  163
10441 7840 -100  170
10451 7877 -100  177
10461 7875 -100  183
10471 7779 -100  190
10481 7667 -100  194
10491 7675 -100  198
10501 7716 -100  203
10511 7159 -100  206
10521 7354 -100  207
10531 7302 -100  208
10541 7438 -100  208
10551 7473 -103  207
10561 7446 -103  196
10571 7311 -103  182
10581 7043 -103  166
10591 7107 -103  149
10601 7092 -103  131
10611 7307 -103  112
10621 7324 -103   92
10631 7395 -103   71
10641 7529 -103   48
10651 7531 -103   25
10661 7542 -103    1
10671 7562   80  -16
10681 7546   80  -27
10691 7478   80  -40
10701 7521   80  -53
10711 7564   80  -66
10721 7535   80  -79
10731 7424   80  -92
10741 7391   80 -104
10751 7399   80 -112
10761 7476   56 -113
10771 7444    0 -113
10781 7404   10 -113
10791 7108   10 -101
10801 7221   10  -89
10811 7239   10  -77
10821 7550   10  -64
10831 7563   10  -50
10841 7889   10  -37
10851 7894   10  -22
10861 7894   10   -9
99999 0 0 0 
10871 7898   10    5
10881 7933   10   17
10891 7935   10   27
10901 7936   10   35
10911 7937   10   42
10921 7936   70   46
10931 7937   70   49
10941 7893   70   51
10951 7869   70   52
10961 7869   70   52
10971 7625   70   55
10981 7615   70   55
10991 7642   70   55
11001 7665   70   56
11011 7617   70   60
11021 7623   30   67
11031 7550   30   75
11041 7617   30   83
11051 7582   30   92
11061 7777   30  100
11071 7789   30  106
11081 7795   30  113
11091 7837   30  119
11101 7839   30  127
11111 7840   30  134
11121 7841   30  139
11131 7841   30  145
11141 7875   30  151
11151 7874   30  156
11161 7872   30  162
11171 7872 -100  167
11181 7874 -100  173
11191 7776 -100  178
11201 7661 -100  180
11211 7667 -100  183
11221 7708 -100  187
11231 7251 -100  189
11241 7465 -100  189
11251 7443 -112  189
11261 7488 -112  189
11271 7465 -112  189
11281 7424 -112  176
11291 7364 -112  161
11301 7092 -112  145
11311 7148 -112  128
11321 7096 -112  111
11331 7305 -112   92
11341 7322 -112   72
11351 7393 -112   51
11361 7531 -112   28
11371 7535 -112    5
11381 7543   80  -14
11391 7538   80  -26
11401 7497   80  -38
11411 7463   80  -53
11421 7475   80  -67
11431 7520   80  -81
11441 7460   80  -97
11451 7380   80 -113
11461 7320   80 -125
11471 7375   80 -133
11482 7419   73 -134
11492 7402    0 -134
11502 7372   10 -133
11512 7157   10 -121
11522 7263   10 -108
11532 7243   10  -95
11542 7550   10  -83
11552 7563   10  -70
11562 7854   10  -57
11572 7889   10  -43
11582 7894   10  -30
99999 0 0 0 
11592 7896   10  -17
11602 7896   10   -5
11612 7896   10    7
11622 7900   10   16
11633 7937   70   23
11643 7936   70   29
11653 7936   70   32
11663 7891   70   35
11673 7873   70   37
11683 7873   70   38
11693 7662   70   42
11703 7654   70   42
11713 7649   70   42
11723 7663   70   44
11733 7612   70   48
11743 7589   70   55
11753 7509   30   62
11763 7516   30   71
11773 7506   30   81
11783 7374   30   91
11793 7452   30  100
11803 7487   30  110
11813 7571   30  119
11823 7579   30  127
11833 7797   30  136
11843 7834   30  144
11853 7837   30  152
11863 7837   30  159
11873 7839 -100  167
11883 7839 -100  174
11893 7874 -100  180
11903 7872 -100  187
11913 7734 -100  193
11923 7667 -100  195
11933 7685 -100  201
11943 7727 -100  205
11953 7412 -100  208
11963 7458 -100  210
11973 7394 -100  210
11983 7395 -100  210
11993 7443 -104  209
12003 7423 -104  195
12013 7365 -104  181
12023 7062 -104  166
12033 7123 -104  148
12043 7105 -104  131
12053 7278 -104  112
12063 7291 -104   93
12073 7398 -104   71
12083 7497 -104   49
12093 7501 -104   25
12103 7545 -104    1
12113 7557   80  -16
12123 7549   80  -27
12133 7433   80  -40
12143 7519   80  -53
12153 7563   80  -65
12163 7569   80  -78
12173 7350   80  -90
12183 7315   80 -102
12193 7372   80 -109
12203 7449   48 -110
12213 7423    0 -110
12223 7492   10 -110
12233 7244   10  -99
12243 7324   10  -86
12253 7254   10  -75
12263 7664   10  -63
12273 7672   10  -50
12283 7854   10  -37
12293 7894   10  -23
12303 7895   10  -10
12313 7895   10    3
99999 0 0 0 
12323 7898   10   15
12333 7898   10   25
12343 7898   10   33
12353 7935   10   39
12363 7936   70   43
12373 7936   70   46
12383 7883   70   47
12393 7865   70   49
12403 7867   70   49
12413 7657   70   52
12423 7653   70   52
12433 7611   70   52
12443 7671   70   53
12454 7618   70   57
12464 7593   30   63
12474 7516   30   71
12484 7532   30   81
12494 7563   30   90
12504 7471   30   99
12514 7491   30  107
12524 7504   30  114
12534 7829   30  122
12544 7833   30  129
12554 7837   30  137
12564 7837   30  143
12574 7839   30  149
12584 7840   30  155
12594 7839 -100  161
12604 7840 -100  167
12614 7872 -100  173
12624 7834 -100  179
12634 7695 -100  183
12644 7671 -100  186
12654 7689 -100  190
12664 7733 -100  194
12674 7699 -100  195
12684 7468 -100  197
12694 7418 -100  197
12704 7452 -100  196
12714 7461 -111  191
12724 7434 -111  179
12734 7389 -111  163
12744 7120 -111  147
12754 7177 -111  130
12764 7117 -111  112
12774 7289 -111   93
12784 7302 -111   73
12794 7406 -111   51
12804 7505 -111   29
12814 7507 -111    5
12824 7551   80  -14
12834 7546   80  -26
12844 7514   80  -39
12854 7478   80  -54
12864 7502   80  -68
12874 7541   80  -82
12884 7510   80  -97
12894 7342   80 -112
12904 7276   80 -124
12914 7333   80 -130
12924 7437   39 -130
12934 7439   10 -131
12944 7486   10 -129
12954 7169   10 -118
12964 7233   10 -106
12974 7296   10  -96
12984 7702   10  -85
12994 7709   10  -73
13004 7854   10  -61
13014 7894   10  -49
99999 0 0 0 
13024 7895   10  -37
13034 7896   10  -25
13044 7898   10  -14
13054 7896   10   -3
13064 7933   70    7
13074 7933   70   13
13084 7890   70   19
13094 7873   70   23
13104 7870   70   26
13114 7876   70   28
13124 7775   70   32
13134 7743   70   34
13144 7730   70   35
13154 7709   70   38
13164 7645   70   42
13174 7609   70   49
13184 7600   70   57
13194 7530   30   67
13204 7554   30   76
13214 7544   30   86
13224 7408   30   95
13234 7426   30  103
13244 7508   30  111
13254 7831   30  119
13264 7837   30  126
13274 7834   30  133
13284 7836   30  139
13294 7837   30  146
13304 7837   30  153
13314 7837   30  159
13324 7837 -100  165
13334 7871 -100  171
13344 7837 -100  177
13354 7703 -100  182
13364 7672 -100  183
13374 7691 -100  188
13384 7728 -100  191
13394 7696 -100  194
13404 7434 -100  194
13414 7405 -100  194
13424 7445 -100  194
13434 7517 -112  191
13444 7493 -112  178
13454 7439 -112  163
13464 7131 -112  148
13474 7184 -112  131
13484 7084 -112  114
13494 7223 -112   95
13504 7235 -112   76
13514 7376 -112   55
13524 7511 -112   33
13534 7510 -112   11
13544 7553   80  -11
13554 7518   80  -22
13564 7487   80  -34
13574 7454   80  -47
13584 7510   80  -60
13594 7548   80  -74
13604 7510   80  -87
13614 7354   80 -101
13624 7307   80 -113
13634 7377   80 -118
13644 7480   31 -119
13654 7487    0 -119
13664 7565   10 -117
13674 7238   10 -105
13684 7284   10  -93
13694 7304   10  -83
13704 7776   10  -71
13714 7781   10  -59
13724 7857   10  -46
13734 7894   10  -34
13744 7895   10  -22
99999 0 0 0 
13754 7895   10   -9
13764 7896   10    1
13774 7899   10   11
13784 7898   10   18
13794 7933   70   24
13804 7936   70   28
13814 7936   70   31
13824 7890   70   33
13834 7876   70   35
13844 7873   70   37
13854 7698   70   39
13864 7686   70   39
13874 7608   70   39
13884 7659   70   42
13894 7631   70   46
13904 7622   70   52
13914 7585   70   59
13924 7592   30   68
13934 7506   30   77
13944 7410   30   86
13954 7468   30   95
13964 7457   30  103
13974 7507   30  112
13984 7511   30  119
13994 7797   30  127
14004 7836   30  135
14014 7839   30  141
14024 7840   30  148
14034 7839   30  155
14044 7839   30  161
14054 7837   30  167
14064 7839 -100  173
14074 7707 -100  179
14084 7691 -100  181
14094 7669 -100  186
14104 7701 -100  189
14114 7769 -100  191
14124 7435 -100  193
14134 7406 -100  193
14144 7435 -100  193
14154 7524 -100  191
14164 7518 -115  179
14174 7515 -115  164
14184 7204 -115  149
14194 7240 -115  133
14204 7128 -115  116
14214 7254 -115   99
14224 7269 -115   79
14234 7424 -115   59
14244 7567 -115   39
14254 7567 -115   18
14264 7568 -115   -4
14274 7568   80  -17
14284 7550   80  -27
14294 7491   80  -39
14304 7546   80  -51
14314 7566   80  -61
14324 7547   80  -73
14334 7381   80  -85
14344 7377   80  -96
14354 7501   80 -104
14364 7652   56 -106
14374 7663    6 -106
14384 7681   10 -106
14394 7350   10 -104
14404 7378   10  -94
14414 7318   10  -85
14424 7608   10  -77
14434 7611   10  -67
14444 7861   10  -57
14454 7898   10  -49
14464 7898   10  -40
14474 7899   10  -31
99999 0 0 0 
14484 7900   10  -23
14494 7899   10  -15
14504 7900   10   -7
14514 7900   10    0
14524 7900   70    7
14534 7936   70   11
14544 7894   70   16
14554 7876   70   21
14564 7872   70   25
14574 7613   70   27
14584 7676   70   29
14594 7676   70   31
14604 7716   70   32
14614 7717   70   35
14624 7735   70   39
14635 7760   70   45
14646 7694   70   54
14656 7702   57   61
14666 7500   30   69
14676 7436   30   77
14686 7460   30   85
14696 7407   30   92
14706 7521   30   99
14716 7525   30  105
14726 7844   30  111
14736 7845   30  117
14746 7845   30  123
14756 7844   30  127
14766 7844   30  132
14776 7843   30  137
14786 7844   30  142
14796 7841   30  147
14806 7841   30  151
14816 7843   30  155
14826 7880 -101  159
14836 7878 -101  163
14846 7784 -101  166
14856 7745 -101  168
14866 7752 -101  169
14876 7765 -101  171
14886 7245 -101  172
14896 7252 -101  172
14906 7544 -101  172
14916 7656 -101  172
14926 7656 -101  172
14936 7754 -128  167
14946 7672 -128  156
14956 7669 -128  143
14966 7253 -128  129
14976 7192 -128  114
14986 7196 -128   99
14996 7308 -128   82
15006 7417 -128   63
15016 7421 -128   45
15026 7565 -128   26
15036 7600 -128    5
15046 7603   81  -12
15056 7571   81  -20
15066 7553   81  -29
15076 7559   81  -37
15086 7603   81  -44
15096 7575   81  -53
15106 7576   81  -61
15116 7545   81  -70
15126 7651   65  -77
15136 7654   48  -81
15146 7760   23  -82
15156 7739    0  -82
15166 7747   10  -82
15176 7365   10  -79
15186 7368   10  -74
15196 7370   10  -67
15206 7868   10  -61
15216 7902   10  -53
15226 7903   10  -46
15236 7902   10  -39
15246 7905   10  -33
99999 0 0 0 
15256 7903   10  -25
15266 7905   10  -18
15276 7939   10  -11
15286 7939   10   -5
15296 7906   70    2
15306 7940   70    7
15316 7939   70   11
15326 7940   70   14
15336 7904   70   16
15346 7887   70   18
15356 7883   70   18
15366 7850   70   22
15376 7852   70   22
15386 7705   70   22
15396 7735   70   22
15406 7736   70   23
15416 7771   70   27
15426 7765   70   32
15436 7768   70   39
15446 7630   70   46
15456 7460   70   53
15466 7462   70   61
15476 7397   35   67
15486 7434   30   74
15496 7445   30   81
15506 7562   30   87
15516 7601   30   94
15526 7604   30  100
15536 7815   30  105
15546 7817   30  110
15556 7817   30  115
15566 7815   30  119
15576 7854   30  123
15586 7853   30  126
15596 7850   30  130
15606 7850   30  133
15616 7850   30  137
15626 7850   30  140
15636 7848   30  144
15646 7848 -101  147
15656 7847 -101  150
15666 7848 -101  153
15676 7808 -101  155
15686 7793 -101  155
15696 7798 -101  156
15706 7804 -101  157
15716 7311 -101  157
15726 7493 -101  157
15736 7497 -101  157
15746 7712 -101  157
15756 7752 -101  157
15766 7753 -128  151
15776 7681 -128  141
15786 7503 -128  129
15796 7500 -128  117
15806 7217 -128  103
15816 7217 -128   88
15826 7217 -128   73
15836 7431 -128   55
15846 7503 -128   37
15856 7503 -128   19
15866 7542 -128   -1
15876 7541   81  -14
15886 7538   81  -22
15896 7528   81  -32
15906 7571   81  -41
15916 7575   81  -49
15926 7298   81  -58
15936 7408   81  -68
15946 7410   81  -77
15956 7659   65  -85
15966 7767   56  -88
15976 7767   14  -89
15986 7700    0  -88
15996 7495   10  -88
16006 7506   10  -81
16016 7476   10  -74
16026 7547   10  -66
16036 7550   10  -57
16046 7905   10  -49
16056 7905   10  -40
16066 7908   10  -31
16076 7906   10  -22
16086 7906   10  -13
99999 0 0 0 
16096 7905   10   -5
16106 7905   10    3
16116 7909   10   10
16126 7906   70   17
16136 7909   70   22
16147 7907   70   27
16157 7897   70   31
16167 7858   70   33
16177 7894   70   36
16187 7897   70   39
16197 7718   70   40
16207 7748   70   41
16217 7749   70   42
16227 7783   70   45
16237 7787   70   49
16247 7784   70   55
16257 7713   64   62
16267 7610   43   69
16277 7613   30   75
16287 7442   30   82
16297 7414   30   88
16307 7421   30   95
16317 7498   30  100
16327 7749   30  106
16337 7751   30  111
16347 7821   30  115
16357 7821   30  119
16367 7819   30  123
16377 7855   30  127
16387 7855   30  130
16397 7855   30  133
16407 7857   30  136
16417 7853   30  139
16427 7855   30  141
16437 7855 -101  143
16447 7855 -101  146
16457 7854 -101  148
16467 7825 -101  150
16477 7809 -101  151
16487 7811 -101  151
16497 7815 -101  151
16507 7323 -101  151
16517 7326 -101  151
16527 7613 -101  151
16537 7686 -101  151
16547 7689 -101  151
16557 7794 -128  146
16567 7726 -128  136
16577 7726 -128  125
16587 7372 -128  113
16597 7228 -128   99
16607 7228 -128   86
16617 7261 -128   71
16627 7408 -128   53
16637 7405 -128   36
16647 7550 -128   19
16657 7549 -128   -1
16667 7550   81  -14
16677 7548   81  -22
16687 7535   81  -31
16697 7539   81  -41
16707 7585   81  -48
16717 7553   81  -57
16727 7556   81  -66
16737 7594   81  -74
16747 7664   56  -82
16757 7668   56  -85
16767 7771   14  -86
16777 7714    0  -86
16787 7722   10  -86
16797 7337   10  -83
16807 7338   10  -78
16817 7337   10  -72
16827 7871   10  -66
16837 7906   10  -59
16847 7908   10  -54
16857 7906   10  -49
16867 7908   10  -43
99999 0 0 0 
16877 7908   10  -38
16887 7909   10  -33
16897 7908   10  -27
16907 7908   10  -21
16918 7906   70  -15
16928 7908   70   -9
16938 7908   70   -5
16948 7940   70   -1
16958 7912   70    3
16968 7901   70    7
16978 7901   70   10
16988 7866   70   11
16999 7867   70   13
17009 7692   70   18
17020 7763   70   18
17031 7797   70   19
17042 7793   70   23
17052 7791   70   29
17062 7719   70   36
17072 7719   70   43
17082 7617   70   51
17092 7407   70   57
17102 7408   64   64
17112 7446   46   71
17122 7521   33   78
17132 7526   30   84
17142 7601   30   91
17152 7607   30   98
17162 7610   30  104
17172 7576   30  110
17182 7785   30  115
17192 7790   30  120
17202 7822   30  125
17212 7858   30  129
17222 7858   30  133
17232 7858   30  136
17242 7858   30  140
17252 7858   30  143
17262 7858   30  147
17272 7858   30  150
17282 7857   30  152
17292 7857 -101  155
17302 7855 -101  158
17312 7834 -101  160
17322 7817 -101  162
17332 7819 -101  162
17343 7820 -101  163
17353 7825 -101  164
17363 7508 -101  164
17373 7512 -101  164
17383 7620 -128  163
17393 7763 -128  163
17403 7764 -128  158
17413 7800 -128  147
17423 7481 -128  137
17433 7482 -128  124
17443 7269 -128  111
17453 7234 -128   97
17463 7237 -128   82
17473 7306 -128   66
17483 7521 -128   49
17493 7521 -128   30
17503 7556 -128   11
17513 7558 -128   -9
17523 7556   80  -18
17533 7556   80  -29
17543 7582   80  -39
17553 7576   80  -52
17563 7616   80  -65
17573 7442   80  -74
17583 7444   80  -87
17593 7342   80 -100
17603 7662   80 -111
17614 7662   80 -121
17624 7698   65 -124
17634 7667   14 -125
17644 7669    0 -125
17654 7499   10 -125
17664 7295   10 -115
17674 7299   10 -105
17684 7479   10  -95
17694 7871   10  -86
17704 7872   10  -76
17714 7875   10  -65
17724 7908   10  -54
17734 7908   10  -45
99999 0 0 0 
17744 7909   10  -35
17754 7909   10  -25
17764 7909   10  -15
17774 7908   10   -6
17784 7909   70    3
17794 7909   70    9
17804 7908   70   15
17814 7898   70   19
17824 7880   70   21
17834 7872   70   24
17844 7871   70   25
17856 7624   70   29
17867 7621   70   29
17877 7757   70   30
17887 7793   70   31
17897 7794   70   34
17907 7798   70   38
17917 7763   70   43
17928 7762   70   50
17938 7617   70   57
17948 7480   65   64
17959 7480   51   71
17969 7446   39   78
17979 7452   30   84
17989 7455   30   91
17999 7535   30   98
18009 7608   30  104
18019 7611   30  110
18029 7682   30  115
18039 7788   30  120
18049 7788   30  124
18059 7823   30  129
18069 7825   30  133
18079 7823   30  136
18089 7859   30  140
18099 7895   30  143
18109 7894   30  147
18119 7859   30  149
18129 7859   30  151
18139 7859 -101  155
18149 7859 -101  156
18159 7834 -101  158
18169 7819 -101  159
18179 7823 -101  159
18189 7827 -101  159
18199 7830 -101  159
18209 7442 -101  159
18219 7586 -101  159
18229 7589 -101  159
18239 7732 -101  159
18249 7803 -128  151
18259 7804 -128  142
18269 7627 -128  131
18279 7414 -128  119
18289 7415 -128  105
18299 7204 -128   91
18310 7275 -128   76
18321 7488 -128   58
18331 7491 -128   42
18341 7529 -128   24
18351 7563 -128    6
18361 7564   80  -11
18371 7529   80  -18
18381 7564   80  -27
18391 7549   80  -37
18401 7579   80  -48
18411 7480   80  -59
18421 7485   80  -69
18431 7452   80  -78
18441 7599   80  -89
18451 7603   80  -99
18461 7673   73 -106
18471 7743   48 -109
18481 7741   14 -109
18491 7641   10 -109
18501 7295   10 -109
18511 7300   10 -103
18521 7337   10  -97
18531 7802   10  -90
18541 7801   10  -82
18551 7873   10  -74
18561 7910   10  -67
18571 7909   10  -60
99999 0 0 0 
18581 7909   10  -53
18591 7910   10  -47
18601 7908   10  -41
18611 7910   10  -35
18621 7909   10  -29
18631 7910   70  -22
18641 7909   70  -16
18651 7909   70  -10
18661 7896   70   -5
18671 7877   70    1
18681 7872   70    5
18691 7872   70   10
18701 7803   70   13
18711 7698   70   16
18721 7698   70   19
18731 7735   70   23
18741 7805   70   25
18751 7803   70   28
18761 7798   70   33
18771 7759   70   40
18781 7760   70   48
18791 7657   70   56
18801 7411   66   63
18811 7413   56   71
18821 7452   46   77
18831 7528   38   84
18841 7533   30   91
18851 7570   30   98
18861 7751   30  105
18871 7753   30  111
18881 7685   30  116
18891 7826   30  121
18901 7826   30  127
18911 7825   30  131
18921 7862   30  135
18931 7861   30  139
18941 7861   30  143
18951 7861   30  147
18961 7859   30  150
18971 7861   30  153
18981 7862   30  155
18991 7859   30  158
19001 7861 -101  160
19011 7861 -101  163
19021 7840 -101  164
19031 7825 -101  166
19041 7826 -101  166
19051 7829 -101  166
19061 7833 -101  166
19071 7550 -101  166
19081 7550 -101  166
19091 7661 -101  166
19101 7764 -101  166
19111 7770 -128  159
19121 7770 -128  149
19131 7487 -128  138
19141 7488 -128  126
19151 7312 -128  113
19161 7281 -128  100
19171 7279 -128   86
19181 7349 -128   70
19191 7528 -128   53
19201 7529 -128   36
19211 7563 -128   18
19221 7564 -128   -1
19231 7564   80  -13
19241 7563   80  -22
19251 7563   80  -31
19261 7546   80  -42
19271 7585   80  -53
19281 7451   80  -63
19291 7454   80  -73
19301 7350   80  -82
19311 7669   65  -93
19321 7672   80 -101
19331 7710   56 -105
19341 7712   23 -106
19351 7712    0 -106
19361 7573   10 -106
19371 7477   10 -106
19381 7479   10  -99
19391 7588   10  -94
19401 7873   10  -87
19411 7873   10  -81
19421 7873   10  -73
19431 7910   10  -67
19441 7909   10  -61
99999 0 0 0 
19451 7910   10  -55
19461 7910   10  -49
19471 7909   10  -43
19481 7912   10  -37
19491 7909   10  -32
19501 7910   70  -26
19511 7912   70  -20
19521 7909   70  -14
19531 7885   70   -8
19541 7875   70   -3
19551 7875   70    3
19561 7874   70    7
19571 7556   70   11
19581 7699   70   14
19591 7700   70   20
19601 7773   70   23
19611 7809   70   26
19621 7809   70   31
19631 7808   70   37
19641 7698   70   44
19651 7695   70   51
19661 7481   70   59
19671 7446   63   66
19681 7446   55   73
19691 7451   46   80
19701 7559   38   87
19711 7563   30   95
19721 7599   30  102
19731 7644   30  109
19741 7648   30  116
19751 7719   30  123
19761 7826   30  128
19771 7823   30  134
19781 7826   30  139
19791 7826   30  144
19801 7825   30  149
19811 7862   30  153
19821 7861   30  157
19831 7861   30  161
19841 7862   30  164
19851 7864   30  167
19861 7862   30  170
19871 7861 -101  173
19881 7862 -101  175
19891 7861 -101  177
19901 7855 -101  179
19911 7829 -101  180
19921 7826 -101  180
19931 7830 -101  180
19941 7336 -101  180
19951 7337 -101  180
19961 7518 -101  180
19971 7699 -101  180
19981 7698 -128  179
19991 7771 -128  173
20001 7737 -128  163
20011 7736 -128  151
20021 7560 -128  139
20031 7242 -128  126
20041 7242 -128  112
20051 7279 -128   98
20061 7422 -128   83
20071 7424 -128   66
20081 7492 -128   48
20091 7564 -128   29
20101 7566 -128   10
20111 7564 -128   -9
20121 7564   80  -18
20131 7566   80  -27
20141 7580   80  -38
20151 7586   80  -49
20161 7591   80  -60
20171 7525   80  -70
20181 7494   80  -79
20191 7496   80  -90
20201 7638   80  -99
20211 7749   65 -105
20221 7749   39 -106
20231 7747    0 -106
20241 7390   10 -106
20251 7405   10 -106
20261 7340   10  -99
20271 7484   10  -94
20281 7482   10  -87
20291 7873   10  -79
20301 7872   10  -72
20311 7875   10  -65
20321 7875   10  -58
20331 7910   10  -51
99999 0 0 0 
20341 7909   10  -45
20351 7908   10  -39
20361 7909   10  -33
20371 7910   10  -26
