SSS vs= 0.99  t=  186
%P VOLT1   = 8096
%P VOLT2   = 8041
%P S2_SC   =  0.99
%P L_ANG_MAX = 186
B   0 807   69    1
B  10 8074   69    1
B  20 8030   69    1
B  30 7935   69    1
B  42 7932   69    1
B  52 7935   69    1
B  62 7522   69    1
B  73 7589   69    6
B  84 7543   69   14
B  94 7603   69   24
B 104 7591   69   33
B 115 7622   69   43
B 125 7397   69   53
B 135 7475   63   62
B 145 7472   29   72
B 155 7577   29   83
B 165 7640   29   94
*** dt = 39 , A = 99 , rpm = 364 
B 175 7703   29  105
B 185 7730   29  117
B 195 7672   29  127
B 205 7679   29  136
pull out 139
B 215 7931  -99  146
B 225 7968  -99  155
B 235 7918  -99  165
B 245 7723  -99  173
B 255 7715  -99  181
B 265 7764  -99  188
B 276 7757  -99  194
B 286 7201  -99  199
B 297 7486  -99  200
B 307 7377  -99  200
*** amax = 200  vhit = 93
B 317 7434  -92  198
B 327 7234  -92  185
B 337 7259  -92  170
B 347 7113  -92  154
B 357 7047  -92  138
B 367 7111  -92  120
B 377 7251  -92  101
B 387 7512  -92   82
B 397 7512  -92   60
B 408 7582  -92   36
B 418 7587  -92   11
B 428 7592  -92   -8
push -10 -10
push out at target
B 438 7591   79  -19
B 448 7581   79  -32
B 458 7502   79  -46
B 468 7556   79  -60
B 478 7504   79  -75
B 488 7554   79  -89
B 498 7253   79 -104
B 508 7539   79 -117
B 518 7436   79 -123
B 528 7486   39 -124
B 538 7398    9 -124
B 548 7579    9 -121
B 558 7433    9 -109
B 568 7374    9  -97
B 578 7395    9  -86
B 588 7938    9  -73
B 598 7981    9  -60
B 608 7984    9  -47
B 618 7986    9  -35
B 628 8024    9  -23
pb end 
B 638 8023   10  -11
B 648 8026   10   -2
B 658 8026   10    6
B 668 8026   10   12
B 678 8029   10   16
B 688 8027   10   19
B 698 8027   10   22
B 708 8029   10   23
B 718 8029   10   25
B 728 8027   10   27
B 738 8029   10   27
B 748 8027   10   27
B 758 8029   10   27
B 768 8029   10   27
B 778 8029   10   27
B 788 8027   10   27
B 798 8026   10   27
B 808 8027   10   27
B 818 8027   10   27
B 828 8029   10   27
B 838 8029   10   27
B 848 8029   10   27
B 858 8027   10   27
B 868 8030   10   27
B 878 8030   10   27
B 888 8030   10   28
B 898 8030   10   28
B 908 8027   10   28
B 918 8030   10   28
B 928 8030   10   28
B 938 8030   10   28
B 948 8029   10   28
B 958 8031   10   28
B 968 8030   10   27
B 978 8029   10   27
B 988 8033   10   27
B 998 8030   10   27
B 1008 8030   10   27
B 1018 8030   10   27
B 1028 8029   10   27
B 1038 8029   10   27
B 1048 8030   10   27
B 1058 8030   10   27
B 1068 8031   10   27
B 1078 8030   10   27
B 1088 8030   10   27
B 1098 8030   10   27
B 1108 8030   10   27
B 1118 8030   10   27
B 1128 8030   10   27
SSS vs= 0.99  t=  192
%P VOLT1   = 8037
%P VOLT2   = 8020
%P S2_SC   =  1.00
%P L_ANG_MAX = 192
B 1139 8030   69   27
B 1149 8030   69   27
B 1159 8031   69   27
B 1169 8031   69   27
B 1179 7903   69   27
B 1189 7863   69   27
B 1199 7844   69   27
B 1209 7816   69   27
B 1219 7374   69   31
B 1229 7460   69   37
B 1240 7488   69   45
B 1250 7454   69   52
B 1260 7412   69   59
B 1270 7418   29   67
B 1280 7438   29   76
B 1290 7583   29   85
*** dt = 70 , A = 93 , rpm = 298 
B 1300 7610   29   94
B 1310 7661   29  103
B 1320 7917   29  109
B 1330 7924   29  117
B 1340 7927   29  124
B 1350 7929   29  131
B 1360 7931   29  138
pull out 144
B 1370 7930  -99  144
B 1380 7965  -99  150
B 1390 7856  -99  156
B 1400 7725  -99  161
B 1410 7742  -99  165
B 1420 7790  -99  169
B 1430 7844  -99  173
B 1440 7518  -99  175
B 1450 7473  -99  176
B 1460 7457  -99  176
B 1470 7546  -99  176
*** amax = 176  vhit = 108
B 1480 7507 -107  164
B 1490 7440 -107  149
B 1500 7072 -107  134
B 1510 7146 -107  118
B 1520 7103 -107  101
B 1530 7280 -107   82
B 1540 7294 -107   63
B 1550 7469 -107   41
B 1560 7605 -107   20
B 1570 7608 -107   -3
push -10 -10
push out at target
B 1580 7609   79  -15
B 1590 7549   79  -27
B 1600 7494   79  -40
B 1610 7477   79  -56
B 1620 7471   79  -71
B 1630 7528   79  -86
B 1640 7473   79 -102
B 1650 7418   79 -117
B 1660 7330   79 -131
B 1670 7379   79 -137
B 1680 7515   39 -137
B 1690 7494    9 -137
B 1700 7513    9 -133
B 1710 7211    9 -119
B 1720 7302    9 -105
B 1730 7341    9  -93
B 1740 7787    9  -79
B 1750 7797    9  -64
B 1760 7944    9  -50
B 1770 7981    9  -36
pb end 
B 1780 7984   10  -21
B 1790 7985   10   -8
B 1800 7986   10    5
B 1810 7986   10   15
B 1820 8020   10   23
B 1830 8023   10   29
B 1840 8023   10   33
B 1850 8024   10   36
B 1860 8023   10   37
B 1870 8023   10   39
B 1880 8024   10   40
B 1890 8024   10   42
B 1900 8024   10   42
B 1910 8023   10   42
B 1920 8026   10   42
B 1930 8024   10   42
B 1940 8023   10   42
B 1950 8024   10   42
B 1960 8022   10   42
B 1970 8026   10   42
B 1980 8024   10   42
B 1990 8023   10   42
B 2000 8026   10   42
B 2010 8024   10   42
B 2020 8026   10   42
B 2030 8027   10   42
B 2040 8027   10   42
B 2050 8026   10   42
B 2060 8024   10   42
B 2070 8027   10   42
B 2080 8026   10   42
B 2090 8029   10   42
B 2100 8027   10   42
B 2110 8026   10   42
B 2120 8026   10   42
B 2130 8027   10   42
B 2140 8026   10   42
B 2150 8026   10   42
B 2160 8027   10   42
B 2170 8027   10   42
B 2180 8027   10   42
B 2190 8027   10   42
B 2200 8027   10   42
B 2210 8029   10   42
B 2220 8027   10   42
B 2230 8027   10   42
B 2240 8027   10   42
B 2250 8029   10   42
B 2260 8027   10   42
B 2270 8027   10   42
SSS vs= 1.00  t=  197
%P VOLT1   = 8037
%P VOLT2   = 8013
%P S2_SC   =  1.00
%P L_ANG_MAX = 197
B 2280 8027   69   42
B 2290 8027   69   42
B 2300 8027   69   42
B 2310 7929   69   42
B 2320 7871   69   42
B 2330 7854   69   42
B 2340 7826   69   42
B 2350 7798   69   42
B 2360 7425   69   45
B 2370 7429   69   51
B 2380 7448   69   59
B 2390 7429   48   66
B 2400 7369   29   74
B 2410 7372   29   83
B 2420 7482   29   92
*** dt = 69 , A = 99 , rpm = 298 
B 2430 7634   29  101
B 2440 7651   29  111
B 2450 7663   29  119
B 2460 7919   29  126
B 2470 7924   29  134
B 2480 7926   29  141
B 2490 7929   29  150
pull out 154
B 2500 7929  -99  157
B 2510 7931  -99  164
B 2520 7964  -99  170
B 2530 7754  -99  176
B 2540 7730  -99  180
B 2550 7774  -99  185
B 2560 7827  -99  189
B 2570 7191  -99  192
B 2580 7534  -99  193
B 2590 7439  -99  193
B 2600 7429  -99  193
*** amax = 193  vhit = 102
B 2610 7480 -101  187
B 2620 7465 -101  173
B 2630 7393 -101  158
B 2640 7074 -101  142
B 2650 7144 -101  125
B 2660 7123 -101  107
B 2670 7367 -101   87
B 2680 7370 -101   67
B 2690 7472 -101   45
B 2700 7614 -101   22
B 2710 7617 -101   -2
push -10 -10
push out at target
B 2720 7623   79  -14
B 2730 7564   79  -25
B 2740 7490   79  -40
B 2750 7502   79  -55
B 2760 7548   79  -67
B 2770 7598   79  -83
B 2780 7499   79  -98
B 2790 7472   79 -111
B 2800 7366   79 -121
B 2810 7442   72 -124
B 2820 7509   14 -124
B 2830 7589    9 -124
B 2840 7578    9 -115
B 2850 7424    9 -102
B 2860 7455    9  -91
B 2870 7399    9  -79
B 2880 7938    9  -65
B 2890 7941    9  -52
B 2900 7979    9  -39
B 2910 7982    9  -27
pb end 
B 2920 7985   10  -15
B 2930 7984   10   -3
B 2940 7985   10    7
B 2950 7986   10   16
B 2960 7986   10   21
B 2970 8020   10   26
B 2980 8023   10   29
B 2990 8023   10   31
B 3000 8024   10   33
B 3010 8023   10   33
B 3020 8024   10   35
B 3030 8023   10   36
B 3040 8024   10   36
B 3050 8023   10   36
B 3060 8023   10   36
B 3070 8022   10   36
B 3080 8023   10   36
B 3090 8024   10   36
B 3100 8024   10   36
B 3110 8024   10   36
B 3120 8022   10   36
B 3130 8024   10   36
B 3140 8023   10   36
B 3150 8023   10   36
B 3160 8024   10   36
B 3170 8024   10   36
B 3180 8023   10   36
B 3190 8024   10   36
B 3200 8023   10   36
B 3210 8024   10   36
B 3220 8024   10   36
B 3230 8024   10   36
B 3240 8024   10   36
B 3250 8024   10   36
B 3260 8024   10   36
B 3270 8024   10   36
B 3280 8026   10   36
B 3290 8024   10   36
B 3300 8024   10   36
B 3310 8024   10   36
B 3320 8023   10   36
B 3330 8024   10   36
B 3340 8026   10   36
B 3350 8026   10   36
B 3360 8026   10   36
B 3370 8026   10   36
B 3380 8027   10   36
B 3390 8026   10   36
B 3400 8026   10   36
B 3410 8026   10   36
SSS vs= 1.00  t=  197
%P VOLT1   = 8037
%P VOLT2   = 8006
%P S2_SC   =  1.00
%P L_ANG_MAX = 197
B 3420 8024   69   36
B 3430 8024   69   36
B 3440 7988   69   36
B 3450 7885   69   36
B 3460 7861   69   36
B 3470 7834   69   36
B 3480 7409   69   36
B 3490 7384   69   37
B 3500 7453   69   43
B 3510 7404   69   50
B 3520 7427   69   58
B 3530 7407   51   65
B 3540 7409   29   75
B 3550 7451   29   84
B 3560 7546   29   93
*** dt = 69 , A = 99 , rpm = 298 
B 3570 7645   29  102
B 3580 7661   29  111
B 3590 7669   29  119
B 3600 7886   29  126
B 3610 7889   29  134
B 3620 7926   29  142
B 3630 7929   29  149
pull out 153
B 3640 7929  -99  156
B 3650 7929  -99  162
B 3660 7797  -99  169
B 3670 7723  -99  172
B 3680 7751  -99  177
B 3690 7765  -99  183
B 3700 7814  -99  185
B 3710 7261  -99  188
B 3720 7548  -99  188
B 3730 7419  -99  188
*** amax = 188  vhit = 104
B 3740 7454 -103  186
B 3750 7394 -103  173
B 3760 7411 -103  159
B 3770 7260 -103  143
B 3780 7051 -103  126
B 3790 7105 -103  109
B 3800 7174 -103   90
B 3810 7437 -103   70
B 3820 7434 -103   49
B 3830 7535 -103   27
B 3840 7573 -103    3
B 3850 7581 -103  -11
push -11 -10
push out at target
B 3860 7603   79  -22
B 3870 7506   79  -35
B 3880 7457   79  -50
B 3890 7470   79  -67
B 3900 7341   79  -83
B 3910 7397   79  -99
B 3920 7353   79 -116
B 3930 7219   79 -133
B 3940 7165   79 -149
B 3950 7256   79 -159
B 3960 7447   72 -163
B 3970 7426   22 -163
B 3980 7435    9 -162
B 3990 7242    9 -151
B 4000 7324    9 -138
B 4010 7368    9 -125
B 4020 7888    9 -112
B 4030 7897    9  -99
B 4040 7900    9  -84
B 4050 7978    9  -71
B 4060 7978    9  -59
B 4070 7979    9  -46
pb end 
B 4080 7981   10  -34
B 4090 7984   10  -23
B 4100 7982   10  -14
B 4110 7985   10   -6
B 4120 7984   10    0
B 4130 8019   10    5
B 4140 8020   10   10
B 4150 8020   10   13
B 4160 8022   10   17
B 4170 8020   10   19
B 4180 8022   10   23
B 4190 7986   10   25
B 4200 8020   10   25
B 4210 8022   10   26
B 4220 8020   10   27
B 4230 8019   10   28
B 4240 8019   10   29
B 4250 8022   10   29
B 4260 8020   10   29
B 4270 8022   10   29
B 4280 8020   10   29
B 4290 8019   10   29
B 4300 8022   10   29
B 4310 8023   10   29
B 4320 8022   10   30
B 4330 8023   10   30
B 4340 8020   10   30
B 4350 8023   10   30
B 4360 8023   10   30
B 4370 8023   10   30
B 4380 8023   10   30
B 4390 8022   10   30
B 4400 8023   10   30
B 4410 8023   10   30
B 4420 8023   10   30
B 4430 8023   10   30
B 4440 8023   10   30
B 4450 8022   10   30
B 4460 8023   10   30
B 4470 8023   10   30
B 4480 8022   10   30
B 4490 8023   10   30
B 4500 8024   10   30
B 4510 8022   10   30
B 4520 8023   10   30
B 4530 8024   10   30
B 4540 8022   10   30
B 4550 8023   10   30
B 4560 8023   10   30
B 4570 8023   10   30
SSS vs= 1.00  t=  202
%P VOLT1   = 8037
%P VOLT2   = 8006
%P S2_SC   =  1.00
%P L_ANG_MAX = 202
B 4581 8023   69   30
B 4591 8024   69   30
B 4602 8023   69   30
B 4612 7950   69   30
B 4622 7875   69   29
B 4632 7855   69   29
B 4643 7827   69   29
B 4653 7401   69   33
B 4663 7456   69   38
B 4673 7465   69   45
B 4683 7448   69   53
B 4693 7394   69   60
B 4703 7404   52   68
B 4713 7409   29   77
B 4723 7492   29   85
B 4733 7521   29   95
B 4743 7633   29  105
*** dt = 57 , A = 105 , rpm = 332 
B 4753 7658   29  114
B 4763 7663   29  123
B 4773 7812   29  131
B 4783 7923   29  138
B 4793 7924   29  147
pull out 153
B 4803 7926  -99  154
B 4813 7927  -99  161
B 4823 7927  -99  168
B 4833 7716  -99  175
B 4843 7684  -99  178
B 4853 7723  -99  184
B 4863 7776  -99  188
B 4873 7255  -99  191
B 4883 7252  -99  193
B 4893 7481  -99  193
B 4903 7468  -99  193
*** amax = 193  vhit = 104
B 4913 7415 -103  188
B 4923 7398 -103  175
B 4933 7255 -103  159
B 4943 7318 -103  143
B 4953 7069 -103  126
B 4963 7152 -103  109
B 4973 7178 -103   89
B 4983 7435 -103   69
B 4993 7503 -103   48
B 5003 7500 -103   25
B 5013 7611 -103    1
push -11 -10
push out at target
B 5023 7581   79  -12
B 5033 7566   79  -23
B 5043 7507   79  -37
B 5053 7489   79  -52
B 5063 7454   79  -69
B 5073 7400   79  -85
B 5083 7353   79 -101
B 5093 7412   79 -119
B 5103 7225   79 -136
B 5113 7327   79 -151
B 5124 7239   79 -159
B 5134 7431   49 -160
B 5144 7417    0 -160
B 5154 7569    9 -157
B 5164 7267    9 -145
B 5174 7356    9 -132
B 5184 7380    9 -121
B 5194 7929    9 -108
B 5204 7934    9  -95
B 5214 7938    9  -83
B 5224 7976    9  -71
B 5234 7978    9  -59
pb end 
B 5244 7978   10  -48
B 5254 7981   10  -39
B 5264 7981   10  -31
B 5274 7982   10  -25
B 5284 7982   10  -19
B 5294 7982   10  -13
B 5304 7982   10   -9
B 5314 7982   10   -3
B 5324 8019   10    1
B 5334 8020   10    5
B 5344 7984   10    8
B 5354 7984   10   13
B 5364 7986   10   17
B 5374 8020   10   19
B 5384 8019   10   21
B 5394 8020   10   22
B 5404 8019   10   23
B 5414 8020   10   24
B 5424 8020   10   25
B 5434 8019   10   25
B 5444 8017   10   25
B 5454 8019   10   25
B 5464 8019   10   25
B 5474 8020   10   25
B 5484 8017   10   25
B 5494 8022   10   25
B 5504 8020   10   25
B 5514 8020   10   25
B 5524 8022   10   25
B 5534 8019   10   25
B 5544 8020   10   25
B 5554 8022   10   25
B 5564 8022   10   25
B 5574 8020   10   25
B 5584 8022   10   25
B 5594 8022   10   25
B 5604 8020   10   25
B 5614 8022   10   25
B 5624 8022   10   25
B 5634 8022   10   25
B 5644 8022   10   25
B 5654 8022   10   25
B 5664 8020   10   25
B 5674 8023   10   25
B 5684 8022   10   25
B 5694 8022   10   25
B 5704 8022   10   25
B 5714 8022   10   25
B 5724 8022   10   25
B 5734 8022   10   25
SSS vs= 1.00  t=  207
%P VOLT1   = 8037
%P VOLT2   = 8000
%P S2_SC   =  1.00
%P L_ANG_MAX = 207
B 5745 8022   69   25
B 5755 8022   69   25
B 5765 8022   69   25
B 5775 8022   69   25
B 5785 7911   69   25
B 5795 7865   69   25
B 5806 7845   69   25
B 5817 7422   69   25
B 5827 7394   69   29
B 5837 7449   69   36
B 5847 7384   69   42
B 5857 7409   69   49
B 5867 7395   69   57
B 5877 7406   60   65
B 5887 7409   45   73
B 5897 7462   29   83
B 5907 7563   29   93
B 5917 7611   29  102
*** dt = 61 , A = 111 , rpm = 315 
B 5927 7635   29  113
B 5937 7692   29  122
B 5947 7700   29  130
B 5957 7883   29  138
B 5967 7921   29  147
B 5977 7924   29  155
pull out 163
B 5987 7924  -99  163
B 5997 7929  -99  170
B 6007 7927  -99  177
B 6017 7777  -99  184
B 6027 7684  -99  189
B 6037 7706  -99  193
B 6047 7756  -99  199
B 6057 7272  -99  203
B 6067 7291  -99  205
B 6077 7443  -99  205
B 6087 7534  -99  205
B 6097 7458  -99  205
*** amax = 205  vhit = 101
B 6107 7467 -100  193
B 6117 7165 -100  177
B 6127 7222 -100  161
B 6137 7078 -100  145
B 6147 7176 -100  126
B 6157 7205 -100  109
B 6167 7331 -100   89
B 6177 7543 -100   66
B 6187 7539 -100   45
B 6197 7578 -100   21
B 6207 7587 -100   -4
push -11 -10
push out at target
B 6217 7592   79  -15
B 6227 7564   79  -27
B 6237 7502   79  -41
B 6247 7527   79  -55
B 6257 7575   79  -68
B 6267 7195   79  -82
B 6277 7218   79  -96
B 6287 7407   79 -108
B 6297 7511   79 -115
B 6307 7459   47 -115
B 6317 7470    9 -115
B 6327 7335    9 -111
B 6337 7429    9  -98
B 6347 7366    9  -85
B 6357 7919    9  -73
B 6367 7930    9  -60
B 6377 7935    9  -47
B 6387 7975    9  -33
B 6397 7978    9  -19
pb end 
B 6407 7978   10   -7
B 6417 7981   10    5
B 6427 7981   10   15
B 6437 7979   10   23
B 6447 7981   10   29
B 6457 7981   10   33
B 6467 7981   10   35
B 6477 7984   10   37
B 6487 7984   10   37
B 6497 8017   10   38
B 6507 7981   10   41
B 6517 7985   10   41
B 6527 7984   10   41
B 6537 7985   10   41
B 6547 7982   10   41
B 6557 7982   10   41
B 6567 7984   10   41
B 6577 7981   10   41
B 6587 7982   10   41
B 6597 7982   10   41
B 6607 7982   10   41
B 6617 7984   10   41
B 6627 8020   10   41
B 6637 8019   10   41
B 6647 8019   10   40
B 6657 8019   10   40
B 6667 8019   10   40
B 6677 7985   10   39
B 6687 8020   10   39
B 6697 8020   10   39
B 6707 8020   10   39
B 6717 8020   10   39
B 6727 8020   10   39
B 6737 8019   10   39
B 6747 8019   10   39
B 6757 8020   10   39
B 6767 8020   10   39
B 6777 7986   10   39
B 6787 7986   10   39
B 6797 8020   10   39
B 6807 8022   10   39
B 6817 8020   10   39
B 6827 8020   10   39
B 6837 8020   10   39
B 6847 8020   10   39
B 6857 8020   10   39
B 6867 8020   10   39
B 6877 8020   10   39
B 6887 8020   10   39
B 6897 8020   10   39
SSS vs= 1.00  t=  207
%P VOLT1   = 8037
%P VOLT2   = 7996
%P S2_SC   =  1.00
%P L_ANG_MAX = 207
B 6907 8020   69   39
B 6917 8020   69   39
B 6928 8020   69   39
B 6938 7904   69   39
B 6948 7866   69   39
B 6958 7851   69   39
B 6969 7819   69   39
B 6979 7394   69   39
B 6990 7456   69   43
B 7002 7434   69   51
B 7012 7454   69   59
B 7022 7363   56   67
B 7032 7372   43   76
B 7042 7407   29   85
B 7052 7554   29   94
B 7062 7625   29  103
*** dt = 69 , A = 109 , rpm = 298 
B 7072 7652   29  113
B 7082 7838   29  121
B 7092 7810   29  129
B 7102 7812   29  137
B 7112 7921   29  145
B 7122 7924   29  153
B 7132 7924   29  159
pull out 163
B 7142 7924  -99  166
B 7152 7927  -99  173
B 7162 7923  -99  179
B 7172 7743  -99  185
B 7182 7695  -99  189
B 7192 7729  -99  193
B 7202 7777  -99  199
B 7212 7287  -99  201
B 7222 7287  -99  203
B 7232 7517  -99  203
B 7242 7475  -99  203
*** amax = 203  vhit = 102
B 7252 7420 -101  197
B 7262 7399 -101  184
B 7272 7220 -101  169
B 7282 7287 -101  152
B 7292 7068 -101  135
B 7302 7153 -101  117
B 7312 7180 -101   97
B 7322 7472 -101   77
B 7332 7540 -101   55
B 7342 7537 -101   33
B 7352 7578 -101    9
push -10 -10
push out at target
B 7362 7588   79  -10
B 7372 7581   79  -21
B 7382 7539   79  -34
B 7392 7513   79  -49
B 7402 7471   79  -67
B 7412 7392   79  -83
B 7422 7373   79  -99
B 7432 7432   79 -117
B 7442 7221   79 -135
B 7452 7340   79 -151
B 7462 7246   79 -159
B 7472 7443   55 -162
B 7482 7383   14 -162
B 7492 7477    9 -162
B 7502 7269    9 -151
B 7512 7339    9 -137
B 7522 7374    9 -127
B 7532 7888    9 -112
B 7542 7894    9  -99
B 7552 7899    9  -86
B 7562 7938    9  -73
B 7572 7974    9  -60
pb end 
B 7582 7976   10  -49
B 7592 7978   10  -38
B 7602 7976   10  -28
B 7612 7978   10  -19
B 7622 7981   10  -12
B 7632 7979   10   -6
B 7642 7981   10   -1
B 7652 7979   10    4
B 7662 7982   10    8
B 7672 7982   10   11
B 7682 7981   10   14
B 7692 7981   10   19
B 7702 7982   10   21
B 7712 7982   10   22
B 7722 7981   10   23
B 7732 7982   10   24
B 7742 7982   10   25
B 7752 8017   10   25
B 7762 8016   10   26
B 7772 7982   10   27
B 7782 7982   10   27
B 7792 7984   10   27
B 7802 7982   10   27
B 7812 7982   10   27
B 7822 7984   10   27
B 7832 7982   10   27
B 7842 7984   10   27
B 7852 7982   10   27
B 7862 7982   10   27
B 7872 7982   10   27
B 7882 7984   10   27
B 7892 7982   10   27
B 7902 8019   10   27
B 7912 8019   10   27
B 7922 7982   10   27
B 7932 8019   10   27
B 7942 8017   10   27
B 7952 8019   10   27
B 7962 7982   10   27
B 7972 7984   10   27
B 7982 8019   10   27
B 7992 8019   10   27
B 8002 8019   10   27
B 8012 8020   10   27
B 8022 7984   10   27
B 8032 7984   10   27
B 8042 7985   10   27
B 8052 8019   10   27
B 8062 8019   10   27
B 8072 7984   10   27
B 8082 8019   10   27
SSS vs= 1.00  t=  207
%P VOLT1   = 8037
%P VOLT2   = 7996
%P S2_SC   =  1.00
%P L_ANG_MAX = 207
B 8092 8020   69   27
B 8102 8020   69   27
B 8112 8020   69   27
B 8122 7946   69   27
B 8132 7871   69   27
B 8142 7849   69   27
B 8152 7826   69   27
B 8162 7407   69   30
B 8172 7453   69   35
B 8182 7451   69   42
B 8192 7404   69   49
B 8202 7389   69   57
B 8212 7403   62   64
B 8222 7404   47   72
B 8232 7468   31   81
B 8242 7486   29   90
B 8252 7572   29  100
B 8262 7604   29  109
*** dt = 62 , A = 110 , rpm = 315 
B 8272 7617   29  119
B 8282 7731   29  127
B 8292 7880   29  135
B 8302 7880   29  143
B 8312 7920   29  151
B 8322 7920   29  159
pull out 161
B 8332 7923  -99  166
B 8342 7923  -99  173
B 8352 7917  -99  179
B 8362 7716  -99  185
B 8372 7696  -99  189
B 8382 7735  -99  194
B 8392 7787  -99  199
B 8402 7332  -99  201
B 8412 7486  -99  203
B 8422 7384  -99  203
B 8432 7489  -99  203
*** amax = 203  vhit = 102
B 8442 7481 -101  196
B 8452 7470 -101  181
B 8462 7191 -101  166
B 8472 7047 -101  149
B 8482 7113 -101  132
B 8492 7196 -101  114
B 8502 7325 -101   94
B 8512 7332 -101   74
B 8522 7541 -101   52
B 8532 7573 -101   29
B 8542 7580 -101    5
push -10 -10
push out at target
B 8552 7588   79  -11
B 8562 7574   79  -22
B 8572 7494   79  -35
B 8582 7503   79  -49
B 8592 7551   79  -63
B 8602 7597   79  -76
B 8612 7209   79  -91
B 8622 7444   79 -104
B 8632 7340   79 -113
B 8642 7479   64 -116
B 8652 7475   14 -116
B 8662 7556    9 -116
B 8672 7415    9 -107
B 8682 7305    9  -93
B 8692 7339    9  -83
B 8702 7888    9  -69
B 8712 7933    9  -56
B 8722 7935    9  -43
B 8732 7974    9  -29
B 8742 7972    9  -16
pb end 
B 8752 7975   10   -3
B 8762 7978   10    8
B 8772 7978   10   18
B 8782 7979   10   25
B 8792 7978   10   30
B 8802 7979   10   34
B 8812 7979   10   37
B 8822 7979   10   38
B 8832 7981   10   39
B 8842 7979   10   39
B 8852 7978   10   41
B 8862 7981   10   41
B 8872 7979   10   41
B 8882 7981   10   41
B 8892 7978   10   41
B 8902 7979   10   41
B 8912 7978   10   41
B 8922 7978   10   41
B 8932 7978   10   41
B 8942 7979   10   41
B 8952 7981   10   41
B 8962 7982   10   41
B 8972 7979   10   41
B 8982 7982   10   41
B 8992 7982   10   41
B 9002 7981   10   41
B 9012 7982   10   40
B 9022 7981   10   39
B 9032 7981   10   39
B 9042 7982   10   38
B 9052 7982   10   38
B 9062 7981   10   38
B 9072 7984   10   38
B 9082 7981   10   38
B 9092 7982   10   38
B 9102 7982   10   38
B 9112 7982   10   38
B 9122 7984   10   38
B 9132 7984   10   38
B 9142 7982   10   38
B 9152 7984   10   38
B 9162 7982   10   38
B 9172 7982   10   38
B 9182 7982   10   38
B 9192 7985   10   38
B 9202 7982   10   38
B 9212 7982   10   38
B 9222 7982   10   38
B 9232 7984   10   38
B 9242 7982   10   38
B 9252 7982   10   38
SSS vs= 1.00  t=  207
%P VOLT1   = 7978
%P VOLT2   = 7996
%P S2_SC   =  1.00
%P L_ANG_MAX = 207
B 9262 7984   70   38
B 9272 7984   70   38
B 9282 7982   70   38
B 9292 7915   70   38
B 9302 7866   70   38
B 9312 7814   70   38
B 9322 7788   70   38
B 9332 7356   70   39
B 9342 7441   70   39
B 9352 7445   70   45
B 9362 7434   70   52
B 9372 7312   70   60
B 9382 7326   55   68
B 9392 7362   40   76
B 9402 7471   30   85
B 9412 7503   30   95
B 9422 7580   30  105
*** dt = 57 , A = 110 , rpm = 332 
B 9432 7784   30  115
B 9442 7796   30  123
B 9452 7766   30  131
B 9462 7878   30  139
B 9472 7880   30  148
B 9482 7919   30  156
pull out 158
B 9492 7920 -100  164
B 9502 7917 -100  170
B 9512 7730 -100  177
B 9522 7682 -100  181
B 9532 7715 -100  187
B 9542 7767 -100  192
B 9552 7386 -100  195
B 9562 7390 -100  197
B 9572 7446 -100  197
B 9582 7503 -100  197
*** amax = 197  vhit = 105
B 9592 7452 -105  193
B 9602 7434 -105  180
B 9612 7175 -105  165
B 9622 7238 -105  149
B 9632 7093 -105  132
B 9642 7182 -105  114
B 9652 7210 -105   95
B 9662 7363 -105   75
B 9672 7541 -105   53
B 9682 7537 -105   31
B 9692 7574 -105    7
push -10 -10
push out at target
B 9702 7547   80  -10
B 9712 7536   80  -21
B 9722 7527   80  -34
B 9732 7506   80  -49
B 9742 7468   80  -67
B 9752 7356   80  -83
B 9762 7306   80  -99
B 9772 7362   80 -116
B 9782 7256   80 -135
B 9793 7394   80 -150
B 9803 7296   80 -159
B 9813 7426   64 -160
B 9823 7371    0 -160
B 9833 7513   10 -159
B 9843 7257   10 -146
B 9853 7276   10 -133
B 9863 7303   10 -123
B 9873 7920   10 -109
B 9883 7927   10  -97
B 9893 7934   10  -84
B 9903 7935   10  -72
B 9913 7972   10  -61
pb end 
B 9923 7974   10  -51
B 9933 7975   10  -41
B 9943 7976   10  -32
B 9953 7976   10  -25
B 9963 7976   10  -19
B 9973 7974   10  -14
B 9983 7978   10   -9
B 9993 7978   10   -4
B 10003 7978   10    0
B 10013 7978   10    4
B 10023 7979   10    8
B 10033 7978   10   13
B 10043 7979   10   17
B 10053 7978   10   19
B 10063 7978   10   21
B 10073 7978   10   22
B 10083 7979   10   23
B 10093 7979   10   24
B 10103 7979   10   25
B 10113 7979   10   25
B 10123 7978   10   25
B 10133 7979   10   25
B 10143 7979   10   25
B 10153 7981   10   25
B 10163 7981   10   25
B 10173 7979   10   25
B 10183 7981   10   25
B 10193 7979   10   25
B 10203 7981   10   25
B 10213 7981   10   25
B 10223 7981   10   25
B 10233 8016   10   25
B 10243 7982   10   25
B 10253 7981   10   25
B 10263 7981   10   25
B 10273 7979   10   25
B 10283 7981   10   25
B 10293 7979   10   25
B 10303 7979   10   25
B 10313 7981   10   25
B 10323 7981   10   25
B 10333 7981   10   25
B 10343 7981   10   25
B 10353 7982   10   25
B 10363 7981   10   25
B 10373 7982   10   25
B 10383 7981   10   25
B 10393 7981   10   25
B 10403 7979   10   25
B 10413 7981   10   25
SSS vs= 1.00  t=  212
%P VOLT1   = 7978
%P VOLT2   = 7989
%P S2_SC   =  1.00
%P L_ANG_MAX = 212
B 10424 7981   70   25
B 10434 7984   70   25
B 10444 7981   70   25
B 10454 7982   70   25
B 10464 7876   70   25
B 10474 7859   70   25
B 10484 7803   70   25
B 10494 7779   70   25
B 10504 7350   70   29
B 10514 7427   70   34
B 10524 7433   70   41
B 10534 7391   70   49
B 10544 7386   70   56
B 10554 7402   67   63
B 10564 7332   54   71
B 10574 7410   40   81
B 10584 7416   30   89
B 10594 7581   30   99
B 10604 7575   30  109
*** dt = 56 , A = 116 , rpm = 332 
B 10614 7604   30  119
B 10624 7653   30  129
B 10634 7837   30  137
B 10644 7842   30  145
B 10654 7879   30  154
B 10664 7916   30  162
pull out 165
B 10674 7917 -100  170
B 10684 7919 -100  177
B 10694 7857 -100  185
B 10704 7698 -100  191
B 10714 7696 -100  195
B 10724 7740 -100  201
B 10734 7790 -100  205
B 10744 7286 -100  208
B 10754 7426 -100  209
B 10764 7314 -100  209
B 10774 7471 -100  209
*** amax = 209  vhit = 101
B 10784 7435 -101  201
B 10794 7438 -101  186
B 10804 7201 -101  171
B 10814 7092 -101  154
B 10824 7153 -101  137
B 10834 7156 -101  119
B 10844 7319 -101  100
B 10854 7322 -101   79
B 10864 7533 -101   57
B 10874 7570 -101   33
B 10884 7577 -101   10
B 10894 7594 -101   -9
push -11 -10
push out at target
B 10904 7587   80  -19
B 10914 7479   80  -32
B 10924 7501   80  -45
B 10934 7548   80  -59
B 10944 7598   80  -71
B 10954 7212   80  -84
B 10964 7407   80  -97
B 10974 7301   80 -105
B 10984 7435   56 -107
B 10994 7512    6 -107
B 11004 7652   10 -107
B 11014 7414   10  -96
B 11024 7319   10  -84
B 11034 7343   10  -73
B 11044 7888   10  -60
B 11054 7929   10  -47
B 11064 7934   10  -34
B 11074 7935   10  -21
B 11084 7937   10   -8
pb end 
B 11094 7938   10    3
B 11104 7974   10   13
B 11114 7975   10   21
B 11124 7975   10   27
B 11134 7976   10   31
B 11144 7976   10   34
B 11154 7978   10   37
B 11164 7976   10   37
B 11174 7978   10   37
B 11184 7976   10   37
B 11194 7976   10   40
B 11204 7978   10   40
B 11214 7981   10   40
B 11224 7978   10   40
B 11234 7978   10   40
B 11244 7975   10   40
B 11254 7974   10   40
B 11264 7976   10   40
B 11274 7976   10   40
B 11284 8011   10   40
B 11294 7976   10   40
B 11304 7979   10   40
B 11314 7978   10   40
B 11324 7979   10   39
B 11334 7979   10   39
B 11344 7979   10   39
B 11354 7978   10   39
B 11364 7978   10   39
B 11374 7979   10   38
B 11384 7979   10   38
B 11394 7979   10   38
B 11404 7979   10   38
B 11414 7979   10   38
B 11424 7979   10   38
B 11434 7981   10   38
B 11444 7981   10   38
B 11454 7981   10   38
B 11464 7982   10   38
B 11474 7979   10   38
B 11484 7981   10   38
B 11494 7979   10   38
B 11504 7979   10   38
B 11514 7979   10   38
B 11524 7979   10   38
B 11534 7979   10   38
B 11544 7981   10   38
B 11554 7981   10   38
B 11564 7981   10   38
B 11574 7981   10   38
B 11584 7979   10   38
SSS vs= 1.00  t=  212
%P VOLT1   = 7978
%P VOLT2   = 7982
%P S2_SC   =  1.00
%P L_ANG_MAX = 212
B 11595 7981   70   38
B 11605 7981   70   38
B 11615 7981   70   38
B 11625 7979   70   38
B 11635 7869   70   38
B 11645 7820   70   38
B 11655 7802   70   38
B 11665 7778   70   38
B 11675 7353   70   38
B 11685 7411   70   40
B 11695 7424   70   46
B 11705 7405   70   53
B 11715 7388   69   61
B 11725 7400   57   69
B 11735 7363   44   77
B 11745 7468   30   87
B 11755 7490   30   97
B 11765 7573   30  106
*** dt = 62 , A = 115 , rpm = 315 
B 11775 7637   30  116
B 11785 7651   30  125
B 11795 7730   30  134
B 11805 7841   30  142
B 11815 7844   30  150
B 11825 7916   30  158
B 11835 7882   30  165
pull out 166
B 11845 7882 -100  173
B 11855 7917 -100  180
B 11865 7821 -100  187
B 11875 7696 -100  192
B 11885 7703 -100  196
B 11895 7749 -100  201
B 11905 7795 -100  205
B 11915 7290 -100  208
B 11925 7559 -100  209
B 11935 7443 -100  209
B 11945 7468 -100  209
*** amax = 209  vhit = 101
B 11955 7398 -101  198
B 11965 7409 -101  184
B 11975 7283 -101  169
B 11985 6997 -101  151
B 11995 7052 -101  135
B 12005 7160 -101  116
B 12015 7427 -101   95
B 12025 7430 -101   75
B 12035 7499 -101   53
B 12045 7608 -101   29
B 12055 7618 -101    6
push -10 -10
push out at target
B 12065 7594   80  -11
B 12075 7578   80  -23
B 12085 7472   80  -35
B 12095 7472   80  -48
B 12105 7554   80  -61
B 12115 7601   80  -75
B 12125 7143   80  -88
B 12135 7494   80 -101
B 12145 7386   80 -108
B 12155 7428   48 -110
B 12165 7437    6 -110
B 12175 7598   10 -108
B 12185 7531   10  -96
B 12195 7286   10  -85
B 12205 7309   10  -73
B 12215 7744   10  -60
B 12225 7929   10  -47
B 12235 7933   10  -35
B 12245 7934   10  -21
B 12255 7971   10   -8
pb end 
B 12265 7972   10    3
B 12275 7974   10   13
B 12285 7975   10   20
B 12295 7975   10   25
B 12305 7975   10   29
B 12315 7974   10   32
B 12325 7976   10   34
B 12335 7976   10   35
B 12345 7976   10   36
B 12355 7975   10   37
B 12365 7976   10   38
B 12375 7975   10   38
B 12385 7978   10   38
B 12395 7975   10   38
B 12405 7975   10   38
B 12415 7975   10   38
B 12425 7976   10   38
B 12435 7975   10   38
B 12445 7976   10   38
B 12455 7976   10   38
B 12465 7978   10   38
B 12475 7978   10   38
B 12485 7978   10   38
B 12495 7978   10   38
B 12505 7978   10   38
B 12515 7978   10   38
B 12525 7978   10   38
B 12535 7979   10   38
B 12545 7978   10   38
B 12555 7978   10   38
B 12565 7978   10   38
B 12575 7978   10   38
B 12585 7979   10   38
B 12595 7978   10   38
B 12605 7979   10   38
B 12615 7981   10   38
B 12625 7979   10   38
B 12635 7979   10   38
B 12645 7979   10   38
B 12655 7978   10   38
B 12665 7978   10   38
B 12675 7979   10   38
B 12685 7978   10   38
B 12695 7979   10   38
B 12705 7979   10   38
B 12715 7979   10   38
B 12725 7979   10   38
B 12735 7978   10   38
B 12745 7979   10   38
B 12755 7981   10   38
SSS vs= 1.00  t=  212
%P VOLT1   = 7978
%P VOLT2   = 7982
%P S2_SC   =  1.00
%P L_ANG_MAX = 212
B 12766 7981   70   38
B 12777 7979   70   38
B 12787 7979   70   38
B 12797 7978   70   38
B 12807 7853   70   38
B 12817 7814   70   38
B 12827 7792   70   38
B 12837 7659   70   38
B 12848 7628   70   38
B 12858 7410   70   43
B 12868 7422   70   51
B 12878 7439   70   57
B 12888 7317   63   65
B 12898 7359   50   73
B 12909 7377   37   83
B 12919 7482   30   93
B 12929 7559   30  102
B 12939 7596   30  112
*** dt = 62 , A = 115 , rpm = 315 
B 12949 7753   30  121
B 12959 7726   30  129
B 12969 7730   30  137
B 12979 7878   30  145
B 12989 7878   30  154
B 12999 7879   30  161
pull out 166
B 13009 7917 -100  169
B 13019 7916 -100  176
B 13029 7916 -100  182
B 13039 7758 -100  189
B 13049 7695 -100  193
B 13059 7720 -100  198
B 13069 7767 -100  203
B 13079 7171 -100  206
B 13089 7179 -100  209
B 13099 7453 -100  209
B 13109 7479 -100  209
*** amax = 209  vhit = 101
B 13119 7419 -101  205
B 13129 7438 -101  192
B 13139 7286 -101  177
B 13149 7344 -101  161
B 13159 7054 -101  144
B 13169 7107 -101  126
B 13179 7136 -101  107
B 13189 7396 -101   87
B 13199 7503 -101   66
B 13209 7500 -101   43
B 13219 7576 -101   20
B 13229 7584 -101   -4
push -10 -10
push out at target
B 13239 7592   80  -16
B 13249 7554   80  -28
B 13259 7457   80  -41
B 13269 7488   80  -53
B 13279 7573   80  -67
B 13289 7370   80  -81
B 13299 7392   80  -95
B 13309 7422   80 -105
B 13319 7430   73 -111
B 13329 7384   39 -111
B 13339 7482   10 -111
B 13349 7502   10 -105
B 13359 7579   10  -92
B 13369 7296   10  -80
B 13379 7735   10  -67
B 13389 7747   10  -54
B 13399 7931   10  -40
B 13409 7933   10  -27
B 13419 7933   10  -13
pb end 
B 13429 7935   10    0
B 13439 7971   10   12
B 13449 7972   10   21
B 13459 7974   10   29
B 13469 7974   10   34
B 13479 7975   10   38
B 13489 7972   10   41
B 13499 7975   10   42
B 13509 7976   10   43
B 13519 7975   10   44
B 13529 7976   10   46
B 13539 7978   10   46
B 13549 7976   10   46
B 13559 7976   10   46
B 13569 7976   10   46
B 13579 7975   10   46
B 13589 7974   10   46
B 13599 7976   10   46
B 13609 7975   10   46
B 13619 7975   10   46
B 13629 7975   10   46
B 13639 7975   10   46
B 13649 7976   10   46
B 13659 7976   10   46
B 13669 7975   10   45
B 13679 7975   10   44
B 13689 7976   10   43
B 13699 7978   10   43
B 13709 7976   10   42
B 13719 7976   10   42
B 13729 7976   10   42
B 13739 7978   10   42
B 13749 7976   10   42
B 13759 7978   10   42
B 13769 7978   10   42
B 13779 7976   10   42
B 13789 7978   10   42
B 13799 7978   10   42
B 13809 7978   10   42
B 13819 7978   10   42
B 13829 7979   10   42
B 13839 7978   10   42
B 13849 7978   10   42
B 13859 7978   10   42
B 13869 7978   10   42
B 13879 7979   10   42
B 13889 7978   10   42
B 13899 7979   10   42
B 13909 7978   10   42
B 13919 7978   10   42
SSS vs= 1.00  t=  212
%P VOLT1   = 7978
%P VOLT2   = 7982
%P S2_SC   =  1.00
%P L_ANG_MAX = 212
B 13929 7981   70   42
B 13939 7978   70   42
B 13949 7978   70   42
B 13959 7853   70   42
B 13969 7820   70   42
B 13980 7794   70   42
B 13990 7765   70   42
B 14000 7383   70   42
B 14010 7439   70   46
B 14020 7451   70   53
B 14030 7405   69   61
B 14040 7351   58   69
B 14050 7358   44   77
B 14060 7383   32   86
B 14070 7504   30   95
B 14080 7538   30  105
B 14090 7637   30  114
*** dt = 62 , A = 115 , rpm = 315 
B 14100 7614   30  123
B 14110 7621   30  131
B 14120 7874   30  139
B 14130 7876   30  147
B 14140 7878   30  155
B 14150 7880   30  162
pull out 165
B 14160 7880 -100  169
B 14170 7756 -100  176
B 14180 7682 -100  181
B 14190 7695 -100  185
B 14200 7741 -100  191
B 14210 7259 -100  195
B 14220 7290 -100  197
B 14230 7246 -100  198
B 14240 7452 -100  198
*** amax = 198  vhit = 107
B 14250 7440 -107  197
B 14260 7401 -107  187
B 14270 7368 -107  173
B 14280 7204 -107  157
B 14290 7274 -107  140
B 14300 7087 -107  123
B 14310 7167 -107  105
B 14320 7184 -107   85
B 14330 7437 -107   64
B 14340 7498 -107   42
B 14350 7500 -107   19
B 14360 7578 -107   -4
push -11 -10
push out at target
B 14370 7577   80  -15
B 14380 7549   80  -27
B 14390 7486   80  -40
B 14400 7455   80  -56
B 14410 7419   80  -73
B 14420 7392   80  -87
B 14430 7340   80 -105
B 14440 7389   80 -122
B 14450 7193   80 -139
B 14460 7308   80 -149
B 14470 7241   73 -154
B 14480 7377   31 -154
B 14490 7377   10 -153
B 14500 7579   10 -147
B 14510 7278   10 -133
B 14520 7286   10 -122
B 14530 7307   10 -109
B 14540 7886   10  -96
B 14550 7927   10  -83
B 14560 7930   10  -70
B 14570 7930   10  -59
pb end 
B 14580 7933   10  -47
B 14590 7934   10  -35
B 14600 7935   10  -24
B 14610 7972   10  -15
B 14620 7972   10   -7
B 14630 7972   10   -1
B 14640 7972   10    4
B 14650 7972   10    9
B 14660 7974   10   13
B 14670 7974   10   16
B 14680 7974   10   18
B 14690 7975   10   21
B 14700 7975   10   25
B 14710 7975   10   25
B 14720 7976   10   25
B 14730 7976   10   26
B 14740 7974   10   26
B 14750 7974   10   27
B 14760 7974   10   27
B 14770 7974   10   28
B 14780 7974   10   28
B 14790 7974   10   28
B 14800 7975   10   28
B 14810 7975   10   28
B 14820 7976   10   28
B 14830 7976   10   28
B 14840 7975   10   28
B 14850 7975   10   28
B 14860 7976   10   28
B 14870 7976   10   28
B 14880 7976   10   28
B 14890 7975   10   28
B 14900 7976   10   28
B 14910 7976   10   28
B 14920 7976   10   28
B 14930 7976   10   28
B 14940 7975   10   28
B 14950 7976   10   28
B 14960 7976   10   28
B 14970 7976   10   28
B 14980 7976   10   28
B 14990 7979   10   28
B 15000 7976   10   28
B 15010 7976   10   28
B 15020 7978   10   28
B 15030 7975   10   28
B 15040 7976   10   28
B 15050 7976   10   28
B 15060 7976   10   28
B 15070 7979   10   28
SSS vs= 1.00  t=  212
%P VOLT1   = 7978
%P VOLT2   = 7975
%P S2_SC   =  1.00
%P L_ANG_MAX = 212
B 15080 7978   70   28
B 15090 7979   70   28
B 15100 7976   70   28
B 15110 7852   70   28
B 15120 7814   70   28
B 15132 7792   70   28
B 15142 7765   70   28
B 15152 7346   70   33
B 15162 7406   70   39
B 15172 7420   70   45
B 15182 7409   70   53
B 15192 7357   69   61
B 15202 7359   58   69
B 15212 7359   44   77
B 15222 7427   30   86
B 15232 7469   30   96
B 15242 7564   30  106
B 15252 7594   30  116
*** dt = 56 , A = 116 , rpm = 332 
B 15262 7610   30  125
B 15272 7865   30  133
B 15282 7872   30  142
B 15292 7874   30  150
B 15302 7876   30  159
pull out 165
B 15312 7913 -100  168
B 15322 7794 -100  175
B 15332 7664 -100  180
B 15342 7677 -100  185
B 15352 7726 -100  191
B 15362 7779 -100  195
B 15372 7388 -100  197
B 15382 7353 -100  199
B 15392 7383 -100  199
*** amax = 199  vhit = 106
B 15402 7475 -106  198
B 15412 7439 -106  188
B 15422 7368 -106  174
B 15432 7059 -106  158
B 15442 7129 -106  142
B 15452 7052 -106  125
B 15462 7271 -106  107
B 15472 7291 -106   88
B 15482 7399 -106   67
B 15492 7568 -106   44
B 15502 7570 -106   22
B 15512 7573 -106   -2
push -11 -10
push out at target
B 15522 7543   80  -13
B 15532 7523   80  -25
B 15542 7461   80  -39
B 15552 7516   80  -52
B 15562 7563   80  -65
B 15572 7539   80  -79
B 15582 7391   80  -92
B 15592 7342   80 -104
B 15602 7380   80 -111
B 15612 7503   48 -112
B 15622 7477    0 -112
B 15632 7502   10 -108
B 15642 7182   10  -95
B 15652 7280   10  -81
B 15662 7323   10  -69
B 15672 7733   10  -55
B 15682 7744   10  -40
B 15692 7926   10  -26
B 15702 7930   10  -11
B 15712 7930   10    4
pb end 
B 15722 7931   10   17
B 15732 7934   10   29
B 15742 7933   10   39
B 15752 7935   10   46
B 15762 7971   10   51
B 15772 7974   10   54
B 15782 7972   10   57
B 15792 7972   10   57
B 15802 7971   10   58
B 15812 7974   10   58
B 15822 7974   10   60
B 15832 7975   10   60
B 15842 7972   10   60
B 15852 7974   10   60
B 15862 7974   10   60
B 15872 7972   10   60
B 15882 7971   10   60
B 15892 7972   10   60
B 15902 7972   10   60
B 15912 7974   10   60
B 15922 7974   10   60
B 15932 7974   10   59
B 15942 7974   10   58
B 15952 7974   10   57
B 15962 7975   10   55
B 15972 7975   10   54
B 15982 7975   10   53
B 15992 7974   10   52
B 16002 7976   10   51
B 16012 7975   10   50
B 16022 7974   10   49
B 16032 7974   10   49
B 16042 7975   10   48
B 16052 7975   10   48
B 16062 7975   10   47
B 16072 7975   10   47
B 16082 7976   10   47
B 16092 7976   10   47
B 16102 7974   10   47
B 16112 7975   10   47
B 16122 7976   10   47
B 16132 7975   10   47
B 16142 7976   10   47
B 16152 7975   10   47
B 16162 7975   10   47
B 16172 7976   10   47
B 16182 7976   10   47
B 16192 7976   10   47
B 16202 7976   10   47
B 16212 7975   10   47
SSS vs= 1.00  t=  212
%P VOLT1   = 7978
%P VOLT2   = 7975
%P S2_SC   =  1.00
%P L_ANG_MAX = 212
B 16222 7975   70   47
B 16232 7976   70   47
B 16242 7877   70   47
B 16252 7818   70   47
B 16262 7802   70   47
B 16272 7494   70   47
B 16282 7465   70   47
B 16292 7411   70   48
B 16302 7410   70   55
B 16312 7428   69   61
B 16322 7344   57   69
B 16332 7331   46   77
B 16342 7342   32   85
B 16352 7456   30   94
B 16362 7588   30  103
B 16372 7625   30  112
*** dt = 69 , A = 114 , rpm = 298 
B 16382 7644   30  121
B 16392 7794   30  129
B 16402 7798   30  137
B 16412 7874   30  145
B 16422 7874   30  153
B 16432 7878   30  160
B 16442 7876   30  167
pull out 167
B 16452 7874 -100  173
B 16462 7876 -100  180
B 16472 7854 -100  187
B 16482 7703 -100  192
B 16492 7702 -100  196
B 16502 7743 -100  201
B 16512 7224 -100  205
B 16522 7252 -100  207
B 16532 7399 -100  208
B 16542 7537 -100  208
*** amax = 208  vhit = 102
B 16552 7445 -102  207
B 16562 7445 -102  197
B 16572 7236 -102  183
B 16582 7281 -102  167
B 16592 7168 -102  151
B 16602 7120 -102  133
B 16612 7159 -102  115
B 16622 7285 -102   95
B 16632 7505 -102   75
B 16642 7502 -102   53
B 16652 7608 -102   29
B 16662 7577 -102    5
push -10 -10
push out at target
B 16672 7588   80  -11
B 16682 7540   80  -23
B 16692 7475   80  -36
B 16702 7465   80  -49
B 16712 7547   80  -63
B 16722 7204   80  -76
B 16732 7241   80  -91
B 16742 7326   80 -103
B 16752 7468   80 -112
B 16762 7406   64 -113
B 16772 7444    0 -113
B 16782 7440   10 -113
B 16792 7551   10 -101
B 16802 7349   10  -89
B 16812 7692   10  -78
B 16822 7704   10  -65
B 16832 7924   10  -51
B 16842 7926   10  -39
B 16852 7931   10  -26
B 16862 7931   10  -13
B 16872 7931   10   -2
pb end 
B 16882 7934   10    8
B 16892 7934   10   15
B 16902 7934   10   21
B 16912 7935   10   25
B 16922 7971   10   29
B 16932 7972   10   31
B 16942 7972   10   32
B 16952 7974   10   33
B 16962 7974   10   36
B 16972 7972   10   36
B 16982 7974   10   36
B 16992 7974   10   36
B 17002 7971   10   36
B 17012 7972   10   36
B 17022 7971   10   36
B 17032 7972   10   36
B 17042 7972   10   36
B 17052 7971   10   36
B 17062 7971   10   36
B 17072 7972   10   36
B 17082 7972   10   36
B 17092 7972   10   36
B 17102 7975   10   36
B 17112 7974   10   36
B 17122 7972   10   36
B 17132 7972   10   35
B 17142 7975   10   35
B 17152 7974   10   35
B 17162 7974   10   35
B 17172 7976   10   35
B 17182 7974   10   35
B 17192 7974   10   35
B 17202 7974   10   35
B 17212 7975   10   35
B 17222 7975   10   35
B 17232 7975   10   35
B 17242 7975   10   35
B 17252 7974   10   35
B 17262 7972   10   35
B 17272 7975   10   35
B 17282 7975   10   35
B 17292 7976   10   35
B 17302 7974   10   35
B 17312 7975   10   35
B 17322 7975   10   35
B 17332 7975   10   35
B 17342 7974   10   35
B 17352 7976   10   35
B 17362 7975   10   35
SSS vs= 1.00  t=  212
%P VOLT1   = 7978
%P VOLT2   = 7972
%P S2_SC   =  1.00
%P L_ANG_MAX = 212
B 17372 7975   70   35
B 17382 7976   70   35
B 17392 7902   70   35
B 17402 7828   70   35
B 17412 7810   70   35
B 17422 7782   70   35
B 17432 7750   70   35
B 17442 7442   70   36
B 17452 7437   70   42
B 17462 7426   70   49
B 17472 7345   70   57
B 17482 7361   64   64
B 17492 7363   52   72
B 17502 7414   38   81
B 17512 7426   30   90
B 17522 7545   30  100
B 17532 7609   30  110
*** dt = 56 , A = 116 , rpm = 332 
B 17542 7635   30  119
B 17552 7790   30  129
B 17562 7831   30  137
B 17572 7835   30  145
B 17582 7874   30  153
B 17592 7876   30  161
pull out 163
B 17602 7876 -100  169
B 17612 7876 -100  176
B 17622 7862 -100  183
B 17632 7671 -100  189
B 17642 7691 -100  193
B 17652 7694 -100  199
B 17662 7742 -100  204
B 17672 7138 -100  207
B 17682 7475 -100  209
B 17692 7377 -100  209
B 17702 7489 -100  209
*** amax = 209  vhit = 101
B 17712 7446 -101  201
B 17722 7438 -101  189
B 17732 7087 -101  173
B 17742 7010 -101  157
B 17752 7071 -101  140
B 17762 7187 -101  122
B 17772 7356 -101  102
B 17782 7362 -101   82
B 17792 7536 -101   61
B 17802 7570 -101   37
B 17812 7576 -101   14
B 17822 7585 -101   -7
push -11 -10
push out at target
B 17832 7550   80  -18
B 17842 7462   80  -31
B 17852 7460   80  -44
B 17862 7541   80  -56
B 17872 7587   80  -69
B 17882 7201   80  -83
B 17892 7448   80  -96
B 17902 7354   80 -105
B 17912 7450   64 -109
B 17922 7480   23 -109
B 17932 7566   10 -108
B 17942 7367   10 -100
B 17952 7256   10  -87
B 17962 7292   10  -75
B 17972 7807   10  -63
B 17982 7883   10  -49
B 17992 7892   10  -36
B 18002 7930   10  -23
B 18012 7931   10   -9
pb end 
B 18022 7933   10    5
B 18032 7931   10   17
B 18042 7934   10   27
B 18052 7934   10   34
B 18062 7970   10   40
B 18072 7974   10   44
B 18082 7971   10   47
B 18092 7971   10   48
B 18102 7972   10   49
B 18112 7972   10   49
B 18122 7972   10   49
B 18132 7972   10   51
B 18142 7972   10   51
B 18152 7971   10   51
B 18162 7972   10   51
B 18172 7971   10   51
B 18182 7970   10   51
B 18192 7970   10   51
B 18202 7971   10   51
B 18212 7972   10   51
B 18222 7972   10   50
B 18232 7972   10   49
B 18242 7974   10   48
B 18252 7972   10   46
B 18262 7972   10   45
B 18272 7972   10   44
B 18282 7974   10   43
B 18292 7974   10   42
B 18302 7974   10   41
B 18312 7972   10   41
B 18322 7974   10   41
B 18332 7972   10   40
B 18342 7972   10   40
B 18352 7972   10   40
B 18362 7974   10   40
B 18372 7972   10   40
B 18382 7974   10   40
B 18392 7974   10   40
B 18402 7971   10   40
B 18412 7974   10   40
B 18422 7975   10   40
B 18432 7974   10   40
B 18442 7975   10   40
B 18452 7972   10   40
B 18462 7974   10   40
B 18472 7974   10   40
B 18482 7974   10   40
B 18492 7975   10   40
B 18502 7975   10   40
B 18512 7974   10   40
B 18522 7974   10   40
SSS vs= 1.00  t=  212
%P VOLT1   = 7978
%P VOLT2   = 7972
%P S2_SC   =  1.00
%P L_ANG_MAX = 212
B 18532 7975   70   40
B 18542 7972   70   40
B 18552 7975   70   40
B 18562 7902   70   40
B 18572 7821   70   40
B 18582 7804   70   40
B 18592 7779   70   40
B 18602 7363   70   41
B 18612 7417   70   41
B 18622 7415   70   47
B 18632 7361   70   54
B 18642 7344   69   61
B 18652 7357   57   69
B 18662 7359   44   78
B 18672 7465   32   87
B 18682 7492   30   96
B 18692 7572   30  106
B 18702 7597   30  115
*** dt = 61 , A = 116 , rpm = 315 
B 18712 7611   30  125
B 18722 7833   30  133
B 18732 7869   30  141
B 18742 7872   30  149
B 18752 7874   30  157
B 18762 7874   30  165
pull out 165
B 18772 7875 -100  172
B 18782 7876 -100  179
B 18792 7899 -100  185
B 18802 7713 -100  192
B 18812 7696 -100  196
B 18822 7697 -100  201
B 18832 7749 -100  205
B 18842 7354 -100  208
B 18852 7478 -100  209
B 18862 7380 -100  209
B 18872 7495 -100  209
*** amax = 209  vhit = 101
B 18882 7490 -101  203
B 18892 7479 -101  189
B 18902 7123 -101  175
B 18912 7009 -101  158
B 18922 7073 -101  141
B 18932 7185 -101  123
B 18942 7353 -101  104
B 18952 7359 -101   84
B 18962 7533 -101   62
B 18972 7568 -101   39
B 18982 7574 -101   16
B 18992 7550 -101   -7
push -10 -10
push out at target
B 19002 7554   80  -18
B 19012 7466   80  -31
B 19022 7454   80  -45
B 19032 7531   80  -57
B 19042 7579   80  -71
B 19052 7197   80  -85
B 19062 7414   80  -98
B 19072 7322   80 -108
B 19082 7453   73 -111
B 19092 7450   14 -111
B 19102 7531   10 -111
B 19112 7380   10 -103
B 19122 7299   10  -89
B 19132 7331   10  -79
B 19142 7879   10  -65
B 19152 7886   10  -52
B 19162 7890   10  -39
B 19172 7929   10  -25
B 19182 7930   10  -12
pb end 
B 19192 7931   10    1
B 19202 7968   10   12
B 19212 7933   10   21
B 19222 7934   10   29
B 19232 7968   10   34
B 19242 7933   10   37
B 19252 7935   10   40
B 19262 7970   10   41
B 19272 7971   10   42
B 19282 7971   10   43
B 19292 7971   10   45
B 19302 7972   10   45
B 19312 7972   10   45
B 19322 7971   10   45
B 19332 7968   10   45
B 19342 7971   10   45
B 19352 7970   10   45
B 19362 7971   10   45
B 19372 7971   10   45
B 19382 7971   10   45
B 19392 7972   10   45
B 19402 7971   10   45
B 19412 7971   10   45
B 19422 7972   10   45
B 19432 7971   10   43
B 19442 7971   10   42
B 19452 7974   10   41
B 19462 7971   10   41
B 19472 7971   10   40
B 19482 7971   10   40
B 19492 7971   10   40
B 19502 7974   10   40
B 19512 7971   10   40
B 19522 7972   10   40
B 19532 7975   10   40
B 19542 7974   10   40
B 19552 7974   10   40
B 19562 7974   10   40
B 19572 7974   10   40
B 19582 7972   10   40
B 19592 7975   10   40
B 19602 7972   10   40
B 19612 7974   10   40
B 19622 7974   10   40
B 19632 7974   10   40
B 19642 7972   10   40
B 19652 7974   10   40
B 19662 7974   10   40
B 19672 7974   10   40
B 19682 7974   10   40
B 19692 7972   10   40
SSS vs= 1.00  t=  212
%P VOLT1   = 7978
%P VOLT2   = 7968
%P S2_SC   =  1.00
%P L_ANG_MAX = 212
B 19702 7975   70   40
B 19712 7971   70   40
B 19722 7974   70   40
B 19732 7904   70   40
B 19742 7831   70   40
B 19752 7810   70   40
B 19762 7785   70   40
B 19772 7363   70   40
B 19782 7412   70   40
B 19792 7412   70   47
B 19802 7357   70   54
B 19812 7341   69   61
B 19822 7357   57   69
B 19832 7359   44   77
B 19842 7465   30   87
B 19852 7487   30   96
B 19862 7568   30  106
B 19872 7596   30  115
*** dt = 61 , A = 116 , rpm = 315 
B 19882 7608   30  125
B 19892 7830   30  133
B 19902 7869   30  141
B 19912 7872   30  149
B 19922 7875   30  157
B 19932 7910   30  165
pull out 165
B 19942 7910 -100  172
B 19952 7875 -100  179
B 19962 7862 -100  185
B 19972 7674 -100  192
B 19982 7693 -100  195
B 19992 7693 -100  201
B 20002 7743 -100  205
B 20012 7318 -100  208
B 20022 7478 -100  209
B 20032 7385 -100  209
B 20042 7495 -100  209
*** amax = 209  vhit = 101
B 20052 7454 -101  203
B 20062 7443 -101  189
B 20072 7162 -101  174
B 20082 7044 -101  158
B 20092 7109 -101  141
B 20102 7149 -101  123
B 20112 7315 -101  104
B 20122 7322 -101   84
B 20132 7533 -101   62
B 20142 7566 -101   39
B 20152 7574 -101   16
B 20162 7584 -101   -6
push -10 -10
push out at target
B 20172 7551   80  -17
B 20182 7465   80  -29
B 20192 7457   80  -43
B 20202 7533   80  -55
B 20212 7580   80  -67
B 20222 7160   80  -80
B 20232 7383   80  -93
B 20242 7296   80 -103
B 20252 7457   73 -107
B 20262 7488   23 -107
B 20272 7564   10 -107
B 20282 7370   10  -99
B 20292 7294   10  -86
B 20302 7327   10  -75
B 20312 7841   10  -63
B 20322 7849   10  -49
B 20332 7853   10  -36
B 20342 7927   10  -23
B 20352 7929   10  -10
pb end 
B 20362 7930   10    3
B 20372 7931   10   15
B 20382 7930   10   25
B 20392 7931   10   33
B 20402 7934   10   38
B 20412 7933   10   42
B 20422 7934   10   45
B 20432 7971   10   46
B 20442 7934   10   47
B 20452 7934   10   47
B 20462 7968   10   47
B 20472 7970   10   49
B 20482 7971   10   49
B 20492 7970   10   49
B 20502 7970   10   49
B 20512 7971   10   49
B 20522 7970   10   49
B 20532 7968   10   49
B 20542 7970   10   49
B 20552 7970   10   49
B 20562 7970   10   47
B 20572 7968   10   46
B 20582 7971   10   45
B 20592 7971   10   44
B 20602 7971   10   42
B 20612 7971   10   41
B 20622 7972   10   41
B 20632 7971   10   40
B 20642 7972   10   39
B 20652 7974   10   39
B 20662 7971   10   39
B 20672 7972   10   38
B 20682 7972   10   38
B 20692 7972   10   37
B 20702 7972   10   37
B 20712 7972   10   37
B 20722 7971   10   37
B 20732 7972   10   37
B 20742 7972   10   37
B 20752 7972   10   37
B 20762 7972   10   37
B 20772 7971   10   37
B 20782 7974   10   37
B 20792 7974   10   37
B 20802 7971   10   37
B 20812 7972   10   37
B 20822 7974   10   37
B 20832 7971   10   37
B 20842 7972   10   37
B 20852 7972   10   37
B 20862 7972   10   37
SSS vs= 1.00  t=  212
%P VOLT1   = 7978
%P VOLT2   = 7965
%P S2_SC   =  1.00
%P L_ANG_MAX = 212
B 20872 7974   70   37
B 20882 7974   70   37
B 20892 7971   70   37
B 20902 7901   70   37
B 20912 7821   70   37
B 20922 7803   70   37
B 20932 7779   70   37
B 20942 7353   70   37
B 20952 7406   70   38
B 20962 7408   70   43
B 20972 7397   70   51
B 20983 7382   70   58
B 20993 7391   61   67
B 21003 7321   49   75
B 21013 7420   35   84
B 21023 7438   30   93
B 21033 7561   30  103
B 21043 7584   30  113
*** dt = 57 , A = 115 , rpm = 332 
B 21053 7604   30  122
B 21063 7719   30  131
B 21073 7833   30  139
B 21083 7834   30  147
B 21093 7872   30  155
pull out 162
B 21103 7872 -100  163
B 21113 7875 -100  170
B 21124 7875 -100  177
B 21134 7843 -100  185
B 21144 7692 -100  190
B 21154 7662 -100  195
B 21164 7734 -100  200
B 21174 7786 -100  204
B 21184 7284 -100  207
B 21194 7431 -100  208
B 21204 7315 -100  208
B 21214 7445 -100  208
*** amax = 208  vhit = 102
B 21224 7445 -102  199
B 21234 7447 -102  184
B 21244 7176 -102  168
B 21254 7058 -102  153
B 21264 7116 -102  134
B 21274 7159 -102  115
B 21284 7321 -102   97
B 21294 7326 -102   77
B 21304 7499 -102   55
B 21314 7571 -102   31
B 21324 7577 -102    7
B 21334 7549 -102  -10
push -10 -10
push out at target
B 21344 7574   80  -20
B 21354 7472   80  -33
B 21364 7474   80  -46
B 21374 7521   80  -59
B 21384 7566   80  -71
B 21394 7211   80  -84
B 21404 7506   80  -96
B 21414 7406   80 -104
B 21424 7439   56 -106
B 21434 7443    6 -106
B 21444 7588   10 -105
B 21454 7482   10  -95
B 21464 7316   10  -83
B 21474 7336   10  -73
B 21484 7879   10  -61
B 21494 7920   10  -49
B 21504 7924   10  -37
B 21514 7926   10  -24
B 21524 7929   10  -13
pb end 
B 21534 7929   10   -1
B 21544 7930   10    9
B 21554 7931   10   17
B 21564 7931   10   23
B 21574 7934   10   28
B 21584 7933   10   31
B 21594 7933   10   33
B 21604 7934   10   34
B 21614 7968   10   35
B 21624 7970   10   35
B 21634 7968   10   37
B 21644 7934   10   37
B 21654 7934   10   37
B 21664 7968   10   37
B 21674 7970   10   37
B 21684 7970   10   37
B 21694 7970   10   37
B 21704 7970   10   37
B 21714 7970   10   37
B 21724 7970   10   37
B 21734 7970   10   37
B 21744 7971   10   37
B 21754 7970   10   37
B 21764 7970   10   37
B 21774 7971   10   36
B 21784 7971   10   36
B 21794 7971   10   35
B 21804 7970   10   35
B 21814 7970   10   34
B 21824 7971   10   34
B 21834 7971   10   34
B 21844 7970   10   34
B 21854 7972   10   34
B 21864 7971   10   34
B 21874 7971   10   34
B 21884 7972   10   34
B 21894 7970   10   34
B 21904 7971   10   34
B 21914 7974   10   34
B 21924 7971   10   34
B 21934 7971   10   34
B 21944 7971   10   34
B 21954 7971   10   34
B 21964 7972   10   34
B 21974 7971   10   34
B 21984 7972   10   34
B 21994 7972   10   34
B 22004 7971   10   34
B 22014 7971   10   34
B 22024 7972   10   34
SSS vs= 1.00  t=  212
%P VOLT1   = 7978
%P VOLT2   = 7961
%P S2_SC   =  1.00
%P L_ANG_MAX = 212
B 22035 7974   70   34
B 22045 7972   70   34
B 22055 7972   70   34
B 22066 7972   70   34
B 22077 7845   70   34
B 22088 7810   70   34
B 22098 7789   70   34
B 22108 7372   70   34
B 22119 7339   70   35
B 22129 7434   70   39
B 22139 7380   70   45
B 22149 7409   70   53
B 22159 7361   70   60
B 22169 7328   60   68
B 22179 7334   47   76
B 22189 7448   32   85
B 22199 7485   30   95
B 22209 7520   30  104
B 22219 7589   30  113
*** dt = 68 , A = 115 , rpm = 298 
B 22229 7641   30  123
B 22239 7649   30  132
B 22249 7796   30  140
B 22259 7871   30  148
B 22269 7871   30  156
B 22279 7872   30  163
pull out 171
B 22289 7874 -100  171
B 22299 7874 -100  178
B 22309 7872 -100  185
B 22319 7872 -100  192
B 22329 7685 -100  198
B 22339 7655 -100  201
B 22349 7688 -100  207
B 22359 7734 -100  211
B 22369 7241 -100  214
B 22379 7455 -100  216
B 22389 7363 -100  216
B 22399 7432 -100  216
*** amax = 216  vhit = 98
B 22409 7457  -98  211
B 22419 7440  -98  197
B 22429 7185  -98  183
B 22439 7067  -98  166
B 22449 7133  -98  149
B 22459 7145  -98  132
B 22469 7281  -98  113
B 22479 7290  -98   93
B 22489 7499  -98   72
B 22499 7568  -98   50
B 22509 7573  -98   26
B 22519 7580  -98    2
push -11 -10
push out at target
B 22529 7561   80  -12
B 22539 7543   80  -24
B 22549 7521   80  -37
B 22559 7489   80  -53
B 22569 7495   80  -68
B 22579 7438   80  -83
B 22589 7380   80  -99
B 22599 7410   80 -116
B 22609 7344   80 -131
B 22619 7392   80 -139
B 22629 7343   56 -140
B 22639 7425    0 -140
B 22649 7377   10 -140
B 22659 7500   10 -128
B 22669 7272   10 -115
B 22679 7296   10 -105
B 22689 7309   10  -92
B 22699 7920   10  -79
B 22709 7888   10  -67
B 22719 7890   10  -55
B 22729 7926   10  -43
pb end 
B 22739 7929   10  -32
B 22749 7930   10  -23
B 22759 7931   10  -13
B 22769 7930   10   -6
B 22779 7933   10    0
B 22789 7931   10    5
B 22799 7933   10    9
B 22809 7933   10   13
B 22819 7968   10   16
B 22829 7933   10   18
B 22839 7933   10   21
B 22849 7929   10   24
B 22859 7934   10   24
B 22869 7933   10   25
B 22879 7968   10   25
B 22889 7968   10   25
B 22899 7967   10   25
B 22909 7967   10   25
B 22919 7968   10   25
B 22929 7970   10   25
B 22939 7968   10   25
B 22949 7970   10   25
B 22959 7970   10   25
B 22969 7970   10   25
B 22979 7971   10   25
B 22989 7970   10   25
B 22999 7971   10   25
B 23009 7970   10   25
B 23019 7970   10   25
B 23029 7971   10   25
B 23039 7971   10   25
B 23049 7968   10   25
B 23059 7970   10   25
B 23069 7971   10   25
B 23079 7970   10   25
B 23089 7970   10   25
B 23099 7971   10   25
B 23109 7971   10   25
B 23119 7971   10   25
B 23129 7970   10   25
B 23139 7968   10   25
B 23149 7970   10   25
B 23159 7968   10   25
B 23169 7971   10   25
B 23179 7971   10   25
B 23189 7970   10   25
B 23199 7970   10   25
B 23209 7972   10   25
B 23219 7972   10   25
B 23229 7971   10   25
SSS vs= 1.00  t=  212
%P VOLT1   = 7978
%P VOLT2   = 7961
%P S2_SC   =  1.00
%P L_ANG_MAX = 212
B 23239 7971   70   25
B 23249 7971   70   25
B 23259 7909   70   25
B 23269 7828   70   25
B 23279 7807   70   25
B 23289 7788   70   25
B 23299 7368   70   25
B 23309 7415   70   31
B 23319 7408   70   37
B 23329 7385   70   44
B 23339 7304   70   51
B 23349 7323   70   59
B 23359 7362   61   66
B 23369 7361   47   75
B 23379 7355   34   84
B 23389 7469   30   93
B 23399 7526   30  104
B 23409 7576   30  113
*** dt = 55 , A = 117 , rpm = 331 
B 23419 7565   30  123
B 23429 7752   30  133
B 23439 7756   30  141
B 23449 7868   30  149
B 23459 7869   30  158
pull out 165
B 23469 7874 -100  167
B 23479 7872 -100  175
B 23489 7874 -100  181
B 23499 7672 -100  189
B 23509 7641 -100  193
B 23519 7679 -100  198
B 23529 7725 -100  203
B 23539 7198 -100  206
B 23549 7415 -100  209
B 23559 7334 -100  209
B 23569 7439 -100  209
*** amax = 209  vhit = 101
B 23579 7422 -101  205
B 23589 7408 -101  192
B 23599 7220 -101  177
B 23609 7101 -101  161
B 23619 7163 -101  144
B 23629 7105 -101  127
B 23639 7274 -101  108
B 23649 7287 -101   89
B 23659 7496 -101   67
B 23669 7562 -101   45
B 23679 7566 -101   21
B 23689 7578 -101   -3
push -10 -10
push out at target
B 23699 7551   80  -13
B 23709 7525   80  -24
B 23719 7494   80  -36
B 23729 7479   80  -52
B 23739 7492   80  -67
B 23749 7401   80  -80
B 23759 7342   80  -96
B 23769 7374   80 -112
B 23779 7351   80 -125
B 23789 7399   80 -134
B 23799 7351   64 -135
B 23809 7433    0 -135
B 23819 7417   10 -135
B 23829 7538   10 -123
B 23839 7308   10 -111
B 23849 7296   10 -100
B 23859 7307   10  -87
B 23869 7882   10  -75
B 23879 7888   10  -62
B 23889 7889   10  -50
B 23899 7926   10  -39
pb end 
B 23909 7927   10  -27
B 23919 7929   10  -17
B 23929 7929   10   -8
B 23939 7930   10   -1
B 23949 7930   10    5
B 23959 7931   10   10
B 23969 7930   10   14
B 23979 7931   10   17
B 23989 7933   10   20
B 23999 7931   10   22
B 24009 7933   10   26
B 24019 7934   10   26
B 24029 7933   10   26
B 24039 7930   10   26
B 24049 7931   10   26
B 24059 7931   10   27
B 24069 7931   10   27
B 24079 7931   10   27
B 24089 7968   10   27
B 24099 7968   10   27
B 24109 7968   10   27
B 24119 7970   10   27
B 24129 7968   10   27
B 24139 7967   10   27
B 24149 7968   10   27
B 24159 7970   10   27
B 24169 7968   10   27
B 24179 7968   10   27
B 24189 7970   10   27
B 24199 7970   10   27
B 24209 7970   10   27
B 24219 7968   10   27
B 24229 7968   10   27
B 24239 7970   10   27
B 24249 7970   10   27
B 24259 7970   10   27
B 24269 7968   10   27
B 24279 7970   10   27
B 24289 7970   10   27
B 24299 7970   10   27
B 24309 7970   10   27
B 24319 7968   10   27
B 24329 7970   10   27
B 24339 7970   10   27
B 24349 7971   10   27
B 24359 7971   10   27
B 24369 7970   10   27
B 24379 7971   10   27
B 24389 7970   10   27
B 24399 7970   10   27
SSS vs= 1.00  t=  212
%P VOLT1   = 7978
%P VOLT2   = 7961
%P S2_SC   =  1.00
%P L_ANG_MAX = 212
B 24409 7971   70   27
B 24419 7970   70   27
B 24429 7908   70   27
B 24439 7825   70   27
B 24449 7806   70   27
B 24459 7786   70   27
B 24469 7367   70   27
B 24479 7411   70   32
B 24489 7404   70   38
B 24499 7385   70   45
B 24509 7341   70   52
B 24519 7357   70   59
B 24529 7361   61   67
B 24539 7357   47   75
B 24549 7351   34   84
B 24559 7465   30   93
B 24569 7528   30  104
B 24579 7576   30  113
*** dt = 55 , A = 117 , rpm = 331 
B 24589 7562   30  123
B 24599 7752   30  133
B 24609 7757   30  141
B 24619 7866   30  149
B 24629 7869   30  158
pull out 165
B 24639 7871 -100  166
B 24649 7872 -100  174
B 24659 7869 -100  181
B 24669 7666 -100  188
B 24679 7638 -100  192
B 24689 7674 -100  197
B 24699 7722 -100  203
B 24709 7161 -100  205
B 24719 7374 -100  208
B 24729 7300 -100  208
B 24739 7445 -100  208
*** amax = 208  vhit = 102
B 24749 7423 -102  204
B 24759 7408 -102  191
B 24769 7257 -102  176
B 24779 7101 -102  160
B 24789 7161 -102  143
B 24799 7104 -102  125
B 24809 7240 -102  107
B 24819 7255 -102   87
B 24829 7464 -102   66
B 24839 7532 -102   43
B 24849 7536 -102   20
B 24859 7578 -102   -3
push -11 -10
push out at target
B 24869 7547   80  -15
B 24879 7476   80  -27
B 24889 7421   80  -40
B 24899 7492   80  -51
B 24909 7539   80  -65
B 24919 7118   80  -77
B 24929 7349   80  -90
B 24939 7282   80 -100
B 24949 7436   73 -104
B 24959 7459   23 -104
B 24969 7517   10 -104
B 24979 7500   10  -99
B 24989 7321   10  -87
B 24999 7358   10  -75
B 25009 7765   10  -64
B 25019 7845   10  -51
B 25029 7849   10  -39
B 25039 7921   10  -25
B 25049 7926   10  -12
pb end 
B 25059 7924   10    1
B 25069 7927   10   12
B 25079 7929   10   23
B 25089 7929   10   31
B 25099 7930   10   37
B 25109 7930   10   41
B 25119 7930   10   44
B 25129 7931   10   46
B 25139 7931   10   47
B 25149 7931   10   47
B 25159 7931   10   47
B 25169 7931   10   47
B 25179 7931   10   47
B 25189 7931   10   47
B 25199 7931   10   47
B 25209 7930   10   47
B 25219 7931   10   47
B 25229 7964   10   47
B 25239 7965   10   47
B 25249 7930   10   46
B 25259 7931   10   45
B 25269 7931   10   44
B 25279 7933   10   42
B 25289 7933   10   41
B 25299 7935   10   40
B 25309 7968   10   39
B 25319 7968   10   37
B 25329 7968   10   37
B 25339 7967   10   36
B 25349 7968   10   35
B 25359 7968   10   35
B 25369 7968   10   34
B 25379 7968   10   34
B 25389 7970   10   34
B 25399 7968   10   34
B 25409 7970   10   34
B 25419 7970   10   34
B 25429 7968   10   34
B 25439 7968   10   34
B 25449 7968   10   34
B 25459 7933   10   34
B 25469 7968   10   34
B 25479 7968   10   34
B 25489 7970   10   34
B 25499 7970   10   34
B 25509 7968   10   34
B 25519 7970   10   34
B 25529 7971   10   34
B 25539 7970   10   34
B 25549 7970   10   34
SSS vs= 1.00  t=  212
%P VOLT1   = 7978
%P VOLT2   = 7958
%P S2_SC   =  1.00
%P L_ANG_MAX = 212
B 25560 7970   70   34
B 25570 7970   70   34
B 25580 7925   70   34
B 25590 7827   70   34
B 25600 7802   70   34
B 25610 7781   70   34
B 25620 7611   70   35
B 25630 7584   70   35
B 25640 7434   70   39
B 25650 7421   70   45
B 25660 7448   70   53
B 25670 7359   70   60
B 25680 7294   60   67
B 25690 7298   46   77
B 25701 7412   30   86
B 25711 7492   30   95
B 25722 7596   30  106
*** dt = 62 , A = 115 , rpm = 315 
B 25732 7627   30  116
B 25742 7641   30  125
B 25752 7755   30  133
B 25762 7759   30  141
B 25772 7866   30  149
B 25782 7869   30  157
B 25792 7872   30  165
pull out 165
B 25802 7871 -100  172
B 25812 7860 -100  179
B 25822 7669 -100  185
B 25832 7647 -100  189
B 25842 7685 -100  195
B 25852 7731 -100  200
B 25862 7165 -100  203
B 25872 7476 -100  205
B 25882 7394 -100  205
*** amax = 205  vhit = 103
B 25892 7399 -103  204
B 25902 7423 -103  199
B 25912 7411 -103  185
B 25922 7299 -103  170
B 25932 7005 -103  153
B 25942 7065 -103  137
B 25952 7113 -103  119
B 25962 7353 -103  100
B 25972 7362 -103   80
B 25982 7465 -103   58
B 25992 7568 -103   36
B 26002 7571 -103   13
B 26012 7577 -103   -7
push -10 -10
push out at target
B 26022 7540   80  -18
B 26032 7459   80  -30
B 26042 7458   80  -44
B 26052 7500   80  -55
B 26062 7545   80  -69
B 26072 7337   80  -82
B 26082 7485   80  -95
B 26092 7397   80 -104
B 26102 7385   64 -108
B 26112 7453   23 -108
B 26122 7534   10 -107
B 26132 7512   10  -99
B 26142 7254   10  -87
B 26152 7289   10  -75
B 26162 7519   10  -63
B 26172 7882   10  -49
B 26182 7885   10  -36
B 26192 7923   10  -23
B 26202 7926   10   -9
pb end 
B 26212 7926   10    4
B 26222 7926   10   16
B 26232 7929   10   26
B 26242 7929   10   33
B 26252 7929   10   38
B 26262 7930   10   42
B 26272 7930   10   45
B 26282 7929   10   45
B 26292 7930   10   46
B 26302 7929   10   46
B 26312 7931   10   46
B 26322 7931   10   47
B 26332 7930   10   47
B 26342 7931   10   47
B 26352 7933   10   47
B 26362 7930   10   47
B 26372 7930   10   47
B 26382 7930   10   47
B 26392 7930   10   47
B 26402 7930   10   47
B 26412 7931   10   46
B 26422 7931   10   45
B 26432 7933   10   44
B 26442 7931   10   42
B 26452 7931   10   41
B 26462 7931   10   41
B 26472 7967   10   39
B 26482 7968   10   39
B 26492 7933   10   38
B 26502 7933   10   37
B 26512 7933   10   37
B 26522 7933   10   37
B 26532 7931   10   37
B 26542 7933   10   36
B 26552 7933   10   36
B 26562 7968   10   36
B 26572 7968   10   36
B 26582 7968   10   36
B 26592 7967   10   36
B 26602 7970   10   36
B 26612 7933   10   36
B 26622 7968   10   36
B 26632 7968   10   36
B 26642 7968   10   36
B 26652 7970   10   36
B 26662 7970   10   36
B 26672 7968   10   36
B 26682 7970   10   36
B 26692 7967   10   36
B 26702 7968   10   36
B 26712 7967   10   36
SSS vs= 1.00  t=  212
%P VOLT1   = 7978
%P VOLT2   = 7947
%P S2_SC   =  1.00
%P L_ANG_MAX = 212
B 26722 7968   70   36
B 26732 7968   70   36
B 26743 7968   70   36
B 26753 7887   70   36
B 26763 7818   70   36
B 26773 7802   70   37
B 26784 7775   70   37
B 26794 7563   70   37
B 26804 7408   70   37
B 26814 7415   70   44
B 26825 7402   70   51
B 26835 7317   70   59
B 26845 7324   63   66
B 26855 7323   50   74
B 26865 7416   35   83
B 26875 7435   30   93
B 26885 7518   30  102
B 26895 7651   30  111
*** dt = 69 , A = 114 , rpm = 298 
B 26905 7669   30  121
B 26915 7645   30  129
B 26925 7793   30  137
B 26935 7794   30  145
B 26945 7833   30  153
B 26955 7869   30  160
B 26965 7869   30  167
pull out 169
B 26975 7868 -100  174
B 26985 7871 -100  181
B 26995 7869 -100  188
B 27005 7734 -100  193
B 27016 7654 -100  197
B 27027 7680 -100  203
B 27037 7725 -100  208
B 27047 7233 -100  211
B 27057 7415 -100  213
B 27067 7357 -100  213
B 27077 7450 -100  213
*** amax = 213  vhit = 100
B 27087 7466 -100  209
B 27097 7450 -100  196
B 27107 7226 -100  181
B 27117 7104 -100  165
B 27127 7161 -100  149
B 27137 7103 -100  131
B 27147 7273 -100  112
B 27157 7284 -100   93
B 27167 7496 -100   72
B 27177 7532 -100   48
B 27187 7535 -100   26
B 27197 7578 -100    2
push -11 -10
push out at target
B 27207 7591   80  -13
B 27217 7553   80  -23
B 27227 7457   80  -36
B 27237 7486   80  -48
B 27247 7530   80  -61
B 27257 7112   80  -73
B 27267 7354   80  -86
B 27277 7298   80  -96
B 27287 7447   73 -103
B 27297 7458   48 -103
B 27307 7472   10 -103
B 27317 7434   10  -99
B 27327 7221   10  -87
B 27337 7295   10  -75
B 27347 7574   10  -63
B 27358 7696   10  -49
B 27368 7704   10  -35
B 27378 7883   10  -21
B 27388 7923   10   -8
pb end 
B 27398 7926   10    5
B 27408 7924   10   17
B 27418 7927   10   29
B 27428 7927   10   37
B 27438 7962   10   44
B 27448 7924   10   49
B 27458 7929   10   51
B 27468 7929   10   53
B 27478 7927   10   54
B 27488 7930   10   54
B 27498 7930   10   54
B 27508 7930   10   54
B 27518 7930   10   54
B 27528 7931   10   54
B 27538 7930   10   54
B 27548 7929   10   54
B 27558 7929   10   54
B 27568 7929   10   54
B 27578 7930   10   54
B 27588 7929   10   53
B 27598 7930   10   51
B 27608 7930   10   49
B 27618 7929   10   48
B 27628 7927   10   46
B 27638 7931   10   45
B 27648 7930   10   43
B 27658 7965   10   42
B 27668 7967   10   41
B 27678 7933   10   40
B 27688 7931   10   40
B 27698 7931   10   39
B 27708 7931   10   38
B 27718 7933   10   38
B 27728 7931   10   37
B 27738 7930   10   37
B 27748 7931   10   37
B 27758 7931   10   37
B 27768 7967   10   37
B 27778 7968   10   37
B 27788 7967   10   37
B 27798 7967   10   37
B 27808 7931   10   37
B 27818 7931   10   37
B 27828 7933   10   37
B 27838 7968   10   37
B 27848 7965   10   37
B 27858 7968   10   37
B 27868 7931   10   37
B 27878 7931   10   37
B 27888 7968   10   37
SSS vs= 1.00  t=  212
%P VOLT1   = 7978
%P VOLT2   = 7954
%P S2_SC   =  1.00
%P L_ANG_MAX = 212
B 27899 7967   70   37
B 27909 7968   70   37
B 27919 7928   70   37
B 27929 7831   70   37
B 27939 7803   70   37
B 27949 7785   70   37
B 27959 7367   70   37
B 27969 7340   70   37
B 27979 7404   70   41
B 27989 7354   70   48
B 27999 7375   70   54
B 28009 7361   69   61
B 28019 7363   57   69
B 28029 7369   44   78
B 28039 7423   30   87
B 28049 7530   30   96
B 28059 7562   30  105
*** dt = 68 , A = 115 , rpm = 298 
B 28069 7660   30  115
B 28079 7639   30  124
B 28089 7645   30  132
B 28099 7828   30  140
B 28109 7865   30  148
B 28119 7868   30  156
B 28129 7871   30  163
pull out 169
B 28139 7868 -100  170
B 28149 7869 -100  177
B 28159 7868 -100  184
B 28169 7865 -100  190
B 28179 7685 -100  196
B 28189 7657 -100  199
B 28199 7690 -100  204
B 28209 7738 -100  209
B 28219 7312 -100  211
B 28229 7485 -100  213
B 28239 7398 -100  213
B 28249 7468 -100  213
*** amax = 213  vhit = 100
B 28259 7458 -100  205
B 28269 7453 -100  193
B 28279 7167 -100  177
B 28289 7015 -100  161
B 28299 7073 -100  145
B 28309 7149 -100  127
B 28319 7312 -100  108
B 28329 7318 -100   88
B 28339 7526 -100   67
B 28349 7559 -100   45
B 28359 7567 -100   21
B 28369 7577 -100   -3
push -11 -10
push out at target
B 28379 7587   80  -15
B 28389 7516   80  -26
B 28399 7458   80  -39
B 28409 7529   80  -50
B 28419 7573   80  -64
B 28429 7156   80  -76
B 28439 7386   80  -88
B 28449 7313   80  -98
B 28459 7468   73 -103
B 28469 7458   31 -103
B 28479 7510   10 -103
B 28489 7346   10  -97
B 28499 7274   10  -85
B 28509 7316   10  -73
B 28519 7798   10  -63
B 28529 7771   10  -51
B 28539 7777   10  -37
B 28549 7889   10  -24
B 28559 7923   10  -11
pb end 
B 28569 7926   10    1
B 28579 7924   10   13
B 28589 7926   10   24
B 28599 7927   10   33
B 28609 7927   10   39
B 28619 7927   10   43
B 28629 7927   10   46
B 28639 7929   10   48
B 28649 7930   10   49
B 28659 7929   10   49
B 28669 7930   10   49
B 28679 7930   10   49
B 28689 7930   10   49
B 28699 7930   10   49
B 28709 7930   10   49
B 28719 7930   10   49
B 28729 7929   10   49
B 28739 7929   10   49
B 28749 7927   10   48
B 28759 7927   10   46
B 28769 7929   10   45
B 28779 7931   10   44
B 28789 7930   10   42
B 28799 7929   10   41
B 28809 7930   10   40
B 28819 7930   10   38
B 28829 7930   10   37
B 28839 7930   10   37
B 28849 7930   10   36
B 28859 7933   10   35
B 28869 7930   10   34
B 28879 7930   10   34
B 28889 7930   10   33
B 28899 7930   10   33
B 28909 7930   10   33
B 28919 7934   10   33
B 28929 7931   10   33
B 28939 7967   10   33
B 28949 7931   10   33
B 28959 7933   10   33
B 28969 7967   10   33
B 28979 7931   10   33
B 28989 7931   10   33
B 28999 7931   10   33
B 29009 7931   10   33
B 29019 7933   10   33
B 29029 7931   10   33
B 29039 7931   10   33
B 29049 7933   10   33
B 29059 7968   10   33
SSS vs= 1.00  t=  212
%P VOLT1   = 7919
%P VOLT2   = 7951
%P S2_SC   =  1.01
%P L_ANG_MAX = 212
B 29070 7931   70   33
B 29080 7934   70   33
B 29090 7870   70   33
B 29101 7789   70   33
B 29112 7758   70   33
B 29122 7734   70   34
B 29132 7357   70   34
B 29142 7408   70   34
B 29152 7408   70   40
B 29162 7391   70   47
B 29172 7309   70   53
B 29182 7320   70   61
B 29192 7358   57   69
B 29202 7444   46   77
B 29212 7448   30   87
B 29222 7528   30   96
B 29232 7591   30  105
*** dt = 68 , A = 115 , rpm = 298 
B 29242 7621   30  115
B 29252 7603   30  124
B 29262 7787   30  133
B 29272 7790   30  141
B 29282 7866   30  149
B 29292 7869   30  157
B 29302 7869   30  164
pull out 169
B 29312 7869 -100  171
B 29322 7868 -100  178
B 29332 7869 -100  185
B 29342 7794 -100  192
B 29352 7661 -100  196
B 29362 7665 -100  201
B 29372 7706 -100  205
B 29382 7288 -100  209
B 29392 7316 -100  212
B 29402 7426 -100  213
B 29412 7537 -100  213
B 29422 7453 -100  213
*** amax = 213  vhit = 100
B 29432 7420 -100  204
B 29442 7141 -100  189
B 29452 7181 -100  175
B 29462 7060 -100  158
B 29472 7118 -100  141
B 29482 7155 -100  123
B 29492 7317 -100  104
B 29502 7499 -100   83
B 29512 7498 -100   61
B 29522 7535 -100   39
B 29532 7539 -100   15
B 29542 7551 -100   -7
push -11 -10
push out at target
B 29552 7550   80  -18
B 29562 7480   80  -31
B 29572 7457   80  -44
B 29582 7533   80  -55
B 29592 7117   80  -69
B 29602 7157   80  -82
B 29612 7336   80  -95
B 29622 7535   80 -103
B 29632 7453   56 -107
B 29642 7454   23 -107
B 29652 7322   10 -107
B 29662 7415   10  -97
B 29672 7333   10  -84
B 29682 7825   10  -75
B 29692 7837   10  -61
B 29702 7807   10  -49
B 29712 7885   10  -36
B 29722 7885   10  -23
B 29732 7921   10  -10
B 29742 7924   10    3
pb end 
B 29752 7924   10   14
B 29762 7926   10   24
B 29772 7927   10   31
B 29782 7927   10   37
B 29792 7929   10   40
B 29802 7927   10   42
B 29812 7927   10   44
B 29822 7927   10   45
B 29832 7927   10   45
B 29842 7930   10   45
B 29852 7964   10   45
B 29862 7929   10   45
B 29872 7931   10   45
B 29882 7927   10   45
B 29892 7929   10   45
B 29902 7927   10   45
B 29912 7927   10   45
B 29922 7926   10   45
B 29932 7929   10   45
B 29942 7929   10   43
B 29952 7929   10   42
B 29962 7927   10   41
B 29972 7929   10   40
B 29982 7929   10   38
B 29992 7929   10   37
** 30000
2_28_bew_4 test-1 volt=0.81 ang= 200.0 rpm= 382 332.1 365.9 389.9 
2_28_bew_4 test-2 volt=8.02 ang= 176.0 rpm= 358 306.1 342.3 362.1 
2_28_bew_4 test-3 volt=7.98 ang= 193.0 rpm= 375 327.5 361.4 383.7 
2_28_bew_4 test-4 volt=7.99 ang= 188.0 rpm= 365 321.3 354.2 376.1 
2_28_bew_4 test-5 volt=7.98 ang= 193.0 rpm= 370 325.2 359.3 383.0 
2_28_bew_4 test-6 volt=7.98 ang= 205.0 rpm= 385 338.9 375.9 391.4 
2_28_bew_4 test-7 volt=7.98 ang= 203.0 rpm= 372 336.5 365.1 383.0 
2_28_bew_4 test-8 volt=7.98 ang= 203.0 rpm= 378 336.1 366.6 389.0 
2_28_bew_4 test-9 volt=7.97 ang= 197.0 rpm= 372 330.6 362.5 381.5 
2_28_bew_4 test-10 volt=7.97 ang= 209.0 rpm= 384 340.0 375.0 391.3 
2_28_bew_4 test-11 volt=7.94 ang= 209.0 rpm= 381 341.2 369.1 391.2 
2_28_bew_4 test-12 volt=7.97 ang= 209.0 rpm= 382 339.8 368.9 386.9 
2_28_bew_4 test-13 volt=7.93 ang= 198.0 rpm= 374 329.9 362.2 378.4 
2_28_bew_4 test-14 volt=7.93 ang= 199.0 rpm= 376 327.9 363.1 379.1 
2_28_bew_4 test-15 volt=7.93 ang= 208.0 rpm= 382 339.9 371.1 398.4 
2_28_bew_4 test-16 volt=7.93 ang= 209.0 rpm= 378 338.8 366.7 386.5 
2_28_bew_4 test-17 volt=7.93 ang= 209.0 rpm= 382 338.8 369.4 383.3 
2_28_bew_4 test-18 volt=7.93 ang= 209.0 rpm= 379 337.9 368.3 381.0 
2_28_bew_4 test-19 volt=7.93 ang= 208.0 rpm= 381 340.5 371.1 400.0 
2_28_bew_4 test-20 volt=7.93 ang= 216.0 rpm= 383 341.8 373.4 396.0 
2_28_bew_4 test-21 volt=7.93 ang= 209.0 rpm= 385 337.9 371.5 392.1 
2_28_bew_4 test-22 volt=7.93 ang= 208.0 rpm= 380 336.3 367.2 383.3 
2_28_bew_4 test-23 volt=7.92 ang= 205.0 rpm= 370 330.6 361.4 372.5 
2_28_bew_4 test-24 volt=7.93 ang= 213.0 rpm= 383 339.9 371.7 383.0 
2_28_bew_4 test-25 volt=7.93 ang= 213.0 rpm= 383 338.0 369.6 392.1 
2_28_bew_4 test-26 volt=7.93 ang= 213.0 rpm= 379 340.4 371.6 383.7 