L: in lcd_mode_selection
L: t_push=   115
L: in lcd_bat_adj
L: t_push=    81
%Initializing ...
% batt1   = 7.98v
% batt2   = 8.26v
% mode    = 6   
% time    = 674239   
% Wheel_L =  -96   
% Wheel_R =   12   
% Bat     =    6   
% Intaker =    0   
% Gryo    = -198   
SSS vs= 0.99  t=  178
%P VOLT1   = 7978
%P VOLT2   = 8262
%P S2_SC   =  0.99
%P L_ANG_MAX = 178
B   0 809   69    0
B  10 8091   69    0
B  20 8090   69    0
B  30 7967   69    0
B  40 7944   69    0
B  50 7951   69    0
B  60 7939   69    0
B  71 7888   69    0
B  81 7544   69    8
B  91 7607   69   17
B 101 7622   69   26
B 111 7551   69   35
B 121 7469   69   45
B 133 7480   69   56
B 143 7474   29   67
B 154 7543   29   79
B 164 7579   29   91
B 175 7656   29  104
*** dtMore = 19 , A = 108
B 185 7733   29  117
B 196 7719   29  129
pull out 131
B 206 7727  -98  139
B 216 7944  -98  149
B 226 7767  -98  160
B 238 7679  -98  172
B 248 7719  -98  181
B 258 7818  -98  189
B 268 7379  -98  195
B 278 7287  -98  198
B 288 7346  -98  198
B 298 7396  -98  198
*** amax = 198  vhit = 90
B 308 7374  -89  189
B 318 7205  -89  173
B 328 6911  -89  157
B 338 6992  -89  140
B 348 7052  -89  124
B 358 7308  -89  105
B 368 7322  -89   85
B 378 7463  -89   64
B 388 7602  -89   39
B 398 7609  -89   17
B 409 7630  -89   -9
push -12 -10
push out at target
B 420 7639   79  -22
B 430 7600   79  -35
B 441 7545   79  -51
B 451 7553   79  -67
B 463 7511   79  -83
B 473 7567   79 -100
B 484 7437   79 -116
B 495 7475   79 -129
B 505 7369   79 -135
B 515 7468   39 -135
B 526 7393    9 -135
B 538 7241    9 -126
B 548 7321    9 -113
B 559 7324    9 -102
B 569 7944    9  -89
B 580 7954    9  -73
B 590 7995    9  -60
B 600 7999    9  -47
B 611 8001    9  -34
pb end 
SSS vs= 0.99  t=  178
%P VOLT1   = 7978
%P VOLT2   = 8251
%P S2_SC   =  0.99
%P L_ANG_MAX = 178
B   0 808   69    1
B  10 8087   69    1
B  20 8051   69    1
B  30 8087   69    1
B  40 7993   69    1
B  50 7905   69    1
B  60 7916   69    1
B  70 7920   69    1
B  80 7576   69    1
B  90 7644   69    4
B 100 7608   69   11
B 110 7590   69   21
B 120 7384   69   31
B 130 7404   69   41
B 140 7461   69   51
B 150 7475   69   61
B 160 7475   29   71
B 171 7546   29   83
B 182 7653   29   97
*** dtMore = 20 , A = 107
B 192 7684   29  111
B 203 7708   29  122
pull out 131
B 214 7720  -98  134
B 224 7940  -98  144
B 235 7890  -98  155
B 246 7677  -98  167
B 256 7681  -98  177
B 266 7739  -98  186
B 277 7231  -98  193
B 287 7233  -98  198
B 297 7110  -98  198
B 307 7348  -98  198
*** amax = 198  vhit = 90
B 317 7380  -89  194
B 327 7370  -89  180
B 337 7087  -89  165
B 348 7028  -89  147
B 359 7040  -89  127
B 369 7087  -89  109
B 379 7253  -89   89
B 390 7502  -89   66
B 400 7498  -89   43
B 410 7576  -89   19
B 420 7628  -89   -6
push -11 -10
push out at target
B 430 7644   79  -19
B 440 7617   79  -31
B 450 7563   79  -45
B 460 7500   79  -61
B 471 7585   79  -77
B 481 7502   79  -93
B 492 7546   79 -109
B 502 7216   79 -125
B 512 7457   79 -134
B 524 7451   63 -137
B 534 7426   10 -137
B 544 7357    9 -137
B 554 7165    9 -125
B 564 7297    9 -109
B 575 7280    9  -95
B 586 7572    9  -80
B 596 7590    9  -65
B 607 7953    9  -49
B 617 7957    9  -33
B 629 7995    9  -17
pb end 
SSS vs= 0.99  t=  178
%P VOLT1   = 7919
%P VOLT2   = 8251
%P S2_SC   =  0.99
%P L_ANG_MAX = 178
B   0 805   69   -5
B  10 8050   69   -5
B  22 8050   69   -5
B  32 7963   69   -5
B  42 7909   69   -5
B  52 7915   69   -5
B  62 7926   69   -5
B  72 7690   69   -5
B  82 7633   69    0
B  92 7581   69    7
B 102 7598   69   17
B 112 7540   69   26
B 123 7577   69   36
B 134 7502   69   47
B 144 7407   69   57
B 154 7410   29   67
B 164 7511   29   79
B 174 7597   29   90
B 184 7668   29  102
*** dtMore = 22 , A = 106
B 194 7700   29  114
B 204 7714   29  125
pull out 129
B 214 7723  -99  134
B 224 7908  -99  145
B 234 7726  -99  155
B 244 7675  -99  164
B 254 7713  -99  174
B 264 7174  -99  181
B 274 7200  -99  187
B 284 7188  -99  190
B 294 7387  -99  190
*** amax = 190  vhit = 94
B 304 7328  -93  189
B 314 7376  -93  181
B 324 7068  -93  166
B 334 7125  -93  151
B 344 7023  -93  133
B 354 7047  -93  117
B 364 7086  -93   98
B 374 7240  -93   78
B 384 7490  -93   57
B 394 7493  -93   33
B 404 7573  -93   10
push -10 -10
push out at target
B 414 7593   79  -12
B 424 7597   79  -23
B 434 7556   79  -35
B 444 7527   79  -50
B 454 7497   79  -66
B 464 7587   79  -79
B 474 7430   79  -97
B 484 7472   79 -112
B 494 7217   79 -127
B 504 7462   79 -137
B 514 7393   72 -141
B 524 7436   22 -141
B 534 7338    9 -141
B 544 7502    9 -129
B 554 7371    9 -114
B 564 7310    9 -102
B 574 7333    9  -87
B 584 7878    9  -73
B 594 7990    9  -57
B 604 7994    9  -42
B 614 7996    9  -29
pb end 
B 624 7998   10  -14
B 634 7999   10   -1
B 644 7998   10   10
B 654 8001   10   18
SSS vs= 0.99  t=  184
%P VOLT1   = 7860
%P VOLT2   = 8220
%P S2_SC   =  1.00
%P L_ANG_MAX = 184
B 664 8002   70   23
B 674 8002   70   27
B 684 7957   70   31
B 694 7940   70   33
B 704 7943   70   34
B 714 7767   70   38
B 724 7752   70   38
B 734 7727   70   39
B 744 7686   70   43
B 754 7634   70   48
B 764 7643   70   55
B 774 7572   30   63
B 784 7591   30   73
B 794 7558   30   83
B 804 7469   30   93
*** dtMore = 43 , A = 101
B 814 7545   30  104
B 824 7474   30  114
B 834 7632   30  124
B 844 7641   30  133
pull out 143
B 854 7896 -100  143
B 864 7899 -100  151
B 874 7888 -100  160
B 884 7694 -100  166
B 894 7669 -100  173
B 904 7718 -100  179
B 914 7779 -100  186
B 924 7320 -100  189
B 934 7271 -100  191
B 944 7313 -100  191
B 954 7415 -100  191
*** amax = 191  vhit = 97
B 964 7377  -97  182
B 974 7346  -97  168
B 984 7042  -97  153
B 994 7118  -97  135
B 1004 7079  -97  119
B 1014 7228  -97   99
B 1024 7247  -97   79
B 1034 7355  -97   58
B 1044 7529  -97   35
B 1054 7535  -97   12
B 1064 7586  -97  -11
push -11 -10
push out at target
B 1074 7590   80  -22
B 1084 7556   80  -34
B 1094 7504   80  -49
B 1104 7534   80  -64
B 1114 7590   80  -78
B 1124 7573   80  -94
B 1134 7259   80 -109
B 1144 7196   80 -123
B 1154 7339   80 -131
B 1164 7440   56 -134
B 1174 7410   14 -134
B 1184 7525   10 -134
B 1194 7288   10 -123
B 1204 7353   10 -110
B 1214 7318   10  -99
B 1224 7902   10  -86
B 1234 7909   10  -73
B 1244 7950   10  -60
B 1254 7954   10  -47
B 1264 7958   10  -34
pb end 
B 1274 7994   10  -21
B 1284 7994   10  -10
B 1294 7994   10    0
B 1304 7996   10    9
SSS vs= 1.00  t=  184
%P VOLT1   = 7860
%P VOLT2   = 8202
%P S2_SC   =  1.00
%P L_ANG_MAX = 184
B 1314 7996   70   15
B 1324 7998   70   19
B 1334 7998   70   23
B 1344 7973   70   25
B 1354 7934   70   27
B 1364 7931   70   28
B 1374 7932   70   32
B 1384 7918   70   32
B 1394 7653   70   33
B 1404 7686   70   36
B 1414 7630   70   41
B 1424 7605   70   48
B 1434 7528   70   56
B 1444 7538   30   65
B 1454 7536   30   75
B 1464 7466   30   85
B 1474 7544   30   95
*** dtMore = 44 , A = 100
B 1484 7561   30  105
B 1494 7585   30  115
B 1504 7597   30  125
B 1514 7675   30  135
pull out 143
B 1524 7891 -100  144
B 1534 7895 -100  153
B 1544 7898 -100  161
B 1554 7899 -100  170
B 1564 7720 -100  177
B 1574 7667 -100  182
B 1584 7697 -100  187
B 1594 7757 -100  194
B 1604 7738 -100  197
B 1614 7394 -100  200
B 1624 7304 -100  201
B 1634 7355 -100  201
*** amax = 201  vhit = 92
B 1644 7433  -92  198
B 1654 7412  -92  185
B 1664 7365  -92  170
B 1674 7047  -92  153
B 1684 7115  -92  135
B 1694 7102  -92  117
B 1704 7312  -92   97
B 1714 7322  -92   76
B 1724 7426  -92   54
B 1734 7532  -92   31
B 1744 7543  -92    7
push -11 -10
push out at target
B 1754 7598   80  -14
B 1764 7596   80  -25
B 1774 7555   80  -38
B 1784 7500   80  -53
B 1794 7530   80  -66
B 1804 7586   80  -81
B 1814 7565   80  -96
B 1824 7388   80 -110
B 1834 7291   80 -122
B 1844 7369   80 -127
B 1854 7465   31 -127
B 1864 7449   10 -127
B 1874 7522   10 -121
B 1884 7184   10 -108
B 1894 7251   10  -94
B 1904 7316   10  -83
B 1914 7826   10  -69
B 1924 7837   10  -55
B 1934 7949   10  -42
B 1944 7951   10  -28
pb end 
B 1954 7955   10  -14
B 1964 7954   10   -1
B 1974 7991   10   11
B 1984 7994   10   20
SSS vs= 1.00  t=  184
%P VOLT1   = 7860
%P VOLT2   = 8192
%P S2_SC   =  1.00
%P L_ANG_MAX = 184
B 1994 7994   70   27
B 2004 7994   70   32
B 2014 7948   70   36
B 2024 7925   70   39
B 2034 7928   70   41
B 2044 7934   70   43
B 2054 7868   70   45
B 2064 7775   70   46
B 2074 7713   70   47
B 2084 7682   70   51
B 2094 7658   70   56
B 2104 7639   30   64
B 2114 7566   30   74
B 2124 7542   30   83
B 2134 7611   30   93
*** dtMore = 51 , A = 98
B 2144 7575   30  103
B 2154 7803   30  111
B 2164 7814   30  118
B 2174 7891   30  127
B 2184 7892   30  135
pull out 139
B 2194 7896 -100  142
B 2204 7898 -100  148
B 2214 7722 -100  155
B 2224 7675 -100  158
B 2234 7680 -100  163
B 2244 7172 -100  169
B 2254 7213 -100  171
B 2264 7275 -100  173
*** amax = 174  vhit = 105
B 2274 7457 -105  173
B 2284 7341 -105  173
B 2294 7392 -105  169
B 2304 7346 -105  156
B 2314 7379 -105  141
B 2324 7233 -105  125
B 2334 7055 -105  107
B 2344 7109 -105   89
B 2354 7168 -105   70
B 2364 7420 -105   49
B 2374 7418 -105   27
B 2384 7491 -105    4
push -11 -10
push out at target
B 2394 7537   80  -14
B 2404 7531   80  -25
B 2414 7519   80  -38
B 2424 7457   80  -53
B 2434 7439   80  -69
B 2444 7491   80  -83
B 2454 7374   80 -101
B 2464 7413   80 -117
B 2474 7162   80 -131
B 2484 7409   80 -141
B 2494 7341   73 -145
B 2504 7378   23 -145
B 2514 7284   10 -144
B 2524 7449   10 -133
B 2534 7286   10 -118
B 2544 7261   10 -107
B 2554 7285   10  -92
B 2564 7865   10  -77
B 2574 7941   10  -63
B 2584 7946   10  -49
B 2594 7949   10  -35
pb end 
B 2604 7949   10  -21
B 2614 7951   10   -9
B 2624 7951   10    3
B 2634 7990   10   11
SSS vs= 1.00  t=  189
%P VOLT1   = 7860
%P VOLT2   = 8188
%P S2_SC   =  1.00
%P L_ANG_MAX = 189
B 2644 7990   70   19
B 2654 7991   70   23
B 2664 7943   70   27
B 2674 7929   70   31
B 2684 7929   70   32
B 2694 7757   70   37
B 2706 7749   70   38
B 2716 7694   70   39
B 2726 7703   70   43
B 2736 7672   70   48
B 2746 7643   70   55
B 2756 7565   30   63
B 2766 7511   30   73
B 2776 7546   30   83
B 2786 7508   30   94
*** dtMore = 45 , A = 100
B 2796 7438   30  104
B 2806 7468   30  115
B 2816 7590   30  124
B 2826 7845   30  134
B 2836 7850   30  143
pull out 143
B 2846 7888 -100  151
B 2856 7814 -100  160
B 2866 7635 -100  165
B 2876 7636 -100  173
B 2886 7723 -100  179
B 2896 7782 -100  184
B 2906 7279 -100  188
B 2916 7398 -100  189
B 2926 7268 -100  189
B 2936 7406 -100  189
*** amax = 189  vhit = 100
B 2946 7339 -100  178
B 2956 7346 -100  164
B 2966 7084 -100  149
B 2976 6982 -100  131
B 2986 7044 -100  115
B 2996 7189 -100   96
B 3006 7346 -100   75
B 3016 7344 -100   55
B 3026 7521 -100   32
B 3036 7527 -100    9
push -11 -10
push out at target
B 3046 7542   80  -13
B 3056 7548   80  -25
B 3066 7547   80  -37
B 3076 7453   80  -51
B 3086 7501   80  -66
B 3096 7520   80  -81
B 3106 7575   80  -95
B 3116 7249   80 -110
B 3126 7428   80 -125
B 3136 7313   80 -131
B 3146 7393   39 -133
B 3156 7406    6 -133
B 3166 7571   10 -132
B 3176 7341   10 -120
B 3186 7253   10 -109
B 3196 7278   10  -98
B 3206 7896   10  -85
B 3216 7903   10  -73
B 3226 7906   10  -61
B 3236 7946   10  -49
B 3246 7947   10  -37
pb end 
B 3256 7949   10  -26
B 3266 7950   10  -16
B 3276 7951   10   -7
B 3286 7951   10    0
SSS vs= 1.00  t=  194
%P VOLT1   = 7860
%P VOLT2   = 8181
%P S2_SC   =  1.00
%P L_ANG_MAX = 194
B 3297 7988   70    7
B 3307 7988   70   11
B 3317 7990   70   15
B 3328 7943   70   17
B 3338 7920   70   19
B 3349 7920   70   25
B 3359 7920   70   25
B 3369 7634   70   26
B 3379 7576   70   28
B 3389 7614   70   32
B 3399 7615   70   39
B 3411 7602   70   47
B 3421 7613   70   56
B 3431 7533   30   66
B 3441 7456   30   75
B 3451 7514   30   87
B 3461 7510   30   97
*** dtMore = 44 , A = 102
B 3471 7536   30  107
B 3481 7549   30  117
B 3491 7593   30  126
B 3501 7884   30  135
pull out 143
B 3511 7885 -100  143
B 3521 7889 -100  152
B 3531 7891 -100  160
B 3541 7794 -100  167
B 3551 7638 -100  173
B 3561 7680 -100  179
B 3571 7730 -100  185
B 3581 7785 -100  189
B 3591 7392 -100  192
B 3601 7343 -100  193
*** amax = 194  vhit = 100
B 3611 7393 -100  193
B 3621 7415 -100  193
B 3631 7381 -100  182
B 3641 7313 -100  167
B 3651 7016 -100  152
B 3661 7089 -100  135
B 3671 7047 -100  118
B 3681 7266 -100   99
B 3691 7281 -100   79
B 3701 7385 -100   57
B 3711 7523 -100   35
B 3721 7528 -100   11
push -11 -10
push out at target
B 3731 7543   80  -12
B 3741 7584   80  -22
B 3751 7552   80  -35
B 3761 7463   80  -49
B 3771 7516   80  -63
B 3781 7568   80  -77
B 3791 7511   80  -93
B 3801 7397   80 -107
B 3811 7319   80 -120
B 3821 7357   80 -127
B 3831 7434   48 -127
B 3841 7408   10 -128
B 3851 7439   10 -125
B 3861 7132   10 -113
B 3871 7238   10  -99
B 3881 7290   10  -89
B 3891 7706   10  -74
B 3901 7717   10  -61
B 3911 7902   10  -47
B 3921 7941   10  -33
pb end 
B 3931 7943   10  -19
B 3941 7946   10   -6
B 3951 7947   10    6
B 3961 7947   10   17
SSS vs= 1.00  t=  194
%P VOLT1   = 7801
%P VOLT2   = 8174
%P S2_SC   =  1.01
%P L_ANG_MAX = 194
B 3971 7949   70   26
B 3981 7949   70   31
B 3991 7922   70   36
B 4001 7920   70   40
B 4011 7917   70   43
B 4021 7920   70   44
B 4031 7895   70   48
B 4041 7783   70   48
B 4051 7738   70   49
B 4061 7715   70   52
B 4071 7685   70   57
B 4081 7650   30   64
B 4091 7568   30   73
B 4101 7511   30   83
B 4111 7591   30   92
*** dtMore = 61 , A = 98
B 4121 7526   30  101
B 4131 7688   30  109
B 4141 7698   30  117
B 4151 7847   30  125
B 4161 7888   30  133
B 4171 7886   30  140
pull out 145
B 4181 7888 -100  147
B 4191 7889 -100  153
B 4201 7889 -100  159
B 4211 7706 -100  166
B 4221 7647 -100  169
B 4231 7680 -100  174
B 4241 7736 -100  179
B 4251 7315 -100  182
B 4261 7325 -100  183
B 4271 7419 -100  183
B 4281 7474 -100  183
*** amax = 183  vhit = 105
B 4291 7409 -105  181
B 4301 7423 -105  167
B 4311 7164 -105  153
B 4321 7221 -105  136
B 4331 7111 -105  119
B 4341 7168 -105  101
B 4351 7199 -105   82
B 4361 7315 -105   61
B 4371 7491 -105   39
B 4381 7488 -105   16
B 4391 7535 -105   -7
push -10 -10
push out at target
B 4401 7578   80  -21
B 4411 7555   80  -33
B 4421 7500   80  -47
B 4431 7481   80  -62
B 4441 7527   80  -75
B 4451 7513   80  -92
B 4461 7237   80 -107
B 4471 7220   80 -122
B 4481 7332   80 -133
B 4491 7421   80 -137
B 4501 7389   23 -137
B 4511 7375   10 -137
B 4521 7030   10 -129
B 4531 7112   10 -116
B 4541 7199   10 -101
B 4551 7270   10  -89
B 4561 7304   10  -74
B 4571 7319   10  -60
B 4581 7898   10  -45
B 4591 7900   10  -31
pb end 
B 4601 7905   10  -17
B 4611 7941   10   -2
B 4621 7946   10   10
B 4631 7946   10   20
B 4641 7947   10   27
SSS vs= 1.01  t=  199
%P VOLT1   = 7801
%P VOLT2   = 8167
%P S2_SC   =  1.01
%P L_ANG_MAX = 199
B 4651 7947   70   33
B 4661 7949   70   37
B 4671 7947   70   40
B 4681 7895   70   42
B 4691 7885   70   43
B 4701 7922   70   47
B 4711 7916   70   47
B 4721 7658   70   47
B 4731 7706   70   49
B 4741 7645   70   52
B 4751 7613   70   58
B 4761 7524   30   66
B 4771 7530   30   75
B 4781 7530   30   84
B 4791 7467   30   94
*** dtMore = 67 , A = 97
B 4801 7517   30  103
B 4811 7539   30  112
B 4821 7834   30  120
B 4831 7843   30  128
B 4841 7845   30  136
B 4851 7882   30  144
B 4861 7885   30  151
pull out 151
B 4871 7886 -100  158
B 4881 7921 -100  164
B 4891 7824 -100  171
B 4901 7657 -100  175
B 4911 7667 -100  180
B 4921 7714 -100  185
B 4931 7762 -100  189
B 4941 7433 -100  191
B 4951 7382 -100  191
B 4961 7394 -100  191
B 4971 7456 -100  191
*** amax = 191  vhit = 104
B 4981 7423 -104  180
B 4991 7392 -104  166
B 5001 7095 -104  150
B 5011 7164 -104  133
B 5021 7082 -104  115
B 5031 7264 -104   97
B 5041 7278 -104   77
B 5051 7382 -104   55
B 5061 7523 -104   33
B 5071 7527 -104   10
push -11 -10
push out at target
B 5081 7539   80  -13
B 5091 7578   80  -23
B 5101 7542   80  -36
B 5111 7454   80  -51
B 5121 7509   80  -65
B 5131 7560   80  -79
B 5141 7504   80  -94
B 5151 7354   80 -109
B 5161 7282   80 -122
B 5171 7319   80 -129
B 5181 7440   48 -130
B 5191 7413    0 -130
B 5201 7439   10 -129
B 5211 7086   10 -117
B 5221 7197   10 -105
B 5231 7285   10  -93
B 5241 7700   10  -80
B 5251 7714   10  -66
B 5261 7899   10  -53
B 5271 7902   10  -39
B 5281 7905   10  -26
pb end 
B 5291 7943   10  -13
B 5301 7941   10   -1
B 5311 7941   10   11
B 5321 7946   10   20
B 5331 7947   10   27
SSS vs= 1.01  t=  199
%P VOLT1   = 7801
%P VOLT2   = 8167
%P S2_SC   =  1.01
%P L_ANG_MAX = 199
B 5341 7947   70   31
B 5351 7947   70   35
B 5362 7902   70   37
B 5372 7877   70   39
B 5382 7880   70   39
B 5392 7742   70   43
B 5402 7730   70   43
B 5412 7644   70   43
B 5422 7690   70   45
B 5432 7630   70   49
B 5442 7605   70   55
B 5452 7489   30   63
B 5462 7500   30   73
B 5472 7541   30   82
B 5482 7466   30   91
*** dtMore = 72 , A = 98
B 5492 7497   30  101
B 5502 7512   30  109
B 5512 7839   30  116
B 5522 7844   30  124
B 5532 7845   30  131
B 5542 7885   30  138
B 5552 7885   30  145
pull out 151
B 5562 7884 -100  151
B 5572 7884 -100  157
B 5582 7884 -100  164
B 5592 7817 -100  170
B 5602 7666 -100  175
B 5612 7670 -100  179
B 5622 7716 -100  183
B 5632 7197 -100  187
B 5642 7221 -100  189
*** amax = 190  vhit = 104
B 5652 7381 -104  189
B 5662 7503 -104  189
B 5672 7423 -104  189
B 5682 7425 -104  177
B 5692 7224 -104  162
B 5702 7278 -104  146
B 5712 7134 -104  129
B 5722 7089 -104  111
B 5732 7124 -104   92
B 5742 7278 -104   71
B 5752 7455 -104   49
B 5762 7452 -104   27
B 5772 7531 -104    4
push -12 -10
push out at target
B 5782 7543   80  -14
B 5792 7455   80  -25
B 5802 7435   80  -37
B 5812 7481   80  -46
B 5822 7537   80  -58
B 5832 7589   80  -69
B 5842 7431   80  -81
B 5852 7359   80  -89
B 5862 7363   56  -92
B 5872 7447   14  -92
B 5882 7538   10  -92
B 5892 7598   10  -85
B 5902 7273   10  -71
B 5912 7302   10  -62
B 5922 7354   10  -49
B 5932 7896   10  -36
B 5942 7900   10  -23
B 5952 7903   10   -9
B 5962 7940   10    3
pb end 
B 5972 7941   10   15
B 5982 7941   10   26
B 5992 7943   10   35
B 6002 7946   10   41
SSS vs= 1.01  t=  204
%P VOLT1   = 7801
%P VOLT2   = 8160
%P S2_SC   =  1.01
%P L_ANG_MAX = 204
B 6012 7946   70   46
B 6022 7946   70   49
B 6032 7947   70   51
B 6042 7916   70   51
B 6052 7869   70   52
B 6062 7867   70   52
B 6073 7910   70   53
B 6083 7612   70   53
B 6093 7560   70   53
B 6103 7615   70   54
B 6113 7593   70   57
B 6123 7569   30   63
B 6133 7561   30   71
B 6143 7460   30   80
B 6153 7552   30   90
*** dtMore = 74 , A = 96
B 6163 7525   30   99
B 6173 7455   30  109
B 6183 7473   30  117
B 6193 7481   30  125
B 6203 7843   30  133
B 6213 7847   30  141
B 6223 7882   30  148
B 6233 7882   30  155
pull out 155
B 6243 7884 -100  162
B 6253 7884 -100  168
B 6263 7702 -100  175
B 6273 7656 -100  178
B 6283 7686 -100  183
B 6293 7384 -100  188
B 6303 7424 -100  191
B 6313 7276 -100  193
B 6323 7464 -100  193
B 6333 7352 -100  193
*** amax = 193  vhit = 105
B 6343 7405 -105  188
B 6353 7351 -105  175
B 6363 7379 -105  160
B 6373 7271 -105  143
B 6383 7053 -105  127
B 6393 7106 -105  108
B 6403 7169 -105   89
B 6413 7388 -105   68
B 6423 7384 -105   46
B 6433 7488 -105   23
B 6443 7532 -105   -1
push -10 -10
push out at target
B 6453 7546   80  -17
B 6463 7532   80  -27
B 6473 7506   80  -41
B 6483 7456   80  -56
B 6493 7495   80  -69
B 6503 7439   80  -83
B 6513 7484   80  -98
B 6523 7193   80 -113
B 6533 7410   80 -123
B 6543 7325   73 -127
B 6553 7389   23 -128
B 6563 7355    0 -128
B 6573 7513   10 -121
B 6583 7382   10 -109
B 6593 7253   10  -97
B 6603 7277   10  -85
B 6613 7819   10  -73
B 6623 7898   10  -60
B 6633 7900   10  -47
B 6643 7902   10  -34
B 6653 7939   10  -21
B 6663 7937   10   -9
pb end 
B 6673 7941   10    3
B 6683 7943   10   12
B 6694 7944   10   20
SSS vs= 1.01  t=  209
%P VOLT1   = 7801
%P VOLT2   = 8160
%P S2_SC   =  1.01
%P L_ANG_MAX = 209
B 6705 7944   70   26
B 6715 7946   70   30
B 6727 7912   70   33
B 6737 7875   70   35
B 6747 7875   70   35
B 6757 7880   70   39
B 6767 7879   70   39
B 6777 7663   70   39
B 6787 7677   70   41
B 6797 7615   70   45
B 6807 7613   70   51
B 6817 7563   70   58
B 6827 7568   30   67
B 6837 7488   30   77
B 6847 7415   30   87
B 6857 7499   30   96
*** dtMore = 76 , A = 99
B 6867 7479   30  106
B 6877 7501   30  116
B 6887 7511   30  125
B 6897 7836   30  135
B 6907 7839   30  143
B 6917 7841   30  151
B 6927 7880   30  159
pull out 166
B 6937 7882 -100  167
B 6947 7882 -100  174
B 6957 7880 -100  181
B 6967 7688 -100  187
B 6977 7663 -100  191
B 6987 7699 -100  197
B 6997 7748 -100  202
B 7007 7780 -100  204
B 7017 7369 -100  206
B 7027 7388 -100  206
B 7037 7290 -100  206
*** amax = 206  vhit = 101
B 7047 7429 -101  200
B 7057 7351 -101  186
B 7067 7395 -101  171
B 7077 7104 -101  155
B 7087 7069 -101  137
B 7097 7113 -101  119
B 7107 7277 -101   99
B 7117 7388 -101   78
B 7127 7382 -101   57
B 7137 7488 -101   33
B 7147 7535 -101    8
push -12 -10
push out at target
B 7157 7553   80  -13
B 7167 7559   80  -23
B 7177 7510   80  -37
B 7187 7463   80  -50
B 7197 7536   80  -62
B 7207 7554   80  -75
B 7217 7594   80  -89
B 7227 7343   80 -102
B 7237 7385   80 -113
B 7248 7298   80 -115
B 7258 7436    5 -115
B 7268 7507   10 -115
B 7278 7645   10 -106
B 7288 7313   10  -94
B 7298 7302   10  -85
B 7308 7318   10  -73
B 7318 7894   10  -59
B 7328 7896   10  -47
B 7338 7899   10  -35
B 7348 7939   10  -23
pb end 
B 7358 7936   10  -11
B 7368 7941   10   -1
B 7378 7941   10    7
B 7388 7941   10   14
SSS vs= 1.01  t=  209
%P VOLT1   = 7801
%P VOLT2   = 8157
%P S2_SC   =  1.01
%P L_ANG_MAX = 209
B 7398 7943   70   19
B 7408 7937   70   23
B 7418 7884   70   25
B 7429 7876   70   27
B 7439 7880   70   32
B 7449 7881   70   32
B 7459 7852   70   33
B 7469 7660   70   35
B 7479 7635   70   39
B 7489 7589   70   44
B 7499 7607   70   51
B 7509 7607   70   60
B 7519 7623   30   69
B 7529 7478   30   79
B 7539 7483   30   89
B 7549 7541   30   99
*** dtMore = 68 , A = 101
B 7559 7497   30  109
B 7569 7545   30  119
B 7579 7553   30  127
B 7589 7840   30  136
B 7599 7843   30  145
B 7609 7843   30  153
pull out 160
B 7619 7881 -100  160
B 7629 7881 -100  168
B 7639 7882 -100  175
B 7649 7706 -100  182
B 7659 7653 -100  186
B 7669 7682 -100  191
B 7679 7733 -100  197
B 7689 7134 -100  200
B 7699 7134 -100  202
B 7709 7390 -100  203
B 7719 7384 -100  203
*** amax = 203  vhit = 103
B 7729 7334 -103  199
B 7739 7395 -103  186
B 7749 7282 -103  170
B 7759 7346 -103  154
B 7769 7054 -103  136
B 7779 7106 -103  118
B 7789 7130 -103   99
B 7799 7315 -103   78
B 7809 7418 -103   56
B 7819 7418 -103   33
B 7829 7534 -103    9
push -10 -10
push out at target
B 7839 7552   80  -13
B 7849 7555   80  -23
B 7859 7541   80  -35
B 7869 7464   80  -49
B 7879 7500   80  -62
B 7889 7548   80  -77
B 7899 7519   80  -90
B 7909 7525   80 -103
B 7919 7373   80 -114
B 7929 7385   80 -119
B 7939 7338   31 -119
B 7949 7472   10 -119
B 7959 7466   10 -113
B 7969 7540   10 -101
B 7979 7257   10  -90
B 7989 7347   10  -77
B 7999 7356   10  -64
B 8009 7894   10  -51
B 8019 7898   10  -37
B 8029 7902   10  -25
pb end 
B 8039 7937   10  -13
B 8049 7937   10   -1
B 8059 7940   10    9
B 8069 7940   10   17
SSS vs= 1.01  t=  209
%P VOLT1   = 7801
%P VOLT2   = 8157
%P S2_SC   =  1.01
%P L_ANG_MAX = 209
B 8080 7941   70   23
B 8091 7941   70   28
B 8101 7943   70   31
B 8111 7923   70   33
B 8121 7879   70   34
B 8131 7873   70   38
B 8141 7875   70   38
B 8151 7679   70   38
B 8161 7628   70   38
B 8171 7609   70   40
B 8181 7595   70   44
B 8191 7572   70   51
B 8201 7569   70   59
B 8211 7471   30   67
B 8221 7534   30   77
B 8231 7519   30   86
B 8241 7483   30   95
*** dtMore = 84 , A = 98
B 8251 7504   30  104
B 8261 7477   30  112
B 8271 7836   30  119
B 8281 7840   30  127
B 8291 7875   30  134
B 8301 7877   30  140
B 8311 7878   30  147
B 8321 7878   30  153
pull out 158
B 8331 7877 -100  160
B 8341 7878 -100  166
B 8351 7698 -100  172
B 8361 7652 -100  175
B 8371 7681 -100  180
B 8381 7730 -100  184
B 8391 7346 -100  187
B 8401 7352 -100  189
B 8411 7408 -100  189
*** amax = 189  vhit = 110
B 8421 7474 -110  188
B 8431 7416 -110  183
B 8441 7399 -110  170
B 8451 7108 -110  155
B 8461 7170 -110  139
B 8471 7091 -110  122
B 8481 7179 -110  104
B 8491 7203 -110   85
B 8501 7316 -110   64
B 8511 7487 -110   43
B 8521 7487 -110   19
B 8531 7532 -110   -4
push -11 -10
push out at target
B 8541 7541   80  -18
B 8551 7525   80  -29
B 8561 7472   80  -43
B 8571 7454   80  -57
B 8581 7495   80  -71
B 8591 7510   80  -86
B 8601 7233   80 -101
B 8611 7223   80 -115
B 8621 7338   80 -126
B 8631 7437   80 -130
B 8641 7396   23 -130
B 8651 7386   10 -130
B 8661 7042   10 -125
B 8671 7126   10 -112
B 8681 7165   10  -99
B 8691 7264   10  -87
B 8701 7299   10  -74
B 8711 7278   10  -61
B 8721 7888   10  -48
B 8731 7894   10  -34
pb end 
B 8741 7895   10  -21
B 8751 7896   10   -8
B 8761 7899   10    4
B 8771 7936   10   15
B 8781 7939   10   23
SSS vs= 1.01  t=  214
%P VOLT1   = 7801
%P VOLT2   = 8143
%P S2_SC   =  1.01
%P L_ANG_MAX = 214
B 8791 7939   70   29
B 8801 7939   70   33
B 8811 7939   70   36
B 8821 7883   70   38
B 8831 7872   70   39
B 8841 7877   70   43
B 8851 7877   70   43
B 8861 7605   70   43
B 8871 7696   70   44
B 8881 7643   70   47
B 8891 7594   70   51
B 8901 7573   70   59
B 8911 7566   30   67
B 8921 7509   30   76
B 8931 7364   30   86
B 8941 7425   30   95
*** dtMore = 81 , A = 99
B 8951 7495   30  105
B 8961 7490   30  115
B 8971 7505   30  124
B 8981 7583   30  134
B 8991 7836   30  143
B 9001 7841   30  151
B 9011 7841   30  159
B 9021 7843   30  167
pull out 169
B 9031 7843 -100  174
B 9041 7880 -100  181
B 9051 7737 -100  187
B 9061 7660 -100  191
B 9071 7680 -100  197
B 9081 7443 -100  202
B 9091 7484 -100  205
B 9101 7248 -100  207
B 9111 7458 -100  208
B 9121 7343 -100  208
*** amax = 208  vhit = 103
B 9131 7389 -103  207
B 9141 7328 -103  194
B 9151 7347 -103  180
B 9161 7224 -103  164
B 9171 7040 -103  147
B 9181 7092 -103  129
B 9191 7162 -103  110
B 9201 7389 -103   89
B 9211 7388 -103   68
B 9221 7491 -103   45
B 9231 7532 -103   21
B 9241 7545 -103   -3
push -10 -10
push out at target
B 9251 7559   80  -17
B 9261 7578   80  -29
B 9271 7466   80  -42
B 9281 7525   80  -55
B 9291 7534   80  -68
B 9301 7578   80  -81
B 9311 7356   80  -94
B 9321 7445   80 -106
B 9331 7347   80 -113
B 9341 7434   48 -113
B 9351 7405   10 -113
B 9361 7509   10 -111
B 9371 7198   10  -99
B 9381 7215   10  -86
B 9391 7254   10  -75
B 9401 7664   10  -61
B 9411 7886   10  -47
B 9421 7894   10  -34
B 9431 7930   10  -19
B 9441 7896   10   -6
pb end 
B 9451 7899   10    7
B 9461 7936   10   19
B 9471 7936   10   29
SSS vs= 1.01  t=  214
%P VOLT1   = 7801
%P VOLT2   = 8146
%P S2_SC   =  1.01
%P L_ANG_MAX = 214
B 9481 7937   70   37
B 9491 7939   70   43
B 9501 7897   70   47
B 9511 7873   70   49
B 9521 7872   70   51
B 9531 7876   70   53
B 9541 7883   70   56
B 9551 7728   70   56
B 9561 7716   70   57
B 9571 7665   70   60
B 9581 7645   30   65
B 9591 7692   30   72
B 9601 7759   30   81
B 9611 7646   30   89
*** dtMore = 105 , A = 91
B 9621 7565   30   98
B 9631 7576   30  105
B 9641 7795   30  112
B 9651 7837   30  119
B 9661 7839   30  126
B 9671 7841   30  134
B 9681 7880   30  140
B 9691 7878   30  146
B 9701 7880   30  152
B 9711 7878   30  158
pull out 162
B 9721 7875 -100  164
B 9731 7874 -100  170
B 9741 7874 -100  175
B 9751 7779 -100  181
B 9761 7668 -100  183
B 9771 7639 -100  187
B 9781 7681 -100  191
B 9791 7158 -100  193
B 9801 7399 -100  194
B 9811 7354 -100  194
B 9821 7487 -100  194
*** amax = 194  vhit = 110
B 9831 7444 -110  191
B 9841 7412 -110  179
B 9851 7314 -110  164
B 9861 7192 -110  148
B 9871 7260 -110  131
B 9881 7100 -110  113
B 9891 7246 -110   94
B 9901 7256 -110   74
B 9911 7428 -110   52
B 9921 7493 -110   30
B 9931 7497 -110    7
push -12 -10
push out at target
B 9941 7542   80  -13
B 9951 7539   80  -25
B 9961 7500   80  -37
B 9971 7462   80  -52
B 9981 7513   80  -65
B 9991 7561   80  -79
B 10001 7430   80  -95
B 10011 7240   80 -110
B 10021 7168   80 -122
B 10031 7399   80 -129
B 10041 7411   48 -130
B 10051 7395    0 -130
B 10061 7313   10 -129
B 10071 7206   10 -117
B 10081 7309   10 -105
B 10091 7287   10  -93
B 10101 7626   10  -81
B 10111 7635   10  -67
B 10121 7889   10  -54
B 10131 7895   10  -42
B 10141 7895   10  -29
pb end 
B 10151 7898   10  -15
B 10161 7935   10   -4
B 10171 7936   10    8
B 10181 7937   10   17
B 10191 7937   10   24
SSS vs= 1.01  t=  214
%P VOLT1   = 7801
%P VOLT2   = 8146
%P S2_SC   =  1.01
%P L_ANG_MAX = 214
B 10201 7937   70   29
B 10211 7939   70   33
B 10221 7895   70   35
B 10231 7872   70   37
B 10241 7872   70   38
B 10251 7876   70   41
B 10261 7872   70   41
B 10271 7690   70   41
B 10281 7671   70   43
B 10291 7617   70   46
B 10301 7615   70   52
B 10311 7534   70   60
B 10321 7535   30   69
B 10331 7418   30   78
B 10341 7380   30   87
B 10351 7474   30   97
*** dtMore = 82 , A = 98
B 10361 7444   30  107
B 10371 7534   30  115
B 10381 7542   30  124
B 10391 7830   30  133
B 10401 7836   30  141
B 10411 7837   30  149
B 10421 7874   30  156
B 10431 7840   30  163
pull out 165
B 10441 7840 -100  170
B 10451 7877 -100  177
B 10461 7875 -100  183
B 10471 7779 -100  190
B 10481 7667 -100  194
B 10491 7675 -100  198
B 10501 7716 -100  203
B 10511 7159 -100  206
B 10521 7354 -100  207
B 10531 7302 -100  208
B 10541 7438 -100  208
*** amax = 208  vhit = 103
B 10551 7473 -103  207
B 10561 7446 -103  196
B 10571 7311 -103  182
B 10581 7043 -103  166
B 10591 7107 -103  149
B 10601 7092 -103  131
B 10611 7307 -103  112
B 10621 7324 -103   92
B 10631 7395 -103   71
B 10641 7529 -103   48
B 10651 7531 -103   25
B 10661 7542 -103    1
push -10 -10
push out at target
B 10671 7562   80  -16
B 10681 7546   80  -27
B 10691 7478   80  -40
B 10701 7521   80  -53
B 10711 7564   80  -66
B 10721 7535   80  -79
B 10731 7424   80  -92
B 10741 7391   80 -104
B 10751 7399   80 -112
B 10761 7476   56 -113
B 10771 7444    0 -113
B 10781 7404   10 -113
B 10791 7108   10 -101
B 10801 7221   10  -89
B 10811 7239   10  -77
B 10821 7550   10  -64
B 10831 7563   10  -50
B 10841 7889   10  -37
B 10851 7894   10  -22
B 10861 7894   10   -9
pb end 
B 10871 7898   10    5
B 10881 7933   10   17
B 10891 7935   10   27
B 10901 7936   10   35
B 10911 7937   10   42
SSS vs= 1.01  t=  214
%P VOLT1   = 7801
%P VOLT2   = 8139
%P S2_SC   =  1.01
%P L_ANG_MAX = 214
B 10921 7936   70   46
B 10931 7937   70   49
B 10941 7893   70   51
B 10951 7869   70   52
B 10961 7869   70   52
B 10971 7625   70   55
B 10981 7615   70   55
B 10991 7642   70   55
B 11001 7665   70   56
B 11011 7617   70   60
B 11021 7623   30   67
B 11031 7550   30   75
B 11041 7617   30   83
*** dtMore = 114 , A = 92
B 11051 7582   30   92
B 11061 7777   30  100
B 11071 7789   30  106
B 11081 7795   30  113
B 11091 7837   30  119
B 11101 7839   30  127
B 11111 7840   30  134
B 11121 7841   30  139
B 11131 7841   30  145
B 11141 7875   30  151
B 11151 7874   30  156
B 11161 7872   30  162
pull out 165
B 11171 7872 -100  167
B 11181 7874 -100  173
B 11191 7776 -100  178
B 11201 7661 -100  180
B 11211 7667 -100  183
B 11221 7708 -100  187
B 11231 7251 -100  189
B 11241 7465 -100  189
*** amax = 190  vhit = 112
B 11251 7443 -112  189
B 11261 7488 -112  189
B 11271 7465 -112  189
B 11281 7424 -112  176
B 11291 7364 -112  161
B 11301 7092 -112  145
B 11311 7148 -112  128
B 11321 7096 -112  111
B 11331 7305 -112   92
B 11341 7322 -112   72
B 11351 7393 -112   51
B 11361 7531 -112   28
B 11371 7535 -112    5
push -11 -10
push out at target
B 11381 7543   80  -14
B 11391 7538   80  -26
B 11401 7497   80  -38
B 11411 7463   80  -53
B 11421 7475   80  -67
B 11431 7520   80  -81
B 11441 7460   80  -97
B 11451 7380   80 -113
B 11461 7320   80 -125
B 11471 7375   80 -133
B 11482 7419   73 -134
B 11492 7402    0 -134
B 11502 7372   10 -133
B 11512 7157   10 -121
B 11522 7263   10 -108
B 11532 7243   10  -95
B 11542 7550   10  -83
B 11552 7563   10  -70
B 11562 7854   10  -57
B 11572 7889   10  -43
B 11582 7894   10  -30
pb end 
B 11592 7896   10  -17
B 11602 7896   10   -5
B 11612 7896   10    7
B 11622 7900   10   16
SSS vs= 1.01  t=  219
%P VOLT1   = 7801
%P VOLT2   = 8139
%P S2_SC   =  1.01
%P L_ANG_MAX = 219
B 11633 7937   70   23
B 11643 7936   70   29
B 11653 7936   70   32
B 11663 7891   70   35
B 11673 7873   70   37
B 11683 7873   70   38
B 11693 7662   70   42
B 11703 7654   70   42
B 11713 7649   70   42
B 11723 7663   70   44
B 11733 7612   70   48
B 11743 7589   70   55
B 11753 7509   30   62
B 11763 7516   30   71
B 11773 7506   30   81
B 11783 7374   30   91
*** dtMore = 81 , A = 98
B 11793 7452   30  100
B 11803 7487   30  110
B 11813 7571   30  119
B 11823 7579   30  127
B 11833 7797   30  136
B 11843 7834   30  144
B 11853 7837   30  152
B 11863 7837   30  159
pull out 166
B 11873 7839 -100  167
B 11883 7839 -100  174
B 11893 7874 -100  180
B 11903 7872 -100  187
B 11913 7734 -100  193
B 11923 7667 -100  195
B 11933 7685 -100  201
B 11943 7727 -100  205
B 11953 7412 -100  208
B 11963 7458 -100  210
B 11973 7394 -100  210
B 11983 7395 -100  210
*** amax = 210  vhit = 104
B 11993 7443 -104  209
B 12003 7423 -104  195
B 12013 7365 -104  181
B 12023 7062 -104  166
B 12033 7123 -104  148
B 12043 7105 -104  131
B 12053 7278 -104  112
B 12063 7291 -104   93
B 12073 7398 -104   71
B 12083 7497 -104   49
B 12093 7501 -104   25
B 12103 7545 -104    1
push -11 -10
push out at target
B 12113 7557   80  -16
B 12123 7549   80  -27
B 12133 7433   80  -40
B 12143 7519   80  -53
B 12153 7563   80  -65
B 12163 7569   80  -78
B 12173 7350   80  -90
B 12183 7315   80 -102
B 12193 7372   80 -109
B 12203 7449   48 -110
B 12213 7423    0 -110
B 12223 7492   10 -110
B 12233 7244   10  -99
B 12243 7324   10  -86
B 12253 7254   10  -75
B 12263 7664   10  -63
B 12273 7672   10  -50
B 12283 7854   10  -37
B 12293 7894   10  -23
B 12303 7895   10  -10
B 12313 7895   10    3
pb end 
B 12323 7898   10   15
B 12333 7898   10   25
B 12343 7898   10   33
B 12353 7935   10   39
SSS vs= 1.01  t=  219
%P VOLT1   = 7801
%P VOLT2   = 8139
%P S2_SC   =  1.01
%P L_ANG_MAX = 219
B 12363 7936   70   43
B 12373 7936   70   46
B 12383 7883   70   47
B 12393 7865   70   49
B 12403 7867   70   49
B 12413 7657   70   52
B 12423 7653   70   52
B 12433 7611   70   52
B 12443 7671   70   53
B 12454 7618   70   57
B 12464 7593   30   63
B 12474 7516   30   71
B 12484 7532   30   81
B 12494 7563   30   90
*** dtMore = 90 , A = 96
B 12504 7471   30   99
B 12514 7491   30  107
B 12524 7504   30  114
B 12534 7829   30  122
B 12544 7833   30  129
B 12554 7837   30  137
B 12564 7837   30  143
B 12574 7839   30  149
B 12584 7840   30  155
pull out 159
B 12594 7839 -100  161
B 12604 7840 -100  167
B 12614 7872 -100  173
B 12624 7834 -100  179
B 12634 7695 -100  183
B 12644 7671 -100  186
B 12654 7689 -100  190
B 12664 7733 -100  194
B 12674 7699 -100  195
B 12684 7468 -100  197
B 12694 7418 -100  197
B 12704 7452 -100  196
*** amax = 197  vhit = 111
B 12714 7461 -111  191
B 12724 7434 -111  179
B 12734 7389 -111  163
B 12744 7120 -111  147
B 12754 7177 -111  130
B 12764 7117 -111  112
B 12774 7289 -111   93
B 12784 7302 -111   73
B 12794 7406 -111   51
B 12804 7505 -111   29
B 12814 7507 -111    5
push -11 -10
push out at target
B 12824 7551   80  -14
B 12834 7546   80  -26
B 12844 7514   80  -39
B 12854 7478   80  -54
B 12864 7502   80  -68
B 12874 7541   80  -82
B 12884 7510   80  -97
B 12894 7342   80 -112
B 12904 7276   80 -124
B 12914 7333   80 -130
B 12924 7437   39 -130
B 12934 7439   10 -131
B 12944 7486   10 -129
B 12954 7169   10 -118
B 12964 7233   10 -106
B 12974 7296   10  -96
B 12984 7702   10  -85
B 12994 7709   10  -73
B 13004 7854   10  -61
B 13014 7894   10  -49
pb end 
B 13024 7895   10  -37
B 13034 7896   10  -25
B 13044 7898   10  -14
B 13054 7896   10   -3
SSS vs= 1.01  t=  219
%P VOLT1   = 7801
%P VOLT2   = 8136
%P S2_SC   =  1.01
%P L_ANG_MAX = 219
B 13064 7933   70    7
B 13074 7933   70   13
B 13084 7890   70   19
B 13094 7873   70   23
B 13104 7870   70   26
B 13114 7876   70   28
B 13124 7775   70   32
B 13134 7743   70   34
B 13144 7730   70   35
B 13154 7709   70   38
B 13164 7645   70   42
B 13174 7609   70   49
B 13184 7600   70   57
B 13194 7530   30   67
B 13204 7554   30   76
B 13214 7544   30   86
B 13224 7408   30   95
*** dtMore = 88 , A = 98
B 13234 7426   30  103
B 13244 7508   30  111
B 13254 7831   30  119
B 13264 7837   30  126
B 13274 7834   30  133
B 13284 7836   30  139
B 13294 7837   30  146
B 13304 7837   30  153
B 13314 7837   30  159
pull out 160
B 13324 7837 -100  165
B 13334 7871 -100  171
B 13344 7837 -100  177
B 13354 7703 -100  182
B 13364 7672 -100  183
B 13374 7691 -100  188
B 13384 7728 -100  191
B 13394 7696 -100  194
B 13404 7434 -100  194
B 13414 7405 -100  194
B 13424 7445 -100  194
*** amax = 194  vhit = 112
B 13434 7517 -112  191
B 13444 7493 -112  178
B 13454 7439 -112  163
B 13464 7131 -112  148
B 13474 7184 -112  131
B 13484 7084 -112  114
B 13494 7223 -112   95
B 13504 7235 -112   76
B 13514 7376 -112   55
B 13524 7511 -112   33
B 13534 7510 -112   11
push -10 -10
push out at target
B 13544 7553   80  -11
B 13554 7518   80  -22
B 13564 7487   80  -34
B 13574 7454   80  -47
B 13584 7510   80  -60
B 13594 7548   80  -74
B 13604 7510   80  -87
B 13614 7354   80 -101
B 13624 7307   80 -113
B 13634 7377   80 -118
B 13644 7480   31 -119
B 13654 7487    0 -119
B 13664 7565   10 -117
B 13674 7238   10 -105
B 13684 7284   10  -93
B 13694 7304   10  -83
B 13704 7776   10  -71
B 13714 7781   10  -59
B 13724 7857   10  -46
B 13734 7894   10  -34
B 13744 7895   10  -22
pb end 
B 13754 7895   10   -9
B 13764 7896   10    1
B 13774 7899   10   11
B 13784 7898   10   18
SSS vs= 1.01  t=  224
%P VOLT1   = 7801
%P VOLT2   = 8136
%P S2_SC   =  1.01
%P L_ANG_MAX = 224
B 13794 7933   70   24
B 13804 7936   70   28
B 13814 7936   70   31
B 13824 7890   70   33
B 13834 7876   70   35
B 13844 7873   70   37
B 13854 7698   70   39
B 13864 7686   70   39
B 13874 7608   70   39
B 13884 7659   70   42
B 13894 7631   70   46
B 13904 7622   70   52
B 13914 7585   70   59
B 13924 7592   30   68
B 13934 7506   30   77
B 13944 7410   30   86
B 13954 7468   30   95
*** dtMore = 102 , A = 97
B 13964 7457   30  103
B 13974 7507   30  112
B 13984 7511   30  119
B 13994 7797   30  127
B 14004 7836   30  135
B 14014 7839   30  141
B 14024 7840   30  148
B 14034 7839   30  155
B 14044 7839   30  161
B 14054 7837   30  167
pull out 169
B 14064 7839 -100  173
B 14074 7707 -100  179
B 14084 7691 -100  181
B 14094 7669 -100  186
B 14104 7701 -100  189
B 14114 7769 -100  191
B 14124 7435 -100  193
B 14134 7406 -100  193
B 14144 7435 -100  193
B 14154 7524 -100  191
*** amax = 193  vhit = 115
B 14164 7518 -115  179
B 14174 7515 -115  164
B 14184 7204 -115  149
B 14194 7240 -115  133
B 14204 7128 -115  116
B 14214 7254 -115   99
B 14224 7269 -115   79
B 14234 7424 -115   59
B 14244 7567 -115   39
B 14254 7567 -115   18
B 14264 7568 -115   -4
push -11 -10
push out at target
B 14274 7568   80  -17
B 14284 7550   80  -27
B 14294 7491   80  -39
B 14304 7546   80  -51
B 14314 7566   80  -61
B 14324 7547   80  -73
B 14334 7381   80  -85
B 14344 7377   80  -96
B 14354 7501   80 -104
B 14364 7652   56 -106
B 14374 7663    6 -106
B 14384 7681   10 -106
B 14394 7350   10 -104
B 14404 7378   10  -94
B 14414 7318   10  -85
B 14424 7608   10  -77
B 14434 7611   10  -67
B 14444 7861   10  -57
B 14454 7898   10  -49
B 14464 7898   10  -40
B 14474 7899   10  -31
pb end 
B 14484 7900   10  -23
B 14494 7899   10  -15
B 14504 7900   10   -7
B 14514 7900   10    0
SSS vs= 1.01  t=  229
%P VOLT1   = 7742
%P VOLT2   = 8139
%P S2_SC   =  1.01
%P L_ANG_MAX = 229
B 14524 7900   70    7
B 14534 7936   70   11
B 14544 7894   70   16
B 14554 7876   70   21
B 14564 7872   70   25
B 14574 7613   70   27
B 14584 7676   70   29
B 14594 7676   70   31
B 14604 7716   70   32
B 14614 7717   70   35
B 14624 7735   70   39
B 14635 7760   70   45
B 14646 7694   70   54
B 14656 7702   57   61
B 14666 7500   30   69
B 14676 7436   30   77
B 14686 7460   30   85
B 14696 7407   30   92
*** dtMore = 120 , A = 94
B 14706 7521   30   99
B 14716 7525   30  105
B 14726 7844   30  111
B 14736 7845   30  117
B 14746 7845   30  123
B 14756 7844   30  127
B 14766 7844   30  132
B 14776 7843   30  137
B 14786 7844   30  142
B 14796 7841   30  147
B 14806 7841   30  151
B 14816 7843   30  155
pull out 156
B 14826 7880 -101  159
B 14836 7878 -101  163
B 14846 7784 -101  166
B 14856 7745 -101  168
B 14866 7752 -101  169
B 14876 7765 -101  171
B 14886 7245 -101  172
B 14896 7252 -101  172
B 14906 7544 -101  172
B 14916 7656 -101  172
B 14926 7656 -101  172
*** amax = 172  vhit = 127
B 14936 7754 -128  167
B 14946 7672 -128  156
B 14956 7669 -128  143
B 14966 7253 -128  129
B 14976 7192 -128  114
B 14986 7196 -128   99
B 14996 7308 -128   82
B 15006 7417 -128   63
B 15016 7421 -128   45
B 15026 7565 -128   26
B 15036 7600 -128    5
push -10 -10
push out at target
B 15046 7603   81  -12
B 15056 7571   81  -20
B 15066 7553   81  -29
B 15076 7559   81  -37
B 15086 7603   81  -44
B 15096 7575   81  -53
B 15106 7576   81  -61
B 15116 7545   81  -70
B 15126 7651   65  -77
B 15136 7654   48  -81
B 15146 7760   23  -82
B 15156 7739    0  -82
B 15166 7747   10  -82
B 15176 7365   10  -79
B 15186 7368   10  -74
B 15196 7370   10  -67
B 15206 7868   10  -61
B 15216 7902   10  -53
B 15226 7903   10  -46
B 15236 7902   10  -39
B 15246 7905   10  -33
pb end 
B 15256 7903   10  -25
B 15266 7905   10  -18
B 15276 7939   10  -11
B 15286 7939   10   -5
SSS vs= 1.01  t=  234
%P VOLT1   = 7742
%P VOLT2   = 8146
%P S2_SC   =  1.01
%P L_ANG_MAX = 234
B 15296 7906   70    2
B 15306 7940   70    7
B 15316 7939   70   11
B 15326 7940   70   14
B 15336 7904   70   16
B 15346 7887   70   18
B 15356 7883   70   18
B 15366 7850   70   22
B 15376 7852   70   22
B 15386 7705   70   22
B 15396 7735   70   22
B 15406 7736   70   23
B 15416 7771   70   27
B 15426 7765   70   32
B 15436 7768   70   39
B 15446 7630   70   46
B 15456 7460   70   53
B 15466 7462   70   61
B 15476 7397   35   67
B 15486 7434   30   74
B 15496 7445   30   81
B 15506 7562   30   87
B 15516 7601   30   94
*** dtMore = 120 , A = 95
B 15526 7604   30  100
B 15536 7815   30  105
B 15546 7817   30  110
B 15556 7817   30  115
B 15566 7815   30  119
B 15576 7854   30  123
B 15586 7853   30  126
B 15596 7850   30  130
B 15606 7850   30  133
B 15616 7850   30  137
B 15626 7850   30  140
B 15636 7848   30  144
pull out 144
B 15646 7848 -101  147
B 15656 7847 -101  150
B 15666 7848 -101  153
B 15676 7808 -101  155
B 15686 7793 -101  155
B 15696 7798 -101  156
B 15706 7804 -101  157
B 15716 7311 -101  157
B 15726 7493 -101  157
B 15736 7497 -101  157
B 15746 7712 -101  157
B 15756 7752 -101  157
*** amax = 157  vhit = 127
B 15766 7753 -128  151
B 15776 7681 -128  141
B 15786 7503 -128  129
B 15796 7500 -128  117
B 15806 7217 -128  103
B 15816 7217 -128   88
B 15826 7217 -128   73
B 15836 7431 -128   55
B 15846 7503 -128   37
B 15856 7503 -128   19
B 15866 7542 -128   -1
push -11 -10
push out at target
B 15876 7541   81  -14
B 15886 7538   81  -22
B 15896 7528   81  -32
B 15906 7571   81  -41
B 15916 7575   81  -49
B 15926 7298   81  -58
B 15936 7408   81  -68
B 15946 7410   81  -77
B 15956 7659   65  -85
B 15966 7767   56  -88
B 15976 7767   14  -89
B 15986 7700    0  -88
B 15996 7495   10  -88
B 16006 7506   10  -81
B 16016 7476   10  -74
B 16026 7547   10  -66
B 16036 7550   10  -57
B 16046 7905   10  -49
B 16056 7905   10  -40
B 16066 7908   10  -31
B 16076 7906   10  -22
B 16086 7906   10  -13
pb end 
B 16096 7905   10   -5
B 16106 7905   10    3
B 16116 7909   10   10
SSS vs= 1.01  t=  239
%P VOLT1   = 7742
%P VOLT2   = 8150
%P S2_SC   =  1.01
%P L_ANG_MAX = 239
B 16126 7906   70   17
B 16136 7909   70   22
B 16147 7907   70   27
B 16157 7897   70   31
B 16167 7858   70   33
B 16177 7894   70   36
B 16187 7897   70   39
B 16197 7718   70   40
B 16207 7748   70   41
B 16217 7749   70   42
B 16227 7783   70   45
B 16237 7787   70   49
B 16247 7784   70   55
B 16257 7713   64   62
B 16267 7610   43   69
B 16277 7613   30   75
B 16287 7442   30   82
B 16297 7414   30   88
B 16307 7421   30   95
*** dtMore = 120 , A = 99
B 16317 7498   30  100
B 16327 7749   30  106
B 16337 7751   30  111
B 16347 7821   30  115
B 16357 7821   30  119
B 16367 7819   30  123
B 16377 7855   30  127
B 16387 7855   30  130
B 16397 7855   30  133
B 16407 7857   30  136
B 16417 7853   30  139
B 16427 7855   30  141
pull out 143
B 16437 7855 -101  143
B 16447 7855 -101  146
B 16457 7854 -101  148
B 16467 7825 -101  150
B 16477 7809 -101  151
B 16487 7811 -101  151
B 16497 7815 -101  151
B 16507 7323 -101  151
B 16517 7326 -101  151
B 16527 7613 -101  151
B 16537 7686 -101  151
B 16547 7689 -101  151
*** amax = 151  vhit = 127
B 16557 7794 -128  146
B 16567 7726 -128  136
B 16577 7726 -128  125
B 16587 7372 -128  113
B 16597 7228 -128   99
B 16607 7228 -128   86
B 16617 7261 -128   71
B 16627 7408 -128   53
B 16637 7405 -128   36
B 16647 7550 -128   19
B 16657 7549 -128   -1
push -10 -10
push out at target
B 16667 7550   81  -14
B 16677 7548   81  -22
B 16687 7535   81  -31
B 16697 7539   81  -41
B 16707 7585   81  -48
B 16717 7553   81  -57
B 16727 7556   81  -66
B 16737 7594   81  -74
B 16747 7664   56  -82
B 16757 7668   56  -85
B 16767 7771   14  -86
B 16777 7714    0  -86
B 16787 7722   10  -86
B 16797 7337   10  -83
B 16807 7338   10  -78
B 16817 7337   10  -72
B 16827 7871   10  -66
B 16837 7906   10  -59
B 16847 7908   10  -54
B 16857 7906   10  -49
B 16867 7908   10  -43
pb end 
B 16877 7908   10  -38
B 16887 7909   10  -33
B 16897 7908   10  -27
B 16907 7908   10  -21
SSS vs= 1.01  t=  244
%P VOLT1   = 7742
%P VOLT2   = 8153
%P S2_SC   =  1.01
%P L_ANG_MAX = 244
B 16918 7906   70  -15
B 16928 7908   70   -9
B 16938 7908   70   -5
B 16948 7940   70   -1
B 16958 7912   70    3
B 16968 7901   70    7
B 16978 7901   70   10
B 16988 7866   70   11
B 16999 7867   70   13
B 17009 7692   70   18
B 17020 7763   70   18
B 17031 7797   70   19
B 17042 7793   70   23
B 17052 7791   70   29
B 17062 7719   70   36
B 17072 7719   70   43
B 17082 7617   70   51
B 17092 7407   70   57
B 17102 7408   64   64
B 17112 7446   46   71
B 17122 7521   33   78
B 17132 7526   30   84
B 17142 7601   30   91
B 17152 7607   30   98
B 17162 7610   30  104
*** dtMore = 120 , A = 105
B 17172 7576   30  110
B 17182 7785   30  115
B 17192 7790   30  120
B 17202 7822   30  125
B 17212 7858   30  129
B 17222 7858   30  133
B 17232 7858   30  136
B 17242 7858   30  140
B 17252 7858   30  143
B 17262 7858   30  147
B 17272 7858   30  150
B 17282 7857   30  152
pull out 153
B 17292 7857 -101  155
B 17302 7855 -101  158
B 17312 7834 -101  160
B 17322 7817 -101  162
B 17332 7819 -101  162
B 17343 7820 -101  163
B 17353 7825 -101  164
B 17363 7508 -101  164
B 17373 7512 -101  164
*** amax = 164  vhit = 127
B 17383 7620 -128  163
B 17393 7763 -128  163
B 17403 7764 -128  158
B 17413 7800 -128  147
B 17423 7481 -128  137
B 17433 7482 -128  124
B 17443 7269 -128  111
B 17453 7234 -128   97
B 17463 7237 -128   82
B 17473 7306 -128   66
B 17483 7521 -128   49
B 17493 7521 -128   30
B 17503 7556 -128   11
B 17513 7558 -128   -9
push -11 -10
push out at target
B 17523 7556   80  -18
B 17533 7556   80  -29
B 17543 7582   80  -39
B 17553 7576   80  -52
B 17563 7616   80  -65
B 17573 7442   80  -74
B 17583 7444   80  -87
B 17593 7342   80 -100
B 17603 7662   80 -111
B 17614 7662   80 -121
B 17624 7698   65 -124
B 17634 7667   14 -125
B 17644 7669    0 -125
B 17654 7499   10 -125
B 17664 7295   10 -115
B 17674 7299   10 -105
B 17684 7479   10  -95
B 17694 7871   10  -86
B 17704 7872   10  -76
B 17714 7875   10  -65
B 17724 7908   10  -54
B 17734 7908   10  -45
pb end 
B 17744 7909   10  -35
B 17754 7909   10  -25
B 17764 7909   10  -15
B 17774 7908   10   -6
SSS vs= 1.01  t=  249
%P VOLT1   = 7742
%P VOLT2   = 8160
%P S2_SC   =  1.01
%P L_ANG_MAX = 249
B 17784 7909   70    3
B 17794 7909   70    9
B 17804 7908   70   15
B 17814 7898   70   19
B 17824 7880   70   21
B 17834 7872   70   24
B 17844 7871   70   25
B 17856 7624   70   29
B 17867 7621   70   29
B 17877 7757   70   30
B 17887 7793   70   31
B 17897 7794   70   34
B 17907 7798   70   38
B 17917 7763   70   43
B 17928 7762   70   50
B 17938 7617   70   57
B 17948 7480   65   64
B 17959 7480   51   71
B 17969 7446   39   78
B 17979 7452   30   84
B 17989 7455   30   91
B 17999 7535   30   98
B 18009 7608   30  104
*** dtMore = 120 , A = 110
B 18019 7611   30  110
B 18029 7682   30  115
B 18039 7788   30  120
B 18049 7788   30  124
B 18059 7823   30  129
B 18069 7825   30  133
B 18079 7823   30  136
B 18089 7859   30  140
B 18099 7895   30  143
B 18109 7894   30  147
B 18119 7859   30  149
B 18129 7859   30  151
pull out 154
B 18139 7859 -101  155
B 18149 7859 -101  156
B 18159 7834 -101  158
B 18169 7819 -101  159
B 18179 7823 -101  159
B 18189 7827 -101  159
B 18199 7830 -101  159
B 18209 7442 -101  159
B 18219 7586 -101  159
B 18229 7589 -101  159
B 18239 7732 -101  159
*** amax = 159  vhit = 127
B 18249 7803 -128  151
B 18259 7804 -128  142
B 18269 7627 -128  131
B 18279 7414 -128  119
B 18289 7415 -128  105
B 18299 7204 -128   91
B 18310 7275 -128   76
B 18321 7488 -128   58
B 18331 7491 -128   42
B 18341 7529 -128   24
B 18351 7563 -128    6
push -10 -10
push out at target
B 18361 7564   80  -11
B 18371 7529   80  -18
B 18381 7564   80  -27
B 18391 7549   80  -37
B 18401 7579   80  -48
B 18411 7480   80  -59
B 18421 7485   80  -69
B 18431 7452   80  -78
B 18441 7599   80  -89
B 18451 7603   80  -99
B 18461 7673   73 -106
B 18471 7743   48 -109
B 18481 7741   14 -109
B 18491 7641   10 -109
B 18501 7295   10 -109
B 18511 7300   10 -103
B 18521 7337   10  -97
B 18531 7802   10  -90
B 18541 7801   10  -82
B 18551 7873   10  -74
B 18561 7910   10  -67
B 18571 7909   10  -60
pb end 
B 18581 7909   10  -53
B 18591 7910   10  -47
B 18601 7908   10  -41
B 18611 7910   10  -35
B 18621 7909   10  -29
SSS vs= 1.01  t=  254
%P VOLT1   = 7742
%P VOLT2   = 8160
%P S2_SC   =  1.01
%P L_ANG_MAX = 254
B 18631 7910   70  -22
B 18641 7909   70  -16
B 18651 7909   70  -10
B 18661 7896   70   -5
B 18671 7877   70    1
B 18681 7872   70    5
B 18691 7872   70   10
B 18701 7803   70   13
B 18711 7698   70   16
B 18721 7698   70   19
B 18731 7735   70   23
B 18741 7805   70   25
B 18751 7803   70   28
B 18761 7798   70   33
B 18771 7759   70   40
B 18781 7760   70   48
B 18791 7657   70   56
B 18801 7411   66   63
B 18811 7413   56   71
B 18821 7452   46   77
B 18831 7528   38   84
B 18841 7533   30   91
B 18851 7570   30   98
B 18861 7751   30  105
B 18871 7753   30  111
*** dtMore = 120 , A = 114
B 18881 7685   30  116
B 18891 7826   30  121
B 18901 7826   30  127
B 18911 7825   30  131
B 18921 7862   30  135
B 18931 7861   30  139
B 18941 7861   30  143
B 18951 7861   30  147
B 18961 7859   30  150
B 18971 7861   30  153
B 18981 7862   30  155
B 18991 7859   30  158
pull out 159
B 19001 7861 -101  160
B 19011 7861 -101  163
B 19021 7840 -101  164
B 19031 7825 -101  166
B 19041 7826 -101  166
B 19051 7829 -101  166
B 19061 7833 -101  166
B 19071 7550 -101  166
B 19081 7550 -101  166
B 19091 7661 -101  166
B 19101 7764 -101  166
*** amax = 166  vhit = 127
B 19111 7770 -128  159
B 19121 7770 -128  149
B 19131 7487 -128  138
B 19141 7488 -128  126
B 19151 7312 -128  113
B 19161 7281 -128  100
B 19171 7279 -128   86
B 19181 7349 -128   70
B 19191 7528 -128   53
B 19201 7529 -128   36
B 19211 7563 -128   18
B 19221 7564 -128   -1
push -10 -10
push out at target
B 19231 7564   80  -13
B 19241 7563   80  -22
B 19251 7563   80  -31
B 19261 7546   80  -42
B 19271 7585   80  -53
B 19281 7451   80  -63
B 19291 7454   80  -73
B 19301 7350   80  -82
B 19311 7669   65  -93
B 19321 7672   80 -101
B 19331 7710   56 -105
B 19341 7712   23 -106
B 19351 7712    0 -106
B 19361 7573   10 -106
B 19371 7477   10 -106
B 19381 7479   10  -99
B 19391 7588   10  -94
B 19401 7873   10  -87
B 19411 7873   10  -81
B 19421 7873   10  -73
B 19431 7910   10  -67
B 19441 7909   10  -61
pb end 
B 19451 7910   10  -55
B 19461 7910   10  -49
B 19471 7909   10  -43
B 19481 7912   10  -37
B 19491 7909   10  -32
SSS vs= 1.01  t=  259
%P VOLT1   = 7742
%P VOLT2   = 8164
%P S2_SC   =  1.01
%P L_ANG_MAX = 259
B 19501 7910   70  -26
B 19511 7912   70  -20
B 19521 7909   70  -14
B 19531 7885   70   -8
B 19541 7875   70   -3
B 19551 7875   70    3
B 19561 7874   70    7
B 19571 7556   70   11
B 19581 7699   70   14
B 19591 7700   70   20
B 19601 7773   70   23
B 19611 7809   70   26
B 19621 7809   70   31
B 19631 7808   70   37
B 19641 7698   70   44
B 19651 7695   70   51
B 19661 7481   70   59
B 19671 7446   63   66
B 19681 7446   55   73
B 19691 7451   46   80
B 19701 7559   38   87
B 19711 7563   30   95
B 19721 7599   30  102
B 19731 7644   30  109
B 19741 7648   30  116
*** dtMore = 120 , A = 121
B 19751 7719   30  123
B 19761 7826   30  128
B 19771 7823   30  134
B 19781 7826   30  139
B 19791 7826   30  144
B 19801 7825   30  149
B 19811 7862   30  153
B 19821 7861   30  157
B 19831 7861   30  161
B 19841 7862   30  164
B 19851 7864   30  167
B 19861 7862   30  170
pull out 173
B 19871 7861 -101  173
B 19881 7862 -101  175
B 19891 7861 -101  177
B 19901 7855 -101  179
B 19911 7829 -101  180
B 19921 7826 -101  180
B 19931 7830 -101  180
B 19941 7336 -101  180
B 19951 7337 -101  180
B 19961 7518 -101  180
B 19971 7699 -101  180
*** amax = 180  vhit = 127
B 19981 7698 -128  179
B 19991 7771 -128  173
B 20001 7737 -128  163
B 20011 7736 -128  151
B 20021 7560 -128  139
B 20031 7242 -128  126
B 20041 7242 -128  112
B 20051 7279 -128   98
B 20061 7422 -128   83
B 20071 7424 -128   66
B 20081 7492 -128   48
B 20091 7564 -128   29
B 20101 7566 -128   10
B 20111 7564 -128   -9
push -10 -10
push out at target
B 20121 7564   80  -18
B 20131 7566   80  -27
B 20141 7580   80  -38
B 20151 7586   80  -49
B 20161 7591   80  -60
B 20171 7525   80  -70
B 20181 7494   80  -79
B 20191 7496   80  -90
B 20201 7638   80  -99
B 20211 7749   65 -105
B 20221 7749   39 -106
B 20231 7747    0 -106
B 20241 7390   10 -106
B 20251 7405   10 -106
B 20261 7340   10  -99
B 20271 7484   10  -94
B 20281 7482   10  -87
B 20291 7873   10  -79
B 20301 7872   10  -72
B 20311 7875   10  -65
B 20321 7875   10  -58
B 20331 7910   10  -51
pb end 
B 20341 7909   10  -45
B 20351 7908   10  -39
B 20361 7909   10  -33
B 20371 7910   10  -26
** 20381
2_28_bew_1 test-1 volt=0.81 ang= 198.0 rpm= 382 334.1 370.7 387.4 
2_28_bew_1 test-2 volt=0.81 ang= 198.0 rpm= 387 339.9 374.1 398.6 
2_28_bew_1 test-3 volt=0.81 ang= 190.0 rpm= 380 328.9 365.4 391.3 
2_28_bew_1 test-4 volt=8.00 ang= 191.0 rpm= 379 331.0 362.6 383.3 
2_28_bew_1 test-5 volt=7.99 ang= 201.0 rpm= 383 343.1 372.7 390.5 
2_28_bew_1 test-6 volt=7.96 ang= 173.0 rpm= 361 310.7 344.8 370.4 
2_28_bew_1 test-7 volt=7.95 ang= 189.0 rpm= 374 325.1 360.0 383.3 
2_28_bew_1 test-8 volt=7.95 ang= 193.0 rpm= 379 330.0 366.2 384.1 
2_28_bew_1 test-9 volt=7.94 ang= 183.0 rpm= 375 322.1 356.4 377.2 
2_28_bew_1 test-10 volt=7.91 ang= 191.0 rpm= 376 327.9 360.0 375.0 
2_28_bew_1 test-11 volt=7.94 ang= 189.0 rpm= 372 328.3 360.6 372.8 
2_28_bew_1 test-12 volt=7.94 ang= 193.0 rpm= 379 331.5 364.0 384.5 
2_28_bew_1 test-13 volt=7.94 ang= 206.0 rpm= 386 345.7 377.8 408.3 
2_28_bew_1 test-14 volt=7.94 ang= 203.0 rpm= 384 340.9 374.0 391.7 
2_28_bew_1 test-15 volt=7.94 ang= 189.0 rpm= 375 323.6 358.8 382.1 
2_28_bew_1 test-16 volt=7.89 ang= 208.0 rpm= 390 346.1 376.7 396.2 
2_28_bew_1 test-17 volt=7.90 ang= 194.0 rpm= 370 328.1 358.4 373.9 
2_28_bew_1 test-18 volt=7.90 ang= 208.0 rpm= 386 343.8 372.7 388.7 
2_28_bew_1 test-19 volt=7.90 ang= 189.0 rpm= 370 323.8 356.8 380.1 
2_28_bew_1 test-20 volt=7.90 ang= 210.0 rpm= 388 342.9 375.6 395.2 
2_28_bew_1 test-21 volt=7.90 ang= 197.0 rpm= 372 328.8 360.6 380.0 
2_28_bew_1 test-22 volt=7.89 ang= 194.0 rpm= 365 318.7 348.1 366.7 
2_28_bew_1 test-23 volt=7.89 ang= 193.0 rpm= 349 308.8 339.2 346.6 
2_28_bew_1 test-24 volt=7.90 ang= 172.0 rpm= 324 274.0 310.7 323.6 
2_28_bew_1 test-25 volt=7.90 ang= 157.0 rpm= 310 NaN 285.7 306.1 
2_28_bew_1 test-26 volt=7.91 ang= 151.0 rpm= 300 NaN 271.7 292.8 
2_28_bew_1 test-27 volt=7.91 ang= 164.0 rpm= 313 239.2 284.9 312.1 
2_28_bew_1 test-28 volt=7.91 ang= 159.0 rpm= 294 NaN 266.9 289.5 
2_28_bew_1 test-29 volt=7.91 ang= 166.0 rpm= 299 NaN 276.7 295.4 
2_28_bew_1 test-30 volt=7.91 ang= 180.0 rpm= 316 256.4 291.7 314.0 