  0 817   68    4
 10 8179   68    4
 21 8085   68    4
 31 8038   68    4
 41 8043   68    4
 51 8044   68    5
 61 8024   68    5
 71 7760   68    6
 81 7776   68   13
 91 7756   68   22
101 7641   68   30
111 7576   68   39
121 7590   68   48
131 7600   68   56
141 7647   29   66
151 7648   29   76
161 7770   29   86
171 7805   29   97
181 7832   29  107
191 7812   29  117
201 8067   29  125
211 8069   29  134
221 8074  -97  142
231 8067  -97  151
241 7844  -97  158
251 7849  -97  165
261 7896  -97  172
271 7952  -97  177
281 7353  -97  181
291 7526  -97  183
301 7399  -97  183
311 7569  -97  183
321 7569  -95  176
331 7571  -95  162
341 7294  -95  147
351 7224  -95  130
361 7288  -95  114
371 7333  -95   96
381 7601  -95   76
391 7610  -95   56
401 7675  -95   34
411 7710  -95   11
421 7719   78  -11
431 7757   78  -21
441 7688   78  -33
451 7622   78  -47
461 7650   78  -62
471 7596   78  -75
481 7648   78  -90
491 7402   78 -106
501 7689   78 -120
511 7577   78 -129
521 7615   63 -132
531 7584   14 -132
541 7667    9 -132
551 7602    9 -124
561 7495    9 -111
571 7527    9 -100
581 8040    9  -88
591 8121    9  -75
601 8124    9  -62
611 8127    9  -50
621 8129    9  -37
99999 0 0 0 
631 8131   10  -25
641 8129   10  -14
651 8168   10   -4
661 8168   10    5
671 8168   10   11
681 8169   10   16
691 8169   10   19
701 8169   10   22
711 8170   10   23
721 8168   10   24
731 8170   10   26
741 8168   10   27
751 8169   10   27
761 8169   10   27
771 8169   10   27
781 8169   10   27
791 8169   10   27
801 8169   10   27
811 8170   10   27
821 8169   10   27
831 8170   10   27
841 8169   68   27
851 8170   68   27
861 8169   68   27
871 8043   68   27
881 8005   68   27
891 7984   68   27
901 7949   68   27
911 7565   68   27
921 7618   68   32
931 7631   68   38
941 7626   68   45
951 7508   68   52
961 7521   68   59
971 7553   29   67
981 7655   29   76
991 7689   29   85
1001 7762   29   95
1011 7790   29  104
1021 7804   29  113
1031 8025   29  120
1041 8029   29  128
1051 8031   29  135
1061 8069   29  144
1071 8067   29  151
1081 8070  -97  157
1091 8072  -97  164
1101 7916  -97  170
1111 7834  -97  174
1121 7894  -97  179
1131 7272  -97  184
1141 7320  -97  187
1151 7514  -97  188
1161 7728  -97  189
1171 7607  -97  189
1181 7633  -99  187
1191 7465  -99  175
1201 7474  -99  160
1211 7357  -99  144
1221 7186  -99  127
1231 7246  -99  109
1241 7393  -99   90
1251 7617  -99   70
1261 7614  -99   48
1271 7678  -99   26
1281 7712  -99    3
1291 7720   78  -14
1301 7709   78  -25
1311 7668   78  -39
1321 7607   78  -53
1331 7679   78  -67
1341 7590   78  -81
1351 7635   78  -97
1361 7466   78 -112
1371 7657   78 -124
1381 7568   78 -129
1391 7590   30 -129
1401 7469    9 -129
1411 7634    9 -125
1421 7510    9 -112
1431 7504    9 -100
1441 7530    9  -88
1451 7968    9  -75
1461 8118    9  -61
1471 8121    9  -48
1481 8124    9  -34
1491 8127    9  -21
99999 0 0 0 
1501 8127   10   -8
1511 8127   10    4
1521 8128   10   13
1531 8128   10   20
1541 8128   10   26
1551 8129   10   30
1561 8129   10   32
1571 8129   10   33
1581 8129   10   34
1591 8131   10   34
1601 8165   10   36
1611 8163   10   36
1621 8166   10   36
1631 8165   10   36
1641 8165   10   36
1651 8165   10   36
1661 8163   10   36
1671 8165   10   36
1681 8165   10   36
1691 8165   68   36
1701 8129   68   36
1711 8065   68   36
1721 7983   68   36
1731 7994   68   35
1741 7965   68   35
1751 7608   68   36
1761 7621   68   36
1771 7618   68   37
1781 7604   68   44
1791 7525   68   50
1801 7545   68   58
1811 7514   49   65
1821 7584   29   73
1831 7578   29   82
1841 7690   29   91
1851 7737   29  100
1861 7757   29  109
1871 7806   29  117
1881 8059   29  124
1891 8062   29  132
1901 8029   29  139
1911 8069   29  148
1921 8067  -98  154
1931 8070  -98  160
1941 8055  -98  167
1951 7852  -98  172
1961 7835  -98  176
1971 7877  -98  181
1981 7929  -98  185
1991 7402  -98  188
2001 7707  -98  188
2011 7610  -98  188
2021 7606  -98  188
2031 7586 -102  183
2041 7572 -102  168
2051 7431 -102  153
2061 7179 -102  136
2071 7246 -102  120
2081 7294 -102  102
2091 7536 -102   81
2101 7540 -102   61
2111 7641 -102   40
2121 7709 -102   16
2131 7713 -102   -6
2141 7719   78  -18
2151 7695   78  -30
2161 7625   78  -44
2171 7654   78  -58
2181 7627   78  -72
2191 7676   78  -86
2201 7362   78 -100
2211 7694   78 -114
2221 7584   78 -124
2231 7618   71 -126
2241 7586    6 -127
2251 7684    0 -126
2261 7646    9 -118
2271 7496    9 -105
2281 7524    9  -96
2291 8001    9  -84
2301 8080    9  -71
2311 8083    9  -58
2321 8121    9  -46
2331 8122    9  -34
2341 8124    9  -23
99999 0 0 0 
2351 8124   10  -12
2361 8125   10   -2
2371 8125   10    4
2381 8127   10   10
2391 8125   10   14
2401 8127   10   16
2411 8125   10   18
2421 8128   10   20
2431 8127   10   20
2441 8128   10   20
2451 8127   10   22
2461 8128   10   22
2471 8127   10   22
2481 8128   10   22
2491 8127   10   22
2501 8125   10   22
2511 8127   10   22
2521 8127   10   22
2531 8125   10   22
2541 8127   10   22
2551 8127   68   22
2561 8129   68   22
2571 8128   68   22
2581 7999   68   22
2591 7967   68   22
2601 7947   68   22
2611 7914   68   22
2621 7601   68   22
2631 7655   68   28
2641 7651   68   35
2651 7608   68   42
2661 7537   68   48
2671 7557   68   55
2681 7488   59   63
2691 7623   35   72
2701 7649   29   80
2711 7704   29   89
2721 7739   29   98
2731 7761   29  107
2741 7981   29  115
2751 8058   29  122
2761 8060   29  130
2771 8029   29  137
2781 8066   29  144
2791 8064   29  150
2801 8066  -98  156
2811 8066  -98  163
2821 8066  -98  168
2831 7886  -98  175
2841 7835  -98  178
2851 7864  -98  183
2861 7918  -98  187
2871 7568  -98  189
2881 7572  -98  191
2891 7629  -98  190
2901 7652 -104  190
2911 7592 -104  184
2921 7575 -104  171
2931 7253 -104  156
2941 7316 -104  140
2951 7243 -104  121
2961 7365 -104  103
2971 7394 -104   84
2981 7542 -104   63
2991 7713 -104   42
3001 7709 -104   18
3011 7712 -104   -6
3021 7719   78  -17
3031 7695   78  -28
3041 7639   78  -42
3051 7644   78  -57
3061 7689   78  -70
3071 7633   78  -86
3081 7529   78 -100
3091 7520   78 -115
3101 7555   78 -125
3111 7661   71 -129
3121 7624   22 -129
3131 7634    9 -129
3141 7406    9 -122
3151 7485    9 -109
3161 7482    9  -98
3171 8067    9  -87
3181 8074    9  -73
3191 8080    9  -61
3201 8117    9  -48
3211 8119    9  -36
3221 8121    9  -24
99999 0 0 0 
3231 8121   10  -12
3241 8124   10   -2
3251 8122   10    7
3261 8124   10   13
3271 8122   10   18
3281 8124   10   21
3291 8124   10   23
3301 8124   10   24
3311 8125   10   25
3321 8125   10   27
3331 8124   10   28
3341 8127   10   28
3351 8125   10   28
3361 8124   10   28
3371 8124   10   28
3381 8125   10   28
3391 8125   10   28
3401 8124   10   28
3411 8125   10   28
3421 8125   10   28
3431 8125   68   28
3441 8033   68   28
3452 7973   68   28
3462 7950   68   28
3473 7565   68   28
3484 7534   68   28
3494 7626   68   32
3504 7592   68   38
3514 7619   68   44
3524 7603   68   52
3534 7546   68   59
3544 7546   53   67
3554 7543   36   76
3564 7630   29   84
3574 7663   29   94
3584 7705   29  104
3594 7777   29  113
3604 7795   29  122
3614 7875   29  131
3624 8021   29  138
3634 8025   29  146
3644 8060   29  155
3654 8062  -98  163
3664 8064  -98  170
3674 7923  -98  176
3684 7820  -98  180
3694 7841  -98  185
3704 7892  -98  190
3714 7374  -98  194
3724 7396  -98  196
3734 7516  -98  196
3744 7645  -98  196
3754 7576  -98  196
3764 7615 -104  184
3774 7368 -104  168
3784 7420 -104  152
3794 7278 -104  136
3804 7270 -104  118
3814 7315 -104  100
3824 7437 -104   80
3834 7648 -104   58
3844 7638 -104   36
3854 7710 -104   13
3864 7716 -104  -10
3874 7719   78  -21
3884 7685   78  -33
3894 7608   78  -48
3904 7632   78  -61
3914 7718   78  -74
3924 7374   78  -89
3934 7399   78 -104
3944 7508   78 -116
3954 7629   78 -122
3964 7570   38 -124
3974 7617    6 -124
3984 7521    9 -121
3994 7613    9 -109
4004 7473    9  -98
4014 8025    9  -88
4024 8039    9  -74
4034 8076    9  -62
4044 8080    9  -51
4054 8081    9  -39
4064 8118    9  -28
99999 0 0 0 
4074 8119   10  -16
4084 8121   10   -7
4094 8121   10    1
4104 8121   10    7
4114 8121   10   12
4124 8122   10   15
4134 8121   10   17
4144 8122   10   18
4154 8121   10   19
4164 8122   10   22
4174 8122   10   22
4184 8124   10   22
4194 8121   10   22
4204 8122   10   22
4214 8122   10   22
4224 8121   10   22
4234 8121   10   22
4244 8121   10   22
4254 8122   10   22
4264 8122   10   22
4274 8124   68   22
4284 8122   68   22
4294 8124   68   22
4304 8044   68   22
4314 7977   68   22
4324 7949   68   22
4334 7922   68   22
4344 7609   68   22
4354 7592   68   23
4364 7587   68   29
4374 7565   68   36
4384 7599   68   44
4394 7507   68   50
4404 7512   68   57
4414 7510   58   65
4424 7578   40   74
4434 7685   29   84
4444 7710   29   93
4454 7763   29  103
4464 7858   29  112
4474 7875   29  120
4484 7875   29  128
4494 8022   29  136
4504 8025   29  144
4514 8025   29  152
4524 8060   29  159
4534 8062  -98  165
4544 8060  -98  172
4554 7972  -98  179
4564 7839  -98  184
4574 7846  -98  188
4584 7888  -98  192
4594 7939  -98  196
4604 7364  -98  198
4614 7674  -98  199
4624 7554  -98  199
4634 7543  -98  199
4644 7545 -102  188
4654 7550 -102  172
4664 7459 -102  157
4674 7205 -102  140
4684 7269 -102  122
4694 7308 -102  103
4704 7539 -102   83
4714 7538 -102   62
4724 7641 -102   40
4734 7710 -102   16
4744 7717 -102   -8
4754 7721   78  -20
4764 7695   78  -32
4774 7614   78  -45
4784 7664   78  -60
4794 7675   78  -73
4804 7723   78  -88
4814 7398   78 -101
4824 7634   78 -114
4834 7533   78 -122
4844 7545   55 -124
4854 7586    6 -124
4864 7744    9 -122
4874 7670    9 -111
4884 7433    9 -100
4894 7453    9  -89
4904 7926    9  -76
4914 8073    9  -64
4924 8077    9  -52
4934 8078    9  -40
4944 8118    9  -28
99999 0 0 0 
4954 8119   10  -17
4964 8118   10   -8
4974 8118   10    0
4984 8121   10    6
4994 8122   10   11
5004 8121   10   15
5014 8119   10   17
5024 8119   10   19
5034 8122   10   20
5044 8119   10   20
5054 8121   10   23
5064 8122   10   23
5074 8121   10   23
5084 8119   10   23
5094 8121   10   23
5104 8118   10   23
5114 8119   10   23
5124 8119   10   23
5134 8119   10   23
5144 8121   10   23
5155 8156   68   23
5166 8122   68   23
5176 8122   68   23
5186 8035   68   23
5196 7974   68   23
5206 7952   68   23
5216 7925   68   23
5226 7610   68   23
5236 7591   68   24
5246 7625   68   30
5256 7606   68   36
5266 7624   68   43
5276 7570   68   50
5286 7510   68   57
5296 7504   58   65
5306 7575   38   74
5316 7656   29   83
5326 7681   29   92
5336 7729   29  102
5346 7895   29  110
5356 7905   29  119
5366 8015   29  126
5376 8019   29  134
5386 8021   29  141
5396 8059   29  148
5406 8022   29  155
5416 8017  -98  161
5426 8023  -98  168
5436 7986  -98  174
5446 7844  -98  179
5456 7845  -98  183
5466 7925  -98  188
5476 7973  -98  191
5486 7541  -98  193
5496 7642  -98  194
5506 7525  -98  194
5516 7616 -104  193
5526 7542 -104  182
5536 7542 -104  167
5546 7306 -104  152
5556 7235 -104  135
5566 7301 -104  117
5576 7382 -104   99
5586 7506 -104   79
5596 7503 -104   58
5606 7675 -104   36
5616 7707 -104   13
5626 7712 -104  -10
5636 7717   78  -21
5646 7650   78  -33
5656 7576   78  -48
5666 7661   78  -61
5676 7707   78  -74
5686 7752   78  -89
5696 7430   78 -104
5706 7557   78 -117
5716 7455   78 -125
5726 7608   54 -127
5736 7621    6 -127
5746 7764    9 -127
5756 7523    9 -116
5766 7463    9 -104
5776 7486    9  -94
5786 8029    9  -82
5796 8072    9  -70
5806 8076    9  -58
5816 8077    9  -47
5826 8078    9  -36
99999 0 0 0 
5836 8081   10  -24
5846 8114   10  -15
5856 8117   10   -6
5866 8117   10    1
5876 8118   10    6
5886 8118   10   10
5896 8118   10   13
5906 8119   10   15
5916 8119   10   16
5926 8118   10   17
5936 8119   10   20
5946 8121   10   20
5956 8119   10   20
5966 8119   10   20
5976 8119   10   20
5986 8118   10   20
5996 8118   10   20
6006 8118   10   20
6016 8118   10   20
6026 8119   10   20
6036 8119   10   20
6046 8119   68   20
6056 8118   68   20
6066 8075   68   20
6076 7981   68   20
6086 7959   68   20
6096 7938   68   20
6106 7905   68   20
6116 7594   68   22
6126 7617   68   28
6136 7629   68   35
6146 7550   68   42
6156 7501   68   48
6166 7511   68   56
6176 7546   60   64
6186 7541   45   72
6196 7542   29   82
6206 7652   29   92
6216 7731   29  100
6226 7771   29  111
6236 7753   29  120
6246 7796   29  128
6256 7804   29  136
6266 8023   29  144
6276 8022   29  152
6286 8022   29  161
6296 8060  -98  168
6306 8060  -98  175
6316 8046  -98  181
6326 7848  -98  187
6336 7832  -98  191
6346 7874  -98  196
6356 7497  -98  200
6366 7428  -98  202
6376 7411  -98  204
6386 7596 -100  204
6396 7598 -100  203
6406 7552 -100  196
6416 7506 -100  183
6426 7369 -100  167
6436 7430 -100  150
6446 7247 -100  132
6456 7292 -100  115
6466 7317 -100   96
6476 7571 -100   76
6486 7709 -100   52
6496 7705 -100   30
6506 7712 -100    6
6516 7723   78  -13
6526 7720   78  -24
6536 7636   78  -37
6546 7647   78  -51
6556 7693   78  -63
6566 7702   78  -76
6576 7568   78  -91
6586 7563   78 -104
6596 7569   78 -113
6606 7673   63 -116
6616 7638   14 -116
6626 7622    9 -116
6636 7240    9 -107
6646 7354    9  -93
6656 7471    9  -80
6666 7689    9  -68
6676 7704    9  -53
6686 8032    9  -39
6696 8073    9  -24
6706 8074    9  -10
99999 0 0 0 
6716 8077   10    4
6726 8078   10   16
6736 8078   10   27
6746 8115   10   34
6756 8117   10   40
6766 8117   10   43
6776 8117   10   44
6786 8117   10   46
6796 8117   10   46
6806 8118   10   46
6816 8117   10   46
6826 8117   10   46
6836 8117   10   46
6846 8118   10   46
6856 8117   10   46
6866 8117   10   46
6876 8115   10   45
6886 8115   10   45
6896 8117   10   44
6906 8115   10   44
6916 8117   69   42
6926 8117   69   41
6936 7991   69   40
6946 7950   69   39
6956 7929   69   39
6966 7582   69   39
6976 7547   69   39
6986 7571   69   39
6996 7546   69   43
7006 7568   69   49
7016 7523   69   56
7026 7501   61   64
7036 7504   45   71
7046 7511   29   79
7056 7647   29   88
7066 7698   29   96
7076 7727   35  106
7086 7819   35  115
7096 7829   35  122
7106 7977   35  130
7116 8011   35  137
7126 8012   35  144
7136 8012   35  152
7146 8012   35  158
7156 8011   35  164
7166 8008  -98  172
7176 8007  -98  179
7186 7856  -98  184
7196 7797  -98  188
7206 7829  -98  195
7216 7873  -98  199
7226 7347  -98  202
7236 7667  -98  204
7246 7581  -98  204
7256 7577  -98  204
7266 7593 -100  200
7276 7581 -100  188
7286 7466 -100  172
7296 7135 -100  156
7306 7197 -100  140
7316 7246 -100  122
7326 7488 -100  102
7336 7492 -100   83
7346 7597 -100   62
7356 7699 -100   38
7366 7703 -100   16
7376 7716 -100   -8
7386 7723   78  -19
7396 7692   78  -31
7406 7609   78  -44
7416 7676   78  -57
7426 7723   78  -70
7436 7658   78  -84
7446 7646   78  -97
7456 7576   78 -108
7466 7554   78 -114
7476 7645   38 -115
7486 7653    0 -115
7496 7670    9 -111
7506 7427    9  -99
7516 7490    9  -85
7526 7447    9  -74
7536 7990    9  -61
7546 7999    9  -48
7556 8073    9  -33
7566 8074    9  -20
7576 8077    9   -6
7586 8076    9    6
99999 0 0 0 
7596 8077   10   17
7606 8080   10   26
7616 8115   10   32
7626 8115   10   36
7636 8115   10   39
7646 8114   10   40
7656 8114   10   40
7666 8115   10   40
7676 8115   10   40
7686 8117   10   40
7696 8115   10   40
7706 8115   10   40
7716 8117   10   40
7726 8115   10   40
7736 8114   10   40
7746 8115   10   39
7756 8114   10   38
7766 8115   10   36
7776 8113   10   35
7786 8115   10   34
7796 8115   69   33
7806 8118   69   32
7816 8012   69   31
7826 7961   69   30
7836 7939   69   30
7846 7910   69   31
7856 7527   69   31
7866 7576   69   31
7876 7580   69   34
7886 7604   69   41
7896 7486   69   48
7906 7505   69   55
7916 7510   63   63
7926 7578   43   72
7936 7575   29   80
7946 7632   29   89
7956 7704   29   99
7966 7736   29  108
7976 7753   29  117
7986 7903   29  125
7996 7906   29  132
8006 8018   29  140
8016 8019   29  148
8026 8019   29  155
8036 8021  -98  161
8046 8056  -98  168
8056 8055  -98  174
8066 7926  -98  180
8076 7801  -98  184
8086 7819  -98  189
8096 7898  -98  194
8106 7445  -98  196
8116 7465  -98  199
8126 7548  -98  199
8136 7646  -98  199
8146 7575 -102  198
8156 7588 -102  184
8166 7346 -102  170
8176 7404 -102  154
8186 7288 -102  136
8196 7310 -102  119
8206 7347 -102  100
8216 7468 -102   80
8226 7644 -102   59
8236 7638 -102   36
8246 7709 -102   13
8256 7715 -102  -10
8266 7717   78  -20
8276 7687   78  -32
8286 7644   78  -46
8296 7668   78  -60
8306 7714   78  -73
8316 7370   78  -88
8326 7392   78 -101
8336 7510   78 -114
8346 7639   78 -121
8356 7581   47 -122
8366 7593    0 -122
8376 7487    9 -120
8386 7572    9 -108
8396 7504    9  -96
8406 8019    9  -86
8416 8026    9  -74
8426 8069    9  -62
8436 8072    9  -50
8446 8073    9  -38
8456 8076    9  -27
8466 8076    9  -16
99999 0 0 0 
8476 8076   10   -7
8486 8077   10    0
8496 8114   10    6
8506 8114   10   11
8516 8113   10   14
8526 8114   10   16
8536 8115   10   18
8546 8115   10   18
8556 8115   10   20
8566 8115   10   21
8576 8115   10   21
8586 8117   10   21
8596 8114   10   21
8606 8113   10   21
8616 8114   10   21
8626 8113   10   21
8636 8114   10   21
8646 8113   10   21
8656 8114   10   21
8666 8115   69   21
8676 8115   69   21
8686 8115   69   20
8696 8040   69   20
8706 7966   69   20
8716 7943   69   20
8726 7919   69   20
8736 7571   69   21
8746 7553   69   21
8756 7618   69   27
8766 7528   69   34
8776 7555   69   40
8786 7500   69   48
8797 7505   69   56
8807 7504   63   64
8817 7541   49   73
8827 7635   31   82
8837 7666   29   92
8847 7711   29  101
8857 7807   29  110
8867 7822   29  119
8877 7831   29  127
8887 7976   29  135
8897 7981   29  143
8907 8018   29  150
8917 8018   29  157
8927 8019   29  164
8937 8021  -98  171
8947 8053  -98  177
8957 8055  -98  184
8967 7865  -98  190
8977 7803  -98  192
8987 7829  -98  198
8997 7909  -98  202
9007 7452  -98  204
9017 7459  -98  206
9027 7523  -98  206
9037 7622  -98  206
9047 7569 -101  202
9057 7589 -101  189
9067 7329 -101  174
9077 7384 -101  158
9087 7269 -101  140
9097 7281 -101  123
9107 7309 -101  104
9117 7462 -101   84
9127 7641 -101   63
9137 7637 -101   40
9147 7709 -101   16
9157 7717 -101   -8
9167 7729   78  -20
9177 7662   78  -32
9187 7612   78  -44
9197 7637   78  -57
9207 7717   78  -70
9217 7371   78  -84
9227 7396   78  -97
9237 7526   78 -108
9247 7639   78 -116
9257 7591   55 -116
9267 7608    9 -116
9277 7532    9 -113
9287 7610    9 -101
9297 7536    9  -90
9307 8019    9  -80
9317 8029    9  -66
9327 8035    9  -54
9337 8072    9  -41
9347 8073    9  -29
99999 0 0 0 
9357 8073   10  -16
9367 8076   10   -5
9377 8076   10    5
9387 8077   10   13
9397 8074   10   19
9407 8077   10   23
9417 8077   10   25
9427 8113   10   27
9437 8114   10   27
9447 8113   10   28
9457 8115   10   28
9467 8114   10   28
9477 8113   10   28
9487 8111   10   28
9497 8113   10   28
9507 8113   10   28
9517 8111   10   28
9527 8111   10   28
9537 8113   10   28
9547 8113   10   28
9557 8113   69   28
9567 8113   69   28
9577 8037   69   28
9587 7964   69   28
9597 7942   69   28
9607 7918   69   28
9617 7887   69   28
9627 7530   69   28
9637 7608   69   29
9647 7632   69   36
9657 7585   69   43
9667 7497   69   50
9677 7504   69   56
9687 7466   63   64
9697 7569   47   73
9707 7572   31   82
9717 7611   29   92
9727 7657   29  101
9737 7696   29  111
9747 7749   29  120
9757 7970   29  128
9767 7974   29  136
9777 7977   29  144
9787 8017   29  152
9797 8018   29  160
9807 8018  -98  167
9817 8019  -98  174
9827 7970  -98  180
9837 7811  -98  186
9847 7804  -98  189
9857 7842  -98  194
9867 7926  -98  198
9877 7530  -98  200
9887 7513  -98  201
9897 7555  -98  201
9907 7638  -98  201
9917 7595 -104  194
9927 7596 -104  179
9937 7276 -104  164
9947 7338 -104  147
9957 7252 -104  130
9967 7365 -104  112
9977 7390 -104   92
9987 7502 -104   72
9997 7675 -104   50
10007 7671 -104   28
10017 7710 -104    4
10027 7720   78  -14
10037 7715   78  -26
10047 7594   78  -38
10057 7621   78  -52
10067 7663   78  -65
10077 7706   78  -78
10087 7493   78  -92
10097 7482   78 -105
10107 7534   78 -114
10117 7642   63 -117
10127 7611   14 -117
10137 7639    9 -117
10147 7323    9 -108
10157 7445    9  -94
10167 7478    9  -81
10177 7615    9  -70
10187 7631    9  -56
10197 7995    9  -42
10207 8067    9  -28
10217 8070    9  -14
99999 0 0 0 
10227 8072   10   -1
10237 8073   10   12
10247 8074   10   22
10257 8074   10   30
10267 8074   10   36
10277 8076   10   39
10287 8074   10   41
10297 8077   10   42
10307 8076   10   42
10317 8076   10   42
10327 8077   10   42
10337 8077   10   42
10347 8077   10   42
10357 8113   10   42
10367 8111   10   42
10377 8111   10   42
10387 8110   10   42
10397 8111   10   41
10407 8110   10   40
10417 8110   10   39
10427 8111   69   38
10437 8113   69   36
10447 7989   69   36
10457 7956   69   35
10467 7936   69   35
10477 7513   69   35
10487 7485   69   36
10497 7581   69   36
10507 7558   69   39
10517 7582   69   45
10527 7568   69   52
10537 7504   69   59
10547 7504   59   66
10557 7502   47   74
10567 7590   29   83
10577 7615   29   92
10587 7657   29  101
10597 7723   29  110
10607 7744   29  119
10617 7825   29  127
10627 7973   29  135
10637 7976   29  142
10647 8012   29  150
10657 8015   29  157
10667 8017   29  164
10677 8017  -98  170
10687 8017  -98  176
10697 8015  -98  182
10707 7995  -98  188
10717 7825  -98  193
10727 7808  -98  196
10737 7843  -98  200
10747 7319  -98  204
10757 7350  -98  206
10767 7481  -98  207
10777 7672  -98  207
10787 7579  -98  207
10797 7572 -101  199
10807 7461 -101  185
10817 7494 -101  170
10827 7375 -101  153
10837 7220 -101  136
10847 7261 -101  118
10857 7356 -101  100
10867 7608 -101   79
10877 7603 -101   58
10887 7666 -101   35
10897 7710 -101   11
10907 7720   78  -11
10917 7724   78  -21
10927 7647   78  -33
10937 7618   78  -46
10947 7656   78  -57
10957 7662   78  -69
10967 7700   78  -83
10977 7395   78  -96
10988 7636   78 -105
10998 7549   56 -109
11008 7581   22 -109
11018 7637    9 -109
11028 7743    9 -102
11038 7621    9  -91
11048 7474    9  -81
11058 7490    9  -69
11068 7992    9  -57
11078 8067    9  -45
11088 8070    9  -33
11098 8072    9  -20
11108 8072    9   -8
99999 0 0 0 
11118 8073   10    3
11128 8074   10   12
11138 8073   10   20
11148 8074   10   26
11158 8076   10   29
11168 8076   10   32
11178 8074   10   32
11188 8074   10   32
11198 8076   10   32
11208 8076   10   32
11218 8076   10   32
11228 8113   10   32
11238 8111   10   32
11248 8110   10   32
11258 8113   10   32
11268 8111   10   32
11278 8110   10   31
11288 8110   10   30
11298 8110   10   29
11308 8074   10   28
11318 8108   69   27
11329 8111   69   26
11339 8071   69   24
11349 7939   69   24
11359 7945   69   24
11369 7928   69   24
11379 7550   69   24
11389 7596   69   24
11399 7595   69   24
11409 7601   69   31
11419 7517   69   38
11429 7537   69   46
11439 7514   69   53
11449 7555   69   61
11459 7551   56   69
11469 7583   38   79
11479 7623   29   88
11489 7672   29   97
11499 7667   29  107
11509 7700   29  117
11519 7751   29  126
11529 7936   29  134
11539 7939   29  142
11549 8014   29  151
11559 8017   29  159
11569 8014   29  167
11579 8018  -99  174
11589 8017  -99  180
11599 8015  -99  187
11609 7959  -99  194
11619 7818  -99  198
11629 7814  -99  203
11639 7849  -99  208
11649 7363  -99  211
11659 7388  -99  214
11669 7611  -99  214
11679 7611  -99  214
11689 7533  -99  214
11699 7607  -99  205
11709 7501  -99  191
11719 7543  -99  176
11729 7246  -99  160
11739 7192  -99  142
11749 7233  -99  124
11759 7430  -99  106
11769 7574  -99   85
11779 7569  -99   64
11789 7705  -99   42
11799 7712  -99   18
11809 7724  -99   -6
11819 7699   79  -18
11829 7713   79  -30
11839 7657   79  -44
11849 7609   79  -60
11859 7636   79  -73
11869 7674   79  -89
11879 7540   79 -105
11889 7407   79 -120
11899 7344   79 -133
11909 7550   79 -140
11919 7584   47 -142
11929 7569    6 -142
11939 7519    9 -140
11949 7409    9 -128
11959 7494    9 -114
11969 7465    9 -102
11979 7804    9  -90
11989 7812    9  -76
11999 8031    9  -64
12009 8069    9  -50
12019 8069    9  -37
12029 8070    9  -24
99999 0 0 0 
12039 8072   10  -12
12049 8073   10   -1
12059 8073   10    8
12069 8073   10   15
12079 8074   10   20
12089 8074   10   23
12099 8072   10   24
12109 8072   10   26
12119 8076   10   26
12129 8073   10   27
12139 8074   10   28
12149 8074   10   28
12159 8074   10   28
12169 8074   10   28
12179 8073   10   28
12189 8072   10   28
12199 8074   10   28
12209 8073   10   28
12219 8074   10   28
12229 8074   10   28
12239 8076   69   28
12249 8076   69   28
12259 8010   69   28
12269 7939   69   28
12279 7915   69   28
12289 7894   69   28
12299 7538   69   28
12309 7560   69   28
12319 7561   69   30
12329 7578   69   36
12339 7494   69   44
12349 7507   69   50
12359 7477   69   56
12369 7512   63   64
12379 7507   49   72
12389 7617   33   81
12399 7627   29   90
12409 7698   29   99
12419 7733   29  108
12429 7712   29  117
12439 7720   29  124
12449 7971   29  132
12459 7973   29  139
12469 7977   29  147
12479 8014   29  154
12489 8014   29  161
12499 8015  -99  167
12509 7953  -99  173
12519 7818  -99  179
12529 7808  -99  182
12539 7846  -99  186
12549 7393  -99  190
12559 7425  -99  192
12569 7593  -99  193
12579 7653  -99  193
12589 7555 -109  192
12599 7621 -109  185
12609 7551 -109  172
12619 7587 -109  156
12629 7284 -109  140
12639 7230 -109  124
12649 7272 -109  106
12659 7440 -109   88
12669 7553 -109   68
12679 7552 -109   47
12689 7683 -109   24
12699 7717 -109    2
12709 7723   79  -15
12719 7679   79  -25
12729 7608   79  -38
12739 7604   79  -52
12749 7671   79  -64
12759 7637   79  -76
12769 7669   79  -89
12779 7557   79 -102
12789 7589   79 -111
12799 7527   63 -114
12809 7646   14 -114
12819 7713    9 -114
12829 7804    9 -106
12839 7458    9  -95
12849 7482    9  -85
12859 7491    9  -73
12869 8029    9  -62
12879 8031    9  -50
12889 8032    9  -38
12899 8070    9  -27
12909 8073    9  -16
99999 0 0 0 
12919 8069   10   -4
12929 8073   10    4
12939 8072   10   12
12949 8073   10   16
12959 8074   10   20
12969 8072   10   22
12979 8073   10   24
12989 8074   10   24
12999 8074   10   24
13009 8074   10   24
13019 8073   10   25
13029 8074   10   25
13039 8070   10   25
13049 8074   10   25
13059 8073   10   25
13069 8072   10   24
13079 8073   10   24
13089 8070   10   24
13099 8074   10   24
13110 8074   69   24
13121 8074   69   24
13131 8074   69   24
13141 8016   69   24
13151 7948   69   23
13161 7926   69   23
13171 7905   69   23
13181 7593   69   23
13191 7610   69   24
13201 7610   69   24
13211 7627   69   30
13221 7541   69   37
13231 7553   69   44
13241 7526   69   51
13251 7562   69   58
13261 7562   61   66
13271 7597   48   75
13281 7637   35   84
13291 7669   29   93
13301 7656   29  102
13311 7699   29  112
13321 7713   29  120
13331 7859   29  129
13341 8007   29  136
13351 8011   29  144
13361 8011   29  152
13371 8014   29  160
13381 8015   29  167
13391 8015  -99  173
13401 8017  -99  180
13411 7927  -99  186
13421 7831  -99  190
13431 7833  -99  194
13441 7863  -99  199
13451 7367  -99  202
13461 7607  -99  204
13471 7584  -99  204
13481 7608  -99  204
13491 7681  -99  204
13501 7659 -106  195
13511 7607 -106  182
13521 7258 -106  166
13531 7301 -106  150
13541 7268 -106  134
13551 7438 -106  116
13561 7459 -106   98
13571 7577 -106   78
13581 7722 -106   57
13591 7721 -106   36
13601 7720 -106   13
13611 7718 -106   -9
13621 7714   79  -20
13631 7656   79  -32
13641 7693   79  -45
13651 7663   79  -60
13661 7685   79  -72
13671 7533   79  -88
13681 7561   79 -104
13691 7430   79 -118
13701 7675   79 -132
13711 7638   39 -138
13721 7725   39 -140
13731 7628    6 -140
13741 7675    9 -140
13751 7525    9 -132
13761 7445    9 -121
13771 7456    9 -111
13781 7886    9 -103
13791 8032    9  -93
13801 8033    9  -84
13811 8035    9  -75
13821 8070    9  -68
99999 0 0 0 
13831 8073   10  -61
13841 8073   10  -56
13851 8073   10  -49
13861 8073   10  -44
13871 8073   10  -37
13881 8072   10  -32
13891 8073   10  -26
13901 8073   10  -20
13911 8076   10  -15
13921 8072   10   -9
13931 8074   10   -4
13941 8074   10    0
13951 8074   10    4
13961 8073   10    6
13971 8074   10    9
13981 8074   10   12
13991 8074   10   12
14001 8073   10   13
14011 8074   10   14
14021 8073   10   14
14031 8074   10   14
14041 8074   69   14
14051 8076   69   14
14061 8006   69   14
14071 7961   69   14
14081 7946   69   14
14091 7645   69   14
14101 7638   69   14
14111 7712   69   14
14121 7796   69   14
14131 7811   69   18
14141 7754   69   25
14151 7663   69   32
14161 7674   69   38
14171 7610   69   44
14181 7616   69   50
14191 7617   69   56
14201 7654   67   62
14211 7722   60   68
14221 7722   50   76
14231 7689   43   83
14241 7664   33   90
14251 7669   29   96
14261 7751   29  104
14271 7899   29  110
14281 7906   52  116
14291 7873   52  122
14301 7981   52  127
14311 7973   52  132
14321 7994   52  137
14331 7991   52  142
14341 7986   52  148
14351 7880   52  153
14361 7912   52  160
14371 7911   52  166
14381 7877   52  172
14391 7843   52  179
14401 7843  -99  186
14411 7808  -99  192
14421 7801  -99  199
14431 7802  -99  204
14441 7849  -99  208
14451 7362  -99  212
14461 7369  -99  216
14471 7515  -99  219
14481 7768  -99  220
14491 7771  -99  220
14501 7843  -99  220
14511 7843  -99  220
14521 7841 -100  212
14531 7626 -100  201
14541 7380 -100  188
14551 7381 -100  175
14561 7345 -100  160
14571 7490 -100  144
14581 7491 -100  128
14591 7599 -100  110
14601 7706 -100   92
14611 7708 -100   72
14621 7709 -100   52
14631 7714 -100   30
14641 7710 -100    9
14651 7713   79  -11
14661 7750   79  -21
14671 7729   79  -31
14681 7764   79  -42
14691 7774   79  -53
14701 7780   79  -62
14711 7466   79  -74
14721 7717   79  -84
14731 7720   72  -95
14741 7829   79 -103
14751 7900   55 -107
14761 7905   22 -108
14771 7836    0 -108
14781 7457    9 -108
14791 7466    9 -103
14801 7683    9  -94
14811 8037    9  -89
14821 8039    9  -80
14831 8040    9  -72
14841 8042    9  -64
14851 8042    9  -56
14861 8042    9  -49
14871 8076    9  -42
99999 0 0 0 
14881 8074   10  -35
14891 8074   10  -28
14901 8076   10  -21
14911 8077   10  -14
14921 8074   10   -8
14931 8076   10   -2
14941 8077   10    3
14951 8076   10    7
14961 8074   10   10
14971 8077   10   12
14981 8074   10   13
14991 8076   10   14
15001 8078   10   16
15011 8076   10   16
15021 8077   10   16
15031 8076   10   16
15041 8076   10   16
15051 8077   10   16
15061 8074   10   16
15072 8076   69   16
15082 8076   69   15
15093 8076   69   14
15103 8038   69   12
15114 7999   69   11
15124 7993   69   10
15134 7993   69   10
15144 7716   69   10
15156 7759   69   10
15167 7762   69   11
15177 7722   69   13
15187 7721   69   19
15197 7726   69   26
15207 7591   69   32
15217 7631   69   38
15227 7637   69   44
15237 7708   69   50
15247 7675   69   56
15257 7673   67   62
15267 7714   61   68
15277 7681   55   74
15287 7682   48   80
15297 7679   42   87
15308 7651   36   93
15318 7655   29  100
15328 7765   29  106
15338 7876   29  112
15348 7881   63  116
15358 7951   63  122
15368 7953   63  126
15378 7935   63  130
15388 7963   63  135
15398 7962   63  139
15408 7963   63  144
15418 7784   63  149
15428 7819   63  155
15438 7817   63  162
15448 7746   63  168
15458 7747   63  176
15468 7749  -99  183
15478 7673  -99  190
15488 7773  -99  196
15498 7774  -99  200
15508 7781  -99  207
15518 7572  -99  212
15528 7576  -99  215
15538 7683  -99  218
15548 7791  -99  219
15558 7792  -99  219
15568 7936  -99  219
15578 7864 -103  216
15588 7865 -103  207
15598 7476 -103  196
15608 7367 -103  184
15618 7368 -103  170
15628 7405 -103  156
15638 7443 -103  140
15648 7441 -103  124
15658 7655 -103  108
15668 7724 -103   89
15678 7726 -103   70
15689 7726 -103   50
15699 7727 -103   28
15709 7730 -103    8
15719 7731   79  -10
15729 7765   79  -18
15739 7767   79  -28
15749 7787   79  -38
15759 7780   79  -49
15769 7785   79  -60
15779 7652   79  -72
15789 7513   79  -84
15801 7765   79  -94
15811 7769   58 -105
15821 7842   79 -113
15831 7876   55 -116
15841 7876   14 -116
15851 7772    9 -116
15861 7461    9 -116
15871 7469    9 -109
15881 7684    9 -102
15891 8006    9  -95
15901 8005    9  -87
15911 8042    9  -78
15921 8043    9  -71
15931 8042    9  -64
99999 0 0 0 
15941 8042   10  -57
15951 8078   10  -50
15961 8078   10  -44
15971 8078   10  -37
15981 8077   10  -30
15991 8077   10  -24
16001 8080   10  -18
16011 8077   10  -12
16021 8077   10   -6
16031 8078   10   -1
16041 8077   10    3
16051 8078   10    7
16061 8078   10    9
16071 8080   10   11
16081 8078   10   12
16091 8078   10   12
16101 8080   10   12
16111 8078   10   12
16121 8078   10   12
16131 8080   10   12
16141 8081   10   12
16151 8080   69   12
16161 8076   69   12
16171 8027   69   12
16181 8013   69   12
16191 8014   69   12
16201 8020   69   12
16211 7740   69   12
16221 7851   69   12
16231 7854   69   12
16241 7822   69   15
16251 7719   69   20
16261 7720   69   26
16271 7722   69   32
16281 7646   69   36
16291 7654   69   42
16301 7654   69   47
16311 7727   69   52
16321 7726   69   57
16331 7726   68   62
16341 7692   62   68
16351 7690   57   73
16361 7692   53   79
16371 7659   47   84
16381 7659   42   90
16391 7697   36   96
16401 7805   31  101
16411 7808   29  106
16421 7846   29  111
16431 7920   29  116
16441 7923   73  120
16451 7923   73  124
16461 7957   73  127
16471 7949   73  130
16481 7973   73  133
16491 7970   73  137
16501 7968   73  141
16511 7791   73  146
16521 7755   73  152
16531 7757   73  157
16541 7720   73  164
16551 7617   73  171
16561 7617  -99  178
16571 7618  -99  184
16581 7646  -99  192
16591 7648  -99  199
16601 7686  -99  203
16611 7406  -99  208
16621 7412  -99  214
16631 7551  -99  216
16641 7801  -99  219
16651 7802  -99  220
16661 7873  -99  220
16671 7839  -99  220
16681 7839 -104  215
16691 7660 -104  204
16701 7377 -104  192
16711 7377 -104  180
16721 7377 -104  167
16731 7483 -104  152
16741 7484 -104  138
16751 7594 -104  122
16761 7701 -104  106
16771 7703 -104   90
16781 7744 -104   72
16791 7703 -104   55
16801 7704 -104   36
16811 7704 -104   17
16821 7704 -104   -3
16831 7703   79  -14
16841 7741   79  -23
16851 7751   79  -32
16861 7754   79  -43
16871 7758   79  -53
16881 7480   79  -64
16891 7484   79  -73
16901 7666   79  -82
16911 7843   63  -92
16921 7847   72  -99
16931 7920   47 -102
16941 7813   14 -102
16951 7815    9 -102
16961 7682    9 -102
16971 7755    9 -100
16981 7759    9  -93
16991 7865    9  -89
17001 8043    9  -82
17011 8039    9  -76
17021 8043    9  -69
17031 8045    9  -64
99999 0 0 0 
17041 8045   10  -58
17051 8080   10  -53
17061 8081   10  -49
17071 8078   10  -44
17081 8078   10  -39
17091 8080   10  -34
17101 8080   10  -29
17111 8078   10  -24
17121 8080   10  -19
17131 8080   10  -14
17141 8078   10   -9
17151 8080   10   -4
17161 8080   10    0
17171 8078   10    3
17181 8080   10    5
17191 8078   10    7
17201 8080   10    8
17211 8078   10    8
17221 8080   10    8
17231 8080   10    8
17241 8078   10    8
17251 8078   69    8
17261 8080   69    8
17271 8078   69    8
17281 8053   69    8
17291 8030   69    8
17301 8024   69    8
17311 8027   69    8
17321 7817   69    8
17331 7857   69    8
17341 7858   69    8
17351 7896   69    8
17361 7862   69    8
17371 7862   69   14
17381 7754   69   20
17391 7652   69   27
17401 7654   69   33
17411 7621   69   39
17421 7656   69   44
17431 7658   69   50
17441 7728   69   56
17451 7730   69   61
17461 7731   64   67
17471 7731   59   72
17481 7700   55   78
17491 7697   49   84
17501 7699   46   89
17511 7772   42   94
17521 7772   36  100
17531 7738   32  105
17541 7813   29  110
17551 7813   29  116
17561 7887   29  120
17571 7958   74  125
17581 7960   74  129
17591 7978   74  133
17601 7973   74  137
17611 7970   74  141
17621 7974   74  145
17631 7761   74  151
17641 7767   74  157
17651 7763   74  164
17661 7659   74  170
17671 7659   74  176
17681 7590   74  184
17691 7624  -99  191
17701 7624  -99  198
17711 7692  -99  206
17721 7685  -99  214
17731 7689  -99  219
17741 7690  -99  226
17751 7477  -99  232
17761 7483  -99  236
17771 7660  -99  240
17781 7839  -99  242
17791 7840  -99  242
17801 7912  -99  242
17811 7734  -99  242
17821 7736  -97  234
17831 7520  -97  224
17841 7378  -97  212
17851 7382  -97  200
17861 7379  -97  186
17871 7487  -97  171
17881 7487  -97  156
17891 7595  -97  140
17901 7740  -97  124
17911 7741  -97  107
17921 7742  -97   89
17931 7709  -97   71
17941 7707  -97   52
17951 7707  -97   33
17961 7744  -97   13
17971 7742  -97   -7
17981 7779   79  -18
17991 7779   79  -28
18001 7761   79  -38
18011 7791   79  -50
18021 7726   79  -61
18031 7730   79  -73
18041 7665   79  -85
18051 7772   79  -95
18061 7778   72 -105
18071 7849   72 -114
18081 7919   63 -118
18091 7922   22 -120
18101 7639    6 -120
18111 7501    9 -120
18121 7507    9 -116
18131 7547    9 -109
18141 7938    9 -103
18151 7938    9  -96
18161 8009    9  -89
18171 8045    9  -82
18181 8045    9  -77
18191 8045    9  -72
18201 8046    9  -67
99999 0 0 0 
18211 8046   10  -62
18221 8080   10  -57
18231 8081   10  -53
18241 8080   10  -49
18251 8078   10  -44
18261 8078   10  -40
18271 8081   10  -35
18281 8080   10  -29
18291 8080   10  -24
18301 8078   10  -18
18311 8080   10  -13
18321 8081   10   -8
18331 8080   10   -4
18341 8080   10    0
18351 8081   10    2
18361 8078   10    4
18371 8080   10    6
18381 8083   10    8
18391 8080   10    8
18401 8080   69    8
18411 8081   69    8
18421 8083   69    8
18431 8067   69    8
18441 8039   69    8
18451 8034   69    8
18461 8032   69    8
18471 7784   69    8
18481 7787   69    8
18491 7859   69    8
18501 7898   69    8
18511 7902   69   12
18521 7794   69   18
18531 7690   69   24
18541 7692   69   30
18551 7659   69   35
18561 7622   69   40
18572 7622   69   46
18582 7660   69   52
18593 7733   69   57
18604 7731   68   63
18614 7734   63   68
18624 7699   60   73
18634 7699   56   78
18644 7703   52   84
18654 7703   48   88
18664 7703   45   93
18674 7704   41   98
18685 7774   37  104
18697 7809   33  109
18707 7815   29  114
18717 7851   29  119
18727 7889   29  123
18737 7892   79  127
18747 7998   79  130
18757 7984   79  134
18767 7974   79  137
18777 7971   79  140
18787 7973   79  144
18797 7976   79  149
18808 7696   79  154
18818 7695   79  160
18828 7697   79  167
18838 7554   79  173
18848 7553   79  180
18858 7554  -99  187
18868 7587  -99  194
18878 7622  -99  202
18888 7618  -99  210
18898 7621  -99  215
18908 7622  -99  221
18918 7625  -99  228
18928 7447  -99  232
18938 7733  -99  236
18948 7736  -99  239
18958 7808  -99  240
18968 7914  -99  240
18978 7914  -99  240
18988 7808 -100  235
18998 7418 -100  224
19008 7418 -100  213
19018 7418 -100  201
19028 7453 -100  188
19038 7455 -100  174
19048 7490 -100  160
19058 7706 -100  144
19068 7706 -100  129
19078 7742 -100  112
19088 7744 -100   96
19098 7744 -100   78
19108 7744 -100   60
19118 7710 -100   42
19128 7710 -100   23
19138 7744 -100    3
19148 7779   79  -12
19158 7779   79  -20
19168 7772   79  -30
19178 7760   79  -40
19188 7763   79  -50
19198 7767   79  -62
19208 7559   79  -72
19218 7561   79  -80
19228 7706   55  -91
19238 7886   79 -100
19249 7889   63 -106
19259 7922   34 -108
19269 7786    6 -108
19279 7788    9 -108
19289 7581    9 -108
19299 7937    9 -101
19309 7938    9  -97
19319 8045    9  -90
19329 8046    9  -84
19339 8045    9  -79
19349 8045    9  -73
19359 8047    9  -69
99999 0 0 0 
19369 8045   10  -65
19379 8046   10  -61
19389 8083   10  -57
19399 8081   10  -53
19409 8046   10  -50
19419 8080   10  -46
19429 8080   10  -44
19439 8083   10  -40
19449 8081   10  -36
19459 8083   10  -33
19469 8081   10  -30
19479 8081   10  -26
19489 8078   10  -23
19499 8083   10  -20
19509 8080   10  -16
19519 8080   10  -13
19529 8080   10  -10
19539 8080   10   -7
19549 8078   10   -4
19559 8080   10   -2
19569 8083   69    0
19579 8081   69    2
19589 8081   69    3
19599 8077   69    3
19609 8048   69    3
19619 8035   69    3
19629 8035   69    3
19639 8038   69    3
19650 7794   69    4
19660 7865   69    4
19671 7936   69    4
19681 7936   69    6
19691 7936   69   10
19702 7795   69   16
19712 7795   69   23
19722 7727   69   29
19732 7658   69   35
19742 7660   69   40
19752 7619   69   46
19762 7697   69   52
19772 7699   69   56
19782 7734   68   62
19792 7736   65   67
19803 7737   61   72
19813 7737   57   78
19824 7703   54   83
19834 7701   50   88
19844 7738   47   92
19854 7777   45   96
19864 7777   42  101
19874 7781   38  105
19885 7813   35  110
19896 7887   32  115
19906 7887   29  119
19916 7923   29  122
19926 7960   29  126
19936 7961   90  129
19946 7996   90  132
19956 7963   90  136
19966 7944   90  138
19976 7971   90  141
19986 7971   90  144
19996 7973   90  148
20006 7586   90  152
20016 7622   90  158
20026 7624   90  164
20036 7483   90  170
20046 7447   90  176
20056 7446  -99  183
20066 7483  -99  190
20076 7551  -99  196
20086 7547  -99  203
20096 7591  -99  207
20106 7415  -99  213
20116 7416  -99  218
20126 7737  -99  220
20136 7806  -99  223
20146 7808  -99  224
20156 7916  -99  224
20166 7881  -99  224
20176 7881 -110  219
20186 7526 -110  208
20196 7490 -110  197
20206 7490 -110  188
20216 7527 -110  176
20226 7598 -110  161
20236 7601 -110  147
20246 7707 -110  132
20256 7744 -110  117
20266 7744 -110  103
20276 7779 -110   87
20286 7778 -110   72
20296 7781 -110   55
20306 7781 -110   38
20316 7781 -110   20
20326 7779 -110    2
20336 7779   79  -11
20346 7813   79  -19
20356 7808   79  -28
20366 7795   79  -37
20376 7801   79  -48
20386 7804   79  -57
20396 7666   79  -68
20406 7775   79  -76
20416 7777   55  -85
20426 7885   63  -94
20436 7924   63 -100
20446 7924   39 -104
20456 7856   22 -104
20466 7820    9 -104
20476 7823    9 -104
20486 7792    9 -104
20496 7761    9 -102
20506 7761    9  -98
20516 8010    9  -95
20526 8046    9  -90
20536 8046    9  -86
20546 8047    9  -81
20556 8046    9  -78
99999 0 0 0 
20566 8046   10  -74
20576 8046   10  -72
20586 8081   10  -69
20596 8084   10  -66
20606 8083   10  -64
20616 8080   10  -62
20626 8081   10  -60
20636 8080   10  -59
20646 8083   10  -58
20656 8083   10  -58
20666 8081   10  -58
20676 8083   10  -58
20686 8081   10  -58
20696 8081   10  -58
20706 8081   10  -58
20716 8081   10  -58
20726 8081   10  -58
20736 8083   10  -58
20746 8081   10  -58
20756 8081   69  -58
20766 8081   69  -58
20776 8081   69  -57
20786 8081   69  -57
20796 8049   69  -57
20806 8038   69  -56
20816 8036   69  -56
20826 7722   69  -52
20836 7722   69  -52
20846 7868   69  -50
20856 7869   69  -49
20866 7868   69  -49
20876 7905   69  -49
20886 7832   69  -49
20896 7831   69  -49
20906 7655   69  -49
20916 7656   69  -49
20926 7659   69  -49
20936 7696   69  -49
20946 7663   69  -49
20956 7663   69  -49
20966 7701   69  -49
20976 7701   69  -49
20986 7700   69  -49
20996 7700   69  -49
21006 7700   69  -49
21016 7701   69  -49
21026 7701   69  -49
21036 7737   69  -49
21046 7737   69  -49
21056 7738   69  -48
21066 7774   69  -48
21076 7775   69  -49
21086 7738   69  -49
21096 7775   69  -49
21106 7774   69  -49
21116 7775   69  -49
21126 7775   69  -48
21137 7775   69  -46
21147 7812   69  -45
21157 7775   69  -42
21167 7775   69  -38
21177 7810   69  -33
21187 7847   69  -28
21197 7847   69  -23
21207 7810   69  -17
21217 7847   69  -11
21227 7846   69   -4
21237 7847   69    2
21247 7885   69    8
21258 7886    9   14
21268 7883    9   20
21278 7892    9   25
21288 7899    9   29
21299 7901    9   33
21309 7904    9   36
21319 8046    9   37
21329 8046    9   37
21339 8045 -101   37
21349 8045 -101   37
21359 8084 -101   37
21369 8059 -101   37
21379 8045 -101   37
21389 8045 -101   37
21399 8048 -101   37
21409 8048 -101   37
21419 7767 -128   32
21429 7839 -128   25
21439 7839 -128   20
21449 7913 -128   14
21459 7949 -128    8
21469 7949 -128    1
21479 7914 -128   -6
21489 7879 -128   -9
21499 7879   81  -13
21509 7771   81  -17
21519 7768   81  -22
21529 7769   81  -28
21539 7772   81  -29
21549 7774   81  -35
21559 7774   81  -40
21569 7882   81  -44
21579 7919   23  -48
21589 7919   23  -51
21599 7957   14  -52
21609 7967    0  -52
21619 7972   10  -52
21629 7832   10  -52
21639 7938   10  -52
21649 7940   10  -52
21659 8045   10  -50
21669 8081   10  -46
21679 8083   10  -42
21689 8045   10  -38
21699 8047   10  -33
99999 0 0 0 
21709 8046   10  -29
21719 8081   10  -24
21729 8083   10  -20
21739 8081   10  -16
21749 8081   10  -11
21759 8081   10   -7
21769 8081   10   -3
21779 8083   10    0
21789 8083   10    3
21799 8081   10    4
21809 8083   10    6
21819 8081   10    7
21829 8081   10    7
21839 8081   10    7
21849 8081   10    7
21859 8083   10    7
21869 8083   10    7
21879 8081   10    7
21889 8081   10    7
21899 8083   10    6
21909 8083   69    6
21919 8080   69    6
21929 8083   69    6
21939 8078   69    4
21949 8046   69    2
21959 8038   69    1
21969 8038   69    0
21979 8042   69   -1
21989 7795   69   -1
21999 7832   69   -1
22009 7835   69   -1
22019 7905   69    0
22029 7910   69    0
22039 7913   69    4
22049 7837   69    9
22059 7804   69   16
22069 7804   69   21
22079 7768   69   26
22089 7767   69   31
22099 7768   69   36
22109 7839   69   40
22119 7840   69   44
22129 7840   69   48
22139 7843   69   51
22150 7806   69   54
22161 7808   69   57
22171 7806   69   59
22181 7843   69   60
22191 7808   68   62
22201 7806   68   63
22211 7842   67   64
22221 7840   67   65
22232 7845   66   66
22242 7845   66   66
22252 7881   65   67
22263 7882   65   67
22274 7846   65   67
22284 7882   65   67
22294 7881   65   67
22304 7847   65   67
22315 7883   65   67
22326 7883   65   67
22336 7883   65   67
22346 7883   65   67
22357 7919   65   67
22367 7919   65   67
22377 7920   65   67
22387 7883   65   67
22397 7885   65   67
22408 7919   65   67
22418 7920  -99   67
22428 7916  -99   67
22438 7913  -99   67
22448 7914  -99   67
22458 7914  -99   67
22468 7882  -99   67
22478 7916  -99   67
22488 7916  -99   67
22498 7951  -99   67
22508 7953 -125   63
22518 7953 -125   56
22528 7954 -125   51
22538 7954 -125   45
22548 7954 -125   38
22558 7954 -125   31
22568 7919 -125   24
22578 7917 -125   17
22588 7919 -125    9
22598 7953 -125   -1
22608 7955 -125   -7
22618 7954   79  -10
22628 7992   79  -13
22638 7990   79  -18
22648 7949   79  -22
22658 7949   79  -26
22668 7951   79  -30
22678 7953   79  -32
22688 7953   79  -35
22698 7955   14  -39
22708 7957   22  -42
22718 7996   14  -46
22728 8002   22  -49
22738 8005   14  -52
22748 8008   14  -54
22759 8009    6  -57
22769 8045   12  -58
22779 8081    0  -60
22789 8081    6  -60
22799 8083    9  -60
22809 8083    9  -60
22819 8081    9  -60
22829 8083    9  -60
22839 8081    9  -60
22849 8083    9  -60
22859 8083    9  -60
22869 8083    9  -60
22879 8083    9  -60
99999 0 0 0 
22889 8083   10  -60
22899 8083   10  -60
22909 8084   10  -60
22919 8083   10  -60
22929 8083   10  -60
22939 8078   10  -60
22949 8081   10  -60
22959 8083   10  -60
22969 8081   10  -60
22979 8083   10  -60
22989 8081   10  -60
22999 8081   10  -60
23009 8083   10  -60
23019 8081   10  -60
23029 8080   10  -60
23039 8081   10  -60
23049 8081   10  -60
23059 8080   10  -60
23069 8083   10  -60
23079 8081   10  -60
23089 8083   69  -60
23099 8081   69  -60
23109 8078   69  -60
23119 8048   69  -60
23129 8041   69  -60
23139 8039   69  -60
23149 8042   69  -60
23159 7831   69  -60
23169 7869   69  -60
23179 7871   69  -60
23189 7872   69  -60
23199 7873   69  -56
23209 7873   69  -52
23219 7839   69  -46
23229 7873   69  -41
23239 7909   69  -36
23250 7909   69  -29
23260 7906   69  -22
23271 7946   69  -14
23281 7944   69   -8
23291 7946   69    0
23301 7947   69    6
23312 7949   69   14
23322 7950   69   20
23332 7950   69   25
23342 7950   69   30
23352 7950   69   34
23362 7949   69   38
23372 7951   69   41
23382 7953   69   44
23392 7951   69   46
23402 7950   69   47
23412 7949   69   48
23422 7949   69   49
23432 7947   69   50
23442 7949   69   50
23452 7950   69   50
23462 7950   69   50
23472 7951   69   50
23482 7988   69   50
23492 7987   69   50
23502 7991   69   50
23512 7988   69   50
23522 7988   69   50
23532 8025   69   50
23542 7988   69   50
23552 7990   69   50
23562 7990   69   50
23572 7990   69   50
23582 7990   69   50
23592 7990    9   50
23602 7990    9   50
23612 7990    9   50
23622 8002    9   50
23632 8005    9   50
23642 8010    9   50
23652 8009    9   50
23662 8083    9   50
23672 8083 -100   50
23682 8081 -100   50
23692 8060 -100   50
23702 8052 -100   50
23712 8050 -127   49
23722 7946 -127   47
23732 7947 -127   44
23742 7947 -127   41
23752 7949 -127   37
23762 7950 -127   34
23772 7984 -127   30
23782 7984 -127   25
23792 7985 -127   20
23802 7985 -127   13
23812 7987 -127    8
23822 7987 -127    3
23832 7987 -127   -3
23842 7990 -127   -6
23852 7987 -127   -8
23862 7988   80  -11
23872 7953   80  -14
23882 7951   80  -18
23892 7947   80  -22
23902 7984   80  -26
23912 7987   80  -29
23922 7951   80  -32
23932 7987   80  -35
23942 7990   14  -38
23952 8023   14  -42
23962 7999   23  -45
23973 8005   14  -49
23983 8005   20  -52
23993 8078   14  -55
24003 8076   14  -57
24013 8078    6  -60
24023 8083   14  -60
24033 8081   10  -61
24043 8080   10  -61
24053 8083   10  -61
24063 8081   10  -61
24073 8083   10  -61
24083 8081   10  -61
24093 8081   10  -61
24103 8083   10  -61
24113 8081   10  -61
99999 0 0 0 
24123 8081   10  -61
24133 8083   10  -61
24143 8081   10  -61
24153 8081   10  -61
24163 8083   10  -61
24173 8117   10  -61
24183 8118   10  -61
24193 8083   10  -61
24203 8083   10  -61
24213 8081   10  -61
24223 8081   10  -61
24233 8081   10  -61
24243 8081   10  -61
24253 8081   10  -61
24263 8081   10  -61
24273 8083   10  -61
24283 8081   10  -61
24293 8083   10  -61
24303 8083   10  -61
24313 8081   10  -61
24323 8081   69  -61
24333 8083   69  -61
24343 8083   69  -61
24353 8067   69  -61
24363 8042   69  -61
24373 8036   69  -61
24383 8038   69  -61
24394 8039   69  -61
24404 7865   69  -61
24414 7899   69  -61
24424 7903   69  -61
24434 7905   69  -61
24444 7909   69  -60
24456 7944   69  -56
24466 7944   69  -52
24476 7949   69  -50
24486 7949   69  -47
24496 7947   69  -44
24506 7984   69  -40
24516 7985   69  -34
24526 7985   69  -29
24536 7985   69  -24
24546 7987   69  -19
24556 7985   69  -14
24566 7987   69   -8
24576 7985   69   -3
24586 7985   69    2
24596 8022   69    8
24607 7985   69   12
24617 7985   69   17
24627 7984   69   21
24637 7985   69   24
24647 7984   69   26
24657 7984   69   28
24667 7985   69   30
24677 7987   69   32
24687 7987   69   32
24697 7987   69   32
24707 7987   69   32
24717 7987   69   32
24727 7987   69   32
24738 7990   69   32
24748 7988   69   32
24758 7990   69   32
24768 7988   69   32
24778 7988   69   32
24788 7988   69   32
24798 7990   69   32
24809 7991   69   32
24820 7990   69   32
24831 7992  -98   32
24841 7988  -98   32
24851 7987  -98   32
24861 7987  -98   32
24871 7987  -98   32
24881 7987  -98   32
24891 7990  -98   32
24901 7990  -98   32
24911 7988  -98   32
24921 7988 -125   31
24931 7990 -125   28
24941 7990 -125   24
24951 7991 -125   21
24961 7990 -125   18
24971 7991 -125   14
24981 7991 -125   11
24991 7990 -125    4
25001 7990 -125    0
25011 8026 -125   -4
25021 8025 -125   -5
25031 7991 -125   -7
25041 7990 -125   -9
25051 7991   79  -11
25061 7991   79  -13
25071 7988   79  -16
25081 7987   79  -18
25091 7988   79  -21
25101 7990   79  -24
25111 7988   79  -25
25121 7991   79  -27
25131 8026    6  -29
25141 8028    6  -32
25151 8036   14  -33
25161 8043    0  -35
25171 8045    6  -36
25181 8045    0  -37
25191 8083    0  -37
25201 8084    9  -38
25211 8084    9  -38
25221 8083    9  -38
25231 8081    9  -38
25241 8084    9  -38
25251 8084    9  -38
25261 8081    9  -38
25271 8083    9  -38
25281 8088    9  -38
99999 0 0 0 
25291 8080   10  -38
25301 8083   10  -38
25311 8083   10  -38
25321 8081   10  -38
25331 8083   10  -36
25341 8081   10  -34
25351 8081   10  -32
25361 8083   10  -29
25371 8080   10  -26
25381 8081   10  -24
25391 8083   10  -20
25401 8083   10  -17
25411 8081   10  -14
25421 8083   10  -11
25431 8081   10   -8
25441 8081   10   -6
25451 8083   10   -4
25461 8080   10   -2
25471 8081   10   -1
25481 8084   10   -1
25491 8081   10    0
25501 8081   69    0
25511 8083   69    0
25521 8078   69    0
25531 8049   69    0
25541 8041   69    0
25551 8042   69    0
25561 8042   69    0
25571 7905   69    0
25581 7940   69    0
25591 7943   69    0
25601 7980   69    0
25611 7978   69    0
25621 7977   69    0
25631 7980   69    0
25641 7944   69    4
25651 7943   69    8
25661 7943   69   12
25671 7981   69   15
25681 7981   69   18
25691 7981   69   20
25701 7984   69   21
25711 7984   69   22
25721 7985   69   22
25731 7987   69   22
25741 7985   69   22
25751 7987   69   22
25761 7985   69   22
25771 7985   69   22
25781 7988   69   22
25791 7985   69   22
25801 7988   69   22
25811 7988   69   22
25821 7988   69   22
25831 7988   69   22
25841 7990   69   22
25851 7990   69   22
25861 7988   69   22
25871 7990   69   22
25881 7988   69   22
25891 7990   69   22
25901 7990   69   22
25911 8025   69   22
25921 8025   69   22
25931 8025   69   22
25941 8028   69   22
25951 8026   69   22
25961 8025   69   22
25971 8028   69   22
25981 8025   69   22
25991 8028  -98   22
26001 8026  -98   22
26011 8025  -98   22
26021 8022  -98   22
26031 8028  -98   22
26041 8023  -98   22
26051 7990  -98   22
26061 7990  -98   22
26071 7988  -98   23
26081 8026 -125   22
26091 8026 -125   22
26101 8025 -125   22
26111 8025 -125   21
26121 8028 -125   18
26131 8025 -125   16
26141 8026 -125   12
26151 8028 -125   10
26161 8025 -125    4
26171 8026 -125    1
26181 8026 -125   -2
26191 8025 -125   -4
26201 8028 -125   -6
26211 8026 -125   -8
26221 8026 -125   -9
26231 7991   79  -10
26241 7991   79  -12
26251 7990   79  -15
26261 7990   79  -17
26271 7990   79  -20
26281 7990   79  -22
26291 7992   79  -23
26301 8026   79  -24
26311 8028    0  -24
26321 8026    9  -24
26331 8026    9  -24
26341 8039    9  -24
26351 8042    9  -24
26361 8045    9  -24
26371 8047    9  -24
26381 8081    9  -24
26391 8083    9  -24
26401 8083    9  -24
99999 0 0 0 
26411 8081   10  -24
26421 8084   10  -24
26431 8081   10  -24
26441 8083   10  -24
26451 8083   10  -24
26461 8081   10  -21
26471 8081   10  -18
26481 8083   10  -16
26491 8081   10  -13
26501 8081   10  -11
26511 8084   10   -8
26521 8084   10   -6
26531 8081   10   -4
26541 8118   10   -2
26551 8117   10   -1
26561 8080   10    0
26571 8084   10    0
26581 8081   10    0
26591 8083   10    0
26601 8083   10    0
26612 8083   69    0
26623 8084   69    0
26633 8083   69    0
26643 8055   69    0
26653 8046   69    0
26663 8045   69    0
26674 8046   69    0
26684 7941   69    0
26694 7981   69    0
26706 7982   69    0
26717 7982   69    0
26728 7984   69    0
26738 7984   69    0
26748 7985   69    0
26758 7985   69    0
26768 7985   69    0
26778 7981   69    2
26788 7980   69    4
26798 7981   69    8
26809 7982   69   10
26819 7984   69   12
26829 7985   69   14
26841 7988   69   15
26852 7985   69   16
26862 8022   69   16
26872 8023   69   16
26883 8023   69   16
26893 8023   69   16
26903 7988   69   16
26913 7990   69   16
26923 7988   69   16
26933 8025   69   16
26943 8023   69   16
26953 8025   69   16
26963 8025   69   16
26973 8026   69   16
26984 8025   69   16
26994 8025   69   16
27004 8026   69   16
27014 8026   69   16
27024 8026   69   16
27036 8026   69   16
27046 8026   69   16
27056 8025   69   16
27066 8026   69   16
27076 8026   69   16
27086 8028   69   16
27096 8029   69   16
27107 8028   69   16
27117 8028  -99   16
27127 8026  -99   16
27137 8026  -99   16
27147 8025  -99   16
27157 8023  -99   16
27167 8023  -99   16
27177 8023  -99   16
27187 8026  -99   16
27197 8026  -99   16
27207 8026  -99   16
27217 8028  -99   16
27227 8028 -125   15
27237 8026 -125   15
27247 8026 -125   14
27257 8026 -125   14
27267 8028 -125   12
27277 8028 -125    9
27287 8026 -125    8
27297 8028 -125    3
27307 8028 -125    0
27317 8028 -125   -2
27327 8028 -125   -4
27337 8028 -125   -4
27347 8028 -125   -6
27357 8028 -125   -7
27367 8026 -125   -8
27377 8026 -125  -10
27387 8025   79  -12
27397 8025   79  -14
27407 8026   79  -16
27417 8028   79  -16
27427 8026   79  -16
27437 8026   79  -16
27447 8028   79  -16
27457 8029   79  -16
27467 8028    9  -16
27477 8029    9  -16
27487 8035    9  -16
27497 8042    9  -16
27507 8045    9  -16
27517 8081    9  -16
27527 8083    9  -16
27537 8081    9  -16
27547 8083    9  -16
27557 8081    9  -16
99999 0 0 0 
27567 8083   10  -16
27577 8083   10  -14
27587 8083   10  -12
27597 8083   10  -10
27607 8081   10   -8
27617 8083   10   -6
27627 8083   10   -4
27637 8078   10   -3
27647 8084   10   -1
27657 8083   10    0
27667 8083   10    0
27677 8081   10    0
27687 8081   10    0
27697 8083   10    0
27707 8081   10    0
27717 8083   10    0
27727 8083   10    0
27737 8081   10    0
27747 8083   10    0
27757 8083   10    0
27768 8081   69    0
27778 8081   69    0
27789 8080   69    0
27799 8053   69    0
27809 8045   69    0
27819 8046   69    0
27831 7943   69    0
27842 7944   69    0
27852 7981   69    0
27862 7982   69    0
27873 7984   69    0
27883 7982   69    0
27893 7985   69    0
27904 7984   69    0
27914 8018   69    1
27924 7982   69    4
27936 7984   69    6
27947 7985   69    8
27957 7984   69    9
27967 8021   69   10
27978 8022   69   11
27988 7988   69   11
27999 7988   69   11
28009 7990   69   11
28019 8023   69   11
28029 8025   69   11
28039 8023   69   11
28049 8025   69   11
28059 8026   69   11
28069 8025   69   11
28079 8026   69   11
28089 8026   69   11
28099 8025   69   11
28109 8026   69   11
28120 8028   69   11
28131 8028   69   11
28142 8025   69   11
28152 8026   69   11
28162 8031   69   11
28173 8028   69   11
28183 8025   69   11
28193 8028   69   11
28203 8028   69   11
28213 8028   69   11
28223 8028   69   11
28234 8028   69   11
28244 8029   69   11
28254 8026   69   11
28264 8028  -99   11
28274 8058  -99   11
28284 8022  -99   11
28294 8022  -99   11
28304 8017  -99   11
28314 8026  -99   11
28324 8026  -99   11
28334 8026  -99   11
28344 8026  -99   11
28354 8028 -125   10
28364 8026 -125   10
28374 8029 -125   10
28384 8028 -125   10
28394 8028 -125   10
28404 8026 -125    9
28414 8031 -125    8
28424 8026 -125    6
28434 8028 -125    2
28444 8028 -125    0
28454 8028 -125   -1
28464 8028 -125   -3
28474 8028 -125   -4
28484 8028 -125   -4
28494 8028 -125   -5
28504 8026 -125   -6
28514 8026 -125   -8
28524 8025 -125   -9
28534 8025   79  -11
28544 8023   79  -12
28554 8026   79  -13
28564 8026   79  -14
28574 8029   79  -14
28584 8029   79  -14
28594 8029   79  -14
28604 8029   79  -14
28614 8031    9  -14
28624 8035    9  -14
28634 8043    9  -14
28644 8046    9  -14
28654 8046    9  -14
28664 8081    9  -14
28674 8084    9  -14
28684 8081    9  -14
28694 8083    9  -14
28704 8084    9  -14
99999 0 0 0 
28714 8083   10  -14
28724 8083   10  -14
28734 8083   10  -13
28744 8083   10  -11
28754 8078   10   -9
28764 8083   10   -8
28774 8083   10   -6
28784 8083   10   -5
28794 8083   10   -4
28804 8083   10   -4
28814 8083   10   -4
28824 8083   10   -4
28834 8083   10   -4
28844 8081   10   -4
28854 8083   10   -4
28864 8083   10   -4
28874 8083   10   -4
28884 8083   10   -4
28894 8081   10   -4
28904 8084   10   -4
28914 8084   69   -4
28924 8074   69   -4
28934 8052   69   -4
28944 8046   69   -4
28954 8048   69   -4
28964 8014   69   -4
28974 7980   69   -4
28984 7981   69   -4
28994 7984   69   -4
29004 7985   69   -4
29014 7985   69   -4
29024 8021   69   -4
29034 8021   69   -4
29044 8022   69   -4
29054 8023   69   -4
29064 8022   69   -3
29074 8021   69    0
29084 8019   69    4
29094 7982   69    6
29104 7985   69    9
29114 7985   69   12
29124 8022   69   13
29134 8025   69   14
29145 8023   69   15
29155 8022   69   15
29167 8023   69   15
29177 8025   69   15
29187 8023   69   15
29198 8028   69   15
29208 8028   69   15
29218 8026   69   15
29228 8026   69   15
29238 8026   69   15
29249 8026   69   15
29259 8028   69   15
29269 8026   69   15
29279 8028   69   15
29289 8031   69   15
29299 8028   69   15
29309 8026   69   15
29319 8028   69   15
29329 8028   69   15
29339 8028   69   15
29349 8029   69   15
29359 8029   69   15
29369 8028   69   15
29380 8029   69   15
29391 8026   69   15
29401 8029   69   15
29411 8023  -98   15
29421 8028  -98   15
29431 8028  -98   15
29441 8026  -98   15
29451 8025  -98   15
29461 8026  -98   15
29471 8026  -98   15
29481 8025  -98   15
29491 8026  -98   15
29501 8025  -98   15
29511 8028  -98   15
29521 8028  -98   15
29531 8026 -125   14
29541 8028 -125   14
29551 8028 -125   12
29561 8028 -125   10
29571 8028 -125    8
29581 8029 -125    6
29591 8026 -125    1
29601 8029 -125   -1
29611 8029 -125   -3
29621 8029 -125   -4
29631 8029 -125   -4
29641 8029 -125   -5
29651 8028 -125   -6
29661 8028 -125   -8
29671 8026 -125   -9
29681 8025   79  -11
29691 8021   79  -12
29701 8026   79  -14
29711 8026   79  -15
29721 8028   79  -16
29731 8028   79  -16
29741 8031   79  -16
29751 8029   79  -16
29761 8028    9  -16
29771 8028    9  -16
29781 8031    9  -16
29791 8035    9  -16
29801 8040    9  -16
29811 8043    9  -16
29821 8047    9  -16
29831 8083    9  -16
29841 8083    9  -16
29851 8081    9  -16
99999 0 0 0 
29861 8083   10  -16
29871 8118   10  -16
29881 8118   10  -16
29891 8083   10  -14
29901 8081   10  -12
29911 8083   10  -10
29921 8083   10   -8
29931 8083   10   -6
29941 8084   10   -5
29951 8083   10   -4
29961 8083   10   -3
29971 8083   10   -2
29981 8081   10   -2
29991 8083   10   -2
30001 8083   10   -2
30011 8084   10   -2
30021 8083   10   -2
30031 8086   10   -2
30041 8076   10   -2
30051 8083   10   -2
30061 8083   69   -2
30071 8084   69   -2
30081 8062   69   -2
30091 8052   69   -2
30101 8048   69   -2
30111 7980   69   -2
30121 7978   69   -2
30131 7985   69   -2
30141 7982   69   -2
30151 7982   69   -2
30161 8022   69   -2
30171 8022   69   -2
30181 8022   69   -2
30191 8019   69   -2
30201 8021   69   -2
30211 8022   69   -1
30221 8025   69    1
30232 8021   69    4
30242 8022   69    6
30252 8023   69    8
30262 8022   69    9
30272 8023   69   10
30282 8023   69   10
30292 8023   69   10
30302 8025   69   10
30312 8026   69   10
