32 in a row in 31 seconds
SSS vs= 1.00  t=  194
%P VOLT1   = 7978
%P VOLT2   = 7989
%P S2_SC   =  1.00
%P L_ANG_MAX = 194
B   0 798   70   -1
B  11 7984   70   -1
B  21 7981   70   -1
B  31 7867   70   -1
B  42 7835   70   -1
B  52 7853   70   -1
B  62 7863   70   -1
B  72 7454   70   -1
B  83 7421   70    6
B  93 7599   70   14
B 103 7499   70   23
B 113 7499   70   31
B 123 7340   70   42
B 133 7321   70   51
B 143 7330   70   61
B 153 7371   42   71
B 163 7513   30   81
B 173 7561   30   92
B 183 7616   30  103
*** dt = 39 , A = 107 , rpm = 364 
B 193 7603   30  114
B 203 7612   30  123
B 213 7833   30  132
B 223 7871   30  141
pull out 144
B 233 7875 -100  151
B 243 7878 -100  159
B 253 7879 -100  169
B 263 7721 -100  177
B 273 7605 -100  182
B 283 7624 -100  187
B 293 7685 -100  194
B 303 7282 -100  197
B 313 7383 -100  200
B 323 7326 -100  201
B 333 7337 -100  201
B 343 7404 -100  201
*** amax = 201  vhit = 97
B 353 7373  -97  187
B 363 7280  -97  173
B 373 6987  -97  157
B 383 7058  -97  140
B 393 7048  -97  123
B 403 7226  -97  104
B 413 7240  -97   83
B 423 7387  -97   62
B 433 7563  -97   39
B 443 7566  -97   16
B 453 7539  -97   -7
push -10 -10
push out at target
B 463 7541   80  -17
B 473 7512   80  -29
B 483 7409   80  -43
B 493 7476   80  -57
B 503 7530   80  -69
B 513 7543   80  -83
B 523 7351   80  -97
B 533 7271   80 -109
B 543 7301   80 -114
B 553 7429   31 -114
B 563 7416   10 -114
B 573 7537   10 -109
B 583 7126   10  -95
B 593 7193   10  -81
B 603 7293   10  -69
B 613 7806   10  -54
B 623 7814   10  -40
B 633 7892   10  -25
B 643 7892   10  -10
B 653 7893   10    3
pb end 
B 663 7894    0   17
B 673 7933    0   27
B 683 7933    0   36
B 693 7935    0   42
B 703 7935    0   46
B 713 7937    0   48
B 723 7935    0   49
B 733 7937    0   50
B 743 7938    0   49
B 753 7938    0   49
B 763 7938    0   50
B 773 7940    0   50
B 783 7938    0   50
B 793 7940    0   50
B 803 7941    0   50
B 813 7938    0   50
B 823 7938    0   49
B 833 7940    0   47
B 843 7940    0   45
B 853 7940    0   42
B 863 7941    0   39
B 873 7941    0   35
B 883 7940    0   32
B 893 7941    0   29
B 903 7976    0   25
SSS vs= 1.00  t=  204
%P VOLT1   = 7978
%P VOLT2   = 7975
%P S2_SC   =  1.00
%P L_ANG_MAX = 204
B 913 7941   70   22
B 923 7940   70   19
B 933 7791   70   15
B 943 7770   70   13
B 953 7791   70   11
B 963 7791   70   11
B 973 7439   70   11
B 983 7407   70   12
B 993 7367   70   15
B 1003 7248   70   23
B 1013 7267   70   31
B 1023 7228   70   40
B 1033 7283   70   49
B 1043 7289   70   57
B 1053 7398   50   67
B 1063 7464   30   77
B 1073 7512   30   88
B 1083 7570   30   99
*** dt = 47 , A = 108 , rpm = 364 
B 1093 7596   30  110
B 1103 7607   30  119
B 1113 7612   30  128
B 1123 7831   30  137
B 1133 7834   30  146
pull out 151
B 1143 7837 -100  155
B 1153 7837 -100  165
B 1163 7701 -100  172
B 1173 7610 -100  177
B 1183 7630 -100  183
B 1193 7685 -100  189
B 1203 7742 -100  193
B 1213 7308 -100  195
B 1223 7255 -100  197
B 1233 7297 -100  196
*** amax = 197  vhit = 103
B 1243 7399 -103  195
B 1253 7369 -103  184
B 1263 7304 -103  169
B 1273 7010 -103  154
B 1283 7085 -103  137
B 1293 7045 -103  119
B 1303 7189 -103  101
B 1313 7205 -103   81
B 1323 7457 -103   60
B 1333 7522 -103   38
B 1343 7523 -103   14
B 1353 7532 -103   -8
push -10 -10
push out at target
B 1363 7496   80  -18
B 1373 7464   80  -30
B 1383 7441   80  -44
B 1393 7469   80  -57
B 1403 7522   80  -70
B 1413 7181   80  -85
B 1423 7310   80  -98
B 1433 7236   80 -110
B 1443 7413   80 -115
B 1453 7431   31 -116
B 1463 7413    0 -116
B 1473 7315   10 -110
B 1483 7192   10  -96
B 1493 7257   10  -81
B 1503 7573   10  -69
B 1513 7767   10  -54
B 1523 7774   10  -39
B 1533 7885   10  -24
B 1543 7888   10   -9
B 1553 7890   10    6
pb end 
B 1563 7890    0   19
B 1573 7893    0   30
B 1583 7893    0   39
B 1593 7930    0   44
B 1603 7931    0   48
B 1613 7931    0   51
B 1623 7934    0   52
B 1633 7933    0   53
B 1643 7934    0   53
B 1653 7934    0   54
B 1663 7934    0   55
B 1673 7935    0   55
B 1683 7935    0   55
B 1693 7935    0   55
B 1703 7935    0   55
B 1713 7937    0   55
B 1723 7935    0   55
B 1733 7935    0   55
B 1743 7935    0   53
B 1753 7935    0   50
B 1763 7937    0   47
B 1773 7937    0   43
B 1783 7937    0   39
B 1793 7938    0   36
B 1803 7935    0   32
SSS vs= 1.00  t=  209
%P VOLT1   = 7919
%P VOLT2   = 7965
%P S2_SC   =  1.01
%P L_ANG_MAX = 209
B 1813 7937   70   28
B 1823 7935   70   25
B 1833 7937   70   21
B 1843 7905   70   18
B 1854 7779   70   15
B 1864 7776   70   13
B 1874 7784   70   12
B 1884 7766   70   12
B 1894 7347   70   13
B 1904 7377   70   13
B 1914 7357   70   19
B 1924 7298   70   27
B 1934 7180   70   35
B 1944 7199   70   44
B 1954 7318   70   53
B 1964 7323   68   63
B 1974 7320   45   73
B 1984 7429   30   83
B 1994 7523   30   95
B 2004 7556   30  106
*** dt = 43 , A = 113 , rpm = 381 
B 2014 7515   30  116
B 2024 7566   30  127
B 2034 7576   30  135
B 2044 7793   30  145
pull out 154
B 2054 7831 -100  155
B 2064 7834 -100  164
B 2074 7834 -100  173
B 2084 7628 -100  181
B 2094 7564 -100  186
B 2104 7638 -100  192
B 2114 7696 -100  198
B 2124 7748 -100  202
B 2134 7262 -100  205
B 2144 7353 -100  206
B 2154 7230 -100  206
*** amax = 206  vhit = 101
B 2164 7348 -101  203
B 2174 7331 -101  190
B 2184 7357 -101  175
B 2194 7032 -101  159
B 2204 6961 -101  142
B 2214 7018 -101  123
B 2224 7186 -101  105
B 2234 7307 -101   85
B 2244 7308 -101   63
B 2254 7485 -101   40
B 2264 7527 -101   17
B 2274 7539 -101   -6
push -10 -10
push out at target
B 2284 7541   80  -17
B 2294 7509   80  -29
B 2304 7442   80  -43
B 2314 7420   80  -60
B 2324 7350   80  -76
B 2334 7404   80  -91
B 2344 7320   80 -108
B 2354 7284   80 -125
B 2364 7217   80 -140
B 2374 7265   80 -149
B 2384 7384   65 -151
B 2394 7358    6 -150
B 2404 7392   10 -149
B 2414 7150   10 -136
B 2424 7217   10 -122
B 2434 7213   10 -110
B 2444 7833   10  -96
B 2454 7841   10  -81
B 2464 7845   10  -67
B 2474 7883   10  -53
B 2484 7886   10  -41
pb end 
B 2494 7888    0  -27
B 2504 7888    0  -15
B 2514 7892    0   -5
B 2524 7892    0    3
B 2534 7893    0    9
B 2544 7893    0   14
B 2554 7930    0   17
B 2564 7930    0   20
B 2574 7930    0   23
B 2584 7930    0   23
B 2594 7933    0   27
B 2604 7931    0   27
B 2614 7931    0   27
B 2624 7931    0   27
B 2634 7931    0   27
B 2644 7933    0   27
B 2654 7933    0   27
B 2664 7933    0   27
B 2674 7933    0   27
B 2684 7968    0   27
B 2694 7970    0   27
B 2704 7934    0   27
B 2714 7934    0   27
B 2724 7934    0   27
B 2734 7934    0   27
SSS vs= 1.01  t=  209
%P VOLT1   = 7919
%P VOLT2   = 7961
%P S2_SC   =  1.01
%P L_ANG_MAX = 209
B 2744 7935   70   26
B 2754 7934   70   23
B 2764 7934   70   21
B 2774 7935   70   19
B 2784 7823   70   17
B 2794 7777   70   15
B 2804 7786   70   15
B 2814 7780   70   15
B 2824 7366   70   15
B 2834 7450   70   15
B 2844 7417   70   18
B 2854 7369   70   26
B 2864 7202   70   34
B 2874 7224   70   43
B 2884 7313   70   51
B 2894 7359   70   61
B 2904 7361   49   70
B 2914 7429   30   80
B 2924 7484   30   91
B 2934 7528   30  102
*** dt = 47 , A = 113 , rpm = 364 
B 2944 7491   30  113
B 2954 7555   30  124
B 2964 7567   30  135
B 2974 7752   30  143
B 2984 7825   30  153
pull out 159
B 2994 7830 -100  163
B 3004 7831 -100  172
B 3014 7764 -100  182
B 3024 7577 -100  187
B 3034 7596 -100  194
B 3044 7651 -100  200
B 3054 7708 -100  206
B 3064 7044 -100  209
B 3074 7416 -100  211
B 3084 7305 -100  211
B 3094 7312 -100  211
*** amax = 211  vhit = 99
B 3104 7266  -99  205
B 3114 7270  -99  191
B 3124 7135  -99  175
B 3134 6886  -99  159
B 3144 6948  -99  142
B 3154 6990  -99  123
B 3164 7298  -99  103
B 3174 7300  -99   84
B 3184 7406  -99   62
B 3194 7516  -99   39
B 3204 7526  -99   15
B 3214 7543  -99   -8
push -10 -10
push out at target
B 3224 7546   80  -19
B 3234 7428   80  -31
B 3244 7396   80  -45
B 3254 7478   80  -57
B 3264 7532   80  -69
B 3274 7149   80  -82
B 3284 7399   80  -94
B 3294 7301   80 -103
B 3305 7310   65 -105
B 3315 7377    5 -105
B 3326 7411   10 -105
B 3336 7511   10  -94
B 3346 7200   10  -83
B 3356 7468   10  -72
B 3366 7481   10  -59
B 3376 7842   10  -47
B 3386 7882   10  -34
B 3396 7883   10  -22
B 3406 7886   10  -10
pb end 
B 3416 7888    0    1
B 3426 7888    0   11
B 3436 7888    0   19
B 3446 7889    0   24
B 3456 7892    0   27
B 3466 7892    0   30
B 3476 7894    0   31
B 3486 7892    0   32
B 3496 7893    0   32
B 3506 7931    0   32
B 3516 7930    0   33
B 3526 7930    0   33
B 3536 7930    0   33
B 3546 7931    0   33
B 3556 7929    0   33
B 3566 7931    0   33
B 3576 7930    0   33
B 3586 7930    0   32
B 3596 7931    0   32
B 3606 7931    0   30
B 3616 7931    0   28
B 3626 7933    0   26
B 3636 7931    0   23
B 3646 7933    0   21
B 3656 7933    0   19
SSS vs= 1.01  t=  209
%P VOLT1   = 7919
%P VOLT2   = 7954
%P S2_SC   =  1.01
%P L_ANG_MAX = 209
B 3666 7933   70   17
B 3676 7933   70   15
B 3686 7795   70   13
B 3696 7772   70   11
B 3706 7793   70   11
B 3716 7565   70   11
B 3726 7549   70   11
B 3737 7481   70   11
B 3747 7433   70   14
B 3757 7424   70   23
B 3767 7268   70   32
B 3777 7263   70   41
B 3787 7289   70   50
B 3797 7332   70   59
B 3807 7434   52   69
B 3817 7429   30   79
B 3827 7485   30   90
B 3837 7509   30  101
*** dt = 47 , A = 113 , rpm = 364 
B 3847 7555   30  113
B 3857 7548   30  124
B 3867 7634   30  135
B 3877 7644   30  144
B 3887 7789   30  154
pull out 161
B 3897 7828 -100  164
B 3907 7830 -100  174
B 3917 7691 -100  183
B 3927 7568 -100  190
B 3937 7588 -100  197
B 3947 7641 -100  203
B 3957 7023 -100  208
B 3967 7042 -100  212
B 3977 7326 -100  213
B 3987 7346 -100  213
B 3997 7287 -100  213
*** amax = 213  vhit = 98
B 4007 7262  -98  202
B 4017 7099  -98  187
B 4027 7152  -98  172
B 4037 6904  -98  155
B 4047 6997  -98  137
B 4057 7035  -98  119
B 4067 7300  -98   99
B 4077 7407  -98   77
B 4087 7407  -98   57
B 4097 7518  -98   33
B 4107 7492  -98    9
B 4117 7512  -98  -11
push -11 -10
push out at target
B 4127 7503   80  -21
B 4137 7364   80  -34
B 4147 7373   80  -47
B 4157 7496   80  -58
B 4167 7266   80  -71
B 4177 7302   80  -85
B 4187 7382   80  -96
B 4197 7407   80 -103
B 4207 7335   48 -105
B 4217 7373    6 -105
B 4227 7423   10 -104
B 4237 7514   10  -93
B 4247 7200   10  -82
B 4257 7540   10  -71
B 4267 7550   10  -58
B 4277 7842   10  -46
B 4287 7880   10  -34
B 4297 7880   10  -22
B 4307 7883   10  -10
pb end 
B 4317 7880    0    2
B 4327 7885    0   11
B 4337 7888    0   19
B 4347 7888    0   25
B 4357 7892    0   29
B 4367 7890    0   31
B 4377 7890    0   33
B 4387 7892    0   33
B 4397 7927    0   33
B 4407 7927    0   33
B 4417 7929    0   33
B 4427 7930    0   33
B 4437 7927    0   33
B 4447 7930    0   33
B 4457 7929    0   33
B 4467 7929    0   33
B 4477 7930    0   33
B 4487 7929    0   32
B 4497 7930    0   31
B 4507 7930    0   28
B 4517 7929    0   27
B 4527 7930    0   24
B 4537 7930    0   23
B 4547 7930    0   21
B 4557 7930    0   19
SSS vs= 1.01  t=  209
%P VOLT1   = 7919
%P VOLT2   = 7951
%P S2_SC   =  1.01
%P L_ANG_MAX = 209
B 4567 7930   70   17
B 4577 7931   70   15
B 4587 7789   70   13
B 4597 7770   70   12
B 4607 7791   70   11
B 4617 7550   70   11
B 4627 7518   70   11
B 4637 7467   70   12
B 4647 7393   70   15
B 4657 7382   70   24
B 4667 7265   70   33
B 4677 7262   70   43
B 4687 7283   70   51
B 4697 7328   70   61
B 4707 7433   47   71
B 4717 7429   30   81
B 4727 7522   30   91
B 4737 7513   30  103
*** dt = 47 , A = 113 , rpm = 365 
B 4747 7555   30  115
B 4757 7549   30  126
B 4767 7633   30  136
B 4777 7639   30  146
B 4787 7787   30  155
pull out 161
B 4797 7825 -100  165
B 4807 7827 -100  175
B 4817 7687 -100  185
B 4827 7564 -100  191
B 4837 7582 -100  198
B 4847 7639 -100  205
B 4857 7020 -100  209
B 4867 7045 -100  213
B 4877 7333 -100  215
B 4887 7346 -100  215
*** amax = 215  vhit = 97
B 4897 7283  -97  214
B 4907 7293  -97  203
B 4917 7123  -97  190
B 4927 7182  -97  174
B 4937 6896  -97  158
B 4947 6993  -97  140
B 4957 7036  -97  123
B 4967 7300  -97  103
B 4977 7407  -97   82
B 4987 7406  -97   60
B 4997 7482  -97   37
B 5007 7523  -97   13
B 5017 7543  -97   -9
push -10 -10
push out at target
B 5027 7508   80  -19
B 5037 7399   80  -31
B 5047 7406   80  -43
B 5057 7494   80  -54
B 5067 7266   80  -67
B 5077 7301   80  -79
B 5087 7390   80  -90
B 5097 7389   80  -97
B 5107 7312   48  -98
B 5117 7384    0  -98
B 5127 7462   10  -97
B 5137 7554   10  -86
B 5147 7202   10  -75
B 5157 7360   10  -65
B 5167 7372   10  -53
B 5177 7839   10  -41
B 5187 7841   10  -29
B 5197 7845   10  -17
B 5207 7883   10   -5
pb end 
B 5217 7880    0    6
B 5227 7885    0   15
B 5237 7885    0   22
B 5247 7888    0   27
B 5257 7889    0   31
B 5267 7889    0   33
B 5277 7889    0   34
B 5287 7890    0   35
B 5297 7890    0   35
B 5307 7890    0   35
B 5317 7889    0   35
B 5327 7890    0   35
B 5337 7892    0   35
B 5347 7892    0   35
B 5357 7927    0   35
B 5367 7929    0   35
B 5377 7927    0   35
B 5387 7927    0   34
B 5397 7929    0   31
B 5407 7927    0   29
B 5417 7929    0   27
B 5427 7929    0   24
B 5437 7927    0   22
B 5447 7929    0   19
B 5457 7927    0   16
SSS vs= 1.01  t=  209
%P VOLT1   = 7919
%P VOLT2   = 7944
%P S2_SC   =  1.01
%P L_ANG_MAX = 209
B 5467 7929   70   13
B 5477 7927   70   10
B 5487 7787   70    7
B 5497 7769   70    5
B 5507 7790   70    4
B 5517 7560   70    4
B 5527 7522   70    4
B 5537 7465   70    4
B 5547 7387   70    7
B 5557 7387   70   16
B 5567 7230   70   25
B 5577 7227   70   35
B 5587 7249   70   43
B 5597 7330   70   53
B 5607 7436   64   63
B 5617 7427   43   74
B 5627 7466   30   85
B 5637 7468   30   96
B 5647 7527   30  107
*** dt = 46 , A = 115 , rpm = 364 
B 5657 7535   30  119
B 5667 7556   30  131
B 5677 7565   30  141
B 5687 7782   30  150
B 5697 7823   30  161
pull out 162
B 5707 7824 -100  170
B 5717 7825 -100  180
B 5727 7827 -100  191
B 5737 7635 -100  198
B 5747 7561 -100  203
B 5757 7596 -100  210
B 5767 7656 -100  216
B 5777 7031 -100  220
B 5787 7290 -100  223
B 5797 7202 -100  223
B 5807 7337 -100  223
*** amax = 223  vhit = 93
B 5817 7352  -93  221
B 5827 7334  -93  209
B 5837 7143  -93  194
B 5847 6990  -93  179
B 5857 7062  -93  161
B 5867 7008  -93  143
B 5877 7185  -93  124
B 5887 7196  -93  105
B 5897 7409  -93   83
B 5907 7477  -93   61
B 5917 7482  -93   37
B 5927 7530  -93   13
B 5937 7510  -93   -9
push -10 -10
push out at target
B 5947 7510   80  -19
B 5957 7467   80  -32
B 5967 7457   80  -47
B 5977 7437   80  -62
B 5987 7486   80  -75
B 5997 7398   80  -93
B 6007 7434   80 -108
B 6017 7290   80 -122
B 6028 7323   80 -133
B 6038 7259   73 -135
B 6048 7373    6 -135
B 6058 7378   10 -135
B 6068 7516   10 -124
B 6078 7182   10 -111
B 6088 7247   10 -100
B 6098 7259   10  -87
B 6108 7834   10  -74
B 6118 7839   10  -61
B 6128 7842   10  -49
B 6138 7879   10  -37
pb end 
B 6148 7880    0  -25
B 6158 7880    0  -14
B 6168 7883    0   -5
B 6178 7885    0    2
B 6188 7883    0    8
B 6198 7886    0   13
B 6208 7888    0   16
B 6218 7888    0   19
B 6228 7888    0   21
B 6238 7889    0   23
B 6248 7889    0   26
B 6258 7889    0   26
B 6268 7889    0   26
B 6278 7889    0   26
B 6288 7889    0   26
B 6298 7889    0   26
B 6308 7890    0   26
B 6318 7892    0   26
B 6328 7890    0   26
B 6338 7890    0   26
B 6348 7889    0   26
B 6358 7890    0   26
B 6368 7889    0   25
B 6378 7927    0   25
B 6388 7927    0   25
SSS vs= 1.01  t=  209
%P VOLT1   = 7919
%P VOLT2   = 7944
%P S2_SC   =  1.01
%P L_ANG_MAX = 209
B 6399 7927   70   23
B 6409 7892   70   20
B 6419 7831   70   18
B 6429 7775   70   17
B 6439 7779   70   16
B 6449 7773   70   16
B 6459 7751   70   16
B 6469 7374   70   17
B 6479 7376   70   19
B 6489 7367   70   26
B 6499 7235   70   35
B 6509 7290   70   43
B 6519 7307   70   51
B 6529 7350   70   60
B 6539 7386   52   70
B 6549 7388   30   80
B 6559 7468   30   90
B 6569 7509   30  101
*** dt = 53 , A = 111 , rpm = 348 
B 6579 7542   30  112
B 6589 7522   30  122
B 6599 7635   30  130
B 6609 7641   30  139
B 6619 7784   30  148
B 6629 7825   30  157
pull out 160
B 6639 7823 -100  167
B 6649 7803 -100  175
B 6659 7589 -100  181
B 6669 7568 -100  186
B 6679 7610 -100  192
B 6689 7527 -100  197
B 6699 7574 -100  200
B 6709 7321 -100  203
B 6719 7362 -100  203
*** amax = 203  vhit = 103
B 6729 7253 -103  202
B 6739 7348 -103  197
B 6749 7267 -103  183
B 6759 7303 -103  168
B 6769 6978 -103  151
B 6779 6973 -103  135
B 6789 7021 -103  117
B 6799 7190 -103   98
B 6809 7341 -103   77
B 6819 7336 -103   55
B 6829 7475 -103   33
B 6839 7519 -103    9
B 6849 7529 -103  -10
push -11 -10
push out at target
B 6859 7491   80  -21
B 6869 7427   80  -34
B 6879 7402   80  -47
B 6889 7449   80  -60
B 6899 7500   80  -73
B 6909 7540   80  -86
B 6919 7321   80  -99
B 6929 7315   80 -109
B 6939 7237   73 -110
B 6949 7376    0 -110
B 6959 7469   10 -110
B 6969 7588   10 -101
B 6979 7220   10  -88
B 6989 7210   10  -77
B 6999 7224   10  -65
B 7009 7834   10  -52
B 7019 7837   10  -39
B 7029 7841   10  -26
B 7039 7878   10  -13
B 7049 7880   10   -1
pb end 
B 7059 7882    0    9
B 7069 7882    0   17
B 7079 7882    0   23
B 7089 7885    0   27
B 7099 7885    0   29
B 7109 7886    0   31
B 7119 7889    0   31
B 7129 7888    0   32
B 7139 7889    0   32
B 7149 7889    0   34
B 7159 7888    0   34
B 7169 7889    0   34
B 7179 7888    0   34
B 7189 7888    0   34
B 7199 7889    0   34
B 7209 7889    0   33
B 7219 7889    0   33
B 7229 7889    0   33
B 7239 7889    0   33
B 7249 7890    0   31
B 7259 7889    0   28
B 7269 7889    0   26
B 7279 7926    0   24
B 7289 7927    0   22
B 7299 7924    0   19
SSS vs= 1.01  t=  209
%P VOLT1   = 7860
%P VOLT2   = 7933
%P S2_SC   =  1.01
%P L_ANG_MAX = 209
B 7309 7892   70   17
B 7319 7924   70   15
B 7329 7927   70   13
B 7339 7801   70   11
B 7349 7729   70   10
B 7359 7749   70    9
B 7369 7797   70    9
B 7379 7353   70    9
B 7389 7312   70    9
B 7399 7442   70   12
B 7409 7355   70   21
B 7419 7367   70   30
B 7429 7249   70   39
B 7439 7241   70   48
B 7449 7252   70   57
B 7459 7357   58   67
B 7469 7392   35   78
B 7479 7416   30   88
B 7489 7497   30   99
B 7499 7564   30  111
*** dt = 44 , A = 112 , rpm = 381 
B 7509 7586   30  121
B 7519 7597   30  131
B 7529 7745   30  140
B 7539 7751   30  150
pull out 155
B 7549 7821 -101  159
B 7559 7787 -101  169
B 7569 7695 -101  178
B 7579 7575 -101  183
B 7589 7581 -101  190
B 7599 7630 -101  196
B 7609 7509 -101  201
B 7619 7116 -101  205
B 7629 7072 -101  206
B 7639 7304 -101  206
B 7649 7301 -101  206
*** amax = 206  vhit = 101
B 7659 7266 -102  197
B 7669 7276 -102  183
B 7679 6932 -102  167
B 7689 6998 -102  151
B 7699 6952 -102  133
B 7710 7172 -102  114
B 7721 7332 -102   91
B 7731 7336 -102   71
B 7741 7471 -102   49
B 7751 7477 -102   27
B 7761 7488 -102    2
push -10 -10
push out at target
B 7771 7499   81  -14
B 7781 7489   81  -25
B 7791 7431   81  -38
B 7801 7413   81  -53
B 7811 7378   81  -69
B 7821 7421   81  -83
B 7831 7263   81 -101
B 7841 7094   81 -116
B 7851 7063   81 -132
B 7861 7311   81 -142
B 7871 7354   74 -146
B 7881 7316   23 -146
B 7891 7220   10 -146
B 7901 7113   10 -137
B 7911 7195   10 -122
B 7921 7199   10 -112
B 7931 7784   10  -98
B 7941 7794   10  -83
B 7951 7835   10  -69
B 7961 7838   10  -57
B 7971 7839   10  -43
B 7981 7842   10  -30
pb end 
B 7991 7878    0  -19
B 8001 7879    0   -8
B 8011 7882    0    1
B 8021 7882    0    7
B 8031 7883    0   13
B 8041 7885    0   17
B 8051 7886    0   19
B 8061 7885    0   22
B 8071 7886    0   23
B 8081 7885    0   27
B 8091 7888    0   27
B 8101 7886    0   27
B 8111 7886    0   27
B 8121 7888    0   27
B 8131 7888    0   27
B 8141 7886    0   27
B 8151 7888    0   27
B 8161 7888    0   27
B 8171 7888    0   27
B 8181 7888    0   27
B 8191 7889    0   27
B 8201 7889    0   27
B 8211 7888    0   27
B 8221 7888    0   26
B 8231 7888    0   26
SSS vs= 1.01  t=  209
%P VOLT1   = 7860
%P VOLT2   = 7933
%P S2_SC   =  1.01
%P L_ANG_MAX = 209
B 8242 7890   70   23
B 8252 7889   70   21
B 8262 7889   70   19
B 8272 7802   70   16
B 8282 7739   70   15
B 8292 7743   70   13
B 8302 7742   70   13
B 8312 7330   70   13
B 8322 7449   70   14
B 8333 7412   70   15
B 8343 7288   70   23
B 8353 7217   70   31
B 8364 7240   70   40
B 8375 7262   70   49
B 8385 7314   70   58
B 8396 7460   54   68
B 8406 7462   33   78
B 8416 7443   30   88
B 8426 7467   30   99
B 8436 7509   30  110
*** dt = 48 , A = 112 , rpm = 364 
B 8446 7470   30  121
B 8456 7624   30  131
B 8466 7635   30  140
B 8476 7782   30  150
B 8486 7784   30  159
pull out 159
B 8496 7786 -101  168
B 8506 7787 -101  178
B 8516 7825 -101  186
B 8526 7652 -101  193
B 8536 7531 -101  198
B 8546 7593 -101  203
B 8556 7647 -101  209
B 8566 7023 -101  213
B 8576 7404 -101  216
B 8586 7347 -101  217
B 8596 7326 -101  217
B 8606 7362 -101  217
*** amax = 217  vhit = 96
B 8616 7333  -97  206
B 8626 7239  -97  191
B 8636 6904  -97  175
B 8646 6974  -97  159
B 8656 6995  -97  142
B 8666 7214  -97  123
B 8676 7226  -97  104
B 8686 7371  -97   83
B 8696 7511  -97   61
B 8706 7511  -97   39
B 8716 7488  -97   15
B 8726 7505  -97   -8
push -10 -10
push out at target
B 8736 7503   81  -19
B 8746 7508   81  -33
B 8756 7441   81  -47
B 8766 7389   81  -63
B 8776 7469   81  -77
B 8786 7381   81  -94
B 8796 7421   81 -110
B 8806 7145   81 -125
B 8816 7355   81 -136
B 8826 7286   81 -139
B 8837 7362   14 -139
B 8847 7190   10 -139
B 8857 7342   10 -129
B 8867 7199   10 -115
B 8877 7200   10 -105
B 8887 7217   10  -90
B 8897 7793   10  -77
B 8907 7834   10  -63
B 8917 7835   10  -50
B 8927 7838   10  -37
pb end 
B 8937 7841    0  -24
B 8947 7841    0  -12
B 8957 7878    0   -1
B 8967 7879    0    7
B 8977 7879    0   14
B 8987 7882    0   19
B 8997 7882    0   22
B 9007 7883    0   24
B 9017 7883    0   26
B 9027 7883    0   27
B 9037 7885    0   30
B 9047 7885    0   30
B 9057 7885    0   30
B 9067 7885    0   30
B 9077 7885    0   30
B 9087 7886    0   30
B 9097 7886    0   30
B 9107 7920    0   30
B 9117 7889    0   30
B 9127 7886    0   30
B 9137 7888    0   30
B 9147 7888    0   30
B 9157 7888    0   30
B 9167 7886    0   30
B 9177 7888    0   28
SSS vs= 1.01  t=  209
%P VOLT1   = 7860
%P VOLT2   = 7930
%P S2_SC   =  1.01
%P L_ANG_MAX = 209
B 9188 7888   70   26
B 9198 7924   70   23
B 9209 7784   70   20
B 9219 7734   70   18
B 9229 7745   70   17
B 9239 7753   70   16
B 9249 7729   70   16
B 9259 7317   70   17
B 9269 7421   70   17
B 9279 7401   70   23
B 9289 7294   70   32
B 9299 7206   70   40
B 9309 7225   70   48
B 9319 7239   70   57
B 9329 7316   58   67
B 9341 7425   37   78
B 9351 7454   30   89
B 9361 7507   30  100
B 9371 7500   30  110
*** dt = 53 , A = 111 , rpm = 348 
B 9381 7516   30  121
B 9391 7738   30  129
B 9401 7745   30  137
B 9411 7746   30  147
B 9421 7783   30  156
pull out 159
B 9431 7823 -101  165
B 9441 7735 -101  173
B 9451 7577 -101  178
B 9461 7578 -101  183
B 9471 7631 -101  190
B 9481 7010 -101  194
B 9491 7192 -101  197
B 9501 7156 -101  199
B 9511 7328 -101  199
B 9521 7380 -101  198
*** amax = 199  vhit = 105
B 9531 7344 -106  190
B 9541 7234 -106  175
B 9551 6925 -106  160
B 9561 6991 -106  143
B 9571 6984 -106  127
B 9581 7206 -106  108
B 9591 7227 -106   89
B 9601 7375 -106   69
B 9611 7477 -106   47
B 9621 7475 -106   24
B 9631 7482 -106    1
push -11 -10
push out at target
B 9641 7489   81  -14
B 9651 7474   81  -25
B 9661 7403   81  -38
B 9671 7405   81  -51
B 9681 7453   81  -64
B 9691 7434   81  -77
B 9701 7326   81  -90
B 9711 7286   81 -103
B 9721 7327   81 -110
B 9731 7401   48 -111
B 9741 7371    0 -112
B 9751 7358    0 -110
B 9761 7042   10  -97
B 9771 7141   10  -83
B 9781 7190   10  -71
B 9791 7567   10  -57
B 9801 7579   10  -42
B 9811 7833   10  -27
B 9821 7835   10  -13
B 9831 7838   10    2
B 9841 7839   10   15
B 9851 7841   10   27
pb end 
B 9861 7842    0   36
B 9871 7878    0   43
B 9881 7879    0   47
B 9891 7880    0   50
B 9901 7882    0   52
B 9911 7882    0   53
B 9921 7882    0   53
B 9931 7883    0   53
B 9941 7885    0   54
B 9951 7883    0   54
B 9961 7883    0   54
B 9971 7885    0   54
B 9981 7885    0   54
B 9991 7883    0   54
B 10001 7885    0   54
B 10011 7886    0   53
B 10021 7885    0   51
B 10031 7886    0   49
B 10041 7885    0   47
B 10051 7886    0   43
B 10061 7886    0   41
B 10071 7886    0   37
B 10081 7886    0   34
B 10091 7888    0   31
SSS vs= 1.01  t=  214
%P VOLT1   = 7860
%P VOLT2   = 7923
%P S2_SC   =  1.01
%P L_ANG_MAX = 214
B 10101 7886   71   27
B 10111 7888   71   23
B 10121 7886   71   19
B 10131 7739   71   16
B 10141 7720   71   13
B 10151 7743   71   11
B 10161 7764   71   10
B 10171 7341   71   11
B 10181 7383   71   11
B 10191 7342   71   13
B 10201 7191   71   22
B 10211 7144   71   30
B 10221 7175   71   39
B 10231 7200   71   47
B 10241 7320   71   57
B 10251 7316   63   66
B 10261 7413   46   75
B 10271 7437   30   87
B 10281 7465   30   98
B 10291 7511   30  109
*** dt = 47 , A = 118 , rpm = 364 
B 10301 7648   30  120
B 10311 7660   30  130
B 10321 7596   30  139
B 10331 7779   30  149
B 10341 7782   30  158
pull out 163
B 10351 7819 -101  167
B 10361 7784 -101  177
B 10371 7786 -101  185
B 10381 7635 -101  192
B 10391 7572 -101  197
B 10401 7603 -101  203
B 10411 7656 -101  209
B 10421 7210 -101  212
B 10431 7224 -101  215
B 10441 7326 -101  215
B 10451 7384 -101  215
*** amax = 216  vhit = 99
B 10461 7324 -100  215
B 10471 7338 -100  203
B 10481 7036 -100  189
B 10491 7090 -100  173
B 10501 6942 -100  157
B 10511 7034 -100  139
B 10521 7069 -100  121
B 10531 7259 -100  101
B 10541 7439 -100   80
B 10551 7433 -100   59
B 10561 7474 -100   35
B 10571 7482 -100   10
B 10581 7506 -100   -9
push -10 -10
push out at target
B 10591 7499   81  -20
B 10601 7491   81  -33
B 10611 7419   81  -47
B 10621 7393   81  -62
B 10631 7333   81  -76
B 10641 7382   81  -93
B 10651 7208   81 -108
B 10661 7351   81 -122
B 10671 7243   81 -133
B 10681 7284   81 -135
B 10691 7294    6 -135
B 10701 7379   10 -135
B 10711 7317   10 -126
B 10721 7171   10 -113
B 10731 7200   10 -103
B 10741 7427   10  -89
B 10751 7827   10  -76
B 10761 7831   10  -63
B 10771 7835   10  -51
B 10781 7835   10  -38
pb end 
B 10791 7833    0  -26
B 10801 7839    0  -16
B 10811 7878    0   -6
B 10821 7879    0    2
B 10831 7845    0    7
B 10841 7880    0   12
B 10851 7880    0   16
B 10861 7882    0   19
B 10871 7880    0   20
B 10881 7880    0   23
B 10891 7883    0   25
B 10901 7883    0   24
B 10911 7882    0   24
B 10921 7882    0   24
B 10931 7888    0   25
B 10941 7885    0   25
B 10951 7883    0   25
B 10961 7883    0   25
B 10971 7885    0   25
B 10981 7883    0   25
B 10991 7885    0   25
B 11001 7885    0   25
B 11011 7885    0   24
B 11021 7885    0   24
B 11031 7885    0   23
SSS vs= 1.01  t=  214
%P VOLT1   = 7860
%P VOLT2   = 7923
%P S2_SC   =  1.01
%P L_ANG_MAX = 214
B 11041 7885   71   23
B 11051 7886   71   21
B 11062 7799   71   19
B 11072 7728   71   16
B 11082 7736   71   15
B 11092 7762   71   15
B 11102 7546   71   15
B 11113 7457   71   16
B 11123 7394   71   17
B 11133 7293   71   25
B 11143 7164   71   33
B 11154 7200   71   42
B 11164 7231   71   51
B 11174 7283   71   60
B 11184 7280   56   69
B 11194 7378   39   80
B 11204 7423   30   91
B 11214 7459   30  101
B 11224 7462   30  113
*** dt = 47 , A = 118 , rpm = 365 
B 11234 7498   30  124
B 11244 7514   30  135
B 11254 7628   30  144
B 11264 7775   30  153
B 11274 7780   30  163
pull out 164
B 11284 7782 -101  173
B 11294 7784 -101  183
B 11304 7784 -101  191
B 11314 7683 -101  199
B 11324 7572 -101  203
B 11334 7592 -101  209
B 11344 7641 -101  215
B 11354 7055 -101  219
B 11364 7079 -101  223
B 11375 7241 -101  223
B 11385 7369 -101  223
B 11396 7363 -101  223
*** amax = 223  vhit = 96
B 11406 7343  -97  211
B 11416 7143  -97  197
B 11426 7021  -97  181
B 11436 7085  -97  164
B 11446 7034  -97  146
B 11456 7178  -97  127
B 11466 7191  -97  108
B 11476 7404  -97   87
B 11486 7440  -97   65
B 11496 7444  -97   41
B 11506 7486  -97   17
B 11516 7505  -97   -6
push -10 -10
push out at target
B 11526 7506   81  -18
B 11536 7508   81  -30
B 11546 7442   81  -45
B 11556 7396   81  -60
B 11566 7435   81  -73
B 11576 7382   81  -90
B 11586 7420   81 -105
B 11596 7257   81 -121
B 11606 7300   81 -131
B 11616 7226   74 -135
B 11626 7366   23 -135
B 11636 7299   10 -135
B 11646 7454   10 -127
B 11656 7110   10 -114
B 11666 7188   10 -101
B 11676 7208   10  -89
B 11686 7786   10  -75
B 11696 7830   10  -62
B 11706 7834   10  -49
B 11716 7835   10  -35
B 11726 7837   10  -21
pb end 
B 11736 7838    0   -9
B 11746 7872    0    3
B 11756 7841    0   12
B 11766 7841    0   19
B 11776 7878    0   25
B 11786 7880    0   28
B 11796 7879    0   31
B 11806 7880    0   32
B 11816 7880    0   33
B 11826 7882    0   35
B 11836 7880    0   36
B 11846 7882    0   36
B 11856 7882    0   36
B 11866 7882    0   36
B 11876 7882    0   36
B 11886 7879    0   36
B 11896 7883    0   36
B 11906 7883    0   36
B 11916 7883    0   36
B 11926 7882    0   36
B 11936 7885    0   36
B 11946 7883    0   35
B 11956 7883    0   33
B 11966 7885    0   30
SSS vs= 1.01  t=  214
%P VOLT1   = 7860
%P VOLT2   = 7923
%P S2_SC   =  1.01
%P L_ANG_MAX = 214
B 11977 7885   71   27
B 11987 7880   71   24
B 11997 7805   71   21
B 12008 7726   71   19
B 12018 7736   71   17
B 12028 7760   71   16
B 12039 7752   71   16
B 12049 7375   71   17
B 12059 7363   71   17
B 12069 7343   71   24
B 12079 7175   71   32
B 12090 7202   71   42
B 12101 7230   71   51
B 12111 7238   71   60
B 12121 7347   56   70
B 12131 7415   41   80
B 12141 7444   30   91
B 12151 7496   30  102
B 12161 7491   30  112
*** dt = 53 , A = 116 , rpm = 348 
B 12171 7511   30  123
B 12181 7522   30  132
B 12191 7739   30  141
B 12201 7742   30  150
B 12211 7779   30  159
pull out 166
B 12221 7783 -101  169
B 12231 7686 -101  178
B 12241 7572 -101  182
B 12251 7577 -101  189
B 12261 7624 -101  195
B 12271 7642 -101  199
B 12281 7254 -101  203
B 12291 7217 -101  205
*** amax = 205  vhit = 104
B 12301 7282 -105  204
B 12311 7376 -105  204
B 12321 7343 -105  196
B 12331 7311 -105  182
B 12341 6967 -105  167
B 12351 7030 -105  150
B 12361 6946 -105  133
B 12371 7131 -105  115
B 12381 7149 -105   96
B 12391 7297 -105   75
B 12401 7474 -105   53
B 12411 7474 -105   31
B 12421 7484 -105    7
push -11 -10
push out at target
B 12431 7459   81  -11
B 12441 7448   81  -21
B 12451 7440   81  -34
B 12461 7414   81  -49
B 12471 7368   81  -65
B 12481 7407   81  -78
B 12491 7248   81  -95
B 12501 7298   81 -112
B 12511 7074   81 -129
B 12521 7300   81 -140
B 12531 7220   81 -145
B 12541 7293   31 -145
B 12551 7207   10 -145
B 12561 7366   10 -139
B 12571 7211   10 -126
B 12581 7174   10 -111
B 12591 7202   10 -101
B 12601 7712   10  -86
B 12611 7827   10  -72
B 12621 7830   10  -58
B 12631 7831   10  -45
B 12641 7834   10  -31
pb end 
B 12651 7835    0  -18
B 12661 7835    0   -6
B 12671 7835    0    4
B 12681 7839    0   12
B 12691 7841    0   19
B 12701 7842    0   23
B 12711 7842    0   26
B 12721 7878    0   28
B 12731 7879    0   29
B 12741 7878    0   30
B 12751 7880    0   33
B 12761 7880    0   32
B 12771 7879    0   32
B 12781 7880    0   33
B 12791 7880    0   32
B 12801 7880    0   33
B 12811 7879    0   32
B 12821 7882    0   33
B 12831 7880    0   33
B 12841 7882    0   33
B 12851 7879    0   32
B 12861 7882    0   32
B 12871 7883    0   32
B 12881 7883    0   31
SSS vs= 1.01  t=  214
%P VOLT1   = 7860
%P VOLT2   = 7916
%P S2_SC   =  1.01
%P L_ANG_MAX = 214
B 12891 7882   71   27
B 12901 7882   71   25
B 12911 7882   71   23
B 12921 7740   71   20
B 12931 7721   71   18
B 12941 7777   71   16
B 12951 7791   71   16
B 12961 7344   71   17
B 12971 7404   71   17
B 12981 7355   71   19
B 12991 7273   71   27
B 13001 7216   71   35
B 13011 7243   71   43
B 13021 7195   71   51
B 13031 7348   70   61
B 13041 7348   56   69
B 13051 7380   39   79
B 13061 7412   30   89
B 13071 7444   30  100
B 13081 7480   30  111
*** dt = 49 , A = 116 , rpm = 364 
B 13091 7505   30  121
B 13101 7516   30  131
B 13111 7701   30  139
B 13121 7776   30  149
B 13131 7778   30  158
pull out 163
B 13141 7780 -101  167
B 13151 7782 -101  175
B 13161 7780 -101  183
B 13171 7601 -101  190
B 13181 7538 -101  195
B 13191 7570 -101  200
B 13201 7655 -101  206
B 13211 7136 -101  209
B 13221 7150 -101  212
B 13231 7408 -101  213
B 13241 7396 -101  213
*** amax = 213  vhit = 100
B 13251 7332 -101  212
B 13261 7275 -101  200
B 13271 7079 -101  186
B 13281 7128 -101  170
B 13291 6908 -101  153
B 13301 6997 -101  136
B 13311 7032 -101  118
B 13321 7294 -101   99
B 13331 7402 -101   78
B 13341 7402 -101   55
B 13351 7475 -101   33
B 13361 7484 -101    8
push -10 -10
push out at target
B 13371 7502   81  -11
B 13381 7492   81  -21
B 13391 7445   81  -33
B 13401 7375   81  -49
B 13411 7392   81  -63
B 13421 7335   81  -77
B 13431 7381   81  -93
B 13441 7133   81 -109
B 13451 7313   81 -123
B 13461 7212   81 -133
B 13471 7363   74 -137
B 13481 7331   23 -137
B 13491 7392   10 -137
B 13501 7145   10 -126
B 13511 7150   10 -113
B 13521 7189   10  -99
B 13531 7742   10  -87
B 13541 7753   10  -73
B 13551 7756   10  -58
B 13561 7831   10  -45
B 13571 7834   10  -31
pb end 
B 13581 7834    0  -17
B 13591 7835    0   -5
B 13601 7838    0    7
B 13611 7838    0   15
B 13621 7841    0   21
B 13631 7841    0   26
B 13641 7841    0   29
B 13651 7878    0   31
B 13661 7879    0   32
B 13671 7879    0   33
B 13681 7879    0   35
B 13691 7880    0   35
B 13701 7879    0   35
B 13711 7880    0   35
B 13721 7879    0   35
B 13731 7879    0   35
B 13741 7882    0   35
B 13751 7879    0   35
B 13761 7880    0   35
B 13771 7880    0   35
B 13781 7880    0   35
B 13791 7882    0   35
B 13801 7880    0   35
B 13811 7879    0   32
B 13821 7882    0   29
SSS vs= 1.01  t=  214
%P VOLT1   = 7860
%P VOLT2   = 7916
%P S2_SC   =  1.01
%P L_ANG_MAX = 214
B 13831 7882   71   26
B 13841 7883   71   23
B 13851 7798   71   20
B 13861 7724   71   17
B 13871 7729   71   15
B 13881 7752   71   15
B 13891 7360   71   15
B 13901 7427   71   15
B 13911 7381   71   16
B 13921 7243   71   21
B 13931 7206   71   29
B 13941 7224   71   38
B 13951 7214   71   46
B 13962 7303   71   55
B 13973 7310   65   65
B 13984 7418   46   76
B 13994 7389   30   87
B 14004 7414   30   98
B 14014 7448   30  108
*** dt = 52 , A = 117 , rpm = 348 
B 14024 7491   30  119
B 14034 7511   30  130
B 14044 7590   30  139
B 14054 7772   30  148
B 14064 7776   30  157
pull out 167
B 14074 7779 -101  167
B 14084 7782 -101  177
B 14094 7782 -101  185
B 14104 7656 -101  193
B 14114 7531 -101  197
B 14124 7542 -101  203
B 14134 7628 -101  209
B 14144 6972 -101  213
B 14154 7006 -101  216
B 14164 7330 -101  217
B 14174 7356 -101  217
B 14184 7278 -101  217
*** amax = 217  vhit = 99
B 14194 7347 -100  209
B 14204 7204 -100  195
B 14214 7250 -100  180
B 14224 6960 -100  164
B 14234 6945 -100  147
B 14244 6988 -100  128
B 14254 7223 -100  111
B 14264 7366 -100   89
B 14274 7363 -100   68
B 14284 7471 -100   45
B 14294 7478 -100   23
B 14304 7492 -100   -3
push -11 -10
push out at target
B 14314 7503   81  -15
B 14324 7475   81  -27
B 14334 7424   81  -41
B 14344 7388   81  -55
B 14354 7421   81  -69
B 14364 7473   81  -85
B 14374 7128   81 -100
B 14384 7232   81 -115
B 14394 7143   81 -126
B 14404 7306   81 -131
B 14414 7336   31 -132
B 14424 7332    0 -132
B 14434 7210   10 -126
B 14444 7118   10 -114
B 14454 7175   10 -101
B 14464 7522   10  -89
B 14474 7712   10  -75
B 14484 7716   10  -62
B 14494 7828   10  -49
B 14504 7831   10  -34
B 14514 7833   10  -21
pb end 
B 14524 7835    0   -9
B 14534 7835    0    3
B 14544 7835    0   14
B 14554 7839    0   21
B 14564 7839    0   27
B 14574 7838    0   31
B 14584 7841    0   33
B 14594 7875    0   35
B 14604 7876    0   35
B 14614 7878    0   35
B 14624 7878    0   37
B 14634 7878    0   37
B 14644 7879    0   37
B 14654 7878    0   37
B 14664 7879    0   37
B 14674 7879    0   37
B 14684 7879    0   37
B 14694 7879    0   37
B 14704 7880    0   37
B 14714 7879    0   37
B 14724 7880    0   35
B 14734 7879    0   32
B 14744 7879    0   30
B 14754 7879    0   27
B 14764 7879    0   25
SSS vs= 1.01  t=  214
%P VOLT1   = 7860
%P VOLT2   = 7912
%P S2_SC   =  1.02
%P L_ANG_MAX = 214
B 14775 7882   71   22
B 14786 7880   71   19
B 14797 7882   71   16
B 14807 7774   71   14
B 14817 7724   71   12
B 14827 7735   71   11
B 14837 7756   71   11
B 14847 7428   71   11
B 14858 7384   71   11
B 14868 7369   71   13
B 14878 7157   71   21
B 14888 7169   71   30
B 14898 7199   71   38
B 14909 7230   71   47
B 14919 7244   71   55
B 14929 7350   65   65
B 14939 7416   46   75
B 14949 7437   30   86
B 14959 7469   30   96
B 14969 7470   30  107
*** dt = 53 , A = 116 , rpm = 348 
B 14979 7498   30  118
B 14989 7480   30  128
B 14999 7734   30  137
B 15009 7738   30  146
B 15019 7779   30  155
B 15029 7778   30  164
pull out 165
B 15039 7780 -101  173
B 15049 7780 -101  181
B 15059 7621 -101  188
B 15069 7534 -101  192
B 15079 7593 -101  199
B 15089 7322 -101  204
B 15099 7372 -101  208
B 15109 7147 -101  211
B 15119 7419 -101  211
B 15129 7307 -101  211
B 15139 7305 -101  211
*** amax = 211  vhit = 101
B 15149 7275 -102  202
B 15159 7281 -102  187
B 15169 7150 -102  173
B 15179 6897 -102  156
B 15189 6954 -102  139
B 15199 6992 -102  121
B 15209 7293 -102  103
B 15219 7294 -102   83
B 15229 7394 -102   61
B 15239 7466 -102   38
B 15249 7477 -102   15
B 15259 7492 -102   -8
push -10 -10
push out at target
B 15269 7498   81  -19
B 15279 7464   81  -31
B 15289 7401   81  -45
B 15299 7389   81  -61
B 15309 7428   81  -74
B 15319 7409   81  -90
B 15329 7129   81 -106
B 15339 7117   81 -121
B 15349 7229   81 -132
B 15359 7335   81 -137
B 15369 7301   31 -137
B 15379 7360   10 -137
B 15389 7082   10 -129
B 15399 7157   10 -115
B 15409 7178   10 -101
B 15419 7664   10  -89
B 15429 7676   10  -75
B 15439 7719   10  -61
B 15449 7827   10  -46
B 15459 7830   10  -33
B 15469 7833   10  -19
pb end 
B 15479 7834    0   -5
B 15489 7839    0    7
B 15499 7838    0   16
B 15509 7837    0   23
B 15519 7839    0   28
B 15529 7839    0   31
B 15539 7875    0   33
B 15549 7875    0   35
B 15559 7841    0   35
B 15569 7876    0   37
B 15579 7876    0   38
B 15589 7876    0   38
B 15599 7878    0   38
B 15609 7878    0   38
B 15619 7878    0   38
B 15629 7879    0   38
B 15639 7878    0   38
B 15649 7878    0   38
B 15659 7879    0   38
B 15669 7879    0   37
B 15679 7879    0   37
B 15689 7879    0   35
B 15699 7879    0   31
B 15709 7879    0   29
B 15719 7880    0   25
SSS vs= 1.02  t=  214
%P VOLT1   = 7860
%P VOLT2   = 7909
%P S2_SC   =  1.02
%P L_ANG_MAX = 214
B 15729 7880   71   22
B 15739 7833   71   19
B 15749 7731   71   17
B 15761 7731   71   15
B 15771 7750   71   15
B 15781 7325   71   15
B 15791 7388   71   15
B 15801 7339   71   15
B 15811 7209   71   20
B 15821 7205   71   28
B 15831 7227   71   36
B 15841 7214   71   44
B 15851 7303   71   53
B 15861 7310   70   61
B 15871 7412   53   71
B 15881 7411   36   81
B 15891 7429   30   91
B 15901 7410   30  102
B 15911 7438   30  113
*** dt = 48 , A = 117 , rpm = 364 
B 15921 7466   30  123
B 15931 7546   30  134
B 15941 7766   30  142
B 15951 7770   30  151
B 15961 7773   30  160
pull out 162
B 15971 7775 -101  169
B 15981 7778 -101  179
B 15991 7730 -101  187
B 16001 7547 -101  193
B 16011 7530 -101  198
B 16021 7573 -101  203
B 16031 6991 -101  209
B 16041 7031 -101  211
B 16051 7389 -101  213
B 16061 7397 -101  214
B 16071 7303 -101  214
*** amax = 214  vhit = 100
B 16081 7325 -101  209
B 16091 7205 -101  196
B 16101 7230 -101  182
B 16111 6936 -101  166
B 16121 6929 -101  149
B 16131 6973 -101  131
B 16141 7220 -101  113
B 16151 7334 -101   93
B 16161 7331 -101   72
B 16171 7472 -101   50
B 16181 7474 -101   27
B 16191 7486 -101    3
push -10 -10
push out at target
B 16201 7464   81  -13
B 16211 7480   81  -23
B 16221 7429   81  -37
B 16231 7391   81  -51
B 16241 7373   81  -65
B 16251 7421   81  -79
B 16261 7111   81  -95
B 16271 7241   81 -110
B 16281 7172   81 -123
B 16291 7324   81 -130
B 16301 7349   48 -132
B 16311 7325    6 -132
B 16321 7171   10 -131
B 16331 7032   10 -118
B 16341 7133   10 -105
B 16351 7428   10  -92
B 16361 7556   10  -80
B 16371 7569   10  -66
B 16381 7789   10  -52
B 16391 7827   10  -38
B 16401 7830   10  -25
pb end 
B 16411 7831    0  -11
B 16421 7833    0    2
B 16431 7833    0   12
B 16441 7833    0   21
B 16451 7838    0   27
B 16461 7841    0   31
B 16471 7837    0   35
B 16481 7875    0   36
B 16491 7875    0   37
B 16501 7839    0   37
B 16511 7876    0   39
B 16521 7875    0   39
B 16531 7878    0   39
B 16541 7878    0   39
B 16551 7876    0   39
B 16561 7876    0   39
B 16571 7876    0   39
B 16581 7878    0   39
B 16591 7878    0   39
B 16601 7875    0   39
B 16611 7876    0   37
B 16621 7876    0   35
B 16631 7878    0   32
B 16641 7878    0   29
B 16651 7878    0   26
B 16661 7878    0   23
SSS vs= 1.02  t=  214
%P VOLT1   = 7860
%P VOLT2   = 7909
%P S2_SC   =  1.02
%P L_ANG_MAX = 214
B 16671 7876   71   20
B 16681 7879   71   18
B 16691 7875   71   15
B 16701 7745   71   13
B 16711 7726   71   11
B 16721 7748   71   11
B 16731 7766   71   11
B 16741 7431   71   11
B 16751 7377   71   11
B 16761 7328   71   15
B 16771 7174   71   23
B 16781 7186   71   31
B 16792 7214   71   41
B 16802 7238   71   50
B 16812 7353   71   59
B 16823 7350   60   69
B 16833 7415   39   79
B 16843 7416   30   90
B 16853 7440   30  101
B 16863 7484   30  111
*** dt = 53 , A = 116 , rpm = 348 
B 16873 7470   30  121
B 16883 7480   30  131
B 16893 7699   30  140
B 16903 7772   30  149
B 16913 7775   30  158
pull out 165
B 16923 7778 -101  168
B 16933 7778 -101  175
B 16943 7775 -101  183
B 16953 7572 -101  190
B 16963 7542 -101  194
B 16973 7582 -101  200
B 16983 7312 -101  206
B 16993 7139 -101  209
B 17003 7140 -101  211
B 17013 7371 -101  211
B 17023 7340 -101  211
*** amax = 211  vhit = 101
B 17033 7293 -102  207
B 17043 7277 -102  195
B 17053 7120 -102  182
B 17063 7181 -102  165
B 17073 6924 -102  149
B 17083 7042 -102  132
B 17093 7074 -102  113
B 17103 7332 -102   94
B 17113 7402 -102   73
B 17123 7398 -102   51
B 17133 7474 -102   27
B 17143 7445 -102    5
push -11 -10
push out at target
B 17153 7461   81  -12
B 17163 7447   81  -22
B 17173 7435   81  -35
B 17183 7362   81  -50
B 17193 7406   81  -65
B 17203 7380   81  -78
B 17213 7425   81  -94
B 17223 7136   81 -109
B 17233 7262   81 -122
B 17243 7154   81 -131
B 17253 7318   65 -133
B 17263 7332    6 -133
B 17273 7465   10 -133
B 17283 7195   10 -122
B 17293 7175   10 -109
B 17303 7199   10  -99
B 17313 7779   10  -87
B 17323 7787   10  -74
B 17333 7790   10  -62
B 17343 7825   10  -50
B 17353 7830   10  -39
B 17363 7831   10  -28
pb end 
B 17373 7833    0  -17
B 17383 7869    0   -9
B 17393 7871    0   -1
B 17403 7837    0    5
B 17413 7837    0    9
B 17423 7838    0   13
B 17433 7837    0   15
B 17443 7838    0   17
B 17453 7839    0   19
B 17463 7874    0   22
B 17473 7875    0   22
B 17483 7875    0   22
B 17493 7875    0   22
B 17503 7875    0   22
B 17513 7878    0   22
B 17523 7875    0   22
B 17533 7876    0   22
B 17543 7876    0   22
B 17553 7876    0   22
B 17563 7876    0   22
B 17573 7876    0   21
B 17583 7876    0   21
B 17593 7878    0   21
B 17603 7875    0   21
B 17613 7876    0   19
SSS vs= 1.02  t=  214
%P VOLT1   = 7860
%P VOLT2   = 7902
%P S2_SC   =  1.02
%P L_ANG_MAX = 214
B 17623 7878   71   18
B 17633 7770   71   16
B 17643 7725   71   15
B 17653 7735   71   14
B 17663 7753   71   14
B 17673 7349   71   15
B 17683 7368   71   15
B 17694 7321   71   17
B 17704 7298   71   25
B 17714 7212   71   34
B 17726 7181   71   43
B 17737 7206   71   52
B 17747 7318   70   62
B 17757 7385   53   71
B 17768 7375   36   81
B 17778 7437   30   93
B 17788 7424   30  103
B 17798 7472   30  114
*** dt = 52 , A = 117 , rpm = 348 
B 17808 7500   30  124
B 17818 7583   30  135
B 17828 7589   30  143
B 17838 7769   30  152
B 17848 7773   30  162
pull out 166
B 17858 7775 -101  171
B 17868 7775 -101  179
B 17878 7779 -101  187
B 17888 7575 -101  195
B 17898 7540 -101  199
B 17908 7572 -101  205
B 17918 7621 -101  210
B 17928 7063 -101  213
B 17938 7285 -101  215
B 17948 7217 -101  216
B 17958 7319 -101  216
B 17968 7372 -101  215
*** amax = 216  vhit = 99
B 17978 7351 -100  203
B 17988 7157 -100  188
B 17998 7032 -100  173
B 18008 7092 -100  156
B 18018 7004 -100  139
B 18028 7107 -100  121
B 18038 7117 -100  102
B 18048 7365 -100   81
B 18058 7432 -100   59
B 18068 7430 -100   37
B 18078 7480 -100   13
B 18088 7496 -100   -9
push -10 -10
push out at target
B 18098 7494   81  -19
B 18108 7460   81  -31
B 18118 7414   81  -45
B 18128 7403   81  -60
B 18138 7411   81  -73
B 18148 7348   81  -89
B 18158 7385   81 -104
B 18168 7280   81 -117
B 18178 7332   81 -126
B 18188 7264   65 -129
B 18198 7340   14 -129
B 18208 7343   10 -129
B 18218 7462   10 -120
B 18228 7202   10 -107
B 18238 7197   10  -97
B 18248 7211   10  -85
B 18258 7786   10  -71
B 18268 7789   10  -58
B 18278 7793   10  -46
B 18288 7830   10  -34
pb end 
B 18298 7830    0  -21
B 18308 7831    0  -10
B 18318 7831    0    0
B 18328 7833    0    9
B 18338 7835    0   15
B 18348 7835    0   19
B 18358 7835    0   23
B 18368 7837    0   25
B 18378 7838    0   26
B 18388 7838    0   27
B 18398 7838    0   27
B 18408 7838    0   29
B 18418 7839    0   29
B 18428 7839    0   29
B 18438 7875    0   29
B 18448 7876    0   29
B 18458 7874    0   29
B 18468 7876    0   29
B 18478 7875    0   29
B 18488 7875    0   29
B 18498 7876    0   29
B 18508 7875    0   28
B 18518 7876    0   27
B 18528 7876    0   25
B 18538 7875    0   23
SSS vs= 1.02  t=  214
%P VOLT1   = 7860
%P VOLT2   = 7902
%P S2_SC   =  1.02
%P L_ANG_MAX = 214
B 18548 7876   71   20
B 18558 7878   71   19
B 18568 7790   71   16
B 18578 7717   71   15
B 18588 7725   71   13
B 18598 7748   71   13
B 18608 7749   71   13
B 18618 7394   71   14
B 18628 7418   71   14
B 18638 7389   71   21
B 18648 7216   71   29
B 18658 7202   71   37
B 18668 7227   71   46
B 18678 7275   71   54
B 18688 7313   66   63
B 18698 7313   51   73
B 18708 7416   32   83
B 18718 7435   30   93
B 18728 7462   30  104
B 18738 7496   30  114
*** dt = 54 , A = 115 , rpm = 348 
B 18748 7616   30  124
B 18758 7625   30  133
B 18768 7732   30  141
B 18778 7770   30  151
B 18788 7775   30  159
pull out 163
B 18798 7775 -101  167
B 18808 7776 -101  175
B 18818 7705 -101  182
B 18828 7559 -101  188
B 18838 7556 -101  193
B 18848 7598 -101  198
B 18858 7043 -101  203
B 18868 7217 -101  206
B 18878 7194 -101  207
B 18888 7346 -101  207
B 18898 7363 -101  207
*** amax = 207  vhit = 103
B 18908 7327 -104  201
B 18918 7250 -104  187
B 18928 7073 -104  173
B 18938 7133 -104  156
B 18948 6979 -104  139
B 18958 7056 -104  122
B 18968 7080 -104  103
B 18978 7335 -104   83
B 18988 7439 -104   63
B 18998 7434 -104   40
B 19008 7477 -104   17
B 19018 7486 -104   -6
push -10 -10
push out at target
B 19028 7494   81  -17
B 19038 7433   81  -29
B 19048 7410   81  -43
B 19058 7355   81  -58
B 19068 7379   81  -73
B 19078 7319   81  -88
B 19088 7362   81 -104
B 19098 7160   81 -119
B 19108 7297   81 -133
B 19118 7215   81 -139
B 19128 7349   40 -140
B 19138 7298    0 -140
B 19148 7475   10 -137
B 19158 7177   10 -125
B 19168 7182   10 -114
B 19178 7202   10 -103
B 19188 7780   10  -90
B 19198 7786   10  -78
B 19208 7789   10  -66
B 19218 7828   10  -55
B 19228 7830   10  -44
pb end 
B 19238 7828    0  -33
B 19248 7830    0  -24
B 19258 7837    0  -16
B 19268 7834    0   -9
B 19278 7835    0   -3
B 19288 7837    0    2
B 19298 7835    0    6
B 19308 7835    0    9
B 19318 7837    0   12
B 19328 7837    0   14
B 19338 7838    0   16
B 19348 7874    0   19
B 19358 7874    0   19
B 19368 7839    0   19
B 19378 7838    0   19
B 19388 7839    0   19
B 19398 7876    0   19
B 19408 7874    0   19
B 19418 7875    0   19
B 19428 7841    0   19
B 19438 7839    0   19
B 19448 7839    0   19
B 19458 7875    0   19
B 19468 7874    0   18
B 19478 7876    0   18
SSS vs= 1.02  t=  219
%P VOLT1   = 7860
%P VOLT2   = 7902
%P S2_SC   =  1.02
%P L_ANG_MAX = 219
B 19488 7876   71   18
B 19498 7875   71   17
B 19508 7876   71   15
B 19518 7860   71   13
B 19528 7739   71   11
B 19538 7718   71   10
B 19548 7714   71   10
B 19558 7316   71   10
B 19568 7306   71   10
B 19578 7391   71   11
B 19588 7340   71   19
B 19599 7342   71   27
B 19609 7175   71   35
B 19619 7221   71   43
B 19631 7302   71   52
B 19641 7307   70   62
B 19651 7413   56   71
B 19661 7416   42   81
B 19671 7434   30   91
B 19681 7417   30  102
B 19691 7439   30  112
*** dt = 53 , A = 121 , rpm = 348 
B 19701 7464   30  123
B 19711 7511   30  132
B 19721 7731   30  141
B 19731 7734   30  150
B 19741 7772   30  159
B 19751 7775   30  168
pull out 169
B 19761 7775 -101  177
B 19771 7776 -101  185
B 19781 7776 -101  191
B 19791 7685 -101  199
B 19801 7561 -101  204
B 19811 7566 -101  209
B 19821 7606 -101  214
B 19831 7263 -101  218
B 19841 7362 -101  221
B 19851 7341 -101  222
B 19861 7352 -101  222
B 19871 7405 -101  222
*** amax = 222  vhit = 99
B 19881 7369 -100  214
B 19891 7298 -100  200
B 19901 6946 -100  184
B 19911 7001 -100  169
B 19921 6986 -100  151
B 19931 7169 -100  133
B 19941 7189 -100  115
B 19951 7304 -100   95
B 19961 7443 -100   72
B 19971 7444 -100   51
B 19981 7480 -100   27
B 19991 7458 -100    3
push -11 -10
push out at target
B 20001 7475   81  -13
B 20011 7489   81  -24
B 20021 7477   81  -37
B 20031 7403   81  -52
B 20041 7421   81  -65
B 20051 7326   81  -80
B 20061 7366   81  -95
B 20071 7135   81 -110
B 20081 7384   81 -122
B 20091 7296   81 -129
B 20101 7321   48 -129
B 20111 7166   10 -129
B 20121 7277   10 -126
B 20131 7138   10 -114
B 20141 7151   10 -101
B 20151 7188   10  -89
B 20161 7597   10  -77
B 20171 7782   10  -63
B 20181 7786   10  -49
B 20191 7789   10  -36
B 20201 7827   10  -23
pb end 
B 20211 7828    0   -9
B 20221 7831    0    3
B 20231 7831    0   14
B 20241 7833    0   22
B 20251 7835    0   28
B 20261 7834    0   32
B 20271 7835    0   35
B 20281 7835    0   37
B 20291 7833    0   37
B 20301 7837    0   37
B 20311 7837    0   38
B 20321 7837    0   39
B 20331 7837    0   39
B 20341 7838    0   39
B 20351 7874    0   39
B 20361 7875    0   39
B 20371 7838    0   39
B 20381 7875    0   39
B 20391 7874    0   39
B 20401 7874    0   37
B 20411 7875    0   35
B 20421 7875    0   32
B 20431 7839    0   30
B 20441 7876    0   27
B 20451 7875    0   25
SSS vs= 1.02  t=  219
%P VOLT1   = 7860
%P VOLT2   = 7902
%P S2_SC   =  1.02
%P L_ANG_MAX = 219
B 20461 7876   71   22
B 20471 7874   71   19
B 20481 7736   71   17
B 20491 7717   71   15
B 20501 7735   71   14
B 20511 7756   71   14
B 20521 7364   71   14
B 20531 7423   71   15
B 20541 7363   71   15
B 20551 7242   71   23
B 20561 7146   71   31
B 20571 7174   71   39
B 20581 7238   71   48
B 20591 7320   71   56
B 20601 7321   64   65
B 20611 7422   50   75
B 20621 7396   39   84
B 20631 7413   30   95
B 20641 7456   30  105
B 20651 7550   30  115
*** dt = 59 , A = 120 , rpm = 332 
B 20661 7572   30  125
B 20671 7549   30  135
B 20681 7693   30  144
B 20691 7699   30  153
B 20701 7770   30  162
B 20711 7775   30  170
pull out 173
B 20721 7775 -101  178
B 20731 7775 -101  186
B 20741 7775 -101  193
B 20751 7596 -101  199
B 20761 7559 -101  203
B 20771 7592 -101  209
B 20781 7636 -101  214
B 20791 7104 -101  217
B 20801 7426 -101  219
B 20811 7356 -101  219
B 20821 7357 -101  219
B 20831 7340 -101  215
*** amax = 219  vhit = 100
B 20841 7330 -101  203
B 20851 7177 -101  189
B 20861 6913 -101  173
B 20871 6967 -101  157
B 20881 7014 -101  139
B 20891 7256 -101  121
B 20901 7266 -101  101
B 20911 7375 -101   81
B 20921 7478 -101   58
B 20931 7480 -101   35
B 20941 7486 -101   12
B 20951 7464 -101   -9
push -10 -10
push out at target
B 20961 7464   81  -21
B 20971 7467   81  -33
B 20981 7421   81  -47
B 20991 7419   81  -61
B 21001 7418   81  -74
B 21011 7069   81  -90
B 21021 7101   81 -105
B 21031 7241   81 -120
B 21041 7364   81 -129
B 21051 7310   65 -131
B 21061 7354    6 -131
B 21071 7190   10 -131
B 21081 7304   10 -122
B 21091 7175   10 -111
B 21101 7729   10 -101
B 21111 7742   10  -89
B 21121 7784   10  -77
B 21131 7784   10  -66
B 21141 7790   10  -54
B 21151 7827   10  -43
B 21161 7828   10  -33
pb end 
B 21171 7831    0  -23
B 21181 7831    0  -14
B 21191 7833    0   -7
B 21201 7834    0   -1
B 21211 7834    0    4
B 21221 7835    0    8
B 21231 7837    0   11
B 21241 7835    0   14
B 21251 7838    0   15
B 21261 7837    0   16
B 21271 7837    0   17
B 21281 7838    0   19
B 21291 7835    0   19
B 21301 7838    0   19
B 21311 7838    0   19
B 21321 7837    0   19
B 21331 7837    0   19
B 21341 7874    0   19
B 21351 7872    0   19
B 21361 7874    0   19
B 21371 7875    0   19
B 21381 7875    0   19
B 21391 7839    0   19
B 21401 7874    0   18
SSS vs= 1.02  t=  219
%P VOLT1   = 7860
%P VOLT2   = 7898
%P S2_SC   =  1.02
%P L_ANG_MAX = 219
B 21411 7875   71   16
B 21421 7875   71   15
B 21431 7780   71   13
B 21441 7731   71   11
B 21451 7735   71   11
B 21461 7342   71   11
B 21471 7318   71   11
B 21481 7360   71   11
B 21491 7328   71   14
B 21501 7321   71   22
B 21511 7270   71   30
B 21521 7220   71   38
B 21531 7238   71   47
B 21541 7244   71   55
B 21551 7351   67   63
B 21561 7348   53   73
B 21571 7389   39   83
B 21581 7404   30   93
B 21591 7432   30  103
B 21601 7496   30  113
*** dt = 59 , A = 120 , rpm = 332 
B 21611 7651   30  123
B 21621 7658   30  131
B 21631 7696   30  139
B 21641 7737   30  148
B 21651 7738   30  156
B 21661 7772   30  164
pull out 169
B 21671 7741 -101  171
B 21681 7653 -101  179
B 21692 7558 -101  183
B 21702 7565 -101  189
B 21712 7604 -101  194
B 21722 7328 -101  199
B 21732 7322 -101  201
B 21742 7303 -101  202
B 21752 7359 -101  202
B 21762 7415 -101  202
*** amax = 202  vhit = 108
B 21772 7380 -109  194
B 21782 7315 -109  179
B 21792 6961 -109  165
B 21802 7013 -109  148
B 21812 6991 -109  131
B 21822 7172 -109  114
B 21832 7196 -109   95
B 21842 7308 -109   75
B 21852 7450 -109   54
B 21862 7447 -109   31
B 21872 7448 -109    8
push -10 -10
push out at target
B 21882 7491   81  -11
B 21892 7485   81  -21
B 21902 7416   81  -34
B 21912 7406   81  -49
B 21922 7355   81  -65
B 21932 7383   81  -77
B 21942 7251   81  -94
B 21952 7290   81 -110
B 21962 7113   81 -126
B 21972 7360   81 -138
B 21982 7287   81 -143
B 21992 7326   31 -144
B 22002 7153    0 -143
B 22012 7293   10 -139
B 22022 7159   10 -126
B 22032 7174   10 -113
B 22042 7197   10 -103
B 22052 7672   10  -90
B 22062 7783   10  -77
B 22072 7787   10  -64
B 22082 7790   10  -51
B 22092 7792   10  -39
pb end 
B 22102 7793    0  -27
B 22112 7830    0  -16
B 22122 7830    0   -5
B 22132 7830    0    3
B 22142 7833    0    9
B 22152 7834    0   14
B 22162 7834    0   18
B 22172 7834    0   20
B 22182 7835    0   22
B 22192 7835    0   23
B 22202 7835    0   23
B 22212 7835    0   26
B 22222 7837    0   26
B 22232 7835    0   26
B 22242 7837    0   26
B 22252 7837    0   26
B 22262 7835    0   26
B 22272 7837    0   26
B 22282 7835    0   26
B 22292 7838    0   26
B 22302 7838    0   26
B 22312 7838    0   26
B 22322 7874    0   25
B 22332 7872    0   25
B 22342 7872    0   23
SSS vs= 1.02  t=  224
%P VOLT1   = 7801
%P VOLT2   = 7895
%P S2_SC   =  1.02
%P L_ANG_MAX = 224
B 22352 7838   71   21
B 22362 7874   71   19
B 22372 7874   71   17
B 22382 7781   71   15
B 22392 7698   71   14
B 22402 7695   71   13
B 22412 7749   71   13
B 22422 7359   71   13
B 22432 7335   71   13
B 22442 7426   71   14
B 22452 7329   71   18
B 22462 7313   71   26
B 22472 7317   71   34
B 22483 7261   71   43
B 22493 7273   71   51
B 22503 7282   71   60
B 22513 7394   62   69
B 22523 7394   49   79
B 22533 7376   39   88
B 22543 7424   30   99
B 22553 7456   30  110
B 22563 7517   30  120
*** dt = 54 , A = 125 , rpm = 348 
B 22573 7538   30  130
B 22583 7548   30  140
B 22593 7698   30  149
B 22603 7734   30  158
B 22613 7738   30  167
pull out 174
B 22623 7737 -102  175
B 22633 7773 -102  183
B 22643 7775 -102  191
B 22653 7681 -102  198
B 22663 7566 -102  203
B 22673 7572 -102  208
B 22683 7608 -102  214
B 22693 7044 -102  218
B 22703 7077 -102  220
B 22713 7379 -102  222
B 22723 7404 -102  222
B 22733 7323 -102  222
*** amax = 222  vhit = 101
B 22743 7360 -103  214
B 22753 7223 -103  200
B 22763 7259 -103  185
B 22773 6955 -103  170
B 22783 7001 -103  152
B 22793 7039 -103  135
B 22803 7237 -103  116
B 22813 7352 -103   97
B 22823 7350 -103   76
B 22833 7453 -103   54
B 22843 7453 -103   31
B 22853 7459 -103    7
push -11 -10
push out at target
B 22863 7475   81  -11
B 22873 7465   81  -21
B 22883 7429   81  -34
B 22893 7425   81  -49
B 22903 7444   81  -61
B 22913 7480   81  -74
B 22923 7125   81  -89
B 22933 7248   81 -104
B 22944 7188   81 -117
B 22955 7355   81 -122
B 22965 7391   28 -123
B 22976 7220    0 -123
B 22986 7332   10 -118
B 22996 7151   10 -106
B 23006 7510   10  -94
B 23016 7525   10  -85
B 23026 7712   10  -73
B 23036 7787   10  -61
B 23046 7789   10  -49
B 23056 7792   10  -37
B 23066 7827   10  -25
pb end 
B 23076 7828    0  -13
B 23086 7830    0   -3
B 23096 7831    0    6
B 23106 7833    0   12
B 23116 7834    0   17
B 23126 7833    0   21
B 23136 7834    0   23
B 23146 7835    0   25
B 23156 7835    0   25
B 23166 7835    0   25
B 23176 7835    0   27
B 23186 7837    0   27
B 23196 7835    0   27
B 23206 7837    0   27
B 23216 7835    0   27
B 23226 7837    0   27
B 23236 7835    0   27
B 23246 7837    0   27
B 23256 7838    0   27
B 23266 7837    0   27
B 23276 7837    0   27
B 23286 7837    0   25
B 23296 7838    0   23
B 23306 7837    0   21
B 23316 7837    0   19
SSS vs= 1.02  t=  224
%P VOLT1   = 7860
%P VOLT2   = 7898
%P S2_SC   =  1.02
%P L_ANG_MAX = 224
B 23326 7872   71   17
B 23336 7875   71   15
B 23346 7872   71   12
B 23356 7788   71   11
B 23366 7734   71    9
B 23376 7738   71    8
B 23386 7754   71    8
B 23396 7430   71    8
B 23406 7407   71    8
B 23416 7391   71    8
B 23426 7265   71   14
B 23436 7252   71   22
B 23446 7290   71   31
B 23456 7231   71   39
B 23467 7245   71   48
B 23477 7326   71   57
B 23487 7434   65   66
B 23497 7439   53   75
B 23507 7445   41   86
B 23517 7428   30   96
B 23527 7455   30  106
B 23537 7447   30  116
*** dt = 59 , A = 125 , rpm = 332 
B 23547 7607   30  127
B 23557 7617   30  136
B 23567 7658   30  145
B 23577 7734   30  154
B 23587 7735   30  163
B 23597 7772   30  171
pull out 178
B 23607 7773 -101  179
B 23617 7775 -101  187
B 23627 7773 -101  194
B 23637 7773 -101  201
B 23647 7625 -101  207
B 23657 7587 -101  210
B 23667 7608 -101  215
B 23677 7640 -101  221
B 23687 7069 -101  223
B 23697 7399 -101  226
B 23707 7348 -101  226
B 23717 7368 -101  226
*** amax = 226  vhit = 99
B 23727 7390 -100  224
B 23737 7381 -100  213
B 23747 7295 -100  199
B 23757 6983 -100  183
B 23767 7031 -100  167
B 23777 6995 -100  150
B 23787 7237 -100  132
B 23797 7252 -100  114
B 23807 7366 -100   94
B 23817 7473 -100   73
B 23827 7473 -100   51
B 23837 7476 -100   28
B 23847 7481 -100    5
push -11 -10
push out at target
B 23857 7490   81  -12
B 23867 7473   81  -22
B 23877 7445   81  -34
B 23887 7412   81  -49
B 23897 7475   81  -61
B 23907 7114   81  -74
B 23917 7142   81  -88
B 23927 7252   81 -101
B 23937 7445   81 -111
B 23947 7392   74 -117
B 23957 7444   40 -117
B 23967 7317   10 -117
B 23977 7387   10 -112
B 23987 7192   10 -101
B 23997 7477   10  -89
B 24007 7492   10  -79
B 24017 7641   10  -66
B 24027 7786   10  -54
B 24037 7792   10  -42
B 24047 7792   10  -30
pb end 
B 24057 7827    0  -19
B 24067 7830    0   -8
B 24077 7833    0    3
B 24087 7831    0   11
B 24097 7831    0   17
B 24107 7833    0   23
B 24117 7834    0   27
B 24127 7834    0   29
B 24137 7837    0   31
B 24147 7834    0   31
B 24157 7835    0   31
B 24167 7835    0   31
B 24177 7835    0   32
B 24187 7835    0   32
B 24197 7837    0   32
B 24207 7837    0   32
B 24217 7837    0   32
B 24227 7837    0   32
B 24237 7837    0   32
B 24247 7837    0   32
B 24257 7838    0   31
B 24267 7837    0   28
B 24277 7838    0   25
B 24287 7837    0   22
B 24297 7839    0   19
SSS vs= 1.02  t=  224
%P VOLT1   = 7801
%P VOLT2   = 7891
%P S2_SC   =  1.02
%P L_ANG_MAX = 224
B 24307 7837   71   16
B 24317 7835   71   14
B 24327 7771   71   11
B 24338 7704   71    8
B 24348 7707   71    7
B 24358 7367   71    6
B 24368 7383   71    5
B 24378 7440   71    5
B 24388 7467   71    6
B 24398 7445   71    6
B 24408 7395   71   14
B 24418 7306   71   23
B 24428 7328   71   31
B 24438 7277   71   39
B 24448 7359   71   48
B 24458 7363   71   56
B 24468 7359   65   65
B 24478 7426   53   75
B 24488 7431   43   84
B 24498 7452   30   94
B 24508 7433   30  103
B 24518 7449   30  114
*** dt = 61 , A = 123 , rpm = 331 
B 24528 7505   30  123
B 24538 7693   30  132
B 24548 7698   30  141
B 24558 7699   30  149
B 24568 7773   30  157
B 24578 7773   30  165
B 24588 7738   30  173
pull out 173
B 24598 7775 -102  179
B 24608 7772 -102  187
B 24618 7663 -102  193
B 24628 7610 -102  197
B 24638 7621 -102  202
B 24648 7649 -102  207
B 24658 7213 -102  210
B 24668 7228 -102  212
B 24678 7349 -102  213
B 24688 7514 -102  213
B 24698 7483 -102  213
*** amax = 213  vhit = 105
B 24708 7472 -107  205
B 24718 7206 -107  192
B 24728 7238 -107  178
B 24738 7087 -107  163
B 24748 7075 -107  147
B 24758 7093 -107  130
B 24768 7208 -107  112
B 24778 7428 -107   93
B 24788 7425 -107   73
B 24798 7459 -107   53
B 24808 7496 -107   31
B 24818 7501 -107    8
B 24828 7469 -107  -10
push -10 -10
push out at target
B 24838 7504   81  -20
B 24848 7475   81  -31
B 24858 7447   81  -43
B 24868 7461   81  -53
B 24878 7481   81  -65
B 24888 7458   81  -77
B 24898 7436   81  -89
B 24908 7411   81 -101
B 24918 7461   81 -106
B 24928 7573   32 -108
B 24938 7608    6 -108
B 24948 7534   10 -108
B 24958 7200   10 -104
B 24968 7214   10  -95
B 24978 7255   10  -88
B 24988 7757   10  -79
B 24998 7756   10  -71
B 25008 7796   10  -62
B 25018 7794   10  -55
B 25028 7796   10  -48
pb end 
B 25038 7831    0  -42
B 25048 7831    0  -36
B 25058 7831    0  -30
B 25068 7835    0  -24
B 25078 7835    0  -18
B 25088 7835    0  -12
B 25098 7837    0   -6
B 25108 7835    0   -1
B 25118 7835    0    4
B 25128 7837    0    8
B 25138 7835    0   11
B 25148 7837    0   14
B 25158 7837    0   15
B 25168 7837    0   16
B 25178 7837    0   16
B 25188 7838    0   16
B 25198 7837    0   16
B 25208 7838    0   16
B 25218 7838    0   16
B 25228 7837    0   16
B 25238 7838    0   16
B 25248 7837    0   16
B 25258 7837    0   15
B 25268 7838    0   15
B 25278 7837    0   12
SSS vs= 1.02  t=  229
%P VOLT1   = 7801
%P VOLT2   = 7895
%P S2_SC   =  1.02
%P L_ANG_MAX = 229
B 25289 7838   71   10
B 25299 7837   71    8
B 25309 7838   71    7
B 25319 7767   71    5
B 25329 7725   71    4
B 25339 7713   71    4
B 25349 7496   71    4
B 25361 7417   71    4
B 25371 7418   71    4
B 25381 7502   71    4
B 25391 7550   71    9
B 25401 7563   71   15
B 25411 7500   71   23
B 25421 7436   71   30
B 25431 7439   71   37
B 25441 7406   71   44
B 25451 7373   71   52
B 25461 7370   71   59
B 25471 7446   65   67
B 25481 7415   57   74
B 25491 7415   48   82
B 25501 7419   41   89
B 25511 7460   33   97
B 25521 7470   30  105
B 25531 7475   30  113
B 25541 7592   30  121
*** dt = 93 , A = 123 , rpm = 264 
B 25551 7596   30  128
B 25561 7668   30  135
B 25571 7741   30  142
B 25581 7742   30  148
B 25591 7779   30  154
B 25601 7779   30  159
B 25611 7779   30  165
B 25621 7780   30  170
B 25631 7779   30  175
pull out 178
B 25641 7779 -102  179
B 25651 7778 -102  184
B 25661 7720 -102  188
B 25671 7688 -102  191
B 25681 7694 -102  192
B 25691 7705 -102  195
B 25701 7714 -102  196
B 25711 7368 -102  196
B 25721 7517 -102  196
B 25731 7520 -102  196
*** amax = 196  vhit = 116
B 25741 7656 -118  195
B 25751 7647 -118  190
B 25761 7653 -118  179
B 25771 7343 -118  167
B 25781 7172 -118  152
B 25791 7174 -118  138
B 25801 7174 -118  123
B 25811 7246 -118  105
B 25821 7247 -118   89
B 25831 7461 -118   70
B 25841 7500 -118   50
B 25851 7498 -118   31
B 25861 7505 -118   11
B 25871 7510 -118   -7
push -10 -10
push out at target
B 25881 7512   81  -15
B 25891 7514   81  -23
B 25901 7549   81  -33
B 25911 7524   81  -45
B 25921 7450   81  -56
B 25931 7316   81  -66
B 25941 7324   81  -80
B 25951 7257   81  -90
B 25961 7440   74 -102
B 25971 7444   81 -112
B 25981 7621   74 -119
B 25992 7661   48 -121
B 26002 7661    5 -121
B 26012 7346   10 -121
B 26022 7357   10 -121
B 26032 7366   10 -113
B 26042 7581   10 -104
B 26052 7585   10  -98
B 26062 7585   10  -89
B 26072 7798   10  -81
B 26082 7798   10  -73
B 26092 7800   10  -66
pb end 
B 26102 7837    0  -58
B 26112 7835    0  -51
B 26122 7835    0  -44
B 26132 7838    0  -37
B 26142 7837    0  -29
B 26152 7838    0  -22
B 26162 7839    0  -16
B 26172 7838    0  -10
B 26182 7838    0   -5
B 26192 7841    0    0
B 26202 7838    0    4
B 26212 7838    0    7
B 26222 7839    0    9
B 26232 7838    0   10
B 26242 7839    0   11
B 26252 7839    0   11
B 26262 7875    0   11
B 26272 7876    0   11
B 26282 7838    0   11
B 26292 7839    0   11
B 26302 7841    0   11
B 26312 7839    0   11
B 26322 7839    0   11
B 26332 7839    0   10
B 26342 7839    0   10
SSS vs= 1.02  t=  234
%P VOLT1   = 7801
%P VOLT2   = 7902
%P S2_SC   =  1.02
%P L_ANG_MAX = 234
B 26353 7839   71    8
B 26363 7839   71    7
B 26373 7842   71    6
B 26383 7769   71    5
B 26393 7741   71    5
B 26403 7739   71    5
B 26413 7741   71    5
B 26423 7747   71    5
B 26433 7504   71    6
B 26443 7585   71    6
B 26453 7592   71   10
B 26463 7565   71   15
B 26473 7531   71   22
B 26483 7535   71   28
B 26493 7469   71   35
B 26503 7398   71   41
B 26513 7401   71   47
B 26523 7401   71   53
B 26533 7434   71   59
B 26543 7433   67   66
B 26553 7433   60   73
B 26563 7470   54   80
B 26573 7469   46   87
B 26584 7440   40   94
B 26594 7447   33  102
B 26604 7450   30  108
B 26614 7562   30  115
B 26624 7567   30  121
*** dt = 120 , A = 124 , rpm = 215 
B 26634 7569   30  127
B 26644 7676   30  133
B 26654 7749   30  139
B 26664 7748   30  144
B 26674 7749   30  149
B 26684 7783   30  153
B 26694 7784   30  158
B 26704 7786   30  162
B 26714 7784   30  165
B 26724 7783   30  169
B 26734 7780   30  173
B 26744 7745   30  177
pull out 178
B 26754 7746 -102  179
B 26764 7780 -102  183
B 26774 7727 -102  185
B 26784 7689 -102  186
B 26794 7692 -102  186
B 26804 7733 -102  187
B 26814 7740 -102  187
B 26824 7283 -102  187
B 26834 7466 -102  187
B 26844 7467 -102  187
*** amax = 187  vhit = 123
B 26854 7611 -125  187
B 26864 7687 -125  181
B 26874 7687 -125  171
B 26884 7580 -125  160
B 26894 7405 -125  148
B 26904 7405 -125  135
B 26914 7122 -125  121
B 26924 7158 -125  107
B 26934 7158 -125   91
B 26944 7371 -125   74
B 26954 7440 -125   55
B 26964 7439 -125   36
B 26974 7510 -125   16
B 26984 7475 -125   -4
push -10 -10
push out at target
B 26994 7475   81  -13
B 27004 7474   81  -23
B 27014 7455   81  -34
B 27024 7460   81  -46
B 27034 7502   81  -57
B 27044 7434   81  -67
B 27054 7440   81  -78
B 27064 7439   81  -90
B 27074 7549   81  -99
B 27084 7549   65 -105
B 27094 7655   40 -106
B 27104 7592    0 -106
B 27114 7594   10 -106
B 27124 7222   10 -103
B 27134 7230   10  -94
B 27144 7232   10  -85
B 27154 7411   10  -77
B 27164 7801   10  -67
B 27174 7800   10  -57
B 27184 7801   10  -47
B 27194 7803   10  -37
pb end 
B 27204 7801    0  -27
B 27214 7803    0  -17
B 27224 7838    0   -8
B 27234 7839    0    1
B 27244 7839    0   10
B 27254 7839    0   16
B 27264 7839    0   20
B 27274 7841    0   23
B 27284 7839    0   24
B 27294 7839    0   25
B 27304 7841    0   25
B 27314 7841    0   25
B 27324 7841    0   25
B 27334 7841    0   25
B 27344 7839    0   25
B 27354 7841    0   25
B 27364 7841    0   24
B 27374 7841    0   22
B 27384 7841    0   19
B 27394 7841    0   16
B 27404 7842    0   14
B 27414 7841    0   12
B 27424 7838    0   11
B 27434 7841    0    9
B 27444 7842    0    7
SSS vs= 1.02  t=  239
%P VOLT1   = 7801
%P VOLT2   = 7905
%P S2_SC   =  1.02
%P L_ANG_MAX = 239
B 27454 7844   71    7
B 27464 7841   71    6
B 27474 7830   71    5
B 27484 7774   71    5
B 27494 7760   71    5
B 27504 7764   71    5
B 27514 7730   71    5
B 27524 7412   71    6
B 27534 7415   71    6
B 27544 7525   71    7
B 27554 7564   71   14
B 27564 7565   71   21
B 27574 7391   71   27
B 27584 7393   71   35
B 27594 7396   71   41
B 27604 7399   71   47
B 27614 7436   71   54
B 27624 7437   71   60
B 27634 7475   66   67
B 27644 7475   61   73
B 27654 7477   55   81
B 27664 7446   49   87
B 27674 7412   43   95
B 27684 7412   36  102
B 27694 7416   31  109
B 27704 7565   30  116
B 27714 7569   30  123
B 27724 7607   30  129
*** dt = 120 , A = 129 , rpm = 215 
B 27734 7713   30  135
B 27744 7715   30  140
B 27754 7749   30  146
B 27764 7751   30  151
B 27774 7751   30  155
B 27784 7752   30  160
B 27794 7786   30  164
B 27804 7787   30  168
B 27814 7751   30  171
B 27824 7784   30  175
B 27834 7786   30  179
B 27844 7783   30  182
pull out 182
B 27854 7783 -102  185
B 27864 7783 -102  187
B 27874 7752 -102  190
B 27884 7697 -102  190
B 27894 7700 -102  190
B 27904 7740 -102  191
B 27914 7213 -102  191
B 27924 7216 -102  190
*** amax = 191  vhit = 124
B 27934 7504 -126  190
B 27944 7579 -126  190
B 27954 7582 -126  190
B 27964 7689 -126  182
B 27974 7657 -126  171
B 27984 7655 -126  160
B 27994 7338 -126  147
B 28004 7196 -126  134
B 28014 7194 -126  120
B 28024 7197 -126  105
B 28034 7338 -126   88
B 28044 7338 -126   71
B 28054 7480 -126   53
B 28064 7514 -126   33
B 28074 7514 -126   13
B 28084 7480 -126   -5
push -10 -10
push out at target
B 28094 7480   81  -15
B 28104 7473   81  -24
B 28114 7494   81  -35
B 28124 7502   81  -46
B 28134 7508   81  -55
B 28144 7478   81  -67
B 28154 7302   81  -78
B 28164 7305   81  -89
B 28174 7555   81  -97
B 28184 7664   57 -102
B 28194 7664   32 -102
B 28204 7563   10 -102
B 28214 7354   10 -102
B 28224 7368   10  -99
B 28234 7266   10  -89
B 28244 7481   10  -79
B 28254 7482   10  -70
B 28264 7694   10  -62
B 28274 7800   10  -51
B 28284 7801   10  -41
B 28294 7803   10  -30
pb end 
B 28304 7803    0  -20
B 28314 7803    0   -9
B 28324 7803    0    1
B 28334 7839    0   11
B 28344 7841    0   19
B 28354 7841    0   25
B 28364 7839    0   30
B 28374 7841    0   33
B 28384 7841    0   35
B 28394 7839    0   35
B 28404 7841    0   36
B 28414 7842    0   36
B 28424 7841    0   36
B 28434 7841    0   36
B 28444 7842    0   36
B 28454 7842    0   36
B 28464 7841    0   35
B 28474 7842    0   35
B 28484 7842    0   31
B 28494 7841    0   28
B 28504 7842    0   25
B 28514 7842    0   22
B 28524 7841    0   19
B 28534 7842    0   15
B 28544 7842    0   12
SSS vs= 1.02  t=  244
%P VOLT1   = 7801
%P VOLT2   = 7902
%P S2_SC   =  1.02
%P L_ANG_MAX = 244
B 28554 7842   71    9
B 28564 7842   71    6
B 28574 7811   71    3
B 28584 7771   71    2
B 28594 7767   71    1
B 28604 7769   71    1
B 28614 7774   71    1
B 28624 7493   71    1
B 28634 7569   71    2
B 28644 7569   71    2
B 28654 7573   71    9
B 28664 7467   71   15
B 28676 7328   71   23
B 28686 7328   71   31
B 28696 7364   71   38
B 28706 7437   71   44
B 28716 7440   71   51
B 28726 7512   71   58
B 28737 7478   68   66
B 28747 7478   62   73
B 28757 7483   57   79
B 28767 7448   51   87
B 28777 7453   46   93
B 28787 7419   41  101
B 28797 7489   35  108
B 28807 7491   30  115
B 28817 7601   30  122
B 28827 7676   30  129
*** dt = 118 , A = 134 , rpm = 232 
B 28837 7678   30  135
B 28847 7680   30  141
B 28857 7715   30  147
B 28867 7716   30  152
B 28877 7752   30  157
B 28887 7789   30  163
B 28897 7784   30  167
B 28907 7752   30  171
B 28917 7786   30  175
B 28927 7784   30  179
B 28937 7751   30  183
B 28947 7751   30  186
pull out 187
B 28957 7751 -102  189
B 28967 7783 -102  191
B 28977 7710 -102  193
B 28987 7703 -102  194
B 28997 7744 -102  194
B 29007 7183 -102  194
B 29017 7185 -102  194
B 29027 7366 -102  194
B 29037 7616 -102  194
B 29047 7620 -102  194
*** amax = 194  vhit = 125
B 29057 7692 -127  191
B 29067 7657 -127  182
B 29077 7654 -127  170
B 29087 7516 -127  158
B 29097 7163 -127  145
B 29107 7165 -127  131
B 29117 7165 -127  116
B 29128 7343 -127   99
B 29138 7343 -127   82
B 29148 7415 -127   64
B 29158 7521 -127   46
B 29168 7522 -127   26
B 29178 7487 -127    6
B 29188 7488 -127  -10
push -11 -10
push out at target
B 29198 7488   81  -19
B 29208 7485   81  -30
B 29218 7514   81  -42
B 29228 7498   81  -56
B 29238 7502   81  -69
B 29248 7332   81  -81
B 29258 7336   81  -95
B 29268 7199   81 -109
B 29278 7484   81 -122
B 29288 7489   81 -133
B 29299 7593   81 -139
B 29310 7593   35 -140
B 29321 7382    0 -140
B 29331 7388   10 -139
B 29341 7222   10 -131
B 29351 7195   10 -121
B 29361 7193   10 -114
B 29371 7766   10 -103
B 29381 7804   10  -93
B 29391 7803   10  -83
B 29401 7803   10  -74
B 29411 7803   10  -64
pb end 
B 29421 7803    0  -54
B 29431 7804    0  -46
B 29441 7804    0  -38
B 29451 7804    0  -30
B 29461 7841    0  -23
B 29471 7841    0  -17
B 29481 7842    0  -13
B 29491 7842    0   -8
B 29501 7842    0   -4
B 29511 7842    0   -1
B 29521 7844    0    2
B 29531 7842    0    4
B 29541 7841    0    6
B 29551 7841    0    7
B 29561 7841    0    7
B 29571 7842    0    7
B 29581 7842    0    8
B 29591 7841    0   10
B 29601 7844    0   10
B 29611 7841    0   10
B 29621 7844    0   10
B 29631 7842    0   10
B 29641 7842    0   10
B 29651 7844    0   10
B 29661 7841    0   10
SSS vs= 1.02  t=  249
%P VOLT1   = 7801
%P VOLT2   = 7905
%P S2_SC   =  1.02
%P L_ANG_MAX = 249
B 29672 7841   71   10
B 29682 7842   71    9
B 29692 7800   71    9
B 29702 7774   71    9
B 29712 7772   71    9
B 29722 7777   71    9
B 29732 7422   71    9
B 29742 7494   71   10
B 29753 7497   71   10
B 29763 7576   71   13
B 29773 7575   71   19
B 29783 7582   71   25
B 29793 7369   71   31
B 29803 7372   71   35
B 29813 7376   71   41
B 29823 7376   71   46
B 29833 7413   71   51
B 29843 7415   71   56
B 29853 7485   71   62
B 29863 7487   67   67
B 29873 7484   62   73
B 29883 7450   58   79
B 29893 7376   54   85
B 29903 7376   50   91
B 29913 7451   46   97
B 29923 7489   42  103
B 29933 7492   37  109
B 29943 7495   34  115
B 29953 7567   30  120
B 29963 7573   30  126
B 29973 7647   30  131
*** dt = 120 , A = 135 , rpm = 182 
B 29983 7719   30  136
B 29993 7719   30  141
B 30003 7753   30  145
B 30013 7755   30  149
B 30023 7755   30  153
B 30033 7755   30  156
B 30043 7755   30  160
B 30053 7752   30  163
B 30063 7755   30  166
B 30073 7787   30  169
B 30083 7787   30  171
B 30093 7752   30  174
pull out 175
B 30103 7786 -101  175
B 30113 7783 -101  178
B 30123 7751 -101  179
B 30133 7749 -101  180
B 30143 7724 -101  181
B 30153 7711 -101  182
B 30163 7713 -101  182
B 30173 7715 -101  182
B 30183 7224 -101  182
*** amax = 182  vhit = 127
B 30193 7403 -129  181
B 30203 7407 -129  181
B 30213 7586 -129  181
B 30223 7660 -129  175
B 30233 7661 -129  167
B 30243 7698 -129  155
B 30253 7590 -129  143
B 30263 7590 -129  131
B 30273 7202 -129  117
B 30283 7166 -129  103
B 30293 7169 -129   87
B 30303 7309 -129   71
B 30313 7417 -129   53
B 30323 7417 -129   35
B 30333 7524 -129   15
B 30343 7524 -129   -4
push -10 -10
push out at target
B 30353 7522   81  -13
B 30363 7489   81  -21
B 30373 7478   81  -31
B 30383 7470   81  -41
B 30393 7512   81  -52
B 30403 7413   81  -63
B 30413 7419   81  -73
B 30423 7383   81  -81
B 30434 7528   57  -91
B 30444 7529   66  -99
B 30454 7674   57 -102
B 30464 7674   14 -103
B 30474 7357    0 -103
B 30484 7363   10 -103
B 30494 7337   10  -97
B 30504 7340   10  -88
B 30514 7377   10  -82
B 30524 7731   10  -73
B 30534 7733   10  -65
B 30544 7803   10  -57
B 30554 7806   10  -49
B 30564 7806   10  -43
B 30574 7804   10  -37
pb end 
B 30584 7806    0  -29
B 30594 7806    0  -23
B 30604 7841    0  -16
B 30614 7839    0  -10
B 30624 7841    0   -4
B 30634 7842    0    2
B 30644 7842    0    7
B 30654 7842    0   11
B 30664 7842    0   13
B 30674 7844    0   15
B 30684 7844    0   16
B 30694 7842    0   16
B 30704 7844    0   16
B 30714 7844    0   16
B 30724 7844    0   16
B 30734 7842    0   16
B 30744 7842    0   16
B 30754 7842    0   16
B 30764 7842    0   15
B 30774 7842    0   15
B 30784 7842    0   15
B 30794 7842    0   13
B 30804 7844    0   11
B 30814 7844    0    9
B 30824 7844    0    7
** 30831
2_28_bew_5 test-1 volt=0.80 ang= 201.0 rpm= 378 335.6 368.5 383.3 
2_28_bew_5 test-2 volt=7.89 ang= 197.0 rpm= 376 329.7 363.0 383.7 
2_28_bew_5 test-3 volt=7.89 ang= 206.0 rpm= 382 339.4 370.0 383.3 
2_28_bew_5 test-4 volt=7.89 ang= 211.0 rpm= 386 343.4 369.5 392.0 
2_28_bew_5 test-5 volt=7.89 ang= 213.0 rpm= 380 344.7 374.2 400.0 
2_28_bew_5 test-6 volt=7.88 ang= 215.0 rpm= 385 344.3 375.6 390.8 
2_28_bew_5 test-7 volt=7.88 ang= 223.0 rpm= 391 353.1 383.7 397.6 
2_28_bew_5 test-8 volt=7.88 ang= 203.0 rpm= 376 333.9 369.1 383.0 
2_28_bew_5 test-9 volt=7.88 ang= 206.0 rpm= 375 335.9 364.9 384.1 
2_28_bew_5 test-10 volt=7.88 ang= 217.0 rpm= 379 343.4 372.5 385.7 
2_28_bew_5 test-11 volt=7.84 ang= 199.0 rpm= 372 328.6 358.2 380.3 
2_28_bew_5 test-12 volt=7.84 ang= 215.0 rpm= 385 347.8 379.5 409.1 
2_28_bew_5 test-13 volt=7.83 ang= 223.0 rpm= 392 353.0 382.3 397.3 
2_28_bew_5 test-14 volt=7.84 ang= 205.0 rpm= 374 335.0 367.1 381.5 
2_28_bew_5 test-15 volt=7.84 ang= 213.0 rpm= 385 341.0 377.6 390.6 
2_28_bew_5 test-16 volt=7.83 ang= 217.0 rpm= 384 344.1 375.0 387.6 
2_28_bew_5 test-17 volt=7.84 ang= 211.0 rpm= 381 335.4 368.8 383.3 
2_28_bew_5 test-18 volt=7.83 ang= 214.0 rpm= 380 339.9 369.6 387.5 
2_28_bew_5 test-19 volt=7.83 ang= 211.0 rpm= 379 335.1 366.9 383.7 
2_28_bew_5 test-20 volt=7.83 ang= 216.0 rpm= 377 339.1 371.2 383.7 
2_28_bew_5 test-21 volt=7.83 ang= 207.0 rpm= 376 331.6 361.1 383.3 
2_28_bew_5 test-22 volt=7.83 ang= 222.0 rpm= 385 346.8 378.9 395.0 
2_28_bew_5 test-23 volt=7.83 ang= 219.0 rpm= 382 343.3 370.8 381.7 
2_28_bew_5 test-24 volt=7.83 ang= 202.0 rpm= 370 328.1 359.2 382.5 
2_28_bew_5 test-25 volt=7.79 ang= 222.0 rpm= 379 341.6 371.9 390.5 
2_28_bew_5 test-26 volt=7.83 ang= 226.0 rpm= 378 339.2 367.4 381.8 
2_28_bew_5 test-27 volt=7.83 ang= 213.0 rpm= 359 323.6 350.3 372.6 
2_28_bew_5 test-28 volt=7.83 ang= 196.0 rpm= 331 291.1 316.3 325.3 
2_28_bew_5 test-29 volt=7.84 ang= 187.0 rpm= 326 268.8 308.5 326.1 
2_28_bew_5 test-30 volt=7.80 ang= 191.0 rpm= 324 272.7 307.8 329.3 
2_28_bew_5 test-31 volt=7.80 ang= 194.0 rpm= 320 275.7 308.3 326.1 
2_28_bew_5 test-32 volt=7.80 ang= 182.0 rpm= 315 258.3 295.5 315.9 