adjusted threshold, kind of misaligned
SSS vs= 0.97  t=  210
%P VOLT1   = 8214
%P VOLT2   = 8321
%P S2_SC   =  0.97
%P L_ANG_MAX = 210
B   0 825   67   12
B  10 8256   67   12
B  20 8256   67   12
B  30 8129   67   12
B  40 8120   67   12
B  50 8139   67   12
B  60 7909   67   12
B  70 7833   67   12
B  80 7783   67   15
B  91 7791   67   23
B 101 7727   67   33
B 113 7603   67   44
B 124 7634   67   55
B 134 7622   63   64
B 144 7769   45   75
B 154 7767   29   85
B 164 7727   19   96
B 174 7878   19  108
B 184 7914   19  119
B 194 7900   19  130
B 204 8124   19  139
B 214 8125   19  149
pull out 153
B 224 8170 -116  159
B 234 8203 -116  167
B 244 8203 -116  176
B 254 8203 -116  184
B 264 7976 -116  191
B 275 7943 -116  198
B 285 7987 -116  203
B 295 7326 -116  207
B 305 7301 -116  209
B 315 7389 -116  209
B 325 7551 -116  209
B 335 7522 -116  201
B 345 7478 -116  187
B 355 7183 -116  171
B 365 7264 -116  154
B 375 7229 -116  137
B 385 7420 -116  117
B 395 7431 -116   98
B 405 7569 -116   77
B 415 7706 -116   53
B 425 7709 -116   30
B 435 7727 -116    5
push -10 -10
push out at target
B 445 7783   77  -13
B 455 7766   77  -24
B 465 7748   77  -38
B 475 7715   77  -54
B 485 7718   77  -69
B 495 7738   77  -85
B 505 7581   77 -102
B 515 7608   77 -118
B 526 7456   77 -133
B 536 7646   77 -141
B 547 7660   54 -142
B 557 7647    0 -142
B 567 7433    9 -138
B 577 7329    9 -126
B 587 7444    9 -112
B 597 7614    9 -101
B 607 7785    9  -85
B 617 7799    9  -71
B 627 8122    9  -57
B 637 8166    9  -43
B 647 8168    9  -30
pb end 
B 657 8204   10  -17
B 667 8172   10   -5
B 677 8172   10    6
B 687 8209   10   15
B 697 8209   10   21
SSS vs= 0.97  t=  216
%P VOLT1   = 8155
%P VOLT2   = 8293
%P S2_SC   =  0.97
%P L_ANG_MAX = 216
B 707 8210   68   26
B 717 8211   68   29
B 727 8178   68   31
B 737 8150   68   33
B 747 8147   68   37
B 757 8147   68   37
B 767 8112   68   38
B 777 7907   68   39
B 787 7843   68   43
B 797 7809   68   48
B 807 7786   68   55
B 818 7759   60   65
B 828 7784   46   74
B 838 7723   29   84
B 848 7682   19   94
B 858 7745   19  104
B 868 7705   19  114
B 878 7846   19  124
B 888 7860   19  133
B 898 8081   19  141
B 908 8158   19  149
B 918 8156   19  157
pull out 163
B 928 8196 -116  165
B 938 8163 -116  172
B 948 8162 -116  179
B 958 8127 -116  184
B 968 7913 -116  190
B 978 7904 -116  194
B 988 7951 -116  198
B 998 7296 -116  199
B 1008 7312 -116  201
B 1018 7585 -116  201
B 1028 7601 -116  201
B 1038 7542 -116  195
B 1048 7531 -116  181
B 1058 7431 -116  164
B 1068 7508 -116  147
B 1078 7283 -116  130
B 1088 7335 -116  110
B 1098 7361 -116   90
B 1108 7608 -116   69
B 1118 7676 -116   45
B 1128 7678 -116   23
B 1138 7760 -116   -2
push -10 -10
push out at target
B 1148 7807   77  -17
B 1158 7737   77  -29
B 1168 7680   77  -42
B 1178 7764   77  -53
B 1188 7817   77  -66
B 1198 7364   77  -80
B 1208 7607   77  -93
B 1218 7513   77 -101
B 1228 7673   54 -105
B 1238 7668   22 -105
B 1248 7726    9 -105
B 1258 7584    9  -96
B 1268 7521    9  -83
B 1278 7559    9  -74
B 1288 8074    9  -61
B 1298 8086    9  -47
B 1308 8090    9  -34
B 1318 8165    9  -21
B 1328 8169    9   -7
pb end 
B 1338 8166   10    5
B 1348 8169   10   16
B 1358 8169   10   25
B 1368 8169   10   32
SSS vs= 0.97  t=  216
%P VOLT1   = 8155
%P VOLT2   = 8279
%P S2_SC   =  0.98
%P L_ANG_MAX = 216
B 1378 8204   68   37
B 1388 8206   68   40
B 1399 8207   68   42
B 1409 8178   68   43
B 1419 8139   68   43
B 1429 8134   68   46
B 1439 8127   68   46
B 1449 7839   68   46
B 1459 7794   68   46
B 1469 7845   68   47
B 1480 7844   68   51
B 1492 7757   68   60
B 1502 7757   54   69
B 1512 7673   39   78
B 1522 7612   26   88
B 1532 7654   19   97
B 1542 7675   19  106
B 1552 7912   19  115
B 1562 7928   19  123
B 1572 8006   19  131
B 1582 8119   19  138
B 1592 8122   19  145
B 1602 8159   19  151
B 1612 8159   19  158
pull out 162
B 1622 8160 -117  164
B 1632 8160 -117  170
B 1642 8121 -117  175
B 1652 7920 -117  177
B 1662 7909 -117  180
B 1672 7810 -117  183
B 1682 7866 -117  185
B 1692 7436 -117  186
B 1702 7716 -117  185
B 1712 7590 -117  185
B 1722 7637 -117  182
B 1732 7530 -117  169
B 1742 7552 -117  153
B 1752 7440 -117  137
B 1762 7268 -117  119
B 1772 7325 -117  100
B 1782 7429 -117   81
B 1792 7611 -117   59
B 1802 7604 -117   37
B 1812 7671 -117   15
B 1822 7746 -117   -8
push -10 -10
push out at target
B 1832 7748   78  -18
B 1842 7710   78  -30
B 1852 7680   78  -45
B 1862 7636   78  -61
B 1872 7656   78  -77
B 1882 7470   78  -93
B 1892 7529   78 -110
B 1902 7368   78 -126
B 1912 7639   78 -140
B 1922 7549   78 -146
B 1932 7575   38 -147
B 1942 7457    0 -147
B 1952 7605    9 -141
B 1962 7520    9 -129
B 1972 7502    9 -117
B 1982 7532    9 -103
B 1992 8077    9  -89
B 2002 8117    9  -75
B 2012 8124    9  -62
B 2022 8127    9  -49
B 2032 8162    9  -38
B 2042 8165    9  -26
pb end 
B 2052 8166   10  -17
B 2062 8165   10   -9
B 2072 8166   10   -3
B 2082 8169   10    3
SSS vs= 0.98  t=  221
%P VOLT1   = 8096
%P VOLT2   = 8276
%P S2_SC   =  0.98
%P L_ANG_MAX = 221
B 2092 8169   68    7
B 2102 8165   68   11
B 2112 8178   68   15
B 2122 8145   68   18
B 2132 8141   68   23
B 2142 8127   68   25
B 2152 7865   68   28
B 2162 7796   68   32
B 2172 7815   68   37
B 2182 7828   68   43
B 2192 7828   68   51
B 2202 7809   68   59
B 2212 7738   59   69
B 2222 7762   43   78
B 2232 7671   29   88
B 2242 7693   19   99
B 2252 7726   19  109
B 2262 7728   19  119
B 2272 8031   19  129
B 2282 8039   19  137
B 2292 8083   19  145
B 2302 8154   19  153
B 2312 8151   19  161
pull out 167
B 2322 8155 -117  168
B 2332 8158 -117  175
B 2342 8156 -117  182
B 2352 7934 -117  187
B 2362 7892 -117  191
B 2372 7930 -117  196
B 2382 7984 -117  199
B 2392 7553 -117  200
B 2402 7493 -117  200
B 2412 7511 -117  200
B 2422 7583 -117  197
B 2432 7561 -117  183
B 2442 7482 -117  168
B 2452 7265 -117  151
B 2462 7337 -117  134
B 2472 7287 -117  115
B 2482 7495 -117   95
B 2492 7501 -117   75
B 2502 7603 -117   52
B 2512 7707 -117   29
B 2522 7715 -117    5
push -10 -10
push out at target
B 2532 7766   78  -13
B 2542 7749   78  -23
B 2552 7689   78  -37
B 2562 7627   78  -53
B 2572 7627   78  -69
B 2582 7683   78  -83
B 2592 7597   78 -100
B 2602 7527   78 -117
B 2612 7453   78 -130
B 2622 7535   78 -138
B 2632 7623   54 -141
B 2642 7597   14 -140
B 2652 7567    9 -139
B 2662 7273    9 -126
B 2672 7371    9 -113
B 2682 7414    9  -99
B 2692 7734    9  -86
B 2702 7751    9  -73
B 2712 8078    9  -58
B 2722 8121    9  -44
B 2732 8122    9  -30
pb end 
B 2742 8124   10  -17
B 2752 8160   10   -4
B 2762 8162   10    7
B 2772 8163   10   17
B 2782 8162   10   23
SSS vs= 0.98  t=  221
%P VOLT1   = 8096
%P VOLT2   = 8265
%P S2_SC   =  0.98
%P L_ANG_MAX = 221
B 2792 8162   68   28
B 2802 8163   68   32
B 2812 8186   68   34
B 2822 8144   68   35
B 2832 8102   68   36
B 2843 8102   68   40
B 2853 8082   68   40
B 2863 7847   68   40
B 2874 7843   68   44
B 2884 7808   68   49
B 2894 7830   68   56
B 2904 7725   63   65
B 2914 7740   49   75
B 2924 7704   36   83
B 2934 7633   22   94
B 2944 7704   19  103
B 2954 7712   19  113
B 2964 7808   19  123
B 2974 7820   19  131
B 2984 8039   19  139
B 2994 8114   19  147
B 3004 8115   19  155
B 3014 8115   19  161
pull out 163
B 3024 8152 -117  168
B 3034 8154 -117  175
B 3044 8149 -117  180
B 3054 7930 -117  185
B 3064 7896 -117  189
B 3074 7934 -117  193
B 3084 7281 -117  195
B 3094 7310 -117  196
B 3104 7437 -117  196
B 3114 7604 -117  195
B 3124 7527 -117  193
B 3134 7569 -117  179
B 3144 7414 -117  164
B 3154 7475 -117  148
B 3164 7370 -117  131
B 3174 7318 -117  112
B 3184 7349 -117   93
B 3194 7462 -117   72
B 3204 7669 -117   50
B 3214 7666 -117   27
B 3224 7710 -117    3
push -12 -10
push out at target
B 3234 7757   78  -13
B 3244 7743   78  -25
B 3254 7653   78  -39
B 3264 7666   78  -55
B 3274 7661   78  -72
B 3284 7676   78  -87
B 3294 7521   78 -104
B 3304 7556   78 -121
B 3314 7384   78 -135
B 3324 7607   78 -144
B 3335 7546   63 -145
B 3345 7597    0 -145
B 3355 7469    9 -143
B 3365 7609    9 -130
B 3375 7495    9 -118
B 3385 7487    9 -106
B 3395 7502    9  -93
B 3405 8078    9  -79
B 3415 8117    9  -66
B 3425 8121    9  -54
B 3435 8122    9  -43
pb end 
B 3445 8159   10  -32
B 3455 8160   10  -22
B 3465 8162   10  -14
B 3475 8160   10   -8
SSS vs= 0.98  t=  221
%P VOLT1   = 8096
%P VOLT2   = 8265
%P S2_SC   =  0.98
%P L_ANG_MAX = 221
B 3485 8160   68   -1
B 3495 8160   68    3
B 3506 8109   68    8
B 3517 8102   68   13
B 3527 8102   68   19
B 3537 7886   68   22
B 3547 7883   68   25
B 3557 7830   68   29
B 3567 7840   68   35
B 3577 7844   68   42
B 3587 7841   68   50
B 3597 7814   68   59
B 3608 7774   56   70
B 3619 7803   39   81
B 3629 7699   25   91
B 3639 7680   19  102
B 3649 7726   19  113
B 3659 7750   19  123
B 3669 7881   19  133
B 3679 7892   19  143
B 3689 8073   19  151
B 3699 8111   19  160
pull out 167
B 3709 8113 -117  169
B 3719 8115 -117  177
B 3729 8132 -117  184
B 3739 7914 -117  191
B 3749 7889 -117  197
B 3759 7932 -117  202
B 3769 7986 -117  206
B 3779 7358 -117  208
B 3789 7482 -117  208
B 3799 7371 -117  208
B 3809 7542 -117  205
B 3819 7528 -117  191
B 3829 7556 -117  177
B 3839 7271 -117  160
B 3849 7198 -117  143
B 3859 7248 -117  124
B 3869 7419 -117  105
B 3879 7525 -117   84
B 3889 7521 -117   62
B 3899 7665 -117   39
B 3909 7709 -117   15
B 3919 7726 -117   -8
push -11 -10
push out at target
B 3929 7729   78  -18
B 3939 7727   78  -31
B 3949 7647   78  -46
B 3959 7685   78  -61
B 3969 7700   78  -74
B 3979 7751   78  -90
B 3989 7388   78 -106
B 3999 7539   78 -119
B 4009 7433   78 -127
B 4019 7596   54 -129
B 4029 7607    6 -129
B 4039 7721    9 -129
B 4049 7574    9 -117
B 4059 7458    9 -105
B 4069 7487    9  -94
B 4079 8033    9  -81
B 4089 8111    9  -69
B 4099 8117    9  -57
B 4109 8118    9  -45
B 4119 8119    9  -33
pb end 
B 4129 8119   10  -22
B 4139 8156   10  -12
B 4149 8158   10   -4
B 4159 8160   10    3
SSS vs= 0.98  t=  221
%P VOLT1   = 8096
%P VOLT2   = 8255
%P S2_SC   =  0.98
%P L_ANG_MAX = 221
B 4170 8159   68    9
B 4180 8160   68   13
B 4190 8159   68   17
B 4200 8134   68   19
B 4210 8133   68   22
B 4220 8127   68   27
B 4230 8089   68   27
B 4240 7838   68   29
B 4250 7790   68   31
B 4260 7802   68   35
B 4271 7801   68   41
B 4282 7756   68   50
B 4292 7767   68   58
B 4302 7726   59   67
B 4312 7650   46   77
B 4322 7668   32   86
B 4332 7724   19   97
B 4342 7682   19  107
B 4352 7712   19  116
B 4362 7768   19  125
B 4372 7995   19  135
B 4382 7999   19  142
B 4392 8074   19  150
B 4402 8113   19  157
B 4412 8113   19  165
pull out 169
B 4422 8114 -117  171
B 4432 8115 -117  178
B 4442 8115 -117  183
B 4452 8050 -117  190
B 4462 7900 -117  193
B 4472 7904 -117  196
B 4482 7951 -117  199
B 4492 7361 -117  201
B 4502 7386 -117  201
B 4512 7538 -117  201
B 4522 7621 -117  201
B 4532 7558 -117  195
B 4542 7604 -117  181
B 4552 7387 -117  165
B 4562 7459 -117  148
B 4572 7388 -117  130
B 4582 7372 -117  111
B 4592 7396 -117   91
B 4602 7499 -117   69
B 4612 7669 -117   48
B 4622 7669 -117   23
B 4632 7712 -117   -1
push -10 -10
push out at target
B 4642 7760   78  -14
B 4652 7738   78  -26
B 4662 7676   78  -40
B 4672 7658   78  -55
B 4682 7686   78  -69
B 4692 7707   78  -86
B 4702 7366   78 -101
B 4712 7370   78 -117
B 4722 7495   78 -129
B 4732 7631   78 -134
B 4742 7587   30 -135
B 4752 7603    0 -135
B 4762 7456    9 -129
B 4772 7561    9 -117
B 4782 7466    9 -106
B 4792 8023    9  -93
B 4802 8033    9  -79
B 4812 8077    9  -66
B 4822 8115    9  -54
B 4832 8117    9  -42
B 4842 8118    9  -31
B 4852 8119    9  -21
pb end 
B 4862 8121   10  -13
B 4872 8158   10   -5
B 4882 8156   10    1
SSS vs= 0.98  t=  221
%P VOLT1   = 8096
%P VOLT2   = 8255
%P S2_SC   =  0.98
%P L_ANG_MAX = 221
B 4892 8158   68    6
B 4902 8158   68   10
B 4912 8158   68   14
B 4922 8123   68   16
B 4932 8100   68   20
B 4942 8093   68   24
B 4952 8071   68   25
B 4962 7837   68   28
B 4972 7806   68   31
B 4982 7764   68   36
B 4992 7786   68   43
B 5002 7752   68   50
B 5012 7778   68   58
B 5022 7768   59   67
B 5032 7652   46   77
B 5042 7666   32   86
B 5052 7684   19   96
B 5062 7680   19  106
B 5072 7713   19  116
B 5082 7805   19  126
B 5092 7994   19  135
B 5102 7999   19  142
B 5112 8072   19  150
B 5122 8111   19  158
B 5132 8111   19  165
pull out 166
B 5142 8113 -117  172
B 5152 8080 -117  178
B 5162 7873 -117  183
B 5172 7854 -117  189
B 5182 7899 -117  193
B 5192 7952 -117  195
B 5202 7337 -117  197
B 5212 7623 -117  197
B 5222 7504 -117  197
B 5232 7552 -117  193
B 5242 7465 -117  179
B 5252 7493 -117  164
B 5262 7382 -117  147
B 5272 7200 -117  130
B 5282 7248 -117  112
B 5292 7346 -117   93
B 5302 7597 -117   71
B 5312 7592 -117   49
B 5322 7664 -117   27
B 5332 7707 -117    3
push -10 -10
push out at target
B 5342 7723   78  -14
B 5352 7707   78  -26
B 5362 7690   78  -41
B 5372 7626   78  -57
B 5382 7640   78  -73
B 5392 7547   78  -87
B 5402 7601   78 -105
B 5412 7407   78 -121
B 5422 7586   78 -134
B 5432 7491   78 -142
B 5442 7546   54 -142
B 5452 7532    9 -142
B 5462 7675    9 -139
B 5472 7582    9 -127
B 5482 7422    9 -115
B 5492 7449    9 -104
B 5502 7926    9  -91
B 5512 8110    9  -78
B 5522 8113    9  -65
B 5532 8115    9  -53
B 5542 8117    9  -42
pb end 
B 5552 8113   10  -30
B 5562 8118   10  -20
B 5572 8156   10  -12
B 5582 8155   10   -4
SSS vs= 0.98  t=  221
%P VOLT1   = 8096
%P VOLT2   = 8244
%P S2_SC   =  0.98
%P L_ANG_MAX = 221
B 5592 8155   68    3
B 5602 8145   68    7
B 5612 8104   68   11
B 5622 8095   68   15
B 5632 8096   68   21
B 5642 8099   68   24
B 5652 7871   68   27
B 5662 7927   68   30
B 5672 7868   68   34
B 5682 7818   68   40
B 5692 7832   68   48
B 5702 7841   68   56
B 5712 7792   60   67
B 5722 7678   47   76
B 5732 7703   31   87
B 5742 7645   19   97
B 5752 7634   19  107
B 5762 7671   19  118
B 5772 7768   19  128
B 5782 8062   19  137
B 5792 8067   19  145
B 5802 8070   19  154
B 5812 8108   19  163
pull out 166
B 5822 8111 -117  171
B 5832 8110 -117  179
B 5842 7919 -117  186
B 5852 7861 -117  191
B 5862 7889 -117  197
B 5872 7298 -117  201
B 5882 7312 -117  203
B 5892 7331 -117  203
B 5902 7555 -117  203
B 5912 7507 -117  201
B 5922 7527 -117  188
B 5932 7307 -117  173
B 5942 7372 -117  157
B 5952 7228 -117  140
B 5962 7280 -117  122
B 5972 7308 -117  103
B 5982 7560 -117   83
B 5992 7627 -117   60
B 6002 7624 -117   37
B 6012 7669 -117   14
B 6022 7720 -117   -9
push -11 -10
push out at target
B 6032 7724   78  -21
B 6042 7729   78  -35
B 6052 7671   78  -51
B 6062 7625   78  -67
B 6072 7596   78  -82
B 6082 7579   78  -99
B 6092 7621   78 -116
B 6102 7552   78 -131
B 6112 7593   78 -142
B 6122 7520   78 -146
B 6132 7573   22 -145
B 6142 7452    9 -145
B 6152 7621    9 -137
B 6162 7420    9 -123
B 6172 7465    9 -111
B 6182 7488    9  -98
B 6192 8032    9  -85
B 6202 8108    9  -71
B 6212 8113    9  -58
B 6222 8111    9  -46
B 6232 8115    9  -33
pb end 
B 6242 8117   10  -22
B 6252 8113   10  -11
B 6262 8117   10   -2
SSS vs= 0.98  t=  221
%P VOLT1   = 8037
%P VOLT2   = 8241
%P S2_SC   =  0.99
%P L_ANG_MAX = 221
B 6273 8118   68    6
B 6283 8154   68   11
B 6293 8110   68   15
B 6303 8095   68   19
B 6313 8096   68   23
B 6323 7853   68   28
B 6333 7847   68   30
B 6343 7913   68   32
B 6353 7860   68   36
B 6363 7802   68   41
B 6373 7809   68   48
B 6383 7766   68   56
B 6393 7782   60   66
B 6403 7671   47   76
B 6413 7672   33   86
B 6423 7710   19   96
B 6433 7636   19  106
B 6443 7735   19  116
B 6453 7757   19  126
B 6463 7916   19  135
B 6473 8031   19  144
B 6483 8033   19  151
B 6493 8105   19  160
pull out 168
B 6503 8107 -118  168
B 6513 8108 -118  175
B 6523 8108 -118  182
B 6533 8110 -118  188
B 6543 7931 -118  194
B 6553 7848 -118  199
B 6563 7875 -118  203
B 6573 7924 -118  206
B 6583 7366 -118  207
B 6593 7574 -118  207
B 6603 7473 -118  208
B 6613 7623 -118  207
B 6623 7578 -118  198
B 6633 7583 -118  183
B 6643 7313 -118  167
B 6653 7273 -118  150
B 6663 7330 -118  132
B 6673 7371 -118  113
B 6683 7494 -118   93
B 6693 7494 -118   71
B 6703 7665 -118   49
B 6713 7703 -118   25
B 6723 7715 -118    1
push -10 -10
push out at target
B 6733 7729   78  -15
B 6743 7707   78  -26
B 6753 7659   78  -40
B 6763 7670   78  -55
B 6773 7676   78  -69
B 6783 7727   78  -85
B 6793 7378   78  -99
B 6803 7571   78 -114
B 6813 7472   78 -125
B 6823 7612   78 -129
B 6833 7619   22 -129
B 6843 7620    9 -129
B 6853 7473    9 -121
B 6863 7382    9 -109
B 6873 7428    9  -97
B 6883 7985    9  -85
B 6893 8031    9  -73
B 6903 8036    9  -59
B 6913 8110    9  -47
B 6923 8114    9  -34
pb end 
B 6933 8114   10  -22
B 6943 8114   10  -10
B 6953 8117   10    1
B 6963 8118   10    9
SSS vs= 0.99  t=  221
%P VOLT1   = 8037
%P VOLT2   = 8237
%P S2_SC   =  0.99
%P L_ANG_MAX = 221
B 6974 8117   69   17
B 6984 8117   69   22
B 6994 8118   69   26
B 7004 8152   69   28
B 7014 8099   69   30
B 7024 8088   69   31
B 7034 8089   69   35
B 7044 7868   69   35
B 7054 7820   69   35
B 7064 7830   69   38
B 7074 7812   69   43
B 7084 7791   69   49
B 7094 7749   69   57
B 7104 7691   61   66
B 7114 7722   48   75
B 7124 7655   34   85
B 7134 7628   19   95
B 7144 7668   19  105
B 7154 7733   19  115
B 7164 7790   19  124
B 7174 7805   19  133
B 7184 7991   19  142
B 7194 8064   19  149
B 7204 8067   19  156
B 7214 8105   19  164
pull out 169
B 7225 8107    8  171
B 7235 8107    8  178
B 7245 8108    8  183
B 7255 8110    8  190
B 7267 8117    8  196
B 7278 8117    8  200
B 7288 8118    8  203
B 7298 8155    8  207
B 7308 8156    8  209
B 7318 8155    8  210
B 7329 8155    8  211
B 7339 8155    8  211
B 7350 8155    8  211
B 7360 8158    8  211
B 7370 8156    8  211
B 7380 8158    8  211
B 7391 8158    8  211
B 7402 8156    8  211
B 7412 8158    8  211
B 7422 8156    8  211
B 7432 8159    8  210
B 7442 8158    8  209
B 7452 8159    8  207
B 7462 8158    8  206
B 7472 8158    8  205
B 7482 8158    8  203
B 7492 8159    8  202
B 7502 8159    8  201
B 7512 8158    8  199
B 7522 8159    8  197
B 7532 8159    8  195
B 7542 8158    8  194
B 7552 8158 -117  192
B 7562 8158 -117  191
B 7572 7983 -117  189
B 7582 7955 -117  187
B 7592 7982 -117  184
B 7602 7452 -117  182
B 7612 7663 -117  175
B 7622 7672 -117  171
B 7632 7827 -117  164
B 7642 7748 -117  155
B 7652 7664 -117  142
B 7662 7652 -117  126
B 7672 7590 -117  108
B 7682 7653 -117   90
B 7692 7422 -117   71
B 7702 7462 -117   50
B 7712 7481 -117   29
B 7722 7622 -117    7
push -11 -10
push out at target
B 7732 7685   78  -11
B 7742 7662   78  -21
B 7752 7637   78  -34
B 7762 7594   78  -49
B 7772 7580   78  -65
B 7782 7555   78  -79
B 7792 7510   78  -97
B 7802 7550   78 -112
B 7812 7538   78 -127
B 7822 7591   78 -137
B 7832 7530   71 -139
B 7842 7570    6 -139
B 7852 7480    9 -139
B 7862 7648    9 -129
B 7872 7438    9 -117
B 7882 7474    9 -106
B 7892 7493    9  -93
B 7902 8069    9  -81
B 7912 8074    9  -68
B 7922 8076    9  -57
B 7932 8114    9  -45
B 7942 8114    9  -34
pb end 
B 7952 8117   10  -24
B 7962 8117   10  -15
B 7972 8118   10   -8
SSS vs= 0.98  t=  226
%P VOLT1   = 8037
%P VOLT2   = 8237
%P S2_SC   =  0.99
%P L_ANG_MAX = 226
B 7982 8118   69   -2
B 7992 8154   69    3
B 8002 8109   69    7
B 8012 8092   69   10
B 8022 8089   69   13
B 8032 7881   69   19
B 8042 7877   69   21
B 8052 7869   69   24
B 8062 7882   69   28
B 8072 7823   69   34
B 8082 7794   69   42
B 8092 7759   69   50
B 8102 7781   69   59
B 8112 7671   58   69
B 8122 7662   46   79
B 8132 7679   33   90
B 8142 7635   19  100
B 8152 7663   19  111
B 8162 7699   19  121
B 8172 7833   19  132
B 8182 7988   19  142
B 8192 7994   19  150
B 8202 8104   19  159
B 8212 8105   19  168
pull out 173
B 8222 8107 -118  177
B 8232 8108 -118  185
B 8242 8108 -118  191
B 8252 7957 -118  198
B 8262 7855 -118  204
B 8272 7873 -118  209
B 8282 7918 -118  213
B 8292 7315 -118  215
B 8302 7494 -118  215
B 8312 7384 -118  215
B 8322 7529 -118  215
B 8332 7538 -118  203
B 8342 7552 -118  190
B 8352 7285 -118  174
B 8362 7210 -118  157
B 8372 7267 -118  139
B 8382 7369 -118  120
B 8392 7525 -118  100
B 8402 7524 -118   79
B 8412 7662 -118   55
B 8422 7666 -118   32
B 8432 7680 -118    7
push -10 -10
push out at target
B 8442 7734   78  -11
B 8452 7724   78  -22
B 8462 7675   78  -36
B 8472 7682   78  -51
B 8482 7672   78  -65
B 8492 7718   78  -80
B 8502 7337   78  -95
B 8512 7552   78 -110
B 8522 7463   78 -122
B 8532 7591   78 -127
B 8542 7623   31 -127
B 8552 7610    9 -127
B 8562 7515    9 -123
B 8572 7388    9 -111
B 8582 7451    9  -98
B 8592 7871    9  -87
B 8602 7992    9  -74
B 8612 8001    9  -62
B 8622 8108    9  -49
B 8632 8113    9  -37
pb end 
B 8642 8110   10  -25
B 8652 8114   10  -13
B 8662 8115   10   -1
B 8672 8114   10    8
SSS vs= 0.99  t=  226
%P VOLT1   = 8037
%P VOLT2   = 8230
%P S2_SC   =  0.99
%P L_ANG_MAX = 226
B 8683 8115   69   16
B 8693 8115   69   22
B 8703 8117   69   26
B 8713 8115   69   29
B 8723 8102   69   31
B 8733 8088   69   31
B 8743 8052   69   35
B 8753 8018   69   35
B 8763 7984   69   35
B 8773 7817   69   37
B 8783 7829   69   41
B 8793 7804   69   47
B 8803 7756   69   55
B 8813 7688   66   63
B 8823 7713   53   73
B 8833 7637   42   82
B 8843 7608   29   92
B 8853 7648   19  102
B 8863 7677   19  111
B 8873 7702   19  121
B 8883 7724   19  131
B 8893 7950   19  140
B 8903 8064   19  148
B 8913 8066   19  155
B 8923 8069   19  163
B 8933 8105   19  171
pull out 174
B 8943 8107 -118  178
B 8953 8107 -118  183
B 8963 8107 -118  189
B 8973 7938 -118  194
B 8983 7858 -118  198
B 8993 7880 -118  202
B 9003 7927 -118  204
B 9013 7333 -118  205
B 9023 7550 -118  205
B 9033 7460 -118  206
B 9043 7567 -118  205
B 9053 7627 -118  195
B 9063 7627 -118  181
B 9073 7425 -118  165
B 9083 7311 -118  148
B 9093 7368 -118  130
B 9103 7336 -118  111
B 9113 7460 -118   91
B 9123 7461 -118   69
B 9133 7633 -118   47
B 9143 7668 -118   23
B 9153 7676 -118   -1
push -11 -10
push out at target
B 9163 7726   78  -15
B 9173 7705   78  -26
B 9183 7654   78  -41
B 9193 7640   78  -56
B 9203 7679   78  -69
B 9213 7725   78  -85
B 9223 7341   78 -101
B 9233 7536   78 -115
B 9243 7442   78 -126
B 9253 7585   78 -130
B 9263 7627   22 -130
B 9273 7628    9 -130
B 9283 7508    9 -123
B 9293 7416    9 -110
B 9303 7462    9  -97
B 9313 7910    9  -86
B 9323 8028    9  -73
B 9333 8035    9  -61
B 9343 8107    9  -47
B 9353 8108    9  -34
B 9363 8111    9  -22
pb end 
B 9373 8111   10  -10
B 9383 8113   10    0
B 9393 8113   10    9
B 9403 8115   10   15
SSS vs= 0.99  t=  226
%P VOLT1   = 8037
%P VOLT2   = 8234
%P S2_SC   =  0.99
%P L_ANG_MAX = 226
B 9413 8113   69   21
B 9424 8115   69   25
B 9434 8111   69   28
B 9444 8062   69   30
B 9454 8054   69   31
B 9464 8054   69   35
B 9474 7969   69   35
B 9485 7916   69   37
B 9495 7782   69   39
B 9505 7777   69   44
B 9517 7759   69   51
B 9527 7757   69   59
B 9537 7700   59   69
B 9547 7627   48   79
B 9557 7662   36   88
B 9567 7675   22   98
B 9577 7666   19  107
B 9587 7696   19  117
B 9597 7749   19  127
B 9607 7980   19  136
B 9617 7988   19  144
B 9627 8026   19  151
B 9637 8066   19  159
B 9647 8066   19  167
pull out 170
B 9657 8108 -118  174
B 9667 8105 -118  180
B 9677 8104 -118  186
B 9687 8094 -118  191
B 9697 7886 -118  195
B 9707 7859 -118  199
B 9717 7894 -118  202
B 9727 7272 -118  205
B 9737 7304 -118  205
B 9747 7468 -118  205
B 9757 7640 -118  205
B 9767 7556 -118  203
B 9777 7593 -118  191
B 9787 7462 -118  175
B 9797 7517 -118  159
B 9807 7364 -118  142
B 9817 7316 -118  123
B 9827 7350 -118  104
B 9837 7433 -118   83
B 9847 7603 -118   62
B 9857 7598 -118   39
B 9867 7672 -118   15
B 9877 7716 -118   -9
push -11 -10
push out at target
B 9887 7731   78  -25
B 9897 7713   78  -37
B 9907 7672   78  -50
B 9917 7654   78  -64
B 9927 7730   78  -77
B 9937 7668   78  -92
B 9947 7704   78 -106
B 9957 7641   78 -119
B 9967 7619   78 -129
B 9977 7561   71 -130
B 9987 7598    0 -131
B 9997 7571    0 -130
B 10007 7683    9 -121
B 10017 7456    9 -109
B 10027 7449    9  -99
B 10037 7459    9  -86
B 10047 8066    9  -74
B 10057 8105    9  -63
B 10067 8107    9  -53
B 10077 8108    9  -43
B 10087 8111    9  -35
pb end 
B 10097 8113   10  -29
B 10107 8114   10  -22
B 10117 8113   10  -17
B 10127 8113   10  -13
SSS vs= 0.99  t=  226
%P VOLT1   = 8037
%P VOLT2   = 8230
%P S2_SC   =  0.99
%P L_ANG_MAX = 226
B 10137 8114   69   -7
B 10147 8114   69   -4
B 10157 8093   69    0
B 10167 8054   69    5
B 10177 8044   69   11
B 10187 8031   69   14
B 10197 7779   69   18
B 10207 7755   69   23
B 10217 7709   69   28
B 10227 7804   69   35
B 10237 7807   69   41
B 10247 7823   69   49
B 10257 7742   69   58
B 10267 7759   61   67
B 10277 7768   48   77
B 10287 7678   36   88
B 10297 7618   23   99
B 10307 7659   19  109
B 10317 7722   19  119
B 10327 7788   19  129
B 10337 7802   19  140
B 10347 7990   19  148
B 10357 8063   19  156
B 10367 8067   19  165
B 10377 8069   19  174
pull out 175
B 10387 8103 -118  181
B 10397 8104 -118  189
B 10407 8077 -118  195
B 10417 7887 -118  200
B 10427 7855 -118  205
B 10437 7891 -118  210
B 10447 7335 -118  212
B 10458 7361 -118  214
B 10468 7521 -118  214
B 10478 7555 -118  214
B 10488 7501 -118  210
B 10498 7517 -118  197
B 10508 7404 -118  182
B 10518 7460 -118  166
B 10528 7236 -118  148
B 10538 7287 -118  129
B 10548 7315 -118  111
B 10558 7535 -118   90
B 10568 7601 -118   67
B 10578 7600 -118   45
B 10588 7672 -118   21
B 10598 7689 -118   -4
push -10 -10
push out at target
B 10608 7697   78  -16
B 10618 7706   78  -27
B 10628 7662   78  -41
B 10638 7667   78  -55
B 10648 7710   78  -69
B 10658 7647   78  -83
B 10668 7673   78  -97
B 10678 7555   78 -110
B 10688 7600   78 -117
B 10698 7547   47 -119
B 10708 7630    6 -119
B 10718 7654    9 -117
B 10728 7761    9 -106
B 10738 7458    9  -95
B 10748 7482    9  -84
B 10758 7493    9  -72
B 10768 8103    9  -60
B 10778 8072    9  -47
B 10788 8072    9  -37
B 10798 8110    9  -25
B 10808 8108    9  -14
pb end 
B 10818 8110   10   -5
B 10828 8111   10    3
B 10838 8113   10    9
B 10848 8113   10   14
SSS vs= 0.99  t=  226
%P VOLT1   = 8037
%P VOLT2   = 8223
%P S2_SC   =  0.99
%P L_ANG_MAX = 226
B 10858 8113   69   18
B 10868 8113   69   21
B 10879 8077   69   23
B 10889 8049   69   25
B 10899 8045   69   29
B 10909 8029   69   29
B 10919 7741   69   30
B 10929 7773   69   32
B 10939 7726   69   36
B 10949 7773   69   42
B 10959 7768   69   49
B 10969 7774   69   57
B 10979 7686   64   65
B 10989 7641   52   75
B 10999 7660   41   84
B 11009 7593   28   94
B 11019 7612   19  104
B 11029 7645   19  114
B 11039 7740   19  124
B 11049 7905   19  133
B 11059 7913   19  142
B 11069 8026   19  149
B 11079 8064   19  158
B 11089 8066   19  166
pull out 171
B 11099 8066 -118  173
B 11109 8103 -118  180
B 11119 8101 -118  186
B 11129 8034 -118  191
B 11139 7875 -118  196
B 11149 7866 -118  200
B 11159 7905 -118  203
B 11169 7382 -118  206
B 11179 7408 -118  207
B 11189 7543 -118  207
B 11199 7542 -118  207
B 11209 7478 -118  203
B 11219 7565 -118  190
B 11229 7483 -118  175
B 11239 7540 -118  158
B 11249 7282 -118  141
B 11259 7295 -118  123
B 11269 7320 -118  103
B 11279 7505 -118   83
B 11289 7610 -118   61
B 11299 7603 -118   38
B 11309 7676 -118   15
B 11319 7685 -118   -9
push -10 -10
push out at target
B 11329 7688   78  -19
B 11339 7692   78  -31
B 11349 7657   78  -46
B 11359 7667   78  -60
B 11369 7674   78  -73
B 11379 7607   78  -89
B 11389 7632   78 -104
B 11399 7545   78 -117
B 11409 7598   78 -123
B 11419 7555   38 -125
B 11429 7642    6 -125
B 11439 7634    9 -125
B 11449 7735    9 -113
B 11459 7460    9 -103
B 11469 7446    9  -93
B 11479 7455    9  -81
B 11489 8067    9  -70
B 11499 8069    9  -59
B 11509 8072    9  -48
B 11519 8072    9  -38
pb end 
B 11529 8108   10  -27
B 11539 8111   10  -19
B 11549 8110   10  -11
B 11559 8111   10   -5
SSS vs= 0.99  t=  226
%P VOLT1   = 8037
%P VOLT2   = 8223
%P S2_SC   =  0.99
%P L_ANG_MAX = 226
B 11569 8111   69    1
B 11579 8110   69    5
B 11589 8111   69    8
B 11599 8080   69   11
B 11609 8051   69   14
B 11619 8047   69   17
B 11629 8048   69   21
B 11639 7784   69   22
B 11649 7798   69   24
B 11659 7740   69   28
B 11669 7784   69   34
B 11679 7804   69   41
B 11689 7807   69   49
B 11699 7755   69   58
B 11709 7713   61   67
B 11719 7737   48   77
B 11729 7612   36   87
B 11739 7550   23   97
B 11749 7588   19  107
B 11759 7684   19  117
B 11769 7822   19  127
B 11779 7837   19  137
B 11789 7951   19  145
B 11799 8025   19  154
B 11809 8028   19  163
B 11819 8063   19  171
pull out 174
B 11829 8064 -118  178
B 11839 8066 -118  185
B 11849 8020 -118  191
B 11859 7879 -118  197
B 11869 7875 -118  202
B 11879 7911 -118  206
B 11889 7633 -118  209
B 11899 7638 -118  210
B 11909 7492 -118  210
B 11919 7511 -118  210
B 11929 7474 -118  203
B 11939 7538 -118  190
B 11949 7434 -118  175
B 11959 7489 -118  158
B 11969 7225 -118  141
B 11979 7268 -118  123
B 11989 7295 -118  104
B 11999 7512 -118   83
B 12009 7611 -118   61
B 12019 7607 -118   39
B 12029 7680 -118   15
B 12039 7692 -118   -8
push -10 -10
push out at target
B 12049 7694   78  -18
B 12059 7701   78  -31
B 12069 7635   78  -45
B 12079 7639   78  -60
B 12089 7713   78  -73
B 12099 7645   78  -89
B 12109 7667   78 -104
B 12119 7551   78 -117
B 12129 7609   78 -125
B 12139 7568   55 -125
B 12149 7628    9 -126
B 12159 7644    9 -125
B 12170 7745    9 -114
B 12180 7463    9 -102
B 12190 7447    9  -93
B 12200 7456    9  -82
B 12210 8031    9  -71
B 12220 8067    9  -60
B 12230 8070    9  -49
pb end 
B 12240 8072   10  -39
B 12250 8108   10  -29
B 12260 8108   10  -19
B 12270 8110   10  -11
SSS vs= 0.99  t=  226
%P VOLT1   = 8037
%P VOLT2   = 8220
%P S2_SC   =  0.99
%P L_ANG_MAX = 226
B 12280 8110   69   -4
B 12290 8111   69    2
B 12300 8111   69    7
B 12310 8107   69   11
B 12320 8072   69   14
B 12330 8048   69   17
B 12341 8048   69   21
B 12352 7800   69   24
B 12362 7777   69   26
B 12372 7774   69   28
B 12382 7832   69   31
B 12392 7796   69   37
B 12402 7787   69   43
B 12412 7754   69   51
B 12423 7768   69   60
B 12433 7758   58   70
B 12443 7606   46   79
B 12454 7622   34   89
B 12465 7616   21   99
B 12475 7671   19  109
B 12485 7706   19  119
B 12495 7798   19  128
B 12505 7949   19  137
B 12515 7951   19  144
B 12525 8060   19  152
B 12535 8062   19  160
B 12545 8064   19  167
pull out 173
B 12555 8064 -118  174
B 12565 8066 -118  180
B 12575 8067 -118  186
B 12585 8077 -118  191
B 12595 7897 -118  195
B 12605 7879 -118  198
B 12615 7905 -118  201
B 12625 7380 -118  203
B 12635 7413 -118  203
B 12645 7574 -118  203
B 12655 7590 -118  203
B 12665 7521 -118  199
B 12675 7610 -118  187
B 12685 7525 -118  172
B 12695 7568 -118  156
B 12705 7336 -118  139
B 12715 7308 -118  121
B 12725 7337 -118  103
B 12735 7496 -118   83
B 12745 7601 -118   62
B 12755 7593 -118   40
B 12765 7694 -118   17
B 12775 7697 -118   -6
push -10 -10
push out at target
B 12785 7699   78  -17
B 12795 7679   78  -29
B 12805 7656   78  -43
B 12815 7649   78  -57
B 12825 7684   78  -70
B 12835 7610   78  -86
B 12845 7635   78 -100
B 12855 7544   78 -114
B 12865 7624   78 -123
B 12875 7595   63 -125
B 12885 7714    6 -125
B 12895 7684    9 -125
B 12905 7726    9 -117
B 12915 7396    9 -105
B 12925 7470    9  -93
B 12935 7487    9  -83
B 12945 7710    9  -73
B 12955 8033    9  -61
B 12965 8035    9  -50
B 12975 8073    9  -41
B 12985 8072    9  -31
pb end 
B 12995 8073   10  -22
B 13005 8111   10  -13
B 13015 8110   10   -5
B 13025 8110   10    3
SSS vs= 0.99  t=  231
%P VOLT1   = 8037
%P VOLT2   = 8227
%P S2_SC   =  0.99
%P L_ANG_MAX = 231
B 13035 8111   69   10
B 13045 8111   69   15
B 13055 8086   69   20
B 13066 8059   69   27
B 13076 8040   69   30
B 13088 7771   69   33
B 13098 7763   69   35
B 13108 7804   69   38
B 13118 7914   69   39
B 13128 7894   69   43
B 13138 7874   69   47
B 13148 7907   69   54
B 13158 7912   69   61
B 13168 7848   59   69
B 13178 7646   51   77
B 13188 7663   42   85
B 13198 7607   33   93
B 13208 7597   25  101
B 13218 7613   19  108
B 13228 7765   19  115
B 13238 7985   19  123
B 13248 7991   19  129
B 13258 7992   19  135
B 13268 8064   19  140
B 13278 8066   19  144
B 13288 8064   19  150
B 13298 8067   19  154
B 13308 8066   19  159
B 13318 8103   19  163
pull out 166
B 13328 8103 -118  167
B 13338 8101 -118  170
B 13348 7981 -118  172
B 13358 7947 -118  173
B 13368 7957 -118  173
B 13378 7978 -118  174
B 13388 7537 -118  174
B 13398 7558 -118  174
B 13408 7705 -118  173
B 13418 7861 -118  173
B 13428 7816 -118  168
B 13438 7806 -118  155
B 13448 7618 -118  141
B 13458 7643 -118  127
B 13468 7486 -118  111
B 13478 7355 -118   94
B 13488 7362 -118   76
B 13498 7474 -118   58
B 13508 7691 -118   39
B 13518 7694 -118   19
B 13528 7770 -118   -1
push -11 -10
push out at target
B 13538 7777   78  -13
B 13548 7777   78  -21
B 13558 7746   78  -32
B 13568 7741   78  -43
B 13578 7708   78  -57
B 13588 7634   78  -70
B 13598 7468   78  -82
B 13608 7478   78  -97
B 13618 7556   78 -110
B 13628 7740   78 -123
B 13638 7739   78 -134
B 13648 7805   78 -142
B 13658 7841   55 -143
B 13668 7847    0 -143
B 13678 7644    9 -143
B 13688 7412    9 -138
B 13698 7425    9 -128
B 13708 7575    9 -121
B 13718 8002    9 -111
B 13728 8004    9 -101
B 13738 8039    9  -92
B 13748 8074    9  -83
B 13758 8076    9  -75
pb end 
B 13768 8076   10  -67
B 13778 8078   10  -61
B 13788 8078   10  -53
B 13798 8114   10  -47
SSS vs= 0.99  t=  236
%P VOLT1   = 8037
%P VOLT2   = 8230
%P S2_SC   =  0.99
%P L_ANG_MAX = 236
B 13808 8113   69  -40
B 13818 8115   69  -34
B 13828 8114   69  -28
B 13838 8113   69  -22
B 13848 8091   69  -17
B 13858 8065   69  -11
B 13868 8055   69   -5
B 13878 8057   69    0
B 13888 7952   69    5
B 13898 7885   69   12
B 13908 7885   69   17
B 13918 7912   69   21
B 13928 7955   69   27
B 13938 7945   69   34
B 13948 7916   69   42
B 13958 7926   69   51
B 13968 7935   69   59
B 13978 7871   61   69
B 13988 7628   52   78
B 13998 7632   43   86
B 14008 7675   35   94
B 14019 7724   26  103
B 14029 7728   19  111
B 14039 7808   19  119
B 14049 7992   19  126
B 14059 7998   19  133
B 14069 7963   19  140
B 14079 8070   19  145
B 14089 8072   19  151
B 14099 8070   19  157
B 14109 8073   19  163
B 14119 8070   19  167
B 14129 8069   19  171
pull out 175
B 14139 8105 -118  175
B 14149 8104 -118  179
B 14159 8070 -118  182
B 14169 8093 -118  185
B 14179 8015 -118  186
B 14189 8011 -118  186
B 14199 8020 -118  186
B 14209 8029 -118  186
B 14219 7434 -118  186
B 14229 7760 -118  186
B 14239 7766 -118  186
B 14249 7841 -118  186
B 14259 7911 -118  179
B 14269 7904 -118  168
B 14279 7825 -118  155
B 14289 7435 -118  141
B 14299 7442 -118  126
B 14309 7343 -118  111
B 14319 7488 -118   94
B 14329 7491 -118   75
B 14339 7605 -118   57
B 14349 7744 -118   37
B 14359 7747 -118   17
B 14369 7747 -118   -3
push -10 -10
push out at target
B 14379 7749   78  -13
B 14389 7736   78  -22
B 14399 7737   78  -33
B 14409 7781   78  -39
B 14419 7788   78  -50
B 14429 7720   78  -59
B 14439 7755   78  -69
B 14449 7763   78  -77
B 14459 7832   55  -83
B 14469 7940   38  -85
B 14479 7944    6  -85
B 14489 7916    9  -85
B 14499 7500    9  -84
B 14509 7507    9  -75
B 14519 7473    9  -70
B 14529 7971    9  -62
B 14539 7972    9  -54
B 14549 8080    9  -47
B 14559 8080    9  -41
B 14569 8080    9  -34
pb end 
B 14579 8076   10  -28
B 14589 8117   10  -22
B 14599 8114   10  -16
B 14609 8115   10  -10
SSS vs= 0.99  t=  241
%P VOLT1   = 8037
%P VOLT2   = 8234
%P S2_SC   =  0.99
%P L_ANG_MAX = 241
B 14619 8115   69   -3
B 14629 8115   69    2
B 14639 8115   69    7
B 14649 8115   69   12
B 14659 8097   69   15
B 14669 8073   69   19
B 14679 8068   69   22
B 14689 8066   69   27
B 14699 7747   69   28
B 14709 7814   69   29
B 14719 7805   69   31
B 14729 7940   69   33
B 14739 7945   69   37
B 14749 7948   69   42
B 14760 7956   69   49
B 14770 7889   69   56
B 14780 7894   67   63
B 14790 7576   61   70
B 14800 7613   55   76
B 14810 7617   49   83
B 14821 7692   43   90
B 14831 7733   37   96
B 14842 7771   30  103
B 14852 7775   24  110
B 14862 7885   19  116
B 14872 7958   19  121
B 14882 7963   19  127
B 14892 7965   19  131
B 14902 8037   19  136
B 14912 8039   19  140
B 14922 8073   19  144
B 14932 8073   19  148
B 14942 8073   19  151
B 14952 8072   19  155
B 14962 8074   19  157
pull out 159
B 14972 8072 -118  159
B 14982 8072 -118  161
B 14992 8074 -118  163
B 15002 8030 -118  164
B 15012 8007 -118  164
B 15022 8010 -118  164
B 15032 8013 -118  164
B 15042 7523 -118  164
B 15052 7741 -118  164
B 15062 7743 -118  164
B 15072 7854 -118  163
B 15082 7966 -118  158
B 15092 7966 -118  148
B 15102 7894 -118  137
B 15112 7539 -118  125
B 15122 7542 -118  113
B 15132 7398 -118   99
B 15142 7431 -118   83
B 15152 7429 -118   67
B 15162 7572 -118   50
B 15172 7713 -118   31
B 15182 7714 -118   12
B 15192 7717 -118   -6
push -10 -10
push out at target
B 15202 7719   78  -14
B 15212 7720   78  -23
B 15222 7706   78  -34
B 15232 7749   78  -45
B 15242 7754   78  -54
B 15252 7652   78  -65
B 15262 7726   78  -76
B 15272 7727   78  -86
B 15282 7836   71  -94
B 15292 7939   55  -94
B 15302 7941    9  -95
B 15312 7875    9  -95
B 15322 7490    9  -95
B 15332 7502    9  -91
B 15342 7474    9  -82
B 15352 7723    9  -73
B 15362 7724    9  -66
B 15372 8043    9  -57
B 15382 8083    9  -49
pb end 
B 15392 8080   10  -39
B 15402 8081   10  -30
B 15412 8083   10  -21
B 15422 8080   10  -11
SSS vs= 0.99  t=  246
%P VOLT1   = 7978
%P VOLT2   = 8234
%P S2_SC   =  0.99
%P L_ANG_MAX = 246
B 15432 8080   69   -1
B 15442 8118   69    7
B 15452 8117   69   15
B 15462 8117   69   22
B 15472 8083   69   27
B 15482 8071   69   33
B 15492 8066   69   37
B 15502 7747   69   39
B 15512 7751   69   42
B 15522 7823   69   45
B 15532 7933   69   47
B 15542 7935   69   47
B 15552 7973   69   49
B 15562 7976   69   52
B 15572 7968   69   57
B 15582 7962   67   63
B 15592 7676   60   71
B 15602 7675   54   79
B 15612 7610   47   87
B 15622 7614   41   95
B 15632 7622   35  101
B 15642 7592   29  108
B 15652 7810   24  115
B 15662 7815   19  121
B 15672 7961   19  127
B 15682 8001   19  133
B 15692 8002   19  139
B 15702 8002   19  143
B 15712 8074   19  147
B 15722 8074   19  151
B 15732 8074   19  155
B 15742 8076   19  159
B 15752 8074   19  161
B 15762 8076   19  164
pull out 166
B 15772 8074 -118  166
B 15782 8074 -118  167
B 15792 8077 -118  169
B 15802 8076 -118  170
B 15812 8032 -118  170
B 15822 8013 -118  170
B 15832 8017 -118  170
B 15842 8021 -118  170
B 15852 7600 -118  170
B 15862 7747 -118  170
B 15872 7750 -118  170
B 15882 7861 -118  167
B 15892 7967 -118  159
B 15902 7970 -118  151
B 15912 7902 -118  139
B 15922 7583 -118  127
B 15932 7583 -118  114
B 15942 7406 -118   99
B 15952 7477 -118   84
B 15962 7477 -118   68
B 15972 7550 -118   51
B 15982 7728 -118   33
B 15992 7727 -118   15
B 16002 7728 -118   -3
push -10 -10
push out at target
B 16012 7728   79  -12
B 16022 7723   79  -21
B 16032 7710   79  -32
B 16042 7714   79  -42
B 16052 7722   79  -51
B 16062 7617   79  -63
B 16072 7692   79  -74
B 16082 7695   79  -85
B 16092 7839   79  -93
B 16102 7946   55  -97
B 16112 7941   22  -97
B 16122 7842    9  -97
B 16132 7490    9  -97
B 16142 7502    9  -90
B 16152 7471    9  -81
B 16162 7725    9  -75
B 16172 7725    9  -66
B 16182 8045    9  -57
B 16192 8080    9  -49
B 16202 8081    9  -41
pb end 
B 16212 8081   10  -32
B 16222 8081   10  -23
B 16232 8083   10  -15
B 16242 8081   10   -7
B 16252 8118   10    1
SSS vs= 0.99  t=  251
%P VOLT1   = 8037
%P VOLT2   = 8241
%P S2_SC   =  0.99
%P L_ANG_MAX = 251
B 16262 8118   68    7
B 16272 8117   68   14
B 16282 8096   68   19
B 16292 8083   68   23
B 16302 8080   68   27
B 16312 7761   68   29
B 16322 7761   68   31
B 16332 7833   68   33
B 16342 7941   68   36
B 16352 7940   68   37
B 16362 7967   68   39
B 16372 7962   68   44
B 16382 7960   68   51
B 16392 7963   68   58
B 16402 7686   65   65
B 16412 7687   59   72
B 16422 7618   54   79
B 16432 7658   48   87
B 16442 7662   44   93
B 16452 7665   39  100
B 16462 7810   33  107
B 16472 7812   29  113
B 16482 7886   24  119
B 16492 7924   19  125
B 16502 7927   19  130
B 16512 7965   19  135
B 16522 8004   19  140
B 16532 8005   19  144
B 16542 8040   19  148
B 16552 8077   19  152
B 16562 8077   19  155
B 16572 8077   19  158
B 16582 8077   19  161
B 16592 8077   19  163
B 16602 8077   19  164
pull out 165
B 16612 8076 -118  166
B 16622 8074 -118  167
B 16632 8073 -118  167
B 16642 8032 -118  168
B 16652 8020 -118  168
B 16662 8022 -118  168
B 16672 7496 -118  168
B 16682 7501 -118  167
B 16692 7646 -118  167
B 16702 7864 -118  167
B 16712 7865 -118  164
B 16722 7936 -118  156
B 16732 7903 -118  147
B 16742 7903 -118  135
B 16752 7763 -118  123
B 16762 7409 -118  109
B 16772 7408 -118   95
B 16782 7406 -118   79
B 16792 7584 -118   62
B 16802 7583 -118   45
B 16812 7655 -118   27
B 16822 7726 -118    8
B 16832 7728 -118   -5
push -10 -10
push out at target
B 16842 7728   78  -13
B 16852 7730   78  -23
B 16862 7727   78  -33
B 16872 7716   78  -45
B 16882 7574   78  -57
B 16892 7580   78  -67
B 16902 7445   78  -80
B 16912 7624   78  -92
B 16922 7627   78 -105
B 16932 7769   78 -115
B 16942 7913   71 -121
B 16952 7913   38 -124
B 16962 7878   14 -124
B 16972 7524    9 -124
B 16982 7533    9 -124
B 16992 7434    9 -117
B 17002 7548    9 -109
B 17012 7548    9 -103
B 17022 7975    9  -95
B 17032 8047    9  -87
B 17042 8047    9  -79
B 17052 8049    9  -73
B 17062 8081    9  -65
pb end 
B 17072 8083   10  -58
B 17082 8083   10  -51
B 17092 8083   10  -45
SSS vs= 0.99  t=  256
%P VOLT1   = 7978
%P VOLT2   = 8241
%P S2_SC   =  0.99
%P L_ANG_MAX = 256
B 17102 8084   69  -37
B 17112 8084   69  -31
B 17122 8110   69  -25
B 17132 8089   69  -18
B 17142 8082   69  -13
B 17152 8083   69   -6
B 17162 8082   69    0
B 17172 7763   69    6
B 17182 7906   69   11
B 17192 7908   69   19
B 17202 7944   69   24
B 17212 7982   69   30
B 17222 7981   69   35
B 17232 8018   69   43
B 17242 7946   69   51
B 17252 7939   69   59
B 17262 7755   64   67
B 17272 7613   58   76
B 17282 7613   52   84
B 17292 7584   47   92
B 17302 7765   41  101
B 17312 7769   35  109
B 17322 7809   29  117
B 17332 7849   24  124
B 17342 7854   19  131
B 17352 7928   19  139
B 17362 7969   19  145
B 17372 7969   19  151
B 17382 8042   19  157
B 17392 8076   19  162
B 17402 8077   19  167
B 17412 8076   19  171
B 17422 8077   19  176
B 17432 8076   19  181
B 17442 8077   19  183
pull out 187
B 17452 8077 -118  187
B 17462 8077 -118  189
B 17472 8076 -118  190
B 17482 8066 -118  191
B 17492 8027 -118  191
B 17502 8025 -118  191
B 17512 8028 -118  191
B 17522 8035 -118  191
B 17532 7542 -118  191
B 17542 7829 -118  191
B 17552 7829 -118  191
B 17562 7906 -118  185
B 17572 7941 -118  177
B 17582 7943 -118  166
B 17592 7872 -118  153
B 17602 7518 -118  140
B 17612 7518 -118  126
B 17622 7414 -118  111
B 17632 7519 -118   95
B 17642 7520 -118   79
B 17652 7627 -118   61
B 17662 7730 -118   42
B 17672 7734 -118   23
B 17682 7769 -118    3
B 17692 7737 -118   -8
push -11 -10
push out at target
B 17702 7738   79  -17
B 17712 7737   79  -26
B 17722 7754   79  -37
B 17732 7760   79  -47
B 17742 7693   79  -57
B 17752 7520   79  -69
B 17762 7523   79  -79
B 17772 7704   79  -89
B 17782 7883   72  -98
B 17792 7887   63 -102
B 17802 7924   22 -103
B 17812 7682    0 -103
B 17822 7683    9 -103
B 17832 7514    9 -103
B 17842 7978    9  -99
B 17852 7977    9  -93
B 17862 7978    9  -87
B 17872 8084    9  -82
B 17882 8083    9  -77
B 17892 8086    9  -73
B 17902 8084    9  -68
pb end 
B 17912 8084   10  -63
B 17922 8084   10  -59
B 17932 8083   10  -55
B 17942 8084   10  -51
SSS vs= 0.99  t=  261
%P VOLT1   = 8037
%P VOLT2   = 8244
%P S2_SC   =  0.99
%P L_ANG_MAX = 261
B 17952 8118   68  -47
B 17962 8119   68  -44
B 17972 8118   68  -39
B 17982 8084   68  -36
B 17992 8094   68  -32
B 18002 8083   68  -28
B 18012 8082   68  -24
B 18022 7690   68  -19
B 18032 7692   68  -15
B 18042 7837   68  -10
B 18052 7947   68   -3
B 18062 7946   68    3
B 18072 7947   68    9
B 18082 7982   68   16
B 18092 7984   68   25
B 18102 7984   68   34
B 18112 7772   68   43
B 18122 7774   68   51
B 18132 7701   68   59
B 18142 7631   64   67
B 18152 7627   59   75
B 18162 7730   53   84
B 18172 7802   48   93
B 18182 7804   41  102
B 18192 7806   35  111
B 18202 7843   30  119
B 18212 7850   24  128
B 18222 7816   19  136
B 18232 7927   19  143
B 18242 7930   19  151
B 18252 8005   19  158
B 18262 8040   19  164
B 18272 8042   19  170
B 18282 8078   19  175
B 18292 8077   19  181
B 18302 8077   19  186
B 18312 8078   19  190
B 18322 8078   19  194
pull out 197
B 18332 8078 -118  197
B 18342 8078 -118  199
B 18352 8039 -118  201
B 18362 8031 -118  201
B 18372 8034 -118  201
B 18382 7436 -118  201
B 18392 7438 -118  201
B 18402 7619 -118  201
B 18412 7836 -118  201
B 18422 7837 -118  201
B 18432 7910 -118  196
B 18442 7875 -118  186
B 18452 7872 -118  175
B 18462 7734 -118  163
B 18472 7377 -118  149
B 18482 7379 -118  135
B 18492 7378 -118  119
B 18502 7594 -118  103
B 18512 7594 -118   87
B 18522 7665 -118   68
B 18532 7737 -118   49
B 18542 7736 -118   30
B 18552 7738 -118   10
B 18562 7741 -118   -7
push -10 -10
push out at target
B 18572 7741   78  -16
B 18582 7741   78  -25
B 18592 7778   78  -36
B 18602 7761   78  -47
B 18612 7761   78  -58
B 18622 7518   78  -70
B 18632 7520   78  -83
B 18642 7453   78  -93
B 18652 7775   71 -105
B 18662 7778   78 -114
B 18672 7887   63 -120
B 18682 7853   38 -122
B 18692 7854    6 -122
B 18702 7715    9 -122
B 18712 7616    9 -122
B 18722 7616    9 -114
B 18732 7799    9 -110
B 18742 8047    9 -103
B 18752 8047    9  -97
B 18762 8049    9  -91
B 18772 8083    9  -86
B 18782 8084    9  -81
pb end 
B 18792 8086   10  -77
B 18802 8117   10  -73
B 18812 8119   10  -69
B 18822 8086   10  -66
B 18832 8084   10  -62
SSS vs= 0.99  t=  266
%P VOLT1   = 7978
%P VOLT2   = 8248
%P S2_SC   =  0.99
%P L_ANG_MAX = 266
B 18842 8084   69  -59
B 18852 8086   69  -57
B 18862 8084   69  -53
B 18872 8066   69  -50
B 18882 8052   69  -47
B 18892 8050   69  -44
B 18902 8048   69  -41
B 18912 7693   69  -37
B 18922 7872   69  -31
B 18932 7875   69  -27
B 18942 7910   69  -21
B 18952 7984   69  -13
B 18962 7982   69   -5
B 18972 7981   69    6
B 18982 7731   69   17
B 18992 7728   69   27
B 19002 7625   69   38
B 19012 7696   69   47
B 19022 7696   69   57
B 19032 7769   65   67
B 19043 7840   59   77
B 19054 7837   53   87
B 19064 7808   46   98
B 19074 7778   40  107
B 19084 7781   34  116
B 19094 7745   29  126
B 19104 7889   23  135
B 19114 7892   19  143
B 19124 7930   19  151
B 19134 7967   19  160
B 19144 7969   19  167
B 19154 8008   19  175
B 19164 8043   19  182
B 19174 8043   19  187
B 19184 8078   19  194
B 19194 8078   19  199
B 19204 8078   19  203
B 19214 8078   19  207
pull out 207
B 19224 8080 -118  211
B 19234 8078 -118  214
B 19244 8077 -118  217
B 19254 8038 -118  218
B 19264 8031 -118  218
B 19274 8035 -118  218
B 19284 7435 -118  218
B 19294 7438 -118  218
B 19304 7619 -118  218
B 19314 7833 -118  218
B 19324 7835 -118  218
B 19334 7910 -118  211
B 19344 7873 -118  201
B 19354 7875 -118  189
B 19364 7699 -118  175
B 19374 7415 -118  161
B 19384 7415 -118  146
B 19394 7381 -118  131
B 19404 7592 -118  114
B 19414 7594 -118   96
B 19424 7668 -118   78
B 19434 7738 -118   59
B 19444 7740 -118   39
B 19454 7740 -118   19
B 19464 7740 -118   -1
push -10 -10
push out at target
B 19474 7741   79  -12
B 19484 7740   79  -21
B 19494 7774   79  -31
B 19504 7757   79  -43
B 19514 7794   79  -53
B 19524 7588   79  -66
B 19534 7594   79  -78
B 19544 7455   79  -87
B 19555 7815   63  -99
B 19565 7812   79 -109
B 19575 7889   72 -114
B 19585 7886   31 -115
B 19595 7887    0 -115
B 19605 7742    9 -115
B 19615 7471    9 -110
B 19625 7475    9 -100
B 19635 7478    9  -93
B 19645 8013    9  -83
B 19655 8013    9  -74
B 19665 8050    9  -65
B 19675 8051    9  -57
B 19685 8050    9  -50
pb end 
B 19695 8084   10  -43
B 19705 8088   10  -35
B 19715 8084   10  -29
B 19725 8084   10  -21
SSS vs= 0.99  t=  271
%P VOLT1   = 7978
%P VOLT2   = 8248
%P S2_SC   =  0.99
%P L_ANG_MAX = 271
B 19735 8086   69  -14
B 19745 8086   69   -7
B 19755 8121   69   -1
B 19765 8087   69    5
B 19775 8062   69   11
B 19785 8053   69   16
B 19795 8087   69   20
B 19805 8086   69   24
B 19815 7768   69   30
B 19825 7910   69   33
B 19835 7908   69   35
B 19845 7941   69   38
B 19855 7978   69   41
B 19865 7978   69   46
B 19875 7977   69   52
B 19885 7908   69   59
B 19895 7909   66   66
B 19905 7805   62   73
B 19915 7629   58   80
B 19925 7629   54   87
B 19935 7632   49   94
B 19945 7703   45  101
B 19955 7709   42  107
B 19965 7747   37  115
B 19975 7819   34  121
B 19985 7822   30  127
B 19995 7895   27  133
B 20005 7930   23  139
B 20015 7933   19  145
B 20025 7967   19  150
B 20035 8005   19  155
B 20045 8006   19  160
B 20055 8043   19  164
B 20065 8043   19  168
B 20075 8043   19  171
B 20085 8078   19  174
B 20095 8078   19  176
B 20105 8078   19  178
B 20115 8080   19  179
B 20125 8080   19  181
pull out 181
B 20135 8078 -118  181
B 20145 8076 -118  182
B 20155 8039 -118  182
B 20165 8034 -118  182
B 20175 8038 -118  182
B 20185 7509 -118  181
B 20195 7512 -118  181
B 20205 7656 -118  181
B 20215 7872 -118  178
B 20225 7875 -118  171
B 20235 7912 -118  163
B 20245 7912 -118  152
B 20255 7912 -118  139
B 20265 7769 -118  127
B 20275 7452 -118  113
B 20285 7450 -118   98
B 20295 7418 -118   83
B 20305 7597 -118   67
B 20315 7598 -118   49
B 20325 7668 -118   32
B 20335 7741 -118   14
B 20345 7741 -118   -3
push -10 -10
push out at target
B 20355 7742   79  -10
B 20365 7704   79  -19
B 20375 7706   79  -30
B 20385 7723   79  -41
B 20395 7655   79  -51
B 20405 7659   79  -63
B 20415 7559   79  -75
B 20425 7632   79  -84
B 20435 7636   63  -95
B 20445 7778   79 -105
B 20455 7923   72 -110
B 20465 7920   31 -111
B 20475 7882    0 -111
B 20485 7532    9 -111
B 20495 7541    9 -109
B 20505 7512    9  -99
B 20515 7551    9  -91
B 20525 7552    9  -82
B 20535 8015    9  -73
B 20545 8047    9  -65
B 20555 8049    9  -57
B 20565 8050    9  -50
pb end 
B 20575 8086   10  -43
B 20585 8086   10  -37
B 20595 8086   10  -30
B 20605 8084   10  -24
SSS vs= 0.99  t=  276
%P VOLT1   = 7978
%P VOLT2   = 8248
%P S2_SC   =  0.99
%P L_ANG_MAX = 276
B 20615 8086   69  -17
B 20625 8086   69  -11
B 20635 8073   69   -4
B 20645 8060   69    2
B 20655 8053   69    8
B 20665 8055   69   14
B 20675 8053   69   19
B 20685 7772   69   24
B 20695 7913   69   30
B 20705 7913   69   34
B 20715 7946   69   37
B 20725 7980   69   42
B 20735 7977   69   49
B 20745 7977   69   56
B 20755 7908   67   64
B 20765 7910   63   71
B 20775 7734   59   79
B 20785 7631   54   87
B 20795 7633   51   94
B 20805 7633   47  101
B 20815 7781   43  107
B 20825 7781   39  115
B 20835 7818   36  121
B 20845 7853   32  128
B 20855 7856   28  135
B 20865 7895   24  141
B 20875 7933   21  147
B 20885 7936   19  153
B 20895 8005   19  158
B 20905 8040   19  163
B 20915 8043   19  168
B 20925 8043   19  172
B 20935 8045   19  175
B 20945 8043   19  179
B 20955 8080   19  182
B 20965 8080   19  184
B 20975 8080   19  186
B 20985 8080   19  187
pull out 187
B 20995 8080 -118  187
B 21005 8078 -118  188
B 21015 8046 -118  188
B 21025 8038 -118  188
B 21035 8038 -118  188
B 21045 8042 -118  188
B 21055 7549 -118  187
B 21065 7551 -118  187
B 21075 7731 -118  186
B 21085 7912 -118  179
B 21095 7912 -118  172
B 21105 7949 -118  161
B 21115 7842 -118  149
B 21125 7842 -118  137
B 21135 7703 -118  123
B 21145 7418 -118  108
B 21155 7418 -118   93
B 21165 7526 -118   78
B 21175 7635 -118   60
B 21185 7635 -118   43
B 21195 7707 -118   26
B 21205 7741 -118    6
B 21215 7742 -118   -5
push -10 -10
push out at target
B 21225 7742   79  -14
B 21235 7707   79  -23
B 21245 7697   79  -34
B 21255 7726   79  -45
B 21265 7625   79  -55
B 21275 7629   79  -67
B 21285 7526   79  -76
B 21295 7707   79  -86
B 21305 7714   72  -97
B 21315 7818   79 -104
B 21325 7961   47 -107
B 21335 7960   14 -107
B 21345 7857    9 -107
B 21355 7510    9 -107
B 21365 7514    9 -101
B 21375 7478    9  -96
B 21385 7836    9  -88
B 21395 7836    9  -81
B 21405 8050    9  -73
B 21415 8050    9  -66
B 21425 8050    9  -61
pb end 
B 21435 8086   10  -54
B 21445 8087   10  -49
B 21455 8084   10  -43
B 21465 8087   10  -38
** 21485

2_n_28_3 test-1 volt=0.82 ang= 209.0 rpm= 390 349.5 384.1 398.2  0
2_n_28_3 test-2 volt=8.20 ang= 201.0 rpm= 387 343.2 373.1 387.3 0
2_n_28_3 test-3 volt=8.17 ang= 186.0 rpm= 368 326.6 355.7 368.4 0
2_n_28_3 test-4 volt=8.17 ang= 200.0 rpm= 384 341.5 371.1 390.2 0
2_n_28_3 test-5 volt=8.12 ang= 196.0 rpm= 377 335.2 367.9 387.5 0
2_n_28_3 test-6 volt=8.16 ang= 208.0 rpm= 385 346.4 377.0 392.0 0
2_n_28_3 test-7 volt=8.12 ang= 201.0 rpm= 385 344.9 375.8 400.0 0
2_n_28_3 test-8 volt=8.12 ang= 197.0 rpm= 377 334.5 367.9 378.6 0
2_n_28_3 test-9 volt=8.11 ang= 203.0 rpm= 384 339.6 372.8 383.3 0
2_n_28_3 test-10 volt=8.12 ang= 208.0 rpm= 388 346.6 377.4 395.2 0
2_n_28_3 test-11 volt=8.11 ang= 211.0 rpm= 350 296.9 339.4 356.8 0
2_n_28_3 test-12 volt=8.12 ang= 215.0 rpm= 395 354.3 386.6 398.9 0
2_n_28_3 test-13 volt=8.11 ang= 206.0 rpm= 386 344.9 375.8 393.6 0
2_n_28_3 test-14 volt=8.11 ang= 205.0 rpm= 389 343.8 373.3 393.9 0
2_n_28_3 test-15 volt=8.11 ang= 214.0 rpm= 392 351.8 383.0 395.9 0
2_n_28_3 test-16 volt=8.11 ang= 207.0 rpm= 383 341.3 369.6 385.1 0
2_n_28_3 test-17 volt=8.11 ang= 210.0 rpm= 381 340.8 372.5 385.7 0
2_n_28_3 test-18 volt=8.07 ang= 203.0 rpm= 372 330.9 361.1 377.6 0
2_n_28_3 test-19 volt=8.07 ang= 174.0 rpm= 325 283.0 312.3 327.2 0
2_n_28_3 test-20 volt=8.08 ang= 186.0 rpm= 331 286.2 318.9 333.3 0
2_n_28_3 test-21 volt=8.08 ang= 164.0 rpm= 308 237.8 289.4 311.8 0
2_n_28_3 test-22 volt=8.08 ang= 170.0 rpm= 299 240.3 280.7 298.4 0
2_n_28_3 test-23 volt=8.08 ang= 168.0 rpm= 300 240.5 285.6 302.1 0
2_n_28_3 test-24 volt=8.08 ang= 191.0 rpm= 320 272.1 302.3 321.3 0
2_n_28_3 test-25 volt=8.08 ang= 201.0 rpm= 326 284.6 311.7 323.9 0
2_n_28_3 test-26 volt=8.09 ang= 218.0 rpm= 332 298.2 321.0 333.3 0
2_n_28_3 test-27 volt=8.08 ang= 182.0 rpm= 295 250.9 279.4 292.0 0
2_n_28_3 test-28 volt=8.09 ang= 188.0 rpm= 298 257.3 284.8 299.3 -1