  0 794   70    0
 11 7948   70    0
 21 7948   70    0
 32 7812   70    0
 42 7798   70    0
 52 7809   70    0
 62 7794   70    0
 72 7373   70    1
 82 7507   70    7
 92 7473   70   15
102 7504   70   25
112 7343   70   34
123 7371   70   45
133 7251   70   55
143 7329   64   65
154 7335   44   76
165 7369   24   89
175 7500   20  101
186 7536   20  113
196 7571   20  125
206 7660   20  134
216 7773   20  143
227 7776 -120  154
237 7845 -120  164
248 7610 -120  173
259 7589 -120  182
269 7676 -120  189
279 7686 -120  194
291 7203 -120  197
301 7072 -120  197
312 7148 -120  197
322 7157 -120  186
332 7170 -120  173
342 7052 -120  157
353 6887 -120  139
363 6951 -120  120
373 6987 -120  100
383 7248 -120   80
394 7246 -120   57
404 7356 -120   33
415 7438 -120    8
426 7459   80  -16
437 7432   80  -27
447 7345   80  -40
458 7388   80  -52
469 7451   80  -65
479 7255   80  -78
490 7106   80  -90
501 7344   80  -98
511 7252   50 -100
521 7285    6 -100
531 7316   10  -99
541 7445   10  -88
551 7293   10  -78
561 7462   10  -66
571 7476   10  -52
581 7805   10  -40
591 7847   10  -26
601 7850   10  -14
611 7852   10   -2
621 7854   10    9
99999 0 0 0 
  0 794   70    2
 11 7945   70    2
 22 7883   70    2
 32 7796   70    2
 42 7801   70    2
 53 7827   70    2
 64 7848   70    2
 74 7491   70    2
 84 7523   70   10
 94 7467   70   19
104 7316   70   29
114 7235   70   38
125 7268   70   48
136 7294   70   59
146 7336   54   70
157 7434   35   82
167 7462   20   94
177 7515   20  105
187 7520   20  117
197 7541   20  126
207 7730   20  136
218 7843   20  147
229 7849 -120  158
239 7849 -120  167
249 7850 -120  176
260 7666 -120  184
271 7575 -120  192
282 7614 -120  198
292 7208 -120  202
302 7217 -120  206
312 7231 -120  206
322 7224 -120  206
332 7170 -120  202
342 7085 -120  190
352 6901 -120  176
362 6971 -120  160
372 6839 -120  142
382 6999 -120  125
392 7028 -120  104
402 7315 -120   85
412 7386 -120   62
422 7387 -120   40
432 7437 -120   14
442 7459 -120   -9
453 7468   80  -22
463 7459   80  -34
474 7366   80  -50
484 7363   80  -66
495 7422   80  -80
505 7336   80  -95
515 7360   80 -110
525 7245   80 -123
535 7270   80 -130
545 7212   48 -130
555 7260   10 -130
566 7247   10 -126
577 6994   10 -111
588 7104   10  -96
598 7122   10  -83
608 7571   10  -69
618 7586   10  -54
629 7805   10  -39
639 7845   10  -24
99999 0 0 0 
  0 794   70    0
 10 7943   70    0
 20 7847   70    0
 30 7791   70    0
 40 7805   70    0
 50 7826   70    0
 60 7366   70    0
 70 7541   70    2
 81 7491   70   10
 91 7470   70   20
101 7243   70   29
111 7268   70   38
121 7231   70   47
131 7328   70   57
141 7332   58   67
151 7358   36   77
161 7427   20   88
171 7466   20  100
181 7469   20  112
191 7520   20  123
201 7541   20  134
211 7694 -120  143
221 7842 -120  153
231 7840 -120  163
241 7615 -120  172
251 7589 -120  181
261 7631 -120  189
271 7677 -120  194
281 7193 -120  198
291 7066 -120  199
301 7124 -120  198
311 7194 -120  196
321 7185 -120  182
331 7048 -120  167
341 6802 -120  151
351 6877 -120  134
361 6930 -120  116
371 7203 -120   96
381 7208 -120   75
391 7314 -120   54
401 7420 -120   30
411 7432 -120    6
421 7455   80  -14
431 7452   80  -26
441 7407   80  -38
451 7360   80  -54
461 7352   80  -68
471 7407   80  -83
481 7353   80  -99
491 7173   80 -115
501 7097   80 -128
511 7201   80 -136
521 7329   56 -138
531 7305    6 -138
541 7297   10 -135
551 7058   10 -122
561 7132   10 -108
571 7096   10  -95
581 7790   10  -81
591 7798   10  -66
601 7804   10  -52
611 7845   10  -38
621 7846   10  -24
99999 0 0 0 
631 7849   10  -10
641 7850   10    0
651 7852   10    9
661 7853   10   16
671 7854   71   21
681 7854   71   24
691 7856   71   27
701 7839   71   29
711 7797   71   33
721 7823   71   34
731 7785   71   34
741 7726   71   36
751 7442   71   39
761 7469   71   43
771 7447   71   50
781 7448   71   57
791 7356   61   66
801 7391   43   75
811 7418   23   84
821 7379   20   94
831 7426   20  103
841 7420   20  112
851 7717   20  120
861 7724   20  127
871 7799   20  135
881 7838   20  142
891 7839   20  149
901 7840   20  155
911 7842 -122  161
921 7677 -122  166
931 7575 -122  170
941 7598 -122  174
951 7654 -122  178
961 7064 -122  179
971 7337 -122  180
981 7230 -122  179
991 7258 -122  179
1001 7240 -122  170
1011 7236 -122  157
1021 7145 -122  141
1031 6903 -122  125
1041 6966 -122  107
1051 7012 -122   89
1061 7241 -122   69
1071 7242 -122   48
1081 7309 -122   26
1091 7390 -122    2
1101 7397   81  -16
1111 7428   81  -26
1121 7351   81  -37
1131 7366   81  -49
1141 7423   81  -59
1151 6945   81  -72
1161 6975   81  -83
1171 7197   81  -94
1181 7329   81  -99
1191 7257   32  -99
1201 7297   10  -99
1211 7230   10  -94
1221 7340   10  -81
1231 7146   10  -70
1241 7740   10  -56
1251 7752   10  -43
1261 7797   10  -29
1271 7802   10  -14
1281 7807   10   -1
99999 0 0 0 
1291 7845   10   12
1301 7845   10   22
1311 7846   10   31
1321 7847   10   37
1332 7850   71   42
1342 7852   71   45
1352 7852   71   46
1362 7852   71   47
1372 7798   71   47
1382 7776   71   50
1392 7764   71   50
1402 7716   71   50
1412 7597   71   50
1422 7470   71   51
1432 7427   71   55
1442 7444   67   62
1452 7338   53   70
1462 7390   35   78
1472 7398   20   87
1482 7371   20   97
1492 7413   20  106
1502 7411   20  114
1512 7711   20  122
1522 7718   20  129
1532 7724   20  136
1542 7797   20  142
1552 7799   20  149
1562 7836 -122  154
1572 7838 -122  161
1582 7820 -122  166
1592 7601 -122  169
1602 7580 -122  173
1612 7625 -122  175
1622 7681 -122  178
1632 7185 -122  178
1642 7151 -122  178
1652 7213 -122  178
1662 7321 -122  177
1672 7279 -122  164
1682 7289 -122  150
1692 7027 -122  134
1702 7106 -122  116
1712 6987 -122   99
1722 7092 -122   78
1732 7102 -122   59
1742 7204 -122   37
1752 7379 -122   14
1762 7386 -122   -8
1772 7428   81  -20
1782 7404   81  -32
1792 7338   81  -46
1802 7277   81  -62
1812 7283   81  -77
1822 7346   81  -92
1832 7266   81 -108
1842 7077   81 -124
1852 6994   81 -138
1862 7143   81 -144
1872 7257   40 -145
1882 7234    0 -145
1892 7310   10 -140
1902 7031   10 -127
1912 7094   10 -115
1922 7126   10 -102
1932 7745   10  -88
1942 7754   10  -75
1952 7797   10  -62
1962 7799   10  -50
1972 7802   10  -37
1982 7805   10  -26
99999 0 0 0 
1992 7842   10  -15
2002 7843   10   -7
2012 7843   10   -1
2022 7846   10    4
2032 7847   71    9
2042 7847   71   12
2052 7824   71   15
2062 7783   71   19
2072 7779   71   22
2082 7758   71   23
2094 7524   71   26
2105 7462   71   30
2115 7472   71   36
2125 7452   71   43
2135 7454   71   51
2145 7366   71   60
2155 7363   53   70
2165 7391   35   80
2175 7301   20   90
2185 7350   20  100
2195 7390   20  110
2205 7451   20  120
2215 7604   20  128
2225 7609   20  137
2235 7793   20  146
2245 7795   20  154
2255 7797   20  162
2265 7799 -122  170
2275 7799 -122  175
2285 7769 -122  182
2295 7594 -122  186
2305 7580 -122  191
2315 7628 -122  195
2325 7041 -122  197
2335 7072 -122  198
2345 6972 -122  198
2355 7179 -122  198
2365 7246 -122  191
2375 7242 -122  178
2385 7108 -122  162
2395 7002 -122  146
2405 7065 -122  128
2415 7036 -122  110
2425 7126 -122   90
2435 7129 -122   68
2445 7307 -122   46
2455 7349 -122   22
2465 7362 -122   -1
2475 7449   81  -18
2485 7432   81  -29
2495 7370   81  -42
2505 7362   81  -58
2515 7376   81  -72
2525 7434   81  -87
2535 7240   81 -104
2545 7048   81 -119
2555 6957   81 -132
2565 7213   81 -139
2575 7275   48 -139
2585 7256   10 -139
2595 7120   10 -134
2605 6963   10 -120
2615 7072   10 -106
2625 7061   10  -92
2635 7552   10  -76
2645 7567   10  -62
2655 7790   10  -46
2665 7793   10  -30
99999 0 0 0 
2675 7798   10  -15
2685 7798   10   -1
2695 7802   10   11
2705 7802   10   21
2715 7840   71   29
2725 7842   71   34
2735 7834   71   37
2745 7794   71   39
2755 7786   71   42
2765 7786   71   45
2775 7514   71   46
2785 7564   71   46
2795 7511   71   49
2805 7483   71   53
2815 7482   71   59
2825 7471   57   68
2835 7378   39   76
2845 7404   20   86
2855 7471   20   96
2865 7354   20  106
2875 7358   20  115
2885 7380   20  124
2895 7639   20  131
2905 7787   20  138
2915 7790   20  146
2925 7793   20  154
2935 7795 -122  160
2945 7797 -122  166
2955 7797 -122  173
2965 7832 -122  178
2975 7634 -122  182
2985 7572 -122  185
2995 7604 -122  188
3005 7658 -122  190
3015 7029 -122  190
3025 7239 -122  190
3035 7143 -122  190
3045 7278 -122  190
3055 7289 -122  180
3065 7283 -122  166
3075 7156 -122  150
3085 7048 -122  132
3095 7113 -122  114
3105 7047 -122   95
3115 7135 -122   75
3125 7136 -122   54
3135 7308 -122   31
3145 7385 -122    7
3155 7397   81  -14
3165 7434   81  -25
3175 7296   81  -37
3185 7319   81  -48
3195 7412   81  -59
3205 7430   81  -71
3215 7458   81  -83
3225 7214   81  -93
3235 7241   74  -98
3245 7182   32  -98
3255 7270   10  -98
3265 7361   10  -92
3275 7453   10  -79
3285 7111   10  -69
3295 7171   10  -55
3305 7180   10  -42
3315 7790   10  -28
3325 7793   10  -14
3335 7797   10   -1
99999 0 0 0 
3345 7798   10   11
3355 7801   10   22
3365 7801   10   30
3375 7838   10   36
3385 7839   71   41
3395 7840   71   43
3405 7843   71   45
3415 7842   71   46
3425 7784   71   46
3435 7766   71   48
3445 7754   71   48
3455 7709   71   48
3465 7379   71   48
3475 7461   71   49
3485 7419   71   53
3495 7402   71   60
3505 7296   57   68
3515 7310   39   76
3525 7343   20   86
3535 7272   20   95
3545 7325   20  104
3555 7364   20  114
3565 7702   20  122
3575 7710   20  128
3585 7748   20  135
3595 7790   20  143
3605 7793   20  150
3615 7793 -122  156
3625 7793 -122  162
3635 7741 -122  168
3645 7549 -122  171
3655 7542 -122  175
3665 7588 -122  178
3675 7607 -122  180
3685 7273 -122  181
3695 7212 -122  181
3705 7231 -122  180
3715 7295 -122  177
3725 7269 -122  164
3735 7194 -122  150
3745 6906 -122  132
3755 6972 -122  116
3765 6988 -122   98
3775 7156 -122   78
3785 7162 -122   57
3795 7267 -122   36
3805 7375 -122   12
3815 7385 -122  -10
3825 7390   81  -22
3835 7344   81  -33
3845 7305   81  -46
3855 7353   81  -55
3865 6948   81  -69
3875 6991   81  -81
3885 7115   81  -92
3895 7318   81 -100
3905 7235   57 -102
3915 7266    6 -102
3925 7188   10 -102
3935 7337   10  -91
3945 7190   10  -79
3955 7546   10  -68
3965 7561   10  -56
3975 7747   10  -43
3985 7788   10  -30
3995 7794   10  -18
4005 7797   10   -6
99999 0 0 0 
4015 7797   10    6
4025 7799   10   14
4035 7801   10   22
4045 7834   10   27
4055 7836   71   31
4066 7835   71   34
4076 7776   71   35
4086 7765   71   38
4096 7769   71   39
4106 7461   71   39
4116 7408   71   40
4126 7475   71   42
4136 7490   71   46
4146 7451   71   52
4156 7436   71   59
4167 7308   53   69
4177 7354   35   78
4187 7330   20   88
4197 7249   20   97
4207 7292   20  107
4217 7361   20  116
4227 7591   20  125
4237 7599   20  133
4247 7748   20  140
4257 7787   20  147
4267 7788   20  154
4277 7791 -122  162
4287 7793 -122  168
4297 7793 -122  174
4307 7594 -122  178
4317 7535 -122  182
4327 7567 -122  185
4337 7654 -122  188
4347 7129 -122  189
4357 7113 -122  189
4367 7185 -122  189
4377 7291 -122  189
4387 7245 -122  178
4397 7248 -122  163
4407 7014 -122  147
4417 7087 -122  130
4427 6970 -122  112
4437 7081 -122   94
4447 7096 -122   73
4457 7200 -122   52
4467 7341 -122   30
4477 7344 -122    6
4487 7391   81  -14
4497 7427   81  -25
4507 7380   81  -38
4517 7316   81  -52
4527 7287   81  -67
4537 7338   81  -82
4547 7327   81  -98
4557 7044   81 -114
4567 6987   81 -128
4577 7090   81 -136
4587 7245   57 -139
4597 7215   14 -139
4607 7265   10 -139
4617 7019   10 -126
4627 7103   10 -112
4637 7109   10 -100
4647 7731   10  -86
4657 7743   10  -72
4667 7749   10  -58
4677 7788   10  -44
4687 7793   10  -31
99999 0 0 0 
4697 7795   10  -18
4707 7795   10   -6
4717 7798   10    2
4727 7798   10   10
4737 7801   71   16
4747 7801   71   19
4757 7838   71   22
4768 7828   71   25
4779 7782   71   28
4789 7773   71   30
4799 7747   71   31
4809 7471   71   33
4819 7412   71   35
4829 7452   71   40
4839 7426   71   46
4849 7427   71   53
4859 7345   69   61
4869 7306   51   70
4879 7361   31   80
4889 7337   20   89
4899 7315   20   99
4909 7352   20  108
4919 7550   20  117
4929 7595   20  125
4939 7602   20  132
4949 7783   20  140
4959 7785   20  147
4969 7787   20  154
4979 7790 -123  160
4989 7787 -123  166
4999 7793 -123  172
5009 7591 -123  176
5019 7527 -123  179
5029 7560 -123  182
5039 7615 -123  185
5049 7054 -123  185
5059 7054 -123  186
5069 7306 -123  185
5079 7267 -123  185
5089 7211 -123  174
5099 7172 -123  160
5109 7048 -123  144
5119 7119 -123  127
5129 6968 -123  110
5139 7046 -123   90
5149 7058 -123   70
5159 7271 -123   49
5169 7339 -123   26
5179 7341 -123    3
5189 7390   82  -16
5199 7421   82  -27
5209 7374   82  -39
5219 7314   82  -55
5229 7310   82  -70
5239 7360   82  -84
5249 7208   82 -102
5259 6965   82 -117
5269 6908   82 -131
5279 7159   82 -140
5289 7236   66 -142
5299 7201    6 -142
5309 7077   10 -142
5319 7082   10 -130
5329 7165   10 -116
5339 7070   10 -104
5349 7693   10  -90
5359 7704   10  -77
5369 7747   10  -63
5379 7785   10  -50
5389 7790   10  -38
99999 0 0 0 
5399 7790   10  -24
5409 7791   10  -13
5419 7795   10   -4
5429 7795   10    4
5439 7798   10   10
5449 7799   71   14
5459 7835   71   17
5469 7832   71   20
5479 7782   71   22
5489 7772   71   26
5499 7761   71   26
5509 7716   71   28
5519 7474   71   30
5529 7445   71   34
5539 7413   71   40
5549 7400   71   47
5559 7375   71   55
5569 7406   65   64
5579 7334   45   73
5589 7323   27   83
5599 7367   20   93
5609 7324   20  103
5619 7392   20  113
5629 7408   20  122
5639 7737   20  130
5649 7744   20  138
5659 7747   20  147
5669 7784   20  154
5679 7785   20  162
5689 7788 -123  169
5699 7790 -123  174
5709 7625 -123  180
5719 7525 -123  185
5729 7546 -123  189
5739 7597 -123  192
5749 7643 -123  194
5759 7118 -123  194
5769 7174 -123  194
5779 7093 -123  193
5789 7232 -123  183
5799 7134 -123  169
5809 7193 -123  154
5819 6983 -123  136
5829 6974 -123  118
5839 7006 -123  100
5849 7159 -123   80
5859 7228 -123   58
5869 7228 -123   36
5879 7339 -123   13
5889 7391   82  -11
5899 7397   82  -22
5909 7368   82  -34
5919 7343   82  -49
5929 7276   82  -64
5939 7312   82  -78
5949 7232   82  -95
5959 7280   82 -110
5969 7039   82 -126
5979 7241   74 -136
5989 7180   74 -140
5999 7208   23 -140
6009 6945   10 -140
6019 7139   10 -130
6029 7027   10 -116
6039 7052   10 -102
6049 7078   10  -89
6059 7662   10  -74
6069 7743   10  -60
6079 7745   10  -46
6089 7787   10  -31
6099 7788   10  -18
99999 0 0 0 
6109 7791   10   -4
6119 7793   10    6
6129 7794   10   14
6139 7797   71   21
6149 7795   71   25
6159 7762   71   28
6169 7741   71   30
6179 7775   71   32
6189 7529   71   36
6199 7512   71   36
6209 7522   71   38
6219 7510   71   42
6229 7462   71   46
6239 7443   71   54
6249 7337   69   62
6259 7356   49   72
6269 7325   27   82
6279 7213   20   92
6289 7287   20  102
6299 7291   20  112
6309 7429   20  122
6319 7445   20  131
6329 7702   20  140
6340 7777   20  148
6350 7780   20  156
6360 7747   20  164
6370 7784 -123  172
6380 7785 -123  178
6390 7689 -123  184
6400 7539 -123  189
6410 7543 -123  194
6420 7590 -123  197
6430 7037 -123  198
6440 7037 -123  200
6450 7152 -123  200
6460 7258 -123  200
6470 7205 -123  194
6480 7197 -123  180
6490 6953 -123  165
6500 7025 -123  148
6510 7021 -123  131
6520 7064 -123  113
6530 7088 -123   93
6540 7162 -123   72
6550 7335 -123   50
6560 7336 -123   27
6570 7382 -123    3
6580 7434   82  -16
6590 7326   82  -27
6600 7266   82  -39
6610 7351   82  -47
6620 7412   82  -59
6630 6893   82  -70
6640 7259   82  -82
6650 7167   82  -88
6660 7204   40  -91
6670 7229   14  -90
6680 7348   10  -90
6690 7372   10  -79
6700 7081   10  -67
6710 7111   10  -56
6720 7624   10  -43
6730 7740   10  -30
6740 7745   10  -16
6750 7785   10   -2
6760 7788   10   10
6770 7788   10   21
99999 0 0 0 
6780 7791   10   30
6790 7793   10   38
6800 7794   10   43
6810 7791   10   46
6820 7798   71   49
6830 7797   71   50
6840 7765   71   50
6850 7759   71   50
6860 7752   71   52
6870 7736   71   52
6880 7441   71   52
6890 7394   71   52
6900 7411   71   53
6910 7411   71   58
6920 7396   63   65
6930 7359   45   74
6940 7236   27   83
6950 7324   20   92
6960 7367   20  102
6970 7306   20  110
6980 7330   20  118
6990 7661   20  126
7000 7737   20  132
7010 7741   20  140
7020 7743   20  146
7030 7781   20  153
7040 7783 -123  158
7050 7784 -123  164
7060 7601 -123  169
7070 7538 -123  172
7080 7566 -123  175
7091 6908 -123  178
7101 6950 -123  178
7111 7113 -123  178
7121 7330 -123  178
7131 7228 -123  178
7141 7253 -123  168
7151 7110 -123  154
7161 7158 -123  138
7171 7010 -123  121
7181 6964 -123  103
7191 7004 -123   85
7201 7088 -123   65
7211 7301 -123   44
7221 7298 -123   22
7231 7336 -123   -2
7241 7380   82  -18
7251 7366   82  -28
7261 7253   82  -40
7271 7318   82  -52
7281 7371   82  -63
7291 7387   82  -76
7301 7191   82  -88
7311 7109   82  -98
7321 7181   74 -102
7331 7270   23 -102
7341 7253   10 -102
7351 7329   10  -95
7361 7032   10  -83
7371 7090   10  -71
7381 7081   10  -59
7391 7699   10  -46
7401 7706   10  -32
7411 7747   10  -19
7421 7785   10   -5
99999 0 0 0 
7431 7787   10    7
7441 7790   10   18
7451 7791   10   28
7461 7791   10   34
7472 7791   71   40
7483 7794   71   43
7494 7737   71   45
7504 7723   71   46
7514 7728   71   49
7524 7483   71   50
7534 7452   71   50
7545 7539   71   50
7555 7475   71   52
7565 7425   71   58
7575 7410   63   65
7585 7372   45   74
7595 7408   27   83
7605 7276   20   93
7615 7298   20  102
7625 7343   20  112
7635 7579   20  120
7645 7590   20  127
7655 7597   20  134
7665 7741   20  142
7675 7780   20  148
7685 7781   20  154
7695 7783 -123  161
7705 7655 -123  166
7715 7537 -123  170
7725 7549 -123  174
7735 7595 -123  178
7745 7643 -123  179
7755 7197 -123  180
7765 7265 -123  180
7775 7147 -123  180
7785 7259 -123  175
7795 7204 -123  162
7805 7234 -123  146
7815 6943 -123  130
7825 6905 -123  114
7835 6953 -123   96
7845 7081 -123   76
7855 7228 -123   56
7865 7226 -123   34
7875 7331 -123   12
7885 7375 -123  -11
7895 7382   82  -22
7905 7353   82  -34
7915 7287   82  -48
7925 7233   82  -63
7935 7270   82  -76
7945 7221   82  -92
7955 7271   82 -108
7965 7087   82 -123
7975 7164   82 -134
7985 7080   82 -139
7995 7218   32 -139
8005 7133   10 -139
8015 7319   10 -131
8025 7002   10 -118
8035 7053   10 -106
8045 7078   10  -92
8055 7730   10  -78
8065 7738   10  -64
8075 7744   10  -50
8085 7745   10  -38
8095 7784   10  -26
99999 0 0 0 
8105 7788   10  -14
8115 7787   10   -3
8125 7790   10    5
8135 7793   10   10
8145 7793   71   15
8155 7769   71   19
8165 7738   71   22
8175 7734   71   24
8185 7737   71   28
8195 7723   71   29
8205 7523   71   31
8215 7484   71   34
8225 7428   71   40
8235 7440   71   46
8245 7405   71   54
8255 7425   63   64
8265 7311   43   74
8275 7269   25   84
8285 7347   20   94
8295 7361   20  103
8305 7356   20  113
8315 7371   20  122
8325 7697   20  129
8335 7735   20  137
8345 7740   20  145
8355 7743   20  152
8365 7780   20  159
8375 7781 -123  166
8385 7781 -123  173
8395 7560 -123  177
8405 7527 -123  181
8415 7563 -123  185
8425 7155 -123  188
8435 7187 -123  189
8445 7212 -123  189
8455 7233 -123  189
8465 7157 -123  187
8475 7197 -123  174
8485 7109 -123  160
8495 7172 -123  144
8505 6956 -123  128
8515 6978 -123  110
8525 7008 -123   91
8535 7158 -123   71
8545 7262 -123   50
8555 7259 -123   27
8565 7336 -123    4
8575 7386   82  -16
8585 7345   82  -26
8595 7232   82  -39
8605 7298   82  -50
8615 7360   82  -62
8625 6877   82  -72
8635 7047   82  -84
8645 6978   82  -94
8655 7227   74  -98
8665 7239   23  -98
8675 7261   10  -98
8685 7283   10  -90
8695 7151   10  -78
8705 7199   10  -67
8715 7579   10  -54
8725 7697   10  -40
8735 7704   10  -26
8745 7744   10  -12
8755 7745   10    2
99999 0 0 0 
8765 7748   10   14
8775 7785   10   24
8785 7787   10   33
8795 7788   10   40
8805 7788   71   44
8815 7791   71   47
8825 7791   71   49
8835 7787   71   50
8845 7725   71   50
8855 7715   71   52
8865 7715   71   52
8875 7578   71   52
8885 7526   71   52
8895 7435   71   53
8905 7421   71   57
8915 7405   65   64
8925 7332   49   72
8935 7346   29   81
8945 7394   20   90
8955 7324   20   98
8965 7369   20  107
8975 7396   20  116
8985 7658   20  123
8995 7663   20  130
9005 7667   20  136
9015 7740   20  143
9025 7779   20  149
9035 7779 -123  155
9045 7780 -123  160
9055 7667 -123  165
9065 7543 -123  167
9075 7553 -123  170
9085 7599 -123  173
9095 7644 -123  174
9105 7170 -123  174
9115 7297 -123  174
9125 7177 -123  174
9135 7271 -123  171
9145 7276 -123  158
9155 7297 -123  143
9165 7004 -123  127
9175 6931 -123  110
9185 6984 -123   93
9195 7047 -123   74
9205 7193 -123   54
9215 7190 -123   32
9225 7328 -123   10
9235 7369   82  -12
9245 7375   82  -22
9255 7343   82  -34
9265 7280   82  -48
9275 7232   82  -63
9285 7266   82  -77
9295 7211   82  -93
9305 7264   82 -108
9315 7047   82 -123
9325 7160   82 -135
9335 7077   82 -140
9345 7215   32 -140
9355 7163   10 -140
9365 7344   10 -133
9375 7031   10 -120
9385 7049   10 -108
9395 7075   10  -95
9405 7692   10  -82
9415 7738   10  -68
9425 7738   10  -55
9435 7743   10  -42
99999 0 0 0 
9445 7780   10  -30
9455 7784   10  -18
9465 7785   10   -7
9475 7787   10    1
9485 7790   71    8
9495 7790   71   12
9505 7762   71   16
9515 7737   71   19
9525 7729   71   22
9535 7732   71   26
9545 7727   71   27
9555 7536   71   30
9565 7504   71   33
9575 7441   71   38
9585 7451   71   45
9595 7411   71   53
9606 7427   67   62
9616 7316   47   72
9626 7273   27   82
9636 7351   20   92
9646 7289   20  102
9656 7390   20  112
9666 7406   20  120
9676 7694   20  128
9686 7700   20  136
9696 7703   20  143
9706 7738   20  151
9716 7740   20  158
9726 7744 -123  164
9736 7755 -123  170
9746 7553 -123  174
9756 7528 -123  178
9766 7566 -123  182
9776 7371 -123  185
9786 7400 -123  186
9796 7210 -123  186
9806 7206 -123  186
9816 7128 -123  182
9826 7208 -123  170
9836 7121 -123  156
9846 7181 -123  140
9856 6929 -123  122
9866 6943 -123  106
9876 6971 -123   86
9886 7158 -123   66
9896 7262 -123   44
9906 7262 -123   22
9916 7339 -123   -2
9926 7383   82  -18
9936 7323   82  -28
9946 7243   82  -40
9956 7322   82  -50
9966 7375   82  -60
9976 6965   82  -72
9986 7085   82  -83
9996 7001   82  -91
10006 7184   57  -94
10016 7240   14  -94
10026 7311   10  -94
10036 7350   10  -84
10046 7207   10  -72
10056 7244   10  -62
10066 7546   10  -47
10076 7699   10  -34
10086 7703   10  -21
10096 7743   10   -7
10106 7780   10    6
99999 0 0 0 
10116 7783   10   18
10126 7783   10   28
10136 7785   10   35
10146 7787   10   40
10157 7787   71   44
10167 7788   71   46
10177 7788   71   47
10187 7769   71   48
10197 7721   71   48
10207 7713   71   50
10217 7696   71   50
10227 7647   71   50
10237 7598   71   50
10248 7400   71   51
10258 7410   71   57
10269 7331   63   64
10279 7351   45   73
10289 7349   27   82
10299 7278   20   91
10309 7332   20  100
10319 7338   20  110
10329 7610   20  118
10339 7618   20  125
10349 7661   20  132
10359 7735   20  138
10369 7737   20  145
10379 7740   20  151
10389 7741 -123  158
10399 7741 -123  164
10409 7585 -123  168
10419 7534 -123  170
10429 7563 -123  174
10439 7611 -123  177
10449 7119 -123  178
10459 7119 -123  178
10469 7204 -123  178
10479 7278 -123  177
10489 7223 -123  169
10499 7248 -123  155
10509 7000 -123  140
10519 7070 -123  124
10529 6953 -123  107
10539 7032 -123   89
10549 7051 -123   70
10559 7266 -123   49
10569 7332 -123   27
10579 7332 -123    4
10589 7373   82  -15
10599 7373   82  -26
10609 7333   82  -38
10619 7314   82  -53
10629 7273   82  -68
10639 7321   82  -82
10649 7162   82  -98
10659 6995   82 -114
10669 6946   82 -127
10679 7201   82 -136
10689 7243   66 -139
10699 7211   14 -139
10709 7046   10 -139
10719 7010   10 -127
10729 7092   10 -114
10739 7060   10 -103
10749 7685   10  -90
10759 7693   10  -77
10769 7734   10  -63
10779 7740   10  -51
10789 7744   10  -38
99999 0 0 0 
10799 7744   10  -26
10809 7780   10  -14
10819 7784   10   -5
10829 7784   10    2
10839 7785   10    9
10849 7787   71   14
10859 7788   71   17
10869 7784   71   20
10880 7732   71   22
10890 7725   71   27
10900 7723   71   27
10910 7687   71   28
10920 7447   71   30
10930 7455   71   34
10940 7419   71   39
10950 7405   71   46
10960 7337   71   54
10970 7362   67   62
10980 7286   49   72
10990 7239   29   81
11000 7294   20   90
11010 7308   20  100
11020 7342   20  110
11030 7360   20  119
11040 7653   20  127
11050 7731   20  134
11060 7734   20  142
11070 7737   20  150
11080 7738   20  157
11090 7738 -123  163
11100 7777 -123  170
11110 7597 -123  174
11120 7520 -123  179
11130 7545 -123  183
11140 7450 -123  186
11150 7495 -123  187
11160 7231 -123  188
11170 7242 -123  188
11180 7149 -123  187
11190 7216 -123  177
11200 7110 -123  163
11210 7159 -123  148
11220 6904 -123  131
11230 6962 -123  114
11240 6999 -123   96
11250 7156 -123   76
11260 7263 -123   55
11270 7259 -123   33
11280 7334 -123   10
11290 7380   82  -13
11300 7386   82  -24
11310 7358   82  -36
11320 7338   82  -50
11330 7284   82  -66
11340 7287   82  -79
11350 7232   82  -95
11360 7277   82 -111
11370 7137   82 -126
11380 7184   82 -135
11390 7111   66 -139
11400 7212   23 -139
11410 7077   10 -138
11420 7258   10 -130
11430 6996   10 -116
11440 7047   10 -104
11450 7074   10  -92
11460 7653   10  -78
11470 7731   10  -65
11480 7735   10  -52
11490 7740   10  -39
99999 0 0 0 
11500 7741   10  -26
11510 7745   10  -14
11520 7780   10   -2
11530 7783   10    6
11540 7784   71   14
11550 7783   71   18
11560 7745   71   22
11570 7727   71   25
11580 7727   71   27
11590 7660   71   32
11600 7654   71   33
11610 7544   71   34
11620 7515   71   37
11630 7455   71   42
11640 7460   71   48
11650 7380   71   57
11660 7387   61   66
11670 7272   41   76
11680 7239   20   86
11690 7292   20   95
11700 7260   20  105
11710 7378   20  115
11720 7394   20  124
11730 7583   20  133
11740 7730   20  141
11750 7733   20  148
11760 7734   20  156
11770 7735 -123  164
11780 7740 -123  170
11790 7740 -123  177
11800 7776 -123  182
11810 7639 -123  187
11820 7527 -123  191
11830 7542 -123  194
11840 7588 -123  197
11850 6962 -123  198
11860 7178 -123  198
11870 7102 -123  198
11880 7248 -123  198
11890 7263 -123  191
11900 7253 -123  178
11910 7076 -123  162
11920 6999 -123  146
11930 7058 -123  128
11940 6995 -123  110
11950 7125 -123   90
11960 7126 -123   70
11970 7300 -123   48
11980 7331 -123   26
11990 7341 -123    2
12000 7389   82  -16
12010 7383   82  -26
12020 7336   82  -39
12030 7296   82  -54
12040 7329   82  -66
12050 7374   82  -80
12060 6925   82  -95
12070 7135   82 -109
12080 7038   82 -120
12090 7237   82 -124
12100 7264   23 -124
12110 7248   10 -124
12120 7106   10 -116
12130 7024   10 -104
12140 7081   10  -92
12150 7569   10  -80
12160 7653   10  -67
12170 7661   10  -54
12180 7738   10  -40
12190 7740   10  -27
12200 7740   10  -15
99999 0 0 0 
12210 7779   10   -3
12220 7780   10    8
12230 7783   10   17
12240 7784   10   24
12250 7783   71   28
12260 7749   71   32
12270 7721   71   34
12280 7718   71   36
12290 7724   71   39
12300 7512   71   40
12310 7513   71   40
12320 7457   71   42
12330 7462   71   46
12340 7460   71   52
12350 7443   71   60
12360 7302   55   68
12370 7301   35   78
12380 7340   20   87
12390 7235   20   96
12400 7311   20  106
12410 7344   20  115
12420 7610   20  123
12430 7655   20  131
12440 7658   20  138
12450 7731   20  145
12460 7737   20  152
12470 7734 -123  158
12480 7737 -123  164
12490 7753 -123  170
12500 7556 -123  174
12510 7535 -123  178
12520 7574 -123  182
12530 7619 -123  184
12540 7153 -123  185
12550 7263 -123  185
12560 7155 -123  185
12570 7285 -123  183
12580 7215 -123  170
12590 7227 -123  156
12600 6964 -123  141
12610 6924 -123  124
12620 6977 -123  106
12630 7077 -123   88
12640 7160 -123   68
12650 7155 -123   47
12660 7331 -123   25
12670 7334 -123    2
12680 7345   82  -16
12690 7375   82  -26
12700 7331   82  -39
12710 7260   82  -54
12720 7296   82  -68
12730 7274   82  -82
12740 7323   82  -98
12750 7031   82 -112
12760 7174   82 -126
12770 7080   82 -133
12780 7237   49 -134
12790 7180    0 -134
12800 7308   10 -133
12810 7050   10 -121
12820 7039   10 -108
12830 7066   10  -98
12840 7683   10  -86
12850 7730   10  -72
12860 7735   10  -60
12870 7737   10  -48
12880 7741   10  -36
99999 0 0 0 
12890 7741   10  -25
12900 7779   10  -15
12910 7781   10   -7
12920 7781   10   -1
12931 7784   71    5
12941 7784   71    9
12951 7785   71   13
12961 7753   71   15
12971 7725   71   17
12981 7723   71   22
12991 7717   71   22
13002 7446   71   24
13012 7436   71   27
13022 7398   71   32
13032 7411   71   38
13042 7375   71   45
13052 7387   71   53
13062 7305   69   62
13072 7337   51   70
13082 7282   33   80
13092 7262   20   89
13102 7291   20   98
13112 7368   20  108
13122 7392   20  117
13132 7402   20  126
13142 7690   20  133
13152 7731   20  140
13162 7733   20  148
13172 7734   20  154
13182 7735 -123  161
13192 7737 -123  166
13202 7774 -123  172
13212 7672 -123  178
13222 7532 -123  181
13232 7531 -123  184
13242 7577 -123  186
13252 7623 -123  188
13262 7122 -123  188
13272 7260 -123  188
13282 7151 -123  188
13292 7254 -123  183
13302 7225 -123  170
13312 7244 -123  156
13322 7053 -123  140
13332 6970 -123  123
13342 7023 -123  106
13352 7085 -123   86
13362 7199 -123   66
13372 7194 -123   45
13382 7334 -123   23
13392 7373 -123    0
13402 7382   82  -18
13412 7377   82  -28
13422 7331   82  -42
13432 7255   82  -57
13442 7307   82  -70
13452 7322   82  -86
13462 7368   82 -100
13472 6992   82 -115
13482 7126   82 -128
13492 7019   40 -134
13502 7202   40 -134
13512 7182   10 -134
13522 7346   10 -131
13532 7065   10 -118
13542 7044   10 -106
13552 7070   10  -95
13562 7686   10  -82
13572 7694   10  -70
13582 7699   10  -58
13592 7735   10  -46
13602 7740   10  -34
99999 0 0 0 
13612 7740   10  -22
13622 7743   10  -11
13632 7780   10   -2
13642 7780   10    4
13652 7783   71   10
13662 7783   71   14
13674 7783   71   17
13684 7737   71   19
13694 7720   71   21
13704 7721   71   24
13714 7710   71   25
13724 7408   71   26
13734 7490   71   28
13744 7435   71   32
13754 7413   71   38
13764 7335   71   46
13774 7351   71   54
13784 7340   67   62
13794 7230   51   72
13804 7255   29   82
13814 7304   20   91
13824 7336   20  101
13834 7374   20  110
13844 7429   20  119
13854 7686   20  127
13864 7689   20  134
13874 7729   20  142
13884 7734   20  150
13894 7734   20  157
13904 7737 -123  163
13914 7737 -123  170
13924 7737 -123  174
13934 7647 -123  180
13944 7531 -123  184
13954 7539 -123  186
13964 7583 -123  189
13974 7098 -123  190
13984 7119 -123  190
13994 7248 -123  190
14004 7317 -123  190
14014 7248 -123  183
14024 7227 -123  170
14034 6974 -123  154
14044 7033 -123  138
14054 6952 -123  122
14064 7066 -123  103
14074 7091 -123   84
14084 7200 -123   64
14094 7335 -123   42
14104 7335 -123   20
14114 7376 -123   -2
14124 7385   82  -19
14134 7376   82  -30
14144 7329   82  -44
14154 7291   82  -59
14164 7314   82  -72
14174 7327   82  -87
14184 6983   82 -103
14194 6987   82 -118
14204 7113   82 -130
14214 7238   82 -134
14224 7198   23 -135
14234 7180    0 -135
14244 6985   10 -130
14254 7078   10 -118
14264 7050   10 -108
14274 7675   10  -95
14284 7686   10  -83
14294 7730   10  -70
14304 7734   10  -58
14314 7735   10  -47
14324 7740   10  -36
14334 7741   10  -26
99999 0 0 0 
14344 7741   10  -18
14354 7744   10  -10
14364 7781   10   -4
14374 7781   71    2
14384 7783   71    6
14394 7783   71    9
14404 7741   71   12
14414 7723   71   14
14424 7721   71   19
14434 7704   71   20
14444 7404   71   22
14454 7443   71   26
14464 7406   71   30
14474 7423   71   36
14484 7386   71   43
14494 7400   71   51
14504 7352   71   60
14514 7268   53   70
14524 7283   35   78
14534 7255   20   88
14544 7290   20   98
14554 7325   20  108
14564 7385   20  117
14574 7610   20  126
14584 7618   20  133
14594 7692   20  140
14604 7731   20  148
14614 7731   20  155
14624 7733 -123  162
14634 7735 -123  168
14644 7735 -123  174
14654 7603 -123  180
14664 7502 -123  182
14674 7513 -123  186
14684 7555 -123  189
14694 7068 -123  190
14704 7085 -123  190
14714 7203 -123  190
14724 7311 -123  190
14734 7250 -123  184
14744 7232 -123  171
14754 7014 -123  156
14764 7067 -123  140
14774 6984 -123  122
14784 7029 -123  104
14794 7053 -123   86
14804 7167 -123   65
14814 7305 -123   43
14824 7301 -123   21
14834 7342 -123   -2
14844 7352   82  -18
14854 7341   82  -28
14864 7323   82  -42
14874 7300   82  -56
14884 7328   82  -68
14894 7337   82  -83
14904 6990   82  -98
14914 6993   82 -112
14924 7116   82 -123
14935 7238   82 -128
14945 7199   28 -128
14955 7234   10 -128
14965 7029   10 -122
14975 7117   10 -110
14985 7090   10  -99
14995 7676   10  -87
15005 7689   10  -75
15015 7694   10  -62
15025 7734   10  -50
15035 7735   10  -38
99999 0 0 0 
15045 7740   10  -27
15055 7740   10  -16
15065 7741   10   -6
15075 7743   10    2
15085 7780   72    9
15095 7780   72   14
15105 7780   72   18
15115 7781   72   20
15125 7729   72   22
15135 7714   72   23
15145 7715   72   27
15155 7706   72   27
15165 7408   72   28
15175 7453   72   30
15185 7403   72   34
15195 7416   72   40
15205 7373   72   48
15215 7383   72   56
15225 7338   62   65
15235 7224   43   74
15245 7260   23   84
15255 7273   20   93
15265 7274   20  102
15275 7306   20  112
15285 7392   20  121
15295 7686   20  128
15305 7690   20  136
15315 7729   20  143
15325 7730   20  150
15335 7731   20  158
15345 7734 -123  163
15355 7625 -123  169
15365 7503 -123  174
15375 7506 -123  178
15385 7440 -123  182
15395 7482 -123  184
15405 7036 -123  185
15415 7289 -123  185
15425 7188 -123  184
15435 7210 -123  180
15445 7123 -123  166
15455 7152 -123  152
15465 7030 -123  136
15475 6913 -123  120
15485 6960 -123  102
15495 7053 -123   84
15505 7271 -123   64
15515 7266 -123   43
15525 7300 -123   21
15535 7341 -123   -2
15545 7348   82  -18
15555 7339   82  -28
15565 7325   82  -40
15575 7266   82  -55
15585 7322   82  -67
15595 7191   82  -82
15605 7234   82  -96
15615 6962   82 -111
15625 7233   82 -122
15635 7149   82 -127
15645 7212   32 -128
15655 7130    0 -128
15665 7299   10 -123
15675 7147   10 -112
15685 7050   10 -102
15695 7070   10  -90
15705 7685   10  -78
15715 7729   10  -66
15725 7733   10  -55
15735 7734   10  -44
15745 7735   10  -32
99999 0 0 0 
15755 7740   10  -22
15765 7740   10  -13
15775 7743   10   -5
15785 7743   10    1
15795 7743   72    6
15805 7780   72   10
15815 7783   72   13
15825 7741   72   15
15835 7715   72   17
15846 7715   72   21
15856 7703   72   22
15866 7440   72   23
15876 7380   72   26
15886 7410   72   30
15896 7427   72   36
15906 7421   72   43
15916 7433   72   52
15926 7312   72   60
15936 7333   54   70
15946 7257   35   79
15956 7233   20   88
15966 7267   20   98
15976 7301   20  107
15986 7566   20  116
15996 7579   20  123
16006 7618   20  130
16016 7729   20  138
16026 7730   20  145
16036 7733   20  152
16046 7733 -124  158
16056 7734 -124  164
16066 7734 -124  169
16076 7598 -124  174
16086 7507 -124  177
16096 7555 -124  180
16106 7557 -124  182
16116 7598 -124  184
16126 7011 -124  184
16136 7276 -124  184
16146 7175 -124  183
16156 7224 -124  178
16166 7212 -124  164
16176 7241 -124  150
16186 7188 -124  134
16196 6957 -124  116
16206 7001 -124   99
16216 7026 -124   80
16226 7245 -124   60
16236 7240 -124   39
16246 7308 -124   17
16256 7345 -124   -6
16266 7349   82  -19
16276 7335   82  -30
16286 7320   82  -43
16296 7269   82  -58
16306 7333   82  -70
16316 7235   82  -86
16326 7273   82 -100
16336 6955   82 -115
16346 7230   82 -126
16356 7153   82 -130
16366 7187   23 -130
16376 7146   10 -130
16386 7326   10 -125
16396 7193   10 -114
16406 7053   10 -102
16416 7074   10  -92
16426 7651   10  -80
16436 7690   10  -68
16446 7697   10  -57
16456 7735   10  -46
99999 0 0 0 
16466 7737   10  -34
16476 7738   10  -23
16486 7740   10  -13
16496 7740   10   -5
16507 7741   72    2
16517 7743   72    8
16527 7741   72   12
16537 7717   72   15
16547 7718   72   18
16557 7715   72   23
16567 7725   72   24
16577 7449   72   26
16587 7499   72   29
16597 7439   72   33
16607 7442   72   39
16617 7430   72   47
16627 7435   72   56
16637 7425   62   65
16647 7238   43   75
16657 7223   23   85
16667 7254   20   94
16677 7312   20  104
16687 7343   20  114
16697 7396   20  123
16707 7685   20  130
16717 7690   20  139
16727 7692   20  147
16737 7729   20  155
16747 7731   20  162
16757 7733 -124  169
16767 7733 -124  175
16777 7631 -124  181
16787 7519 -124  185
16797 7521 -124  189
16807 7557 -124  193
16817 7591 -124  194
16827 7170 -124  194
16837 7100 -124  194
16847 7160 -124  194
16857 7231 -124  186
16867 7234 -124  173
16877 7194 -124  158
16887 6963 -124  142
16897 7011 -124  126
16907 6976 -124  108
16917 7137 -124   89
16927 7142 -124   68
16937 7245 -124   48
16947 7350 -124   26
16957 7353 -124    2
16967 7362   82  -16
16977 7362   82  -27
16987 7327   82  -40
16997 7291   82  -55
17007 7336   82  -68
17017 7375   82  -83
17027 7342   82  -98
17037 7143   82 -114
17047 7082   82 -126
17057 7152   82 -131
17067 7286   32 -132
17077 7281    0 -132
17087 7323   10 -130
17097 7010   10 -118
17107 7071   10 -106
17117 7030   10  -96
17127 7612   10  -83
17137 7621   10  -71
17147 7696   10  -59
17157 7734   10  -47
17167 7737   10  -35
99999 0 0 0 
17177 7737   10  -23
17187 7740   10  -13
17197 7741   10   -3
17207 7741   10    4
17217 7743   72   10
17227 7743   72   15
17237 7779   72   18
17247 7743   72   21
17257 7723   72   22
17267 7720   72   27
17277 7717   72   27
17287 7693   72   28
17297 7387   72   30
17307 7443   72   33
17317 7421   72   38
17327 7448   72   44
17337 7417   72   52
17347 7431   72   61
17357 7348   52   70
17367 7300   35   78
17377 7354   20   87
17387 7280   20   96
17397 7311   20  105
17407 7325   20  114
17417 7615   20  120
17427 7724   20  126
17437 7727   20  134
17447 7726   20  140
17457 7731   20  146
17467 7731 -124  151
17477 7681 -124  157
17487 7545 -124  160
17497 7533 -124  164
17507 7559 -124  168
17517 6952 -124  170
17527 6980 -124  170
17537 7139 -124  170
17547 7309 -124  170
17557 7249 -124  170
17567 7303 -124  158
17577 7143 -124  144
17587 7182 -124  130
17597 7083 -124  114
17607 6978 -124   98
17617 7003 -124   80
17627 7091 -124   62
17637 7276 -124   42
17647 7276 -124   22
17657 7345 -124    1
17667 7380   82  -16
17677 7318   82  -26
17687 7285   82  -36
17697 7307   82  -44
17707 7339   82  -55
17717 7366   82  -66
17727 7239   82  -76
17737 7215   82  -84
17747 7277   57  -89
17757 7398   32  -89
17767 7448   10  -88
17777 7472   10  -84
17787 7120   10  -74
17797 7145   10  -64
17807 7086   10  -55
17817 7590   10  -44
17827 7594   10  -32
17837 7738   10  -21
17847 7738   10  -10
99999 0 0 0 
17857 7741   10    0
17867 7741   10    9
17877 7743   10   17
17887 7743   10   22
17897 7745   72   27
17907 7743   72   30
17917 7745   72   33
17927 7770   72   34
17937 7731   72   35
17947 7723   72   39
17957 7715   72   39
17967 7337   72   39
17977 7305   72   39
17987 7453   72   39
17997 7477   72   42
18007 7480   72   47
18017 7529   72   54
18027 7508   68   62
18037 7523   52   70
18047 7287   35   78
18057 7203   20   85
18067 7219   20   93
18077 7241   20  100
18087 7358   20  107
18097 7371   20  114
18107 7590   20  119
18117 7696   20  126
18127 7697   20  130
18137 7734   20  135
18147 7734 -124  139
18157 7734 -124  143
18167 7735 -124  147
18177 7733 -124  151
18187 7619 -124  153
18197 7600 -124  154
18207 7611 -124  156
18217 7625 -124  158
18227 7109 -124  158
18237 7298 -124  158
18247 7297 -124  158
18257 7489 -124  157
18267 7499 -124  152
18277 7508 -124  140
18287 7354 -124  127
18297 7160 -124  113
18307 7171 -124   98
18317 7002 -124   82
18327 7148 -124   66
18337 7152 -124   48
18347 7368 -124   30
18357 7406 -124   11
18367 7406 -124   -8
18377 7406   82  -18
18387 7412   82  -27
18397 7396   82  -38
18407 7393   82  -48
18417 7368   82  -56
18427 7376   82  -67
18437 7097   82  -78
18447 7347   82  -87
18457 7350   66  -96
18467 7530   66 -102
18477 7607   40 -104
18487 7610    6 -104
18497 7331   10 -104
18507 7341   10 -104
18517 7348   10  -99
18527 7564   10  -92
18537 7531   10  -87
18547 7533   10  -80
18557 7710   10  -74
18567 7747   10  -66
18577 7747   10  -60
99999 0 0 0 
18587 7747   10  -54
18597 7748   10  -47
18607 7748   10  -42
18617 7748   10  -36
18627 7748   72  -30
18637 7749   72  -26
18647 7774   72  -21
18657 7742   72  -16
18667 7731   72  -11
18677 7732   72   -6
18687 7342   72   -2
18699 7522   72    2
18709 7524   72   10
18719 7594   72   13
18729 7620   72   18
18739 7610   72   26
18749 7600   72   34
18759 7455   72   44
18769 7457   72   52
18779 7253   72   61
18789 7227   56   68
18799 7230   39   76
18809 7308   23   84
18819 7431   20   91
18829 7443   20   99
18839 7485   20  106
18849 7667   20  112
18859 7669   20  118
18869 7704   20  124
18879 7740   20  130
18889 7741   20  134
18899 7740   20  139
18909 7741 -123  143
18919 7699 -123  147
18929 7664 -123  149
18939 7665 -123  151
18949 7671 -123  153
18959 7147 -123  154
18969 7329 -123  154
18979 7333 -123  154
18989 7443 -123  154
18999 7552 -123  154
19009 7549 -123  151
19019 7475 -123  141
19029 7124 -123  130
19039 7122 -123  118
19049 7016 -123  104
19059 7088 -123   89
19069 7090 -123   74
19079 7199 -123   57
19089 7379 -123   40
19099 7380 -123   22
19109 7383 -123    2
19119 7385   82  -13
19129 7388   82  -21
19139 7368   82  -30
19149 7412   82  -38
19159 7417   82  -47
19169 7389   82  -55
19179 7285   82  -63
19189 7286   82  -71
19199 7430   57  -78
19209 7574   49  -82
19219 7571   23  -83
19229 7581    0  -83
19239 7231   10  -82
19249 7244   10  -78
19259 7108   10  -70
19269 7499   10  -62
19279 7500   10  -54
19289 7714   10  -45
19299 7714   10  -35
19309 7714   10  -26
19319 7751   10  -18
19329 7749   10  -10
99999 0 0 0 
19339 7751   10   -2
19349 7751   10    4
19359 7752   10   10
