  0 825   67   12
 10 8256   67   12
 20 8256   67   12
 30 8129   67   12
 40 8120   67   12
 50 8139   67   12
 60 7909   67   12
 70 7833   67   12
 80 7783   67   15
 91 7791   67   23
101 7727   67   33
113 7603   67   44
124 7634   67   55
134 7622   63   64
144 7769   45   75
154 7767   29   85
164 7727   19   96
174 7878   19  108
184 7914   19  119
194 7900   19  130
204 8124   19  139
214 8125   19  149
224 8170 -116  159
234 8203 -116  167
244 8203 -116  176
254 8203 -116  184
264 7976 -116  191
275 7943 -116  198
285 7987 -116  203
295 7326 -116  207
305 7301 -116  209
315 7389 -116  209
325 7551 -116  209
335 7522 -116  201
345 7478 -116  187
355 7183 -116  171
365 7264 -116  154
375 7229 -116  137
385 7420 -116  117
395 7431 -116   98
405 7569 -116   77
415 7706 -116   53
425 7709 -116   30
435 7727 -116    5
445 7783   77  -13
455 7766   77  -24
465 7748   77  -38
475 7715   77  -54
485 7718   77  -69
495 7738   77  -85
505 7581   77 -102
515 7608   77 -118
526 7456   77 -133
536 7646   77 -141
547 7660   54 -142
557 7647    0 -142
567 7433    9 -138
577 7329    9 -126
587 7444    9 -112
597 7614    9 -101
607 7785    9  -85
617 7799    9  -71
627 8122    9  -57
637 8166    9  -43
647 8168    9  -30
99999 0 0 0 
657 8204   10  -17
667 8172   10   -5
677 8172   10    6
687 8209   10   15
697 8209   10   21
707 8210   68   26
717 8211   68   29
727 8178   68   31
737 8150   68   33
747 8147   68   37
757 8147   68   37
767 8112   68   38
777 7907   68   39
787 7843   68   43
797 7809   68   48
807 7786   68   55
818 7759   60   65
828 7784   46   74
838 7723   29   84
848 7682   19   94
858 7745   19  104
868 7705   19  114
878 7846   19  124
888 7860   19  133
898 8081   19  141
908 8158   19  149
918 8156   19  157
928 8196 -116  165
938 8163 -116  172
948 8162 -116  179
958 8127 -116  184
968 7913 -116  190
978 7904 -116  194
988 7951 -116  198
998 7296 -116  199
1008 7312 -116  201
1018 7585 -116  201
1028 7601 -116  201
1038 7542 -116  195
1048 7531 -116  181
1058 7431 -116  164
1068 7508 -116  147
1078 7283 -116  130
1088 7335 -116  110
1098 7361 -116   90
1108 7608 -116   69
1118 7676 -116   45
1128 7678 -116   23
1138 7760 -116   -2
1148 7807   77  -17
1158 7737   77  -29
1168 7680   77  -42
1178 7764   77  -53
1188 7817   77  -66
1198 7364   77  -80
1208 7607   77  -93
1218 7513   77 -101
1228 7673   54 -105
1238 7668   22 -105
1248 7726    9 -105
1258 7584    9  -96
1268 7521    9  -83
1278 7559    9  -74
1288 8074    9  -61
1298 8086    9  -47
1308 8090    9  -34
1318 8165    9  -21
1328 8169    9   -7
99999 0 0 0 
1338 8166   10    5
1348 8169   10   16
1358 8169   10   25
1368 8169   10   32
1378 8204   68   37
1388 8206   68   40
1399 8207   68   42
1409 8178   68   43
1419 8139   68   43
1429 8134   68   46
1439 8127   68   46
1449 7839   68   46
1459 7794   68   46
1469 7845   68   47
1480 7844   68   51
1492 7757   68   60
1502 7757   54   69
1512 7673   39   78
1522 7612   26   88
1532 7654   19   97
1542 7675   19  106
1552 7912   19  115
1562 7928   19  123
1572 8006   19  131
1582 8119   19  138
1592 8122   19  145
1602 8159   19  151
1612 8159   19  158
1622 8160 -117  164
1632 8160 -117  170
1642 8121 -117  175
1652 7920 -117  177
1662 7909 -117  180
1672 7810 -117  183
1682 7866 -117  185
1692 7436 -117  186
1702 7716 -117  185
1712 7590 -117  185
1722 7637 -117  182
1732 7530 -117  169
1742 7552 -117  153
1752 7440 -117  137
1762 7268 -117  119
1772 7325 -117  100
1782 7429 -117   81
1792 7611 -117   59
1802 7604 -117   37
1812 7671 -117   15
1822 7746 -117   -8
1832 7748   78  -18
1842 7710   78  -30
1852 7680   78  -45
1862 7636   78  -61
1872 7656   78  -77
1882 7470   78  -93
1892 7529   78 -110
1902 7368   78 -126
1912 7639   78 -140
1922 7549   78 -146
1932 7575   38 -147
1942 7457    0 -147
1952 7605    9 -141
1962 7520    9 -129
1972 7502    9 -117
1982 7532    9 -103
1992 8077    9  -89
2002 8117    9  -75
2012 8124    9  -62
2022 8127    9  -49
2032 8162    9  -38
2042 8165    9  -26
99999 0 0 0 
2052 8166   10  -17
2062 8165   10   -9
2072 8166   10   -3
2082 8169   10    3
2092 8169   68    7
2102 8165   68   11
2112 8178   68   15
2122 8145   68   18
2132 8141   68   23
2142 8127   68   25
2152 7865   68   28
2162 7796   68   32
2172 7815   68   37
2182 7828   68   43
2192 7828   68   51
2202 7809   68   59
2212 7738   59   69
2222 7762   43   78
2232 7671   29   88
2242 7693   19   99
2252 7726   19  109
2262 7728   19  119
2272 8031   19  129
2282 8039   19  137
2292 8083   19  145
2302 8154   19  153
2312 8151   19  161
2322 8155 -117  168
2332 8158 -117  175
2342 8156 -117  182
2352 7934 -117  187
2362 7892 -117  191
2372 7930 -117  196
2382 7984 -117  199
2392 7553 -117  200
2402 7493 -117  200
2412 7511 -117  200
2422 7583 -117  197
2432 7561 -117  183
2442 7482 -117  168
2452 7265 -117  151
2462 7337 -117  134
2472 7287 -117  115
2482 7495 -117   95
2492 7501 -117   75
2502 7603 -117   52
2512 7707 -117   29
2522 7715 -117    5
2532 7766   78  -13
2542 7749   78  -23
2552 7689   78  -37
2562 7627   78  -53
2572 7627   78  -69
2582 7683   78  -83
2592 7597   78 -100
2602 7527   78 -117
2612 7453   78 -130
2622 7535   78 -138
2632 7623   54 -141
2642 7597   14 -140
2652 7567    9 -139
2662 7273    9 -126
2672 7371    9 -113
2682 7414    9  -99
2692 7734    9  -86
2702 7751    9  -73
2712 8078    9  -58
2722 8121    9  -44
2732 8122    9  -30
99999 0 0 0 
2742 8124   10  -17
2752 8160   10   -4
2762 8162   10    7
2772 8163   10   17
2782 8162   10   23
2792 8162   68   28
2802 8163   68   32
2812 8186   68   34
2822 8144   68   35
2832 8102   68   36
2843 8102   68   40
2853 8082   68   40
2863 7847   68   40
2874 7843   68   44
2884 7808   68   49
2894 7830   68   56
2904 7725   63   65
2914 7740   49   75
2924 7704   36   83
2934 7633   22   94
2944 7704   19  103
2954 7712   19  113
2964 7808   19  123
2974 7820   19  131
2984 8039   19  139
2994 8114   19  147
3004 8115   19  155
3014 8115   19  161
3024 8152 -117  168
3034 8154 -117  175
3044 8149 -117  180
3054 7930 -117  185
3064 7896 -117  189
3074 7934 -117  193
3084 7281 -117  195
3094 7310 -117  196
3104 7437 -117  196
3114 7604 -117  195
3124 7527 -117  193
3134 7569 -117  179
3144 7414 -117  164
3154 7475 -117  148
3164 7370 -117  131
3174 7318 -117  112
3184 7349 -117   93
3194 7462 -117   72
3204 7669 -117   50
3214 7666 -117   27
3224 7710 -117    3
3234 7757   78  -13
3244 7743   78  -25
3254 7653   78  -39
3264 7666   78  -55
3274 7661   78  -72
3284 7676   78  -87
3294 7521   78 -104
3304 7556   78 -121
3314 7384   78 -135
3324 7607   78 -144
3335 7546   63 -145
3345 7597    0 -145
3355 7469    9 -143
3365 7609    9 -130
3375 7495    9 -118
3385 7487    9 -106
3395 7502    9  -93
3405 8078    9  -79
3415 8117    9  -66
3425 8121    9  -54
3435 8122    9  -43
99999 0 0 0 
3445 8159   10  -32
3455 8160   10  -22
3465 8162   10  -14
3475 8160   10   -8
3485 8160   68   -1
3495 8160   68    3
3506 8109   68    8
3517 8102   68   13
3527 8102   68   19
3537 7886   68   22
3547 7883   68   25
3557 7830   68   29
3567 7840   68   35
3577 7844   68   42
3587 7841   68   50
3597 7814   68   59
3608 7774   56   70
3619 7803   39   81
3629 7699   25   91
3639 7680   19  102
3649 7726   19  113
3659 7750   19  123
3669 7881   19  133
3679 7892   19  143
3689 8073   19  151
3699 8111   19  160
3709 8113 -117  169
3719 8115 -117  177
3729 8132 -117  184
3739 7914 -117  191
3749 7889 -117  197
3759 7932 -117  202
3769 7986 -117  206
3779 7358 -117  208
3789 7482 -117  208
3799 7371 -117  208
3809 7542 -117  205
3819 7528 -117  191
3829 7556 -117  177
3839 7271 -117  160
3849 7198 -117  143
3859 7248 -117  124
3869 7419 -117  105
3879 7525 -117   84
3889 7521 -117   62
3899 7665 -117   39
3909 7709 -117   15
3919 7726 -117   -8
3929 7729   78  -18
3939 7727   78  -31
3949 7647   78  -46
3959 7685   78  -61
3969 7700   78  -74
3979 7751   78  -90
3989 7388   78 -106
3999 7539   78 -119
4009 7433   78 -127
4019 7596   54 -129
4029 7607    6 -129
4039 7721    9 -129
4049 7574    9 -117
4059 7458    9 -105
4069 7487    9  -94
4079 8033    9  -81
4089 8111    9  -69
4099 8117    9  -57
4109 8118    9  -45
4119 8119    9  -33
99999 0 0 0 
4129 8119   10  -22
4139 8156   10  -12
4149 8158   10   -4
4159 8160   10    3
4170 8159   68    9
4180 8160   68   13
4190 8159   68   17
4200 8134   68   19
4210 8133   68   22
4220 8127   68   27
4230 8089   68   27
4240 7838   68   29
4250 7790   68   31
4260 7802   68   35
4271 7801   68   41
4282 7756   68   50
4292 7767   68   58
4302 7726   59   67
4312 7650   46   77
4322 7668   32   86
4332 7724   19   97
4342 7682   19  107
4352 7712   19  116
4362 7768   19  125
4372 7995   19  135
4382 7999   19  142
4392 8074   19  150
4402 8113   19  157
4412 8113   19  165
4422 8114 -117  171
4432 8115 -117  178
4442 8115 -117  183
4452 8050 -117  190
4462 7900 -117  193
4472 7904 -117  196
4482 7951 -117  199
4492 7361 -117  201
4502 7386 -117  201
4512 7538 -117  201
4522 7621 -117  201
4532 7558 -117  195
4542 7604 -117  181
4552 7387 -117  165
4562 7459 -117  148
4572 7388 -117  130
4582 7372 -117  111
4592 7396 -117   91
4602 7499 -117   69
4612 7669 -117   48
4622 7669 -117   23
4632 7712 -117   -1
4642 7760   78  -14
4652 7738   78  -26
4662 7676   78  -40
4672 7658   78  -55
4682 7686   78  -69
4692 7707   78  -86
4702 7366   78 -101
4712 7370   78 -117
4722 7495   78 -129
4732 7631   78 -134
4742 7587   30 -135
4752 7603    0 -135
4762 7456    9 -129
4772 7561    9 -117
4782 7466    9 -106
4792 8023    9  -93
4802 8033    9  -79
4812 8077    9  -66
4822 8115    9  -54
4832 8117    9  -42
4842 8118    9  -31
4852 8119    9  -21
99999 0 0 0 
4862 8121   10  -13
4872 8158   10   -5
4882 8156   10    1
4892 8158   68    6
4902 8158   68   10
4912 8158   68   14
4922 8123   68   16
4932 8100   68   20
4942 8093   68   24
4952 8071   68   25
4962 7837   68   28
4972 7806   68   31
4982 7764   68   36
4992 7786   68   43
5002 7752   68   50
5012 7778   68   58
5022 7768   59   67
5032 7652   46   77
5042 7666   32   86
5052 7684   19   96
5062 7680   19  106
5072 7713   19  116
5082 7805   19  126
5092 7994   19  135
5102 7999   19  142
5112 8072   19  150
5122 8111   19  158
5132 8111   19  165
5142 8113 -117  172
5152 8080 -117  178
5162 7873 -117  183
5172 7854 -117  189
5182 7899 -117  193
5192 7952 -117  195
5202 7337 -117  197
5212 7623 -117  197
5222 7504 -117  197
5232 7552 -117  193
5242 7465 -117  179
5252 7493 -117  164
5262 7382 -117  147
5272 7200 -117  130
5282 7248 -117  112
5292 7346 -117   93
5302 7597 -117   71
5312 7592 -117   49
5322 7664 -117   27
5332 7707 -117    3
5342 7723   78  -14
5352 7707   78  -26
5362 7690   78  -41
5372 7626   78  -57
5382 7640   78  -73
5392 7547   78  -87
5402 7601   78 -105
5412 7407   78 -121
5422 7586   78 -134
5432 7491   78 -142
5442 7546   54 -142
5452 7532    9 -142
5462 7675    9 -139
5472 7582    9 -127
5482 7422    9 -115
5492 7449    9 -104
5502 7926    9  -91
5512 8110    9  -78
5522 8113    9  -65
5532 8115    9  -53
5542 8117    9  -42
99999 0 0 0 
5552 8113   10  -30
5562 8118   10  -20
5572 8156   10  -12
5582 8155   10   -4
5592 8155   68    3
5602 8145   68    7
5612 8104   68   11
5622 8095   68   15
5632 8096   68   21
5642 8099   68   24
5652 7871   68   27
5662 7927   68   30
5672 7868   68   34
5682 7818   68   40
5692 7832   68   48
5702 7841   68   56
5712 7792   60   67
5722 7678   47   76
5732 7703   31   87
5742 7645   19   97
5752 7634   19  107
5762 7671   19  118
5772 7768   19  128
5782 8062   19  137
5792 8067   19  145
5802 8070   19  154
5812 8108   19  163
5822 8111 -117  171
5832 8110 -117  179
5842 7919 -117  186
5852 7861 -117  191
5862 7889 -117  197
5872 7298 -117  201
5882 7312 -117  203
5892 7331 -117  203
5902 7555 -117  203
5912 7507 -117  201
5922 7527 -117  188
5932 7307 -117  173
5942 7372 -117  157
5952 7228 -117  140
5962 7280 -117  122
5972 7308 -117  103
5982 7560 -117   83
5992 7627 -117   60
6002 7624 -117   37
6012 7669 -117   14
6022 7720 -117   -9
6032 7724   78  -21
6042 7729   78  -35
6052 7671   78  -51
6062 7625   78  -67
6072 7596   78  -82
6082 7579   78  -99
6092 7621   78 -116
6102 7552   78 -131
6112 7593   78 -142
6122 7520   78 -146
6132 7573   22 -145
6142 7452    9 -145
6152 7621    9 -137
6162 7420    9 -123
6172 7465    9 -111
6182 7488    9  -98
6192 8032    9  -85
6202 8108    9  -71
6212 8113    9  -58
6222 8111    9  -46
6232 8115    9  -33
99999 0 0 0 
6242 8117   10  -22
6252 8113   10  -11
6262 8117   10   -2
6273 8118   68    6
6283 8154   68   11
6293 8110   68   15
6303 8095   68   19
6313 8096   68   23
6323 7853   68   28
6333 7847   68   30
6343 7913   68   32
6353 7860   68   36
6363 7802   68   41
6373 7809   68   48
6383 7766   68   56
6393 7782   60   66
6403 7671   47   76
6413 7672   33   86
6423 7710   19   96
6433 7636   19  106
6443 7735   19  116
6453 7757   19  126
6463 7916   19  135
6473 8031   19  144
6483 8033   19  151
6493 8105   19  160
6503 8107 -118  168
6513 8108 -118  175
6523 8108 -118  182
6533 8110 -118  188
6543 7931 -118  194
6553 7848 -118  199
6563 7875 -118  203
6573 7924 -118  206
6583 7366 -118  207
6593 7574 -118  207
6603 7473 -118  208
6613 7623 -118  207
6623 7578 -118  198
6633 7583 -118  183
6643 7313 -118  167
6653 7273 -118  150
6663 7330 -118  132
6673 7371 -118  113
6683 7494 -118   93
6693 7494 -118   71
6703 7665 -118   49
6713 7703 -118   25
6723 7715 -118    1
6733 7729   78  -15
6743 7707   78  -26
6753 7659   78  -40
6763 7670   78  -55
6773 7676   78  -69
6783 7727   78  -85
6793 7378   78  -99
6803 7571   78 -114
6813 7472   78 -125
6823 7612   78 -129
6833 7619   22 -129
6843 7620    9 -129
6853 7473    9 -121
6863 7382    9 -109
6873 7428    9  -97
6883 7985    9  -85
6893 8031    9  -73
6903 8036    9  -59
6913 8110    9  -47
6923 8114    9  -34
99999 0 0 0 
6933 8114   10  -22
6943 8114   10  -10
6953 8117   10    1
6963 8118   10    9
6974 8117   69   17
6984 8117   69   22
6994 8118   69   26
7004 8152   69   28
7014 8099   69   30
7024 8088   69   31
7034 8089   69   35
7044 7868   69   35
7054 7820   69   35
7064 7830   69   38
7074 7812   69   43
7084 7791   69   49
7094 7749   69   57
7104 7691   61   66
7114 7722   48   75
7124 7655   34   85
7134 7628   19   95
7144 7668   19  105
7154 7733   19  115
7164 7790   19  124
7174 7805   19  133
7184 7991   19  142
7194 8064   19  149
7204 8067   19  156
7214 8105   19  164
7225 8107    8  171
7235 8107    8  178
7245 8108    8  183
7255 8110    8  190
7267 8117    8  196
7278 8117    8  200
7288 8118    8  203
7298 8155    8  207
7308 8156    8  209
7318 8155    8  210
7329 8155    8  211
7339 8155    8  211
7350 8155    8  211
7360 8158    8  211
7370 8156    8  211
7380 8158    8  211
7391 8158    8  211
7402 8156    8  211
7412 8158    8  211
7422 8156    8  211
7432 8159    8  210
7442 8158    8  209
7452 8159    8  207
7462 8158    8  206
7472 8158    8  205
7482 8158    8  203
7492 8159    8  202
7502 8159    8  201
7512 8158    8  199
7522 8159    8  197
7532 8159    8  195
7542 8158    8  194
7552 8158 -117  192
7562 8158 -117  191
7572 7983 -117  189
7582 7955 -117  187
7592 7982 -117  184
7602 7452 -117  182
7612 7663 -117  175
7622 7672 -117  171
7632 7827 -117  164
7642 7748 -117  155
7652 7664 -117  142
7662 7652 -117  126
7672 7590 -117  108
7682 7653 -117   90
7692 7422 -117   71
7702 7462 -117   50
7712 7481 -117   29
7722 7622 -117    7
7732 7685   78  -11
7742 7662   78  -21
7752 7637   78  -34
7762 7594   78  -49
7772 7580   78  -65
7782 7555   78  -79
7792 7510   78  -97
7802 7550   78 -112
7812 7538   78 -127
7822 7591   78 -137
7832 7530   71 -139
7842 7570    6 -139
7852 7480    9 -139
7862 7648    9 -129
7872 7438    9 -117
7882 7474    9 -106
7892 7493    9  -93
7902 8069    9  -81
7912 8074    9  -68
7922 8076    9  -57
7932 8114    9  -45
7942 8114    9  -34
99999 0 0 0 
7952 8117   10  -24
7962 8117   10  -15
7972 8118   10   -8
7982 8118   69   -2
7992 8154   69    3
8002 8109   69    7
8012 8092   69   10
8022 8089   69   13
8032 7881   69   19
8042 7877   69   21
8052 7869   69   24
8062 7882   69   28
8072 7823   69   34
8082 7794   69   42
8092 7759   69   50
8102 7781   69   59
8112 7671   58   69
8122 7662   46   79
8132 7679   33   90
8142 7635   19  100
8152 7663   19  111
8162 7699   19  121
8172 7833   19  132
8182 7988   19  142
8192 7994   19  150
8202 8104   19  159
8212 8105   19  168
8222 8107 -118  177
8232 8108 -118  185
8242 8108 -118  191
8252 7957 -118  198
8262 7855 -118  204
8272 7873 -118  209
8282 7918 -118  213
8292 7315 -118  215
8302 7494 -118  215
8312 7384 -118  215
8322 7529 -118  215
8332 7538 -118  203
8342 7552 -118  190
8352 7285 -118  174
8362 7210 -118  157
8372 7267 -118  139
8382 7369 -118  120
8392 7525 -118  100
8402 7524 -118   79
8412 7662 -118   55
8422 7666 -118   32
8432 7680 -118    7
8442 7734   78  -11
8452 7724   78  -22
8462 7675   78  -36
8472 7682   78  -51
8482 7672   78  -65
8492 7718   78  -80
8502 7337   78  -95
8512 7552   78 -110
8522 7463   78 -122
8532 7591   78 -127
8542 7623   31 -127
8552 7610    9 -127
8562 7515    9 -123
8572 7388    9 -111
8582 7451    9  -98
8592 7871    9  -87
8602 7992    9  -74
8612 8001    9  -62
8622 8108    9  -49
8632 8113    9  -37
99999 0 0 0 
8642 8110   10  -25
8652 8114   10  -13
8662 8115   10   -1
8672 8114   10    8
8683 8115   69   16
8693 8115   69   22
8703 8117   69   26
8713 8115   69   29
8723 8102   69   31
8733 8088   69   31
8743 8052   69   35
8753 8018   69   35
8763 7984   69   35
8773 7817   69   37
8783 7829   69   41
8793 7804   69   47
8803 7756   69   55
8813 7688   66   63
8823 7713   53   73
8833 7637   42   82
8843 7608   29   92
8853 7648   19  102
8863 7677   19  111
8873 7702   19  121
8883 7724   19  131
8893 7950   19  140
8903 8064   19  148
8913 8066   19  155
8923 8069   19  163
8933 8105   19  171
8943 8107 -118  178
8953 8107 -118  183
8963 8107 -118  189
8973 7938 -118  194
8983 7858 -118  198
8993 7880 -118  202
9003 7927 -118  204
9013 7333 -118  205
9023 7550 -118  205
9033 7460 -118  206
9043 7567 -118  205
9053 7627 -118  195
9063 7627 -118  181
9073 7425 -118  165
9083 7311 -118  148
9093 7368 -118  130
9103 7336 -118  111
9113 7460 -118   91
9123 7461 -118   69
9133 7633 -118   47
9143 7668 -118   23
9153 7676 -118   -1
9163 7726   78  -15
9173 7705   78  -26
9183 7654   78  -41
9193 7640   78  -56
9203 7679   78  -69
9213 7725   78  -85
9223 7341   78 -101
9233 7536   78 -115
9243 7442   78 -126
9253 7585   78 -130
9263 7627   22 -130
9273 7628    9 -130
9283 7508    9 -123
9293 7416    9 -110
9303 7462    9  -97
9313 7910    9  -86
9323 8028    9  -73
9333 8035    9  -61
9343 8107    9  -47
9353 8108    9  -34
9363 8111    9  -22
99999 0 0 0 
9373 8111   10  -10
9383 8113   10    0
9393 8113   10    9
9403 8115   10   15
9413 8113   69   21
9424 8115   69   25
9434 8111   69   28
9444 8062   69   30
9454 8054   69   31
9464 8054   69   35
9474 7969   69   35
9485 7916   69   37
9495 7782   69   39
9505 7777   69   44
9517 7759   69   51
9527 7757   69   59
9537 7700   59   69
9547 7627   48   79
9557 7662   36   88
9567 7675   22   98
9577 7666   19  107
9587 7696   19  117
9597 7749   19  127
9607 7980   19  136
9617 7988   19  144
9627 8026   19  151
9637 8066   19  159
9647 8066   19  167
9657 8108 -118  174
9667 8105 -118  180
9677 8104 -118  186
9687 8094 -118  191
9697 7886 -118  195
9707 7859 -118  199
9717 7894 -118  202
9727 7272 -118  205
9737 7304 -118  205
9747 7468 -118  205
9757 7640 -118  205
9767 7556 -118  203
9777 7593 -118  191
9787 7462 -118  175
9797 7517 -118  159
9807 7364 -118  142
9817 7316 -118  123
9827 7350 -118  104
9837 7433 -118   83
9847 7603 -118   62
9857 7598 -118   39
9867 7672 -118   15
9877 7716 -118   -9
9887 7731   78  -25
9897 7713   78  -37
9907 7672   78  -50
9917 7654   78  -64
9927 7730   78  -77
9937 7668   78  -92
9947 7704   78 -106
9957 7641   78 -119
9967 7619   78 -129
9977 7561   71 -130
9987 7598    0 -131
9997 7571    0 -130
10007 7683    9 -121
10017 7456    9 -109
10027 7449    9  -99
10037 7459    9  -86
10047 8066    9  -74
10057 8105    9  -63
10067 8107    9  -53
10077 8108    9  -43
10087 8111    9  -35
99999 0 0 0 
10097 8113   10  -29
10107 8114   10  -22
10117 8113   10  -17
10127 8113   10  -13
10137 8114   69   -7
10147 8114   69   -4
10157 8093   69    0
10167 8054   69    5
10177 8044   69   11
10187 8031   69   14
10197 7779   69   18
10207 7755   69   23
10217 7709   69   28
10227 7804   69   35
10237 7807   69   41
10247 7823   69   49
10257 7742   69   58
10267 7759   61   67
10277 7768   48   77
10287 7678   36   88
10297 7618   23   99
10307 7659   19  109
10317 7722   19  119
10327 7788   19  129
10337 7802   19  140
10347 7990   19  148
10357 8063   19  156
10367 8067   19  165
10377 8069   19  174
10387 8103 -118  181
10397 8104 -118  189
10407 8077 -118  195
10417 7887 -118  200
10427 7855 -118  205
10437 7891 -118  210
10447 7335 -118  212
10458 7361 -118  214
10468 7521 -118  214
10478 7555 -118  214
10488 7501 -118  210
10498 7517 -118  197
10508 7404 -118  182
10518 7460 -118  166
10528 7236 -118  148
10538 7287 -118  129
10548 7315 -118  111
10558 7535 -118   90
10568 7601 -118   67
10578 7600 -118   45
10588 7672 -118   21
10598 7689 -118   -4
10608 7697   78  -16
10618 7706   78  -27
10628 7662   78  -41
10638 7667   78  -55
10648 7710   78  -69
10658 7647   78  -83
10668 7673   78  -97
10678 7555   78 -110
10688 7600   78 -117
10698 7547   47 -119
10708 7630    6 -119
10718 7654    9 -117
10728 7761    9 -106
10738 7458    9  -95
10748 7482    9  -84
10758 7493    9  -72
10768 8103    9  -60
10778 8072    9  -47
10788 8072    9  -37
10798 8110    9  -25
10808 8108    9  -14
99999 0 0 0 
10818 8110   10   -5
10828 8111   10    3
10838 8113   10    9
10848 8113   10   14
10858 8113   69   18
10868 8113   69   21
10879 8077   69   23
10889 8049   69   25
10899 8045   69   29
10909 8029   69   29
10919 7741   69   30
10929 7773   69   32
10939 7726   69   36
10949 7773   69   42
10959 7768   69   49
10969 7774   69   57
10979 7686   64   65
10989 7641   52   75
10999 7660   41   84
11009 7593   28   94
11019 7612   19  104
11029 7645   19  114
11039 7740   19  124
11049 7905   19  133
11059 7913   19  142
11069 8026   19  149
11079 8064   19  158
11089 8066   19  166
11099 8066 -118  173
11109 8103 -118  180
11119 8101 -118  186
11129 8034 -118  191
11139 7875 -118  196
11149 7866 -118  200
11159 7905 -118  203
11169 7382 -118  206
11179 7408 -118  207
11189 7543 -118  207
11199 7542 -118  207
11209 7478 -118  203
11219 7565 -118  190
11229 7483 -118  175
11239 7540 -118  158
11249 7282 -118  141
11259 7295 -118  123
11269 7320 -118  103
11279 7505 -118   83
11289 7610 -118   61
11299 7603 -118   38
11309 7676 -118   15
11319 7685 -118   -9
11329 7688   78  -19
11339 7692   78  -31
11349 7657   78  -46
11359 7667   78  -60
11369 7674   78  -73
11379 7607   78  -89
11389 7632   78 -104
11399 7545   78 -117
11409 7598   78 -123
11419 7555   38 -125
11429 7642    6 -125
11439 7634    9 -125
11449 7735    9 -113
11459 7460    9 -103
11469 7446    9  -93
11479 7455    9  -81
11489 8067    9  -70
11499 8069    9  -59
11509 8072    9  -48
11519 8072    9  -38
99999 0 0 0 
11529 8108   10  -27
11539 8111   10  -19
11549 8110   10  -11
11559 8111   10   -5
11569 8111   69    1
11579 8110   69    5
11589 8111   69    8
11599 8080   69   11
11609 8051   69   14
11619 8047   69   17
11629 8048   69   21
11639 7784   69   22
11649 7798   69   24
11659 7740   69   28
11669 7784   69   34
11679 7804   69   41
11689 7807   69   49
11699 7755   69   58
11709 7713   61   67
11719 7737   48   77
11729 7612   36   87
11739 7550   23   97
11749 7588   19  107
11759 7684   19  117
11769 7822   19  127
11779 7837   19  137
11789 7951   19  145
11799 8025   19  154
11809 8028   19  163
11819 8063   19  171
11829 8064 -118  178
11839 8066 -118  185
11849 8020 -118  191
11859 7879 -118  197
11869 7875 -118  202
11879 7911 -118  206
11889 7633 -118  209
11899 7638 -118  210
11909 7492 -118  210
11919 7511 -118  210
11929 7474 -118  203
11939 7538 -118  190
11949 7434 -118  175
11959 7489 -118  158
11969 7225 -118  141
11979 7268 -118  123
11989 7295 -118  104
11999 7512 -118   83
12009 7611 -118   61
12019 7607 -118   39
12029 7680 -118   15
12039 7692 -118   -8
12049 7694   78  -18
12059 7701   78  -31
12069 7635   78  -45
12079 7639   78  -60
12089 7713   78  -73
12099 7645   78  -89
12109 7667   78 -104
12119 7551   78 -117
12129 7609   78 -125
12139 7568   55 -125
12149 7628    9 -126
12159 7644    9 -125
12170 7745    9 -114
12180 7463    9 -102
12190 7447    9  -93
12200 7456    9  -82
12210 8031    9  -71
12220 8067    9  -60
12230 8070    9  -49
99999 0 0 0 
12240 8072   10  -39
12250 8108   10  -29
12260 8108   10  -19
12270 8110   10  -11
12280 8110   69   -4
12290 8111   69    2
12300 8111   69    7
12310 8107   69   11
12320 8072   69   14
12330 8048   69   17
12341 8048   69   21
12352 7800   69   24
12362 7777   69   26
12372 7774   69   28
12382 7832   69   31
12392 7796   69   37
12402 7787   69   43
12412 7754   69   51
12423 7768   69   60
12433 7758   58   70
12443 7606   46   79
12454 7622   34   89
12465 7616   21   99
12475 7671   19  109
12485 7706   19  119
12495 7798   19  128
12505 7949   19  137
12515 7951   19  144
12525 8060   19  152
12535 8062   19  160
12545 8064   19  167
12555 8064 -118  174
12565 8066 -118  180
12575 8067 -118  186
12585 8077 -118  191
12595 7897 -118  195
12605 7879 -118  198
12615 7905 -118  201
12625 7380 -118  203
12635 7413 -118  203
12645 7574 -118  203
12655 7590 -118  203
12665 7521 -118  199
12675 7610 -118  187
12685 7525 -118  172
12695 7568 -118  156
12705 7336 -118  139
12715 7308 -118  121
12725 7337 -118  103
12735 7496 -118   83
12745 7601 -118   62
12755 7593 -118   40
12765 7694 -118   17
12775 7697 -118   -6
12785 7699   78  -17
12795 7679   78  -29
12805 7656   78  -43
12815 7649   78  -57
12825 7684   78  -70
12835 7610   78  -86
12845 7635   78 -100
12855 7544   78 -114
12865 7624   78 -123
12875 7595   63 -125
12885 7714    6 -125
12895 7684    9 -125
12905 7726    9 -117
12915 7396    9 -105
12925 7470    9  -93
12935 7487    9  -83
12945 7710    9  -73
12955 8033    9  -61
12965 8035    9  -50
12975 8073    9  -41
12985 8072    9  -31
99999 0 0 0 
12995 8073   10  -22
13005 8111   10  -13
13015 8110   10   -5
13025 8110   10    3
13035 8111   69   10
13045 8111   69   15
13055 8086   69   20
13066 8059   69   27
13076 8040   69   30
13088 7771   69   33
13098 7763   69   35
13108 7804   69   38
13118 7914   69   39
13128 7894   69   43
13138 7874   69   47
13148 7907   69   54
13158 7912   69   61
13168 7848   59   69
13178 7646   51   77
13188 7663   42   85
13198 7607   33   93
13208 7597   25  101
13218 7613   19  108
13228 7765   19  115
13238 7985   19  123
13248 7991   19  129
13258 7992   19  135
13268 8064   19  140
13278 8066   19  144
13288 8064   19  150
13298 8067   19  154
13308 8066   19  159
13318 8103   19  163
13328 8103 -118  167
13338 8101 -118  170
13348 7981 -118  172
13358 7947 -118  173
13368 7957 -118  173
13378 7978 -118  174
13388 7537 -118  174
13398 7558 -118  174
13408 7705 -118  173
13418 7861 -118  173
13428 7816 -118  168
13438 7806 -118  155
13448 7618 -118  141
13458 7643 -118  127
13468 7486 -118  111
13478 7355 -118   94
13488 7362 -118   76
13498 7474 -118   58
13508 7691 -118   39
13518 7694 -118   19
13528 7770 -118   -1
13538 7777   78  -13
13548 7777   78  -21
13558 7746   78  -32
13568 7741   78  -43
13578 7708   78  -57
13588 7634   78  -70
13598 7468   78  -82
13608 7478   78  -97
13618 7556   78 -110
13628 7740   78 -123
13638 7739   78 -134
13648 7805   78 -142
13658 7841   55 -143
13668 7847    0 -143
13678 7644    9 -143
13688 7412    9 -138
13698 7425    9 -128
13708 7575    9 -121
13718 8002    9 -111
13728 8004    9 -101
13738 8039    9  -92
13748 8074    9  -83
13758 8076    9  -75
99999 0 0 0 
13768 8076   10  -67
13778 8078   10  -61
13788 8078   10  -53
13798 8114   10  -47
13808 8113   69  -40
13818 8115   69  -34
13828 8114   69  -28
13838 8113   69  -22
13848 8091   69  -17
13858 8065   69  -11
13868 8055   69   -5
13878 8057   69    0
13888 7952   69    5
13898 7885   69   12
13908 7885   69   17
13918 7912   69   21
13928 7955   69   27
13938 7945   69   34
13948 7916   69   42
13958 7926   69   51
13968 7935   69   59
13978 7871   61   69
13988 7628   52   78
13998 7632   43   86
14008 7675   35   94
14019 7724   26  103
14029 7728   19  111
14039 7808   19  119
14049 7992   19  126
14059 7998   19  133
14069 7963   19  140
14079 8070   19  145
14089 8072   19  151
14099 8070   19  157
14109 8073   19  163
14119 8070   19  167
14129 8069   19  171
14139 8105 -118  175
14149 8104 -118  179
14159 8070 -118  182
14169 8093 -118  185
14179 8015 -118  186
14189 8011 -118  186
14199 8020 -118  186
14209 8029 -118  186
14219 7434 -118  186
14229 7760 -118  186
14239 7766 -118  186
14249 7841 -118  186
14259 7911 -118  179
14269 7904 -118  168
14279 7825 -118  155
14289 7435 -118  141
14299 7442 -118  126
14309 7343 -118  111
14319 7488 -118   94
14329 7491 -118   75
14339 7605 -118   57
14349 7744 -118   37
14359 7747 -118   17
14369 7747 -118   -3
14379 7749   78  -13
14389 7736   78  -22
14399 7737   78  -33
14409 7781   78  -39
14419 7788   78  -50
14429 7720   78  -59
14439 7755   78  -69
14449 7763   78  -77
14459 7832   55  -83
14469 7940   38  -85
14479 7944    6  -85
14489 7916    9  -85
14499 7500    9  -84
14509 7507    9  -75
14519 7473    9  -70
14529 7971    9  -62
14539 7972    9  -54
14549 8080    9  -47
14559 8080    9  -41
14569 8080    9  -34
99999 0 0 0 
14579 8076   10  -28
14589 8117   10  -22
14599 8114   10  -16
14609 8115   10  -10
14619 8115   69   -3
14629 8115   69    2
14639 8115   69    7
14649 8115   69   12
14659 8097   69   15
14669 8073   69   19
14679 8068   69   22
14689 8066   69   27
14699 7747   69   28
14709 7814   69   29
14719 7805   69   31
14729 7940   69   33
14739 7945   69   37
14749 7948   69   42
14760 7956   69   49
14770 7889   69   56
14780 7894   67   63
14790 7576   61   70
14800 7613   55   76
14810 7617   49   83
14821 7692   43   90
14831 7733   37   96
14842 7771   30  103
14852 7775   24  110
14862 7885   19  116
14872 7958   19  121
14882 7963   19  127
14892 7965   19  131
14902 8037   19  136
14912 8039   19  140
14922 8073   19  144
14932 8073   19  148
14942 8073   19  151
14952 8072   19  155
14962 8074   19  157
14972 8072 -118  159
14982 8072 -118  161
14992 8074 -118  163
15002 8030 -118  164
15012 8007 -118  164
15022 8010 -118  164
15032 8013 -118  164
15042 7523 -118  164
15052 7741 -118  164
15062 7743 -118  164
15072 7854 -118  163
15082 7966 -118  158
15092 7966 -118  148
15102 7894 -118  137
15112 7539 -118  125
15122 7542 -118  113
15132 7398 -118   99
15142 7431 -118   83
15152 7429 -118   67
15162 7572 -118   50
15172 7713 -118   31
15182 7714 -118   12
15192 7717 -118   -6
15202 7719   78  -14
15212 7720   78  -23
15222 7706   78  -34
15232 7749   78  -45
15242 7754   78  -54
15252 7652   78  -65
15262 7726   78  -76
15272 7727   78  -86
15282 7836   71  -94
15292 7939   55  -94
15302 7941    9  -95
15312 7875    9  -95
15322 7490    9  -95
15332 7502    9  -91
15342 7474    9  -82
15352 7723    9  -73
15362 7724    9  -66
15372 8043    9  -57
15382 8083    9  -49
99999 0 0 0 
15392 8080   10  -39
15402 8081   10  -30
15412 8083   10  -21
15422 8080   10  -11
15432 8080   69   -1
15442 8118   69    7
15452 8117   69   15
15462 8117   69   22
15472 8083   69   27
15482 8071   69   33
15492 8066   69   37
15502 7747   69   39
15512 7751   69   42
15522 7823   69   45
15532 7933   69   47
15542 7935   69   47
15552 7973   69   49
15562 7976   69   52
15572 7968   69   57
15582 7962   67   63
15592 7676   60   71
15602 7675   54   79
15612 7610   47   87
15622 7614   41   95
15632 7622   35  101
15642 7592   29  108
15652 7810   24  115
15662 7815   19  121
15672 7961   19  127
15682 8001   19  133
15692 8002   19  139
15702 8002   19  143
15712 8074   19  147
15722 8074   19  151
15732 8074   19  155
15742 8076   19  159
15752 8074   19  161
15762 8076   19  164
15772 8074 -118  166
15782 8074 -118  167
15792 8077 -118  169
15802 8076 -118  170
15812 8032 -118  170
15822 8013 -118  170
15832 8017 -118  170
15842 8021 -118  170
15852 7600 -118  170
15862 7747 -118  170
15872 7750 -118  170
15882 7861 -118  167
15892 7967 -118  159
15902 7970 -118  151
15912 7902 -118  139
15922 7583 -118  127
15932 7583 -118  114
15942 7406 -118   99
15952 7477 -118   84
15962 7477 -118   68
15972 7550 -118   51
15982 7728 -118   33
15992 7727 -118   15
16002 7728 -118   -3
16012 7728   79  -12
16022 7723   79  -21
16032 7710   79  -32
16042 7714   79  -42
16052 7722   79  -51
16062 7617   79  -63
16072 7692   79  -74
16082 7695   79  -85
16092 7839   79  -93
16102 7946   55  -97
16112 7941   22  -97
16122 7842    9  -97
16132 7490    9  -97
16142 7502    9  -90
16152 7471    9  -81
16162 7725    9  -75
16172 7725    9  -66
16182 8045    9  -57
16192 8080    9  -49
16202 8081    9  -41
99999 0 0 0 
16212 8081   10  -32
16222 8081   10  -23
16232 8083   10  -15
16242 8081   10   -7
16252 8118   10    1
16262 8118   68    7
16272 8117   68   14
16282 8096   68   19
16292 8083   68   23
16302 8080   68   27
16312 7761   68   29
16322 7761   68   31
16332 7833   68   33
16342 7941   68   36
16352 7940   68   37
16362 7967   68   39
16372 7962   68   44
16382 7960   68   51
16392 7963   68   58
16402 7686   65   65
16412 7687   59   72
16422 7618   54   79
16432 7658   48   87
16442 7662   44   93
16452 7665   39  100
16462 7810   33  107
16472 7812   29  113
16482 7886   24  119
16492 7924   19  125
16502 7927   19  130
16512 7965   19  135
16522 8004   19  140
16532 8005   19  144
16542 8040   19  148
16552 8077   19  152
16562 8077   19  155
16572 8077   19  158
16582 8077   19  161
16592 8077   19  163
16602 8077   19  164
16612 8076 -118  166
16622 8074 -118  167
16632 8073 -118  167
16642 8032 -118  168
16652 8020 -118  168
16662 8022 -118  168
16672 7496 -118  168
16682 7501 -118  167
16692 7646 -118  167
16702 7864 -118  167
16712 7865 -118  164
16722 7936 -118  156
16732 7903 -118  147
16742 7903 -118  135
16752 7763 -118  123
16762 7409 -118  109
16772 7408 -118   95
16782 7406 -118   79
16792 7584 -118   62
16802 7583 -118   45
16812 7655 -118   27
16822 7726 -118    8
16832 7728 -118   -5
16842 7728   78  -13
16852 7730   78  -23
16862 7727   78  -33
16872 7716   78  -45
16882 7574   78  -57
16892 7580   78  -67
16902 7445   78  -80
16912 7624   78  -92
16922 7627   78 -105
16932 7769   78 -115
16942 7913   71 -121
16952 7913   38 -124
16962 7878   14 -124
16972 7524    9 -124
16982 7533    9 -124
16992 7434    9 -117
17002 7548    9 -109
17012 7548    9 -103
17022 7975    9  -95
17032 8047    9  -87
17042 8047    9  -79
17052 8049    9  -73
17062 8081    9  -65
99999 0 0 0 
17072 8083   10  -58
17082 8083   10  -51
17092 8083   10  -45
17102 8084   69  -37
17112 8084   69  -31
17122 8110   69  -25
17132 8089   69  -18
17142 8082   69  -13
17152 8083   69   -6
17162 8082   69    0
17172 7763   69    6
17182 7906   69   11
17192 7908   69   19
17202 7944   69   24
17212 7982   69   30
17222 7981   69   35
17232 8018   69   43
17242 7946   69   51
17252 7939   69   59
17262 7755   64   67
17272 7613   58   76
17282 7613   52   84
17292 7584   47   92
17302 7765   41  101
17312 7769   35  109
17322 7809   29  117
17332 7849   24  124
17342 7854   19  131
17352 7928   19  139
17362 7969   19  145
17372 7969   19  151
17382 8042   19  157
17392 8076   19  162
17402 8077   19  167
17412 8076   19  171
17422 8077   19  176
17432 8076   19  181
17442 8077   19  183
17452 8077 -118  187
17462 8077 -118  189
17472 8076 -118  190
17482 8066 -118  191
17492 8027 -118  191
17502 8025 -118  191
17512 8028 -118  191
17522 8035 -118  191
17532 7542 -118  191
17542 7829 -118  191
17552 7829 -118  191
17562 7906 -118  185
17572 7941 -118  177
17582 7943 -118  166
17592 7872 -118  153
17602 7518 -118  140
17612 7518 -118  126
17622 7414 -118  111
17632 7519 -118   95
17642 7520 -118   79
17652 7627 -118   61
17662 7730 -118   42
17672 7734 -118   23
17682 7769 -118    3
17692 7737 -118   -8
17702 7738   79  -17
17712 7737   79  -26
17722 7754   79  -37
17732 7760   79  -47
17742 7693   79  -57
17752 7520   79  -69
17762 7523   79  -79
17772 7704   79  -89
17782 7883   72  -98
17792 7887   63 -102
17802 7924   22 -103
17812 7682    0 -103
17822 7683    9 -103
17832 7514    9 -103
17842 7978    9  -99
17852 7977    9  -93
17862 7978    9  -87
17872 8084    9  -82
17882 8083    9  -77
17892 8086    9  -73
17902 8084    9  -68
99999 0 0 0 
17912 8084   10  -63
17922 8084   10  -59
17932 8083   10  -55
17942 8084   10  -51
17952 8118   68  -47
17962 8119   68  -44
17972 8118   68  -39
17982 8084   68  -36
17992 8094   68  -32
18002 8083   68  -28
18012 8082   68  -24
18022 7690   68  -19
18032 7692   68  -15
18042 7837   68  -10
18052 7947   68   -3
18062 7946   68    3
18072 7947   68    9
18082 7982   68   16
18092 7984   68   25
18102 7984   68   34
18112 7772   68   43
18122 7774   68   51
18132 7701   68   59
18142 7631   64   67
18152 7627   59   75
18162 7730   53   84
18172 7802   48   93
18182 7804   41  102
18192 7806   35  111
18202 7843   30  119
18212 7850   24  128
18222 7816   19  136
18232 7927   19  143
18242 7930   19  151
18252 8005   19  158
18262 8040   19  164
18272 8042   19  170
18282 8078   19  175
18292 8077   19  181
18302 8077   19  186
18312 8078   19  190
18322 8078   19  194
18332 8078 -118  197
18342 8078 -118  199
18352 8039 -118  201
18362 8031 -118  201
18372 8034 -118  201
18382 7436 -118  201
18392 7438 -118  201
18402 7619 -118  201
18412 7836 -118  201
18422 7837 -118  201
18432 7910 -118  196
18442 7875 -118  186
18452 7872 -118  175
18462 7734 -118  163
18472 7377 -118  149
18482 7379 -118  135
18492 7378 -118  119
18502 7594 -118  103
18512 7594 -118   87
18522 7665 -118   68
18532 7737 -118   49
18542 7736 -118   30
18552 7738 -118   10
18562 7741 -118   -7
18572 7741   78  -16
18582 7741   78  -25
18592 7778   78  -36
18602 7761   78  -47
18612 7761   78  -58
18622 7518   78  -70
18632 7520   78  -83
18642 7453   78  -93
18652 7775   71 -105
18662 7778   78 -114
18672 7887   63 -120
18682 7853   38 -122
18692 7854    6 -122
18702 7715    9 -122
18712 7616    9 -122
18722 7616    9 -114
18732 7799    9 -110
18742 8047    9 -103
18752 8047    9  -97
18762 8049    9  -91
18772 8083    9  -86
18782 8084    9  -81
99999 0 0 0 
18792 8086   10  -77
18802 8117   10  -73
18812 8119   10  -69
18822 8086   10  -66
18832 8084   10  -62
18842 8084   69  -59
18852 8086   69  -57
18862 8084   69  -53
18872 8066   69  -50
18882 8052   69  -47
18892 8050   69  -44
18902 8048   69  -41
18912 7693   69  -37
18922 7872   69  -31
18932 7875   69  -27
18942 7910   69  -21
18952 7984   69  -13
18962 7982   69   -5
18972 7981   69    6
18982 7731   69   17
18992 7728   69   27
19002 7625   69   38
19012 7696   69   47
19022 7696   69   57
19032 7769   65   67
19043 7840   59   77
19054 7837   53   87
19064 7808   46   98
19074 7778   40  107
19084 7781   34  116
19094 7745   29  126
19104 7889   23  135
19114 7892   19  143
19124 7930   19  151
19134 7967   19  160
19144 7969   19  167
19154 8008   19  175
19164 8043   19  182
19174 8043   19  187
19184 8078   19  194
19194 8078   19  199
19204 8078   19  203
19214 8078   19  207
19224 8080 -118  211
19234 8078 -118  214
19244 8077 -118  217
19254 8038 -118  218
19264 8031 -118  218
19274 8035 -118  218
19284 7435 -118  218
19294 7438 -118  218
19304 7619 -118  218
19314 7833 -118  218
19324 7835 -118  218
19334 7910 -118  211
19344 7873 -118  201
19354 7875 -118  189
19364 7699 -118  175
19374 7415 -118  161
19384 7415 -118  146
19394 7381 -118  131
19404 7592 -118  114
19414 7594 -118   96
19424 7668 -118   78
19434 7738 -118   59
19444 7740 -118   39
19454 7740 -118   19
19464 7740 -118   -1
19474 7741   79  -12
19484 7740   79  -21
19494 7774   79  -31
19504 7757   79  -43
19514 7794   79  -53
19524 7588   79  -66
19534 7594   79  -78
19544 7455   79  -87
19555 7815   63  -99
19565 7812   79 -109
19575 7889   72 -114
19585 7886   31 -115
19595 7887    0 -115
19605 7742    9 -115
19615 7471    9 -110
19625 7475    9 -100
19635 7478    9  -93
19645 8013    9  -83
19655 8013    9  -74
19665 8050    9  -65
19675 8051    9  -57
19685 8050    9  -50
99999 0 0 0 
19695 8084   10  -43
19705 8088   10  -35
19715 8084   10  -29
19725 8084   10  -21
19735 8086   69  -14
19745 8086   69   -7
19755 8121   69   -1
19765 8087   69    5
19775 8062   69   11
19785 8053   69   16
19795 8087   69   20
19805 8086   69   24
19815 7768   69   30
19825 7910   69   33
19835 7908   69   35
19845 7941   69   38
19855 7978   69   41
19865 7978   69   46
19875 7977   69   52
19885 7908   69   59
19895 7909   66   66
19905 7805   62   73
19915 7629   58   80
19925 7629   54   87
19935 7632   49   94
19945 7703   45  101
19955 7709   42  107
19965 7747   37  115
19975 7819   34  121
19985 7822   30  127
19995 7895   27  133
20005 7930   23  139
20015 7933   19  145
20025 7967   19  150
20035 8005   19  155
20045 8006   19  160
20055 8043   19  164
20065 8043   19  168
20075 8043   19  171
20085 8078   19  174
20095 8078   19  176
20105 8078   19  178
20115 8080   19  179
20125 8080   19  181
20135 8078 -118  181
20145 8076 -118  182
20155 8039 -118  182
20165 8034 -118  182
20175 8038 -118  182
20185 7509 -118  181
20195 7512 -118  181
20205 7656 -118  181
20215 7872 -118  178
20225 7875 -118  171
20235 7912 -118  163
20245 7912 -118  152
20255 7912 -118  139
20265 7769 -118  127
20275 7452 -118  113
20285 7450 -118   98
20295 7418 -118   83
20305 7597 -118   67
20315 7598 -118   49
20325 7668 -118   32
20335 7741 -118   14
20345 7741 -118   -3
20355 7742   79  -10
20365 7704   79  -19
20375 7706   79  -30
20385 7723   79  -41
20395 7655   79  -51
20405 7659   79  -63
20415 7559   79  -75
20425 7632   79  -84
20435 7636   63  -95
20445 7778   79 -105
20455 7923   72 -110
20465 7920   31 -111
20475 7882    0 -111
20485 7532    9 -111
20495 7541    9 -109
20505 7512    9  -99
20515 7551    9  -91
20525 7552    9  -82
20535 8015    9  -73
20545 8047    9  -65
20555 8049    9  -57
20565 8050    9  -50
99999 0 0 0 
20575 8086   10  -43
20585 8086   10  -37
20595 8086   10  -30
20605 8084   10  -24
20615 8086   69  -17
20625 8086   69  -11
20635 8073   69   -4
20645 8060   69    2
20655 8053   69    8
20665 8055   69   14
20675 8053   69   19
20685 7772   69   24
20695 7913   69   30
20705 7913   69   34
20715 7946   69   37
20725 7980   69   42
20735 7977   69   49
20745 7977   69   56
20755 7908   67   64
20765 7910   63   71
20775 7734   59   79
20785 7631   54   87
20795 7633   51   94
20805 7633   47  101
20815 7781   43  107
20825 7781   39  115
20835 7818   36  121
20845 7853   32  128
20855 7856   28  135
20865 7895   24  141
20875 7933   21  147
20885 7936   19  153
20895 8005   19  158
20905 8040   19  163
20915 8043   19  168
20925 8043   19  172
20935 8045   19  175
20945 8043   19  179
20955 8080   19  182
20965 8080   19  184
20975 8080   19  186
20985 8080   19  187
20995 8080 -118  187
21005 8078 -118  188
21015 8046 -118  188
21025 8038 -118  188
21035 8038 -118  188
21045 8042 -118  188
21055 7549 -118  187
21065 7551 -118  187
21075 7731 -118  186
21085 7912 -118  179
21095 7912 -118  172
21105 7949 -118  161
21115 7842 -118  149
21125 7842 -118  137
21135 7703 -118  123
21145 7418 -118  108
21155 7418 -118   93
21165 7526 -118   78
21175 7635 -118   60
21185 7635 -118   43
21195 7707 -118   26
21205 7741 -118    6
21215 7742 -118   -5
21225 7742   79  -14
21235 7707   79  -23
21245 7697   79  -34
21255 7726   79  -45
21265 7625   79  -55
21275 7629   79  -67
21285 7526   79  -76
21295 7707   79  -86
21305 7714   72  -97
21315 7818   79 -104
21325 7961   47 -107
21335 7960   14 -107
21345 7857    9 -107
21355 7510    9 -107
21365 7514    9 -101
21375 7478    9  -96
21385 7836    9  -88
21395 7836    9  -81
21405 8050    9  -73
21415 8050    9  -66
21425 8050    9  -61
99999 0 0 0 
21435 8086   10  -54
21445 8087   10  -49
21455 8084   10  -43
21465 8087   10  -38
