  0 798  100    0
 10 798  100    0
 21 798  100    0
 31 781  100    0
 41 743  100    0
 51 742  100    0
 61 751  100    0
 71 750  100    0
 82 722  100    6
 92 698  100   15
102 688  100   26
112 691  100   38
122 706  100   50
132 719   87   61
142 725   59   73
152 724   30   86
162 736   20  100
172 744   20  115
182 766   20  130
192 777   20  144
202 783   20  157
212 786 -120  169
222 788 -120  183
232 750 -120  195
242 723 -120  207
252 728 -120  217
262 739 -120  225
272 729 -120  232
282 698 -120  233
292 683 -120  233
302 675 -120  231
313 675 -120  217
323 685 -120  201
334 705 -120  184
345 724 -120  165
356 738 -120  144
366 744 -120  124
376 745 -120  101
386 746 -120   79
396 747 -120   56
406 752 -120   32
416 756 -120    5
426 760   80  -14
436 758   80  -26
446 735   80  -39
456 722   80  -54
466 732   80  -67
476 746   80  -82
486 756   80  -95
496 745   80 -109
506 718   80 -117
516 698   56 -120
526 687   14 -120
536 694   10 -119
546 715   10 -108
556 744   10  -93
566 765   10  -81
576 776   10  -69
586 783   10  -54
596 786   10  -39
607 788   10  -24
617 789   10   -9
99999 0 0 0 
  0 797  100   -1
 10 797  100   -1
 20 797  100   -1
 30 780  100   -1
 40 742  100   -1
 50 741  100   -1
 60 750  100   -1
 70 751  100   -1
 80 728  100    4
 90 702  100   12
100 687  100   23
110 689  100   35
120 702  100   47
130 716   91   59
140 724   64   71
150 726   34   85
160 744   20   98
170 761   20  113
180 773   20  127
190 781   20  140
200 784   20  153
210 787 -120  166
220 788 -120  178
230 753 -120  191
240 721 -120  201
250 725 -120  212
260 736 -120  220
270 726 -120  226
281 697 -120  227
291 682 -120  227
302 675 -120  223
312 674 -120  210
323 684 -120  195
333 705 -120  177
345 727 -120  157
355 739 -120  137
366 744 -120  116
376 745 -120   93
387 744 -120   69
398 746 -120   44
409 752 -120   16
420 757   80  -11
430 759   80  -23
440 750   80  -36
450 720   80  -51
460 726   80  -65
470 739   80  -79
481 752   80  -95
491 751   80 -111
502 723   80 -121
512 698   65 -126
522 687   31 -126
533 691   10 -126
543 735   10 -116
554 759   10 -101
565 774   10  -89
576 781   10  -75
586 785   10  -60
597 787   10  -46
607 789   10  -31
617 789   10  -19
99999 0 0 0 
  0 797  100   -1
 11 797  100   -1
 21 797  100   -1
 31 797  100   -1
 41 750  100   -1
 51 738  100   -1
 61 745  100   -1
 71 752  100   -1
 81 741  100    2
 91 717  100   10
101 694  100   21
111 687  100   33
121 695  100   44
131 711  100   57
141 723   63   69
151 726   31   81
162 734   20   97
172 751   20  112
182 764   20  126
192 776   20  141
203 782   20  155
213 786 -120  168
223 787 -120  182
233 775 -120  193
243 725 -120  205
253 724 -120  217
264 736 -120  226
275 731 -120  234
285 700 -120  236
297 682 -120  236
307 675 -120  233
317 674 -120  221
328 683 -120  205
338 703 -120  188
349 723 -120  169
359 737 -120  150
369 743 -120  129
380 745 -120  108
391 744 -120   83
402 746 -120   56
412 751 -120   30
422 755 -120    5
433 760   80  -16
443 757   80  -29
453 729   80  -42
463 722   80  -57
474 734   80  -71
484 748   80  -86
495 755   80 -101
507 731   80 -115
517 704   80 -120
527 690   31 -120
537 686   10 -120
547 730   10 -113
557 753   10 -101
567 771   10  -87
577 779   10  -77
587 784   10  -63
597 786   10  -48
607 788   10  -35
617 788   10  -21
627 789   10   -8
99999 0 0 0 
  0 796  100   -1
 12 796  100   -1
 22 796  100   -1
 32 749  100   -1
 42 738  100   -1
 52 743  100   -1
 62 742  100   -1
 72 727  100    2
 82 708  100   10
 92 692  100   21
102 691  100   33
112 701  100   45
122 712  100   57
132 721   59   69
142 723   20   81
153 734   20   96
163 762   20  111
174 774   20  126
184 781   20  137
195 784 -120  153
206 785 -120  167
216 787 -120  180
226 759 -120  191
236 723 -120  202
246 724 -120  211
256 733 -120  219
266 719 -120  225
276 696 -120  225
286 681 -120  225
296 674 -120  221
306 674 -120  209
317 685 -120  193
327 705 -120  177
337 724 -120  159
347 736 -120  141
358 741 -120  121
368 742 -120   99
378 743 -120   77
389 745 -120   51
399 749 -120   25
409 754 -120    2
419 758   80  -17
429 755   80  -28
439 737   80  -43
449 718   80  -57
459 729   80  -72
469 741   80  -87
480 754   80 -103
491 741   80 -119
502 711   80 -128
512 694   57 -130
522 687    6 -130
533 716   10 -127
544 756   10 -113
555 772   10 -100
566 780   10  -85
577 783   10  -71
587 786   10  -57
597 787   10  -44
608 788   10  -31
618 789   10  -18
99999 0 0 0 
  0 796  100    6
 10 796  100    6
 20 796  100    6
 30 796  100    6
 40 748  100    6
 50 737  100    6
 60 740  100    6
 71 736  100    6
 82 723  100    8
 93 706  100   18
103 695  100   29
113 694  100   41
123 703  100   52
133 713   47   65
143 727   20   77
153 747   20   91
163 763   20  105
173 775   20  117
183 781   20  130
193 784 -120  141
203 786 -120  153
213 776 -120  165
223 727 -120  176
233 724 -120  185
243 735 -120  195
253 741 -120  201
263 718 -120  205
273 692 -120  205
283 680 -120  205
293 674 -120  197
304 677 -120  183
314 693 -120  166
325 713 -120  149
336 731 -120  129
346 739 -120  109
358 742 -120   85
369 742 -120   62
379 743 -120   38
390 747 -120   13
400 753   80  -11
410 753   80  -22
420 712   80  -35
430 719   80  -46
441 733   80  -57
451 748   80  -70
461 754   80  -82
472 735   80  -91
482 708   57  -95
493 692   23  -95
504 710   10  -95
515 746   10  -84
525 767   10  -71
536 777   10  -60
546 782   10  -47
556 785   10  -33
566 787   10  -19
577 788   10   -5
587 789   10    9
99999 0 0 0 
  0 796  100    1
 10 795  100    1
 20 767  100    1
 30 738  100    1
 40 740  100    1
 50 751  100    1
 60 756  100    1
 70 740  100    4
 80 710  100   12
 90 690  100   23
100 687  100   35
110 698  100   47
120 713   79   59
130 725   20   72
140 726   20   85
150 751   20   99
160 770   20  114
170 777   20  127
180 782 -120  139
190 784 -120  152
200 760 -120  165
211 726 -120  178
221 729 -120  189
232 738 -120  199
242 721 -120  205
252 691 -120  207
262 679 -120  207
272 674 -120  203
282 673 -120  191
293 683 -120  175
303 703 -120  157
314 721 -120  139
326 737 -120  117
337 743 -120   95
347 744 -120   73
357 744 -120   51
368 746 -120   24
379 750 -120   -1
389 754   80  -18
401 723   80  -32
411 717   80  -45
422 731   80  -56
432 746   80  -70
443 755   80  -83
453 744   80  -92
464 715   64  -99
475 695   42  -99
485 690   10  -99
495 723   10  -95
505 746   10  -81
515 767   10  -68
525 776   10  -59
535 782   10  -44
545 784   10  -30
556 786   10  -15
566 787   10   -1
99999 0 0 0 
  0 795  100    1
 10 795  100    1
 20 795  100    1
 30 758  100    1
 40 737  100    1
 51 742  100    1
 61 751  100    1
 71 749  100    1
 81 726  100    5
 91 698  100   15
101 685  100   26
111 688  100   37
121 703  100   50
131 717   68   62
141 726   20   74
151 726   20   88
161 756   20  101
171 770   20  116
181 777   20  129
191 781   10  141
201 784   10  154
211 786   10  166
221 788   10  178
231 789   10  189
241 790   10  200
251 791   10  209
261 791   10  218
271 791   10  226
281 791   10  233
291 792   10  241
301 792   10  247
311 792   10  252
321 792   10  257
331 792   10  261
341 793   10  264
351 793   10  266
361 793   10  268
371 793   10  269
381 793   10  270
391 793   10  271
402 793   10  271
412 793   10  271
423 793   10  271
433 793   10  271
443 793   10  271
453 793   10  271
463 793   10  271
473 793   10  270
483 794   10  268
493 793   10  264
503 793   10  260
513 794   10  255
523 793   10  251
533 792   10  247
543 793   10  243
553 793   10  239
563 793   10  236
573 793   10  233
583 793   10  232
593 793   10  229
603 794   10  228
613 793   10  227
623 794   10  225
633 794   10  225
643 794   10  224
653 794   10  223
663 793   10  221
673 794   10  221
683 794   10  220
693 793   10  219
703 794   10  218
713 793   10  217
723 793   10  217
733 794   10  217
743 794   10  217
753 794   10  217
763 794   10  217
773 794   10  217
783 794   10  217
793 794   10  217
803 793   10  217
813 794   10  217
823 794   10  217
833 794   10  217
843 794   10  217
853 794   10  217
863 794   10  217
873 794   10  217
883 794   10  217
893 794   10  217
903 794   10  217
913 794   10  217
923 794   10  217
933 794   10  217
943 794   10  217
953 794   10  217
963 794   10  217
973 794   10  217
983 794   10  217
993 794   10  217
1003 794   10  217
1013 794   10  217
1023 794   10  217
1033 794   10  217
1043 794   10  217
1053 794   10  217
1063 794   10  217
1073 794   10  217
1083 794   10  217
1093 794   10  217
1103 794   10  217
1113 794   10  217
1123 794   10  217
1133 794   10  217
1143 794   10  217
1153 794   10  217
1163 794   10  217
1173 794   10  217
1183 794   10  217
1193 794   10  217
1203 794   10  217
1213 794   10  217
1223 794   10  217
1233 794   10  217
1243 794   10  217
1253 794   10  217
1263 794   10  217
1273 794   10  217
1283 793   10  217
1293 794   10  217
1303 794   10  217
1313 793   10  217
1323 794   10  217
1333 794   10  217
1343 794   10  217
1353 794   10  217
1363 794   10  217
1373 794   10  217
1383 794   10  217
1393 794 -120  217
1403 794 -120  217
1413 780 -120  217
1423 741 -120  216
1433 740 -120  215
1443 749 -120  214
1453 759 -120  213
1463 766 -120  207
1473 762 -120  203
1483 739 -120  196
1493 708 -120  185
1503 689 -120  172
1513 690 -120  155
1523 706 -120  138
1533 726 -120  119
1543 741 -120  101
1553 751 -120   80
1563 754 -120   58
1573 752 -120   36
1583 750 -120   13
1593 751 -120  -11
1603 750   80  -23
1613 741   80  -35
1623 723   80  -51
1633 709   80  -65
1643 713   80  -80
1653 730   80  -97
1663 744   80 -113
1673 745   80 -131
1683 721   80 -143
1693 697   80 -148
1703 687   31 -149
1713 684    0 -148
1723 722   10 -143
1733 756   10 -128
1743 771   10 -117
1753 778   10 -103
1763 782   10  -88
1773 785   10  -73
1783 786   10  -60
1793 787   10  -47
1803 788   10  -34
99999 0 0 0 
1813 789   10  -23
1823 789   10  -13
1833 790   10   -5
1843 790  101    1
1853 790  101    6
1863 783  101   11
1873 766  101   15
1883 765  101   18
1893 768  101   24
1903 759  101   26
1913 731  101   30
1923 701  101   36
1933 684  101   44
1943 679  101   54
1953 685   47   65
1963 699   20   77
1973 723   20   89
1983 744   20  102
1993 761   20  115
2003 772   20  128
2013 778   10  140
2023 782   10  150
2033 784   10  161
2043 786   10  173
2053 787   10  183
2063 788   10  193
2073 789   10  201
2083 789   10  209
2093 789   10  216
2103 790   10  223
2113 790   10  228
2123 790   10  233
2133 791   10  238
2143 790   10  242
2153 791   10  245
2163 791   10  248
2173 791   10  249
2183 791   10  251
2193 792   10  251
2203 791   10  252
2213 791   10  252
2223 792   10  252
2233 792   10  252
2243 791   10  252
2253 792   10  252
2263 792   10  252
2273 792   10  252
2283 792   10  251
2293 792   10  248
2303 792   10  244
2313 792   10  241
2323 792   10  238
2333 792   10  235
2343 792   10  233
2353 792   10  231
2363 792   10  229
2373 792   10  227
2383 793   10  225
2393 792   10  224
2403 792   10  223
2413 792   10  222
2423 793   10  221
2433 793   10  220
2443 793   10  219
2453 792   10  217
2463 793   10  217
2473 793   10  216
2483 793   10  215
2493 793   10  215
2503 793   10  215
2513 792   10  214
2523 793   10  213
2533 792   10  213
2543 792   10  213
2553 793   10  213
2563 792   10  213
2573 793   10  213
2583 793   10  213
2593 793   10  213
2603 793   10  213
2613 793   10  213
2623 793   10  213
2633 793   10  213
2643 793   10  213
2653 793   10  213
2663 793   10  213
2673 793   10  213
2683 793   10  213
2693 793   10  213
2703 793   10  213
2713 792   10  213
2723 793   10  213
2733 793   10  213
2743 793   10  213
2753 792   10  213
2763 793   10  213
2773 793   10  213
2783 793   10  213
2793 793   10  213
2803 793   10  213
2813 793   10  213
2823 793   10  213
2833 793   10  213
2843 793   10  213
2853 793   10  213
2863 793   10  213
2873 793   10  213
2883 793   10  213
2893 793   10  213
2903 793   10  213
2913 793   10  213
2923 793   10  213
2933 793   10  213
2943 794   10  213
2953 793   10  213
2963 793   10  213
2973 793   10  213
2983 793   10  213
2993 793   10  213
3003 793   10  213
3013 793   10  213
3023 793   10  213
3033 793   10  213
3043 793   10  213
3053 793   10  213
3063 793   10  213
3073 793   10  213
3083 793   10  213
3093 794   10  213
3103 793   10  213
3113 793   10  213
3123 793   10  213
3133 793   10  213
3143 793   10  213
3153 793   10  213
3163 793   10  213
3173 793   10  213
3183 793   10  213
3193 793   10  213
3203 793   10  213
3213 793   10  213
3223 793   10  213
3233 793   10  213
3243 793   10  213
3253 793   10  213
3263 793   10  213
3273 793   10  213
3283 793   10  213
3293 793   10  213
3303 793   10  213
3313 793   10  213
3323 793   10  213
3333 793   10  213
3343 793   10  213
3353 793   10  213
3363 793   10  213
3373 793   10  213
3383 793   10  213
3393 793   10  213
3403 793   10  213
3413 793   10  213
3423 793   10  213
3433 793   10  213
3443 793   10  213
3453 793   10  213
3463 793   10  213
3473 793   10  213
3483 793   10  213
3493 793   10  213
3503 793   10  213
3513 793   10  213
3523 793   10  213
3533 793   10  213
3543 793   10  213
3553 793   10  213
3563 793   10  213
3573 793   10  213
3583 793   10  213
3593 793   10  213
3603 793   10  213
3613 793   10  213
3623 793   10  213
3633 793   10  213
3643 793   10  213
3653 793   10  213
3663 793   10  213
3673 793   10  213
3683 794   10  213
3693 794 -121  213
3703 793 -121  213
3713 793 -121  213
3723 749 -121  213
3733 737 -121  213
3743 744 -121  212
3753 755 -121  210
3763 763 -121  205
3773 766 -121  201
3783 750 -121  196
3793 720 -121  187
3803 696 -121  175
3813 689 -121  160
3823 701 -121  143
3833 719 -121  125
3843 736 -121  105
3853 746 -121   86
3863 752 -121   65
3873 752 -121   43
3883 750 -121   20
3893 750 -121   -4
3903 750   80  -19
3913 745   80  -31
3923 716   80  -44
3933 725   80  -56
3943 739   80  -69
3953 752   80  -83
3963 753   80  -96
3973 729   80 -107
3983 702   80 -111
3993 693   23 -111
4003 690   10 -111
4013 734   10 -103
4023 758   10  -89
4033 772   10  -77
4043 779   10  -65
4053 783   10  -51
4063 785   10  -37
4073 786   10  -23
4083 787   10   -9
99999 0 0 0 
4093 788   10    5
4103 788   10   17
4113 789   10   27
4123 790  101   34
4133 790  101   40
4143 790  101   44
4153 770  101   46
4163 760  101   48
4173 762  101   52
4183 765  101   53
4193 755  101   53
4203 729   96   56
4213 702   69   61
4223 685   31   69
4233 676   20   78
4243 718   20   89
4253 752   20  101
4263 767   20  110
4273 776   20  120
4283 780   10  130
4293 783   10  139
4303 786   10  148
4313 787   10  156
4323 788   10  163
4333 789   10  171
4343 789   10  177
4353 789   10  183
4363 790   10  188
4373 790   10  192
4383 790   10  196
4393 790   10  199
4403 790   10  201
4413 790   10  203
4423 790   10  204
4433 791   10  204
4443 791   10  204
4453 791   10  204
4463 791   10  204
4473 791   10  204
4483 791   10  204
4493 790   10  204
4503 791   10  201
4513 791   10  197
4523 791   10  193
4533 792   10  187
4543 791   10  181
4553 791   10  176
4563 791   10  172
4573 791   10  168
4583 791   10  165
4593 791   10  163
4603 791   10  161
4613 791   10  160
4623 791   10  159
4633 791   10  159
4643 792   10  158
4653 792   10  157
4663 792   10  157
4673 792   10  157
4683 792   10  157
4693 792   10  157
4703 792   10  157
4713 792   10  157
4723 791   10  157
4733 792   10  157
4743 792   10  157
4753 792   10  157
4763 792   10  157
4773 792   10  157
4783 793   10  157
4793 792   10  157
4803 793   10  157
4813 793   10  157
4823 792   10  157
4833 793   10  157
4843 793   10  157
4853 792   10  157
4863 793   10  157
4873 793   10  157
4883 793   10  157
4893 792   10  157
4903 792   10  157
4913 792   10  157
4923 792   10  157
4933 792   10  157
4943 793   10  157
4953 793   10  157
4963 792   10  157
4973 792   10  157
4983 793   10  157
4993 793   10  157
5003 792   10  157
5013 793   10  157
5023 792   10  157
5033 792   10  157
5043 793   10  157
5053 792   10  157
5063 793   10  157
5073 792   10  157
5083 792   10  157
5093 793   10  157
5103 793   10  157
5113 792   10  157
5123 792   10  157
5133 793   10  157
5143 792   10  157
5153 793   10  157
5163 793   10  157
5173 792   10  157
5183 793   10  157
5193 793   10  157
5203 793   10  157
5213 792   10  157
5223 793   10  157
5233 793   10  157
5243 792   10  157
5253 793   10  157
5263 792   10  157
5273 792   10  157
5283 793   10  157
5293 793   10  157
5303 793   10  157
5313 793   10  157
5323 793 -121  157
5333 793 -121  157
5343 749 -121  157
5353 737 -121  156
5363 743 -121  156
5373 754 -121  155
5383 762 -121  150
5393 764 -121  147
5403 745 -121  142
5413 713 -121  134
5423 692 -121  122
5433 687 -121  107
5443 698 -121   91
5453 717 -121   73
5463 733 -121   55
5473 745 -121   36
5483 750 -121   16
5493 748 -121   -6
5503 746   81  -19
5513 737   81  -31
5523 715   81  -43
5533 722   81  -55
5543 736   81  -68
5553 749   81  -81
5563 754   81  -94
5573 732   81 -104
5583 704   73 -109
5593 689   31 -109
5603 684   10 -109
5613 731   10 -103
5623 758   10  -91
5633 772   10  -79
5643 779   10  -67
5653 782   10  -53
5663 784   10  -39
5673 786   10  -25
5683 787   10  -12
99999 0 0 0 
5693 787   10    1
5703 788   10   12
5714 788  101   22
5724 789  101   29
5734 777  101   34
5744 761  101   37
5754 762  101   40
5764 766  101   44
5774 769  101   46
5784 756  101   47
5794 732  101   50
5804 704  101   55
5814 686   53   64
5824 680   20   75
5834 682   20   87
5844 718   20   99
5854 751   20  111
5864 769   20  122
5874 775   10  132
5884 780   10  142
5894 782   10  153
5904 784   10  162
5914 786   10  171
5924 787   10  179
5934 788   10  187
5944 788   10  194
5954 788   10  200
5964 789   10  205
5974 789   10  211
5984 789   10  215
5994 789   10  218
6004 790   10  221
6014 790   10  223
6024 790   10  224
6034 790   10  225
6044 790   10  225
6054 791   10  225
6064 790   10  225
6074 791   10  225
6084 791   10  225
6094 790   10  225
6104 791   10  225
6114 791   10  225
6124 790   10  223
6134 790   10  220
6144 791   10  217
6154 791   10  215
6164 790   10  212
6174 790   10  209
6184 791   10  207
6194 791   10  205
6204 791   10  203
6214 791   10  201
6224 791   10  199
6234 791   10  197
6244 791   10  197
6254 791   10  196
6264 791   10  195
6274 791 -121  193
6284 791 -121  193
6294 759 -121  193
6304 737 -121  191
6314 740 -121  189
6324 751 -121  188
6334 760 -121  184
6344 765 -121  179
6354 758 -121  174
6364 730 -121  166
6374 703 -121  155
6384 690 -121  140
6394 697 -121  123
6404 712 -121  106
6414 729 -121   87
6424 741 -121   67
6434 749 -121   47
6444 751 -121   25
6454 750 -121    2
6464 748   81  -16
6474 745   81  -27
6484 729   81  -39
6494 711   81  -55
6504 718   81  -68
6514 732   81  -83
6524 746   81  -99
6534 748   81 -113
6544 724   81 -124
6554 698   81 -129
6564 686   31 -130
6574 682    0 -129
6584 726   10 -123
6594 756   10 -110
6604 770   10  -99
6614 777   10  -85
6624 780   10  -72
6634 783   10  -58
6644 785   10  -45
6654 786   10  -32
6664 787   10  -20
99999 0 0 0 
6674 787   10   -8
6684 788   10    1
6695 788  101    9
6705 788  101   14
6715 789  101   19
6725 774  101   21
6735 761  101   25
6745 762  101   31
6755 764  101   31
6765 749  101   32
6775 722  101   36
6785 695  101   42
6795 682  101   49
6806 680   74   61
6816 685   20   73
6826 698   20   85
6836 733   20   97
6846 754   20  110
6856 768   20  122
6866 775   10  133
6876 779   10  143
6886 782   10  154
6896 784   10  164
6907 786   10  174
6918 786   10  185
6928 787   10  193
6939 788   10  201
6950 788   10  208
6960 788   10  214
6971 788   10  220
6981 789   10  224
6991 789   10  228
7001 789   10  231
7011 789   10  233
7021 789   10  235
7031 789   10  236
7042 790   10  236
7054 790   10  236
7064 790   10  236
7074 790   10  236
7084 790   10  236
7094 790   10  236
7104 790   10  236
7114 790   10  236
7125 790   10  236
7135 790   10  233
7145 790   10  229
7155 791   10  227
7165 790   10  225
7175 790   10  223
7185 790   10  221
7195 790   10  219
7205 790   10  217
7215 790   10  216
7225 790   10  215
7235 791   10  213
7245 790   10  213
7255 790   10  212
7265 790 -121  211
7275 791 -121  210
7285 790 -121  209
7295 790 -121  209
7305 747 -121  208
7315 737 -121  207
7325 743 -121  205
7335 753 -121  203
7345 762 -121  197
7355 765 -121  193
7365 752 -121  187
7375 723 -121  179
7385 696 -121  166
7395 689 -121  150
7405 699 -121  133
7415 717 -121  115
7425 732 -121   97
7435 745 -121   77
7445 751 -121   55
7455 751 -121   33
7465 749 -121   11
7475 748   81  -13
7485 749   81  -31
7495 745   81  -35
7505 719   81  -35
7515 734   81  -37
7525 750   81  -37
7535 760   81  -38
7545 767   81  -38
7555 770   10  -38
7565 756   10  -39
7575 729   10  -38
7585 711   10  -36
7595 750   10  -25
7605 768   10  -13
7615 777   10   -3
7625 781   10    9
7635 784   10   22
7645 786   10   33
99999 0 0 0 
7655 786   10   44
7665 787   10   53
7675 787   80   61
7685 788   31   69
7695 785   20   74
7705 780   20   78
7715 781   20   82
7725 784   20   85
7735 786   20   86
7745 786   20   87
7755 786   20   87
7765 787   20   87
7775 787   20   89
7785 787   20   89
7795 787   20   89
7805 786   10   89
7815 785   10   89
7825 787   10   89
7835 788   10   89
7845 788   10   89
7855 789   10   89
7865 789   10   89
7875 789   10   89
7885 789   10   89
7895 790   10   89
7905 790   10   89
7915 790   10   89
7925 790   10   89
7935 790   10   89
7945 790   10   89
7955 790   10   89
7965 790 -121   89
7975 790 -121   89
7985 765 -121   89
7995 738 -121   87
8005 740 -121   86
8015 750 -121   84
8025 759 -121   81
8035 766 -121   75
8045 761 -121   71
8055 733 -121   63
8065 702 -121   51
8075 688 -121   37
8085 694 -121   20
8095 711 -121    3
8105 729   81  -11
8115 738   81  -18
8125 733   81  -27
8135 715   81  -39
8145 727   81  -48
8155 740   81  -60
8165 752   81  -71
8175 753   81  -83
8185 731   81  -91
8195 704   56  -93
8205 692    6  -92
8215 692   10  -92
8225 740   10  -80
8235 762   10  -67
8245 773   10  -56
8255 779   10  -41
8265 782   10  -27
8275 783   10  -13
8285 784   10    1
8295 786   10   14
8305 786   10   25
99999 0 0 0 
8315 786   10   35
8325 787   10   42
8336 787  101   47
8346 769  101   51
8358 757  101   54
8368 760  101   55
8378 765   80   59
8388 762   74   60
8398 743   69   61
8408 721   47   65
8418 714   20   72
8428 718   20   81
8438 745   20   92
8448 764   20  103
8458 773   20  111
8468 778   20  121
8478 781   20  129
8488 783   10  138
8498 783   10  147
8508 785   10  154
8518 786   10  161
8528 787   10  168
8538 788   10  174
8548 788   10  179
8558 788   10  184
8568 788   10  188
8578 788   10  191
8588 789   10  193
8598 789   10  195
8608 789   10  197
8618 789   10  197
8628 789   10  197
8638 789   10  197
8648 789   10  197
8658 790   10  197
8668 789   10  197
8678 790   10  197
8688 790   10  197
8698 789   10  193
8708 789   10  189
8718 789   10  185
8728 789   10  182
8738 789   10  179
8748 789   10  176
8758 789   10  174
8768 789   10  173
8778 790   10  172
8788 790   10  171
8798 790   10  170
8808 790   10  169
8818 790   10  169
8828 790   10  168
8838 790   10  168
8848 790   10  168
8858 790   10  167
8868 790   10  167
8878 790   10  167
8888 790   10  167
8898 790   10  167
8908 790   10  167
8918 790   10  167
8928 790   10  167
8938 790   10  167
8948 790   10  167
8958 790   10  167
8968 790   10  167
8978 790   10  167
8988 791   10  167
8998 790   10  167
9008 790   10  167
9018 791   10  167
9028 790   10  167
9038 790   10  167
9048 790   10  167
9058 790   10  167
9068 790   10  167
9078 790   10  167
9088 790   10  167
9098 790   10  167
9108 790   10  167
9118 790   10  167
9128 791   10  167
9138 791   10  167
9148 791   10  167
9158 790   10  167
9168 790   10  167
9178 790   10  167
9188 790   10  167
9198 791   10  167
9208 791   10  167
9218 791   10  167
9228 790   10  167
9238 790   10  167
9248 790   10  167
9258 790   10  167
9268 791   10  167
9278 791   10  167
9288 791   10  167
9298 791   10  167
9308 790   10  167
9318 791   10  167
9328 791   10  167
9338 790   10  167
9348 790   10  167
9358 791   10  167
9368 791   10  167
9379 791   10  167
9389 791   10  167
9399 791   10  167
9409 791   10  167
9419 790   10  167
9429 791   10  167
9439 790   10  167
9449 791   10  167
9459 791   10  167
9469 791   10  167
9479 792   10  167
9489 791   10  167
9499 791   10  167
9509 791   10  167
9519 791   10  167
9529 791   10  167
9539 791   10  167
9549 791   10  167
9559 791   10  167
9569 791   10  167
9579 791   10  167
9589 791   10  167
9599 791   10  167
9609 791   10  167
9619 791   10  167
9629 791   10  167
9639 790   10  167
9649 791   10  167
9659 791   10  167
9669 791   10  167
9679 791   10  167
9689 791   10  167
9699 790   10  167
9709 790   10  167
9719 791   10  167
9729 791   10  167
9739 791   10  167
9749 791   10  167
9759 791   10  167
9769 791   10  167
9779 791   10  167
9789 791   10  167
9799 791   10  167
9809 791   10  167
9819 792   10  167
9829 791   10  167
9840 791   10  167
9850 791   10  167
9860 791   10  167
9870 791   10  167
9880 791   10  167
9890 791   10  167
9900 791   10  167
9910 791   10  167
9920 791   10  167
9930 791   10  167
9940 791   10  167
9950 791   10  167
9961 791   10  167
9971 791   10  167
9981 791   10  167
9991 791   10  167
10001 791   10  167
10011 791   10  167
10021 791   10  167
10031 791   10  167
10041 793   10  167
10051 791   10  167
10061 791   10  167
10071 791   10  167
10081 791   10  167
10092 791   10  167
10103 791   10  167
10113 791   10  167
10123 791   10  167
10134 791   10  167
10145 791   10  167
10156 791   10  167
10166 791   10  167
10176 791   10  167
10186 791   10  167
10196 791   10  167
10207 791   10  167
10218 791   10  167
10228 791   10  167
10238 791   10  167
10248 791   10  167
10258 791   10  167
10268 791   10  167
10278 791   10  167
10288 791   10  167
10298 791   10  167
10308 791   10  167
10318 791   10  167
10328 791   10  167
10338 792   10  167
10348 791   10  167
10358 792   10  167
10368 791   10  167
10378 791   10  167
10388 791   10  167
10398 791   10  167
10408 791   10  167
10418 792   10  167
10428 791   10  167
10438 790   10  167
10448 791   10  167
10458 791   10  167
10468 791   10  167
10478 791   10  167
10488 791  -20  167
10498 791  -20  167
10508 790  -20  167
10518 789  -20  167
10528 789  -20  167
10538 789  -20  167
10548 787  -20  167
10558 789  -20  165
10568 789   10  164
10578 789   10  161
10588 790   20  159
10598 790   20  156
10608 791   20  153
10618 790   20  149
10628 789   20  145
10639 789   10  141
10649 789   10  137
10659 790   10  133
10669 791   10  129
10679 791   10  126
10689 791   10  125
10699 791   10  123
10709 791   10  123
10719 791   10  122
10729 791   10  122
10739 791   10  122
10749 791   10  121
10759 791   10  121
10769 791   10  121
10779 791   10  120
10789 791   10  119
10799 791   10  119
10809 792   10  119
10819 791   10  119
10829 791   10  119
10839 791   10  119
10849 791   10  119
10860 791   10  119
10870 791   10  119
10880 791   10  119
10890 791   10  119
10900 791   10  119
10910 791   10  119
10920 791   10  119
10930 791   10  119
10940 791   10  119
10950 791   10  119
10961 791   10  119
10971 791   10  119
10981 791   10  119
10991 792   10  119
11001 791   10  119
11011 791   10  119
11021 791   10  119
11032 791   10  119
11044 791   10  119
11054 791   10  119
11064 792   10  119
11074 792   10  119
11084 791   10  119
11094 791   10  119
11105 792   10  119
11115 791   10  119
11125 792   10  119
11136 791   10  119
11146 792   10  119
11157 792   10  119
11168 792   10  119
11178 792   10  119
11188 791   10  119
11198 792   10  119
11208 792   10  119
11218 791   10  119
11228 792   10  119
11238 791   10  119
11248 792   10  119
11258 792   10  119
11268 791   10  119
11278 791   10  119
11288 791   10  119
11298 792   10  119
11308 791   10  119
11318 791   10  119
11328 791   10  119
11338 792   10  119
11348 791   10  119
11358 792   10  119
11368 792   10  119
11378 791   10  119
11388 791   10  119
11398 792   10  119
11408 791   10  119
11418 791   10  119
11428 792   10  119
11438 792   10  119
11448 792   10  119
11458 791   10  119
11468 790   10  119
11478 791   10  119
11489 792   10  119
11500 791   10  119
11511 792   10  119
11523 791   10  119
11533 792   10  119
11543 791   10  119
11553 792   10  119
11563 791   10  119
11573 791   10  119
11583 793   10  119
11593 791   10  119
11603 791   10  119
11613 792   10  119
11624 791   10  119
11634 792   10  119
11644 791   10  119
11654 792   10  119
11664 791   10  119
11674 791   10  119
11684 793   10  119
11695 792   10  119
11705 792   10  119
11715 792   10  119
11726 791   10  119
11737 792   10  119
11748 791   10  119
11758 791   10  119
11768 792   10  119
11778 792   10  119
11788 791   10  119
11798 791   10  119
11808 792   10  119
11818 792   10  119
11828 791   10  119
11838 792   10  119
11848 792   10  119
11858 792   10  119
11868 792   10  119
11878 792   10  119
11888 792   10  119
11898 792   10  119
11908 791   10  119
11918 791   10  119
11928 792   10  119
11938 792   10  119
11948 792   10  119
11958 791   10  119
11968 791   10  119
11978 792   10  119
11988 792   10  119
11998 791   10  119
12008 792   10  119
12018 792   10  119
12028 792   10  119
12038 792   10  119
12049 792   10  119
12059 792   10  119
12069 791   10  119
12079 792   10  119
12089 791   10  119
12099 792   10  119
12109 791   10  119
12119 792   10  119
12129 792   10  119
12139 792   10  119
12149 792   10  119
12159 792   10  119
12169 792   10  119
12179 792   10  119
12190 793   10  119
12200 791   10  119
12210 792   10  119
12220 792   10  119
12230 792   10  119
12240 792   10  119
12250 791   10  119
12260 792   10  119
12271 792   10  119
12281 792   10  119
12291 792   10  119
12301 792   10  119
12311 791   10  119
12321 792   10  119
12331 792   10  119
12341 792   10  119
12352 792   10  119
12363 792   10  119
12373 792   10  119
12383 792   10  119
12393 792   10  119
12403 791   10  119
12413 792   10  119
12423 792   10  119
12433 792   10  119
12443 792   10  119
12453 791   10  119
12463 791   10  119
12473 792   10  119
12483 792   10  119
12493 792   10  119
12503 792   10  119
12513 792   10  119
12523 792   10  119
12533 792   10  119
12543 792   10  119
12553 792   10  119
12563 791   10  119
12573 792   10  119
12583 792   10  119
12593 791   10  119
12603 792   10  119
12613 792   10  119
12623 791   10  119
12634 792  -20  119
12644 791  -20  119
12654 790  -20  119
12664 789  -20  119
12674 789  -20  118
12684 789   10  117
12694 790   20  116
12704 790   20  115
12714 791   20  113
12724 789   20  110
12734 789   20  108
12744 789   10  104
12754 789   10  101
12764 789   10   97
12774 790   10   94
12784 791   10   91
12794 791   10   89
12804 791   10   89
12814 792   10   88
12824 791   10   87
12834 791   10   87
12844 792   10   87
12854 792   10   86
12864 791   10   85
12874 792   10   84
12884 792   10   83
12894 792   10   83
12904 792   10   82
12914 792   10   81
12925 792   10   81
12936 792   10   81
12946 792   10   81
12956 792   10   81
12966 792   10   81
12976 792   10   81
12986 792   10   81
12996 791   10   81
13006 792   10   81
13017 792   10   81
13027 792   10   81
13038 792   10   81
13048 792   10   81
13058 792   10   81
13069 792   10   81
13079 792   10   81
13089 792   10   81
13099 792   10   81
13109 792   10   81
13119 792   10   81
13129 792   10   81
13139 792   10   81
13149 791   10   81
13159 792   10   81
13169 792   10   81
13179 792   10   81
13189 792   10   81
13199 792   10   81
13209 792   10   81
13219 792   10   81
13230 792   10   81
13240 792   10   81
13250 792   10   81
13260 792   10   81
13270 792   10   81
13280 792   10   81
13290 792   10   81
13300 792   10   81
13310 792   10   81
13320 792   10   81
13330 792   10   81
13340 792   10   81
13350 792   10   81
13360 792   10   81
13370 792   10   81
13381 792   10   81
13391 792   10   81
13401 792   10   81
13411 792   10   81
13421 793   10   81
13432 792   10   81
13443 792   10   81
13453 792   10   81
13463 792   10   81
13473 792   10   81
13483 792   10   81
13493 792   10   81
13503 792   10   81
13513 792   10   81
13523 792   10   81
13533 792   10   81
13543 792   10   81
13553 792   10   81
13563 793   10   81
13573 792   10   81
13583 792   10   81
13593 792   10   81
13603 792   10   81
13613 791   10   81
13623 792   10   81
13633 792   10   81
13643 792   10   81
13653 793   10   81
13663 791   10   81
13674 792   10   81
13684 792   10   81
13694 792   10   81
13704 792   10   81
13714 792   10   81
13724 792   10   81
13734 792   10   81
13744 793   10   81
13754 792   10   81
13764 792   10   81
13774 792   10   81
13784 792   10   81
13795 792   10   81
13805 792   10   81
13815 792   10   81
13825 792   10   81
13836 792   10   81
13846 792   10   81
13857 792   10   81
13868 792   10   81
13878 792   10   81
13888 792   10   81
13898 792   10   81
13908 793   10   81
13918 792   10   81
13928 793   10   81
13938 792   10   81
13948 791   10   81
13958 792   10   81
13968 792   10   81
13978 792   10   81
13988 792   10   81
13998 793   10   81
14008 792   10   81
14018 792   10   81
14028 791   10   81
14038 792   10   81
14048 792   10   81
14058 792   10   81
14068 793   10   81
14078 793   10   81
14088 792   10   81
14098 792   10   81
14108 793   10   81
14118 793   10   81
14128 792   10   81
14138 792   10   81
14148 793   10   81
14158 793   10   81
14168 793   10   81
14178 792   10   81
14188 793   10   81
14198 792   10   81
14208 792   10   81
14218 792   10   81
14228 793   10   81
14238 793   10   81
14248 792   10   81
14259 792   10   81
14269 793   10   81
14279 792   10   81
14289 793   10   81
14300 792   10   81
14310 792   10   81
14320 792   10   81
14330 793   10   81
14340 792   10   81
14350 792   10   81
14360 792   10   81
14370 793   10   81
14380 793   10   81
14390 793   10   81
14400 793   10   81
14410 793   10   81
14420 792   10   81
14430 792   10   81
14440 792   10   81
14450 792   10   81
14460 792   10   81
14470 793   10   81
14480 792   10   81
14491 793   10   81
14501 792   10   81
14512 792   10   81
14523 792   10   81
14533 792   10   81
14543 793   10   81
14553 792   10   81
14563 793   10   81
14573 792   10   81
14583 793   10   81
14593 792   10   81
14603 792   10   81
14613 792   10   81
14623 792   10   81
14633 792   10   81
14643 792   10   81
14653 792   10   81
14663 792   10   81
14673 792   10   81
14683 793   10   81
14693 792   10   81
14703 793   10   81
14713 792   10   81
14723 793   10   81
14733 793   10   81
14743 791   10   81
14753 792  -20   81
14763 793  -20   81
14773 790  -20   81
14783 790  -20   81
14793 789  -20   81
14803 790  -20   80
14813 790   10   79
14823 790   10   77
14833 791   20   76
14843 791   20   73
14853 792   20   71
14863 790   20   67
14873 790   20   63
14883 790   10   59
14893 789   10   55
14903 791   10   52
14913 791   10   49
14923 791   10   47
14933 791   10   46
14943 792   10   46
14953 792   10   45
14963 792   10   45
14973 792   10   45
14983 792   10   45
14993 792   10   45
15003 792   10   45
15013 792   10   45
15023 793   10   45
15033 793   10   45
15043 793   10   45
15053 793   10   44
15063 793   10   44
15073 792   10   44
15083 792   10   44
15093 793   10   44
15103 793   10   44
15113 792   10   44
15123 793   10   44
15133 792   10   44
15143 792   10   44
15153 793   10   44
15163 792   10   44
15173 792   10   44
15183 793   10   44
15193 792   10   44
15203 793   10   44
15213 793   10   44
15223 792   10   44
15233 793   10   44
15243 793   10   44
15253 793   10   44
15263 793   10   44
15273 792   10   44
15283 793   10   44
15293 793   10   44
15303 793   10   44
15313 792   10   44
15323 792   10   44
15333 793   10   44
15343 793   10   44
15353 792   10   44
15363 793   10   44
15373 793   10   44
15383 792   10   44
15393 793   10   44
15403 793   10   44
15413 792   10   44
15423 793   10   44
15433 793   10   44
15443 792   10   44
15453 793   10   44
15463 792   10   44
15473 792   10   44
15483 792   10   44
15493 793   10   44
15503 793   10   44
15513 793   10   44
15523 793   10   44
15533 793   10   44
15543 792   10   44
15553 793   10   44
15563 793   10   44
15573 793   10   44
15583 792   10   44
15593 792   10   44
15603 793   10   44
15613 793   10   44
15623 792   10   44
15633 793   10   44
15643 793   10   44
15653 792   10   44
15663 792   10   44
15673 793   10   44
15683 792   10   44
15693 793   10   44
15703 793   10   44
15713 793   10   44
15724 793   10   44
15734 793   10   44
15744 793   10   44
15754 792   10   44
15764 792   10   44
15774 793   10   44
15784 793   10   44
15794 792   10   44
15804 793   10   44
15814 793   10   44
15824 793   10   44
15834 793   10   44
15844 793   10   44
15854 792   10   44
15864 793   10   44
15874 793   10   44
15884 792   10   44
15895 793   10   44
15905 792   10   44
15915 792   10   44
15925 792   10   44
15935 793   10   44
15945 793   10   44
15955 793   10   44
15966 793   10   44
15976 793   10   44
15986 793   10   44
15996 793   10   44
16006 793   10   44
16016 792   10   44
16027 793   10   44
16038 793   10   44
16048 793   10   44
16058 792   10   44
16068 793   10   44
16078 793   10   44
16088 793   10   44
16098 793   10   44
16108 793   10   44
16118 793   10   44
16128 793   10   44
16138 793   10   44
16148 793   10   44
16158 793   10   44
16168 793   10   44
16178 793   10   44
16188 793   10   44
16198 793   10   44
16208 793   10   44
16218 793   10   44
16228 792   10   44
16238 792   10   44
16248 793   10   44
16258 793   10   44
16269 792   10   44
16279 793   10   44
16289 792   10   44
16299 792   10   44
16309 793   10   44
16319 793   10   44
16329 792   10   44
16339 792   10   44
16349 793   10   44
16359 793   10   44
16369 792   10   44
16379 792   10   44
16389 793   10   44
16399 793   10   44
16409 793   10   44
16419 792   10   44
16429 792   10   44
16439 793   10   44
16449 792   10   44
16459 793   10   44
16469 793   10   44
16479 792   10   44
16489 792   10   44
16499 793   10   44
16509 793   10   44
16519 793   10   44
16529 793   10   44
16539 793   10   44
16549 792   10   44
16559 793   10   44
16569 793   10   44
16579 793   10   44
16589 793   10   44
16599 792   10   44
16609 793   10   44
16619 793   10   44
16629 792   10   44
16639 793   10   44
16649 793   10   44
16659 793   10   44
16669 793   10   44
16679 793   10   44
16689 792   10   44
16699 793   10   44
16709 793   10   44
16719 793   10   44
16729 793   10   44
16739 793   10   44
16749 793   10   44
16759 792   10   44
16769 793   10   44
16779 792   10   44
16789 793   10   44
16799 791   10   44
16809 792   10   44
16819 793   10   44
16829 793   10   44
16839 793   10   44
16849 793   10   44
16859 793   10   44
16869 793   10   44
16879 793  -20   44
16889 793  -20   44
16899 791  -20   44
16909 790  -20   43
16919 791   10   42
16930 790  101   41
16940 790  101   39
16950 750  101   37
16960 725  101   35
16970 729  101   34
16980 725  101   34
16990 708  101   35
17000 689  101   35
17010 681  101   39
17020 683  101   49
17030 693   91   58
17040 705   31   68
17050 712   20   79
17060 743   20   90
17070 762   20  102
17080 772   20  114
17090 778   20  123
17100 781   10  134
17110 783   10  145
17120 784   10  155
17130 786   10  165
17140 787   10  173
17150 788   10  181
17160 789   10  189
17170 789   10  196
17180 789   10  203
17190 789   10  208
17200 790   10  213
17210 790   10  217
17220 790   10  220
17230 791   10  223
17240 791   10  225
17250 790   10  226
17260 791   10  227
17270 791   10  227
17280 791   10  227
17290 791   10  227
17300 791   10  227
17310 791   10  227
17320 791   10  227
17330 791   10  227
17340 791   10  225
17350 792   10  221
17360 791   10  217
17370 791   10  212
17380 791   10  208
17391 791   10  204
17401 791   10  201
17411 791   10  199
17421 791   10  197
17431 791   10  196
17441 791   10  194
17451 791   10  193
17461 792   10  192
17471 791   10  191
17481 791   10  191
17491 792   10  189
17501 792   10  189
17512 792   10  188
17523 791   10  187
17533 792   10  187
17543 792   10  187
17553 792   10  187
17563 792   10  186
17573 792   10  186
17583 792   10  186
17593 792   10  186
17603 792   10  186
17613 792   10  186
17623 792   10  186
17633 791   10  186
17643 792   10  186
17653 792   10  186
17663 792   10  186
17673 793   10  186
17683 792   10  186
17693 792   10  186
17703 792   10  186
17713 792   10  186
17723 792   10  186
17733 792   10  186
17743 792   10  186
17753 793   10  186
17764 792   10  186
17774 792   10  186
17784 792   10  186
17794 792   10  186
17804 792   10  186
17814 792   10  186
17824 792   10  186
17834 792   10  186
17844 792   10  186
17854 792   10  186
17864 792   10  186
17874 792   10  186
17884 792   10  186
17894 792   10  186
17904 792   10  186
17914 792   10  186
17924 792   10  186
17934 792   10  186
17944 792   10  186
17954 792   10  186
17964 792   10  186
17974 792   10  186
17984 792   10  186
17994 792   10  186
18004 793   10  186
18014 792   10  186
18024 792   10  186
18034 792   10  186
18044 792   10  186
18055 792   10  186
18065 792   10  186
18075 792   10  186
18085 792   10  186
18096 792   10  186
18106 792   10  186
18116 792   10  186
18126 792   10  186
18136 792   10  186
18146 792   10  186
18156 792   10  186
18166 792   10  186
18176 792   10  186
18187 792   10  186
18198 792   10  186
18208 792   10  186
18218 792   10  186
18228 792   10  186
18238 793   10  186
18248 793   10  186
18258 792   10  186
18268 792   10  186
18278 792   10  186
18288 792   10  186
18298 792   10  186
18308 792   10  186
18318 792   10  186
18328 792   10  186
18338 792   10  186
18348 792   10  186
18358 793   10  186
18368 792   10  186
18378 792   10  186
18388 792   10  186
18398 793   10  186
18408 792   10  186
18418 793   10  186
18428 792   10  186
18438 793   10  186
18448 792   10  186
18458 792   10  186
18468 793   10  186
18478 793   10  186
18488 792   10  186
18498 793   10  186
18508 792   10  186
18518 793   10  186
18528 792   10  186
18538 792   10  186
18548 792   10  186
18558 792   10  186
18568 792   10  186
18578 793   10  186
18588 793   10  186
18598 792   10  186
18608 792   10  186
18618 792   10  186
18628 792   10  186
18638 793   10  186
18648 793   10  186
18658 792   10  186
18668 792   10  186
18678 792   10  186
18688 792   10  186
18698 792   10  186
18708 792   10  186
18718 792   10  186
18728 792   10  186
18738 792   10  186
18748 792   10  186
18758 792   10  186
18768 793   10  186
18778 792   10  186
18788 792   10  186
18798 792   10  186
18808 793   10  186
18818 793   10  186
18828 792   10  186
18838 792   10  186
18848 792   10  186
18858 793   10  186
18868 792   10  186
18878 792   10  186
18888 793   10  186
18898 792   10  186
18908 792   10  186
18918 793   10  186
18928 792   10  186
18938 793   10  186
18948 793   10  186
18958 792   10  186
18968 792   10  186
18978 792   10  186
18988 793   10  186
18998 793   10  186
19008 792   10  186
19018 792   10  186
19028 792   10  186
19038 792   10  186
19048 792   10  186
19058 792   10  186
19068 792   10  186
19078 793   10  186
19088 792   10  186
19098 793  -20  186
19108 791  -20  186
19118 790  -20  186
19128 790  -20  186
19138 790  -20  185
19148 789   10  185
19158 789   10  183
19168 791   20  181
19178 791   20  179
19188 792   20  176
19198 791   20  173
19208 789   20  169
19219 789   10  165
19229 789   10  161
19239 791   10  157
19249 791   10  155
19259 792   10  153
19269 792   10  151
19279 792   10  151
19289 791   10  151
19299 792   10  151
19309 792   10  151
19319 792   10  151
19329 792   10  151
19339 792   10  151
19349 792   10  151
19359 793   10  150
19369 792 -121  150
19379 792 -121  150
19389 792 -121  149
19399 751 -121  149
19409 737 -121  149
19419 743 -121  148
19429 752 -121  147
19439 761 -121  143
19449 763 -121  140
19459 746 -121  136
19469 713 -121  128
19479 691 -121  116
19489 686 -121  101
19499 696 -121   86
19509 715 -121   69
19519 731 -121   50
19529 744 -121   32
19539 747 -121   13
19549 747 -121   -8
19559 746   81  -25
19569 740   81  -36
19579 715   81  -47
19589 719   81  -57
19599 733   81  -67
19609 747   81  -79
19619 756   81  -89
19629 745   81  -99
19639 716   73 -105
19649 702   40 -105
19659 699   10 -105
19669 733   10 -103
19679 760   10  -91
19689 773   10  -79
19699 779   10  -68
19709 783   10  -55
19719 784   10  -43
19729 786   10  -29
19739 787   10  -17
99999 0 0 0 
19749 787   10   -5
19759 788   10    7
19770 789  101   17
19780 789  101   25
19790 783  101   30
19800 760  101   34
19810 759  101   37
19820 763  101   39
19830 768  101   44
19840 766  101   45
19850 740  101   47
19860 713  101   52
19870 690   80   59
19880 680   26   69
19890 681   20   81
19900 711   20   93
19910 748   20  105
19920 766   20  117
19930 774   20  125
19940 779   10  137
19950 781   10  146
19960 782   10  155
19970 784   10  165
19980 786   10  173
19990 787   10  181
20000 788   10  188
20010 788   10  193
20020 787   10  200
20030 788   10  205
20040 789   10  209
20050 789   10  212
20060 789   10  215
20070 789   10  217
20080 789   10  218
20090 789   10  220
20100 790   10  221
20110 790   10  221
20120 790   10  221
20130 790   10  221
20140 790   10  221
20150 790   10  221
20160 790   10  221
20170 790   10  221
20180 790   10  221
20190 790   10  219
20200 790   10  217
20210 790   10  215
20220 790   10  213
20230 790   10  211
20240 791   10  209
20250 790   10  207
20260 791   10  205
20270 790   10  204
20280 790   10  203
20290 791   10  201
20300 791   10  200
20310 791   10  200
20320 791   10  199
20330 791   10  197
20340 791   10  197
20350 791   10  197
20360 791   10  196
20370 791   10  196
20380 791   10  195
20390 791   10  195
20400 791   10  195
20410 791   10  195
20420 791   10  195
20430 791   10  195
20440 791   10  195
20450 791   10  195
20460 791   10  195
20470 791   10  195
20480 791   10  195
20490 791   10  195
20500 791   10  195
20510 791   10  195
20520 791   10  195
20530 791   10  195
20540 791   10  195
20550 791   10  195
20560 791   10  195
20570 791   10  195
20580 791   10  195
20590 791   10  195
20600 791   10  195
20610 791   10  195
20620 791   10  195
20630 791   10  195
20640 791   10  195
20651 790   10  195
20661 791   10  195
20671 791   10  195
20681 791   10  195
20691 791   10  195
20701 791   10  195
20711 791   10  195
20721 791   10  195
20731 791   10  195
20741 791   10  195
20751 791   10  195
20761 791   10  195
20771 791   10  195
20781 791   10  195
20791 791   10  195
20801 792   10  195
20811 791   10  195
20823 791   10  195
20833 791   10  195
20843 791   10  195
20853 791   10  195
20863 791   10  195
20873 791   10  195
20883 791   10  195
20893 791   10  195
20903 791   10  195
20913 791   10  195
20923 791   10  195
20933 791   10  195
20943 791   10  195
20953 791   10  195
20963 791   10  195
20973 791   10  195
20983 791   10  195
20993 792   10  195
21003 791   10  195
21013 791   10  195
21023 791   10  195
21033 791   10  195
21043 791   10  195
21053 791   10  195
21063 792   10  195
21073 791   10  195
21083 792   10  195
21093 792   10  195
21103 792   10  195
21113 791   10  195
21123 792   10  195
21133 792   10  195
21144 791   10  195
21155 791   10  195
21165 792   10  195
21175 791   10  195
21186 791   10  195
21196 792   10  195
21206 791   10  195
21216 791   10  195
21226 791   10  195
21236 791   10  195
21246 791   10  195
21256 791   10  195
21266 792   10  195
21276 791   10  195
21286 791   10  195
21296 792   10  195
21306 792   10  195
21316 791   10  195
21326 792   10  195
21336 791   10  195
21346 792   10  195
21356 792   10  195
21366 791   10  195
21376 792   10  195
21386 791   10  195
21396 792   10  195
21406 791   10  195
21416 791   10  195
21426 792   10  195
21436 792   10  195
21447 792   10  195
21457 792   10  195
21468 792   10  195
21478 792   10  195
21488 791   10  195
21498 792   10  195
21508 791   10  195
21518 791   10  195
21528 792   10  195
21538 791   10  195
21548 792   10  195
21558 792   10  195
21568 792   10  195
21578 792   10  195
21588 792   10  195
21598 792   10  195
21608 792   10  195
21618 792   10  195
21628 792   10  195
21638 791   10  195
21648 792   10  195
21658 791   10  195
21668 791   10  195
21678 793   10  195
21688 791   10  195
21698 791   10  195
21708 792   10  195
21718 792   10  195
21728 791   10  195
21738 791   10  195
21748 791   10  195
21758 792   10  195
21768 792   10  195
21778 791   10  195
21788 792   10  195
21798 792   10  195
21808 792   10  195
21818 792   10  195
21828 791   10  195
21838 792   10  195
21848 792   10  195
21858 792   10  195
21868 792   10  195
21878 792   10  195
21888 792   10  195
21898 792   10  195
21908 792   10  195
21918 792   10  195
21928 792   10  195
21938 792   10  195
21948 791  -20  195
21958 792  -20  195
21968 791  -20  195
21978 790  -20  195
21988 790  -20  195
21998 789  -20  194
22008 789   10  193
22018 789   20  192
22028 790   20  189
22038 791   20  188
22048 789   20  185
22058 789   20  181
22068 789   20  177
22078 789   10  174
22088 789   10  170
22098 790   10  167
22108 791   10  165
22118 791   10  163
22129 791   10  163
22139 791   10  163
22149 791   10  163
22159 792   10  163
22169 791   10  163
22179 792   10  162
22189 791   10  162
22199 791   10  161
22209 792   10  161
22219 792   10  161
22229 792   10  161
22239 791   10  160
22249 792   10  160
22260 792   10  160
22270 792   10  160
22280 791   10  160
22290 792   10  160
22300 792   10  160
22310 792   10  160
22320 792   10  160
22330 792   10  160
22340 792   10  160
22350 792   10  160
22360 791   10  160
22370 792   10  160
22380 792   10  160
22390 791   10  160
22400 791   10  160
22411 792   10  160
22421 792   10  160
22431 792   10  160
22441 791   10  160
22451 792   10  160
22461 792   10  160
22471 792   10  160
22481 792   10  160
22491 792   10  160
22501 792   10  160
22511 792   10  160
22521 792   10  160
22533 791   10  160
22543 792   10  160
22553 792   10  160
22563 792   10  160
22573 792   10  160
22583 792   10  160
22593 792   10  160
22603 792   10  160
22613 791   10  160
22623 792   10  160
22633 792   10  160
22643 792   10  160
22653 792   10  160
22663 792   10  160
22673 791   10  160
22683 792   10  160
22693 792   10  160
22703 792   10  160
22713 792   10  160
22723 791   10  160
22733 792   10  160
22743 792   10  160
22753 792   10  160
22763 792   10  160
22774 792   10  160
22784 791   10  160
22795 792   10  160
22805 792   10  160
22815 792   10  160
22825 791   10  160
22836 792   10  160
22846 792   10  160
22856 792   10  160
22866 791   10  160
22876 792   10  160
22886 792   10  160
22896 792   10  160
22906 791   10  160
22916 791   10  160
22926 791   10  160
22936 792   10  160
22946 792   10  160
22956 791   10  160
22966 791   10  160
22976 792   10  160
22986 792   10  160
22996 792   10  160
23006 792   10  160
23016 792   10  160
23026 792   10  160
23036 791   10  160
23046 792   10  160
23056 792   10  160
23066 792   10  160
23076 792   10  160
23086 792   10  160
23096 792   10  160
23106 792   10  160
23116 792   10  160
23126 791   10  160
23137 792   10  160
23148 792   10  160
23158 792   10  160
23168 792   10  160
23178 792   10  160
23188 792   10  160
23198 792   10  160
23208 792   10  160
23218 792   10  160
23228 792   10  160
23238 792   10  160
23248 792   10  160
23258 792   10  160
23268 791   10  160
23278 792   10  160
23288 792   10  160
23298 792   10  160
23308 792   10  160
23318 792   10  160
23328 792   10  160
23338 791   10  160
23348 792   10  160
23358 792   10  160
23368 792   10  160
23378 792   10  160
23388 792   10  160
23398 793   10  160
23408 792   10  160
23418 792   10  160
23428 792   10  160
23438 792   10  160
23448 792   10  160
23458 792   10  160
23468 792   10  160
23478 792   10  160
23488 791   10  160
23498 792   10  160
23508 790   10  160
23518 792   10  160
23528 792   10  160
23538 792   10  160
23548 792   10  160
23558 791   10  160
23568 792   10  160
23578 792   10  160
23588 792   10  160
23598 792   10  160
23608 792   10  160
23618 792   10  160
23628 792   10  160
23638 792   10  160
23648 792   10  160
23658 792   10  160
23668 792   10  160
23678 792   10  160
23688 791   10  160
23698 792   10  160
23708 792   10  160
23718 792   10  160
23728 792   10  160
23738 792   10  160
23748 792   10  160
23758 792   10  160
23768 792   10  160
23778 792   10  160
23788 792   10  160
23798 792   10  160
23808 792   10  160
23818 792   10  160
23828 792   10  160
23838 792   10  160
23848 792   10  160
23858 792   10  160
23868 792   10  160
23878 792   10  160
23888 792   10  160
23898 792   10  160
23908 792   10  160
23918 792   10  160
23928 792   10  160
23938 792   10  160
23948 792   10  160
23958 792   10  160
23968 792   10  160
23978 792   10  160
23988 792   10  160
23998 791   10  160
24008 792   10  160
24018 792   10  160
24028 792   10  160
24038 791   10  160
24048 792   10  160
24058 792   10  160
24068 792  -20  160
24078 792  -20  160
24088 792  -20  160
24098 790  -20  160
24108 789  -20  160
24118 789  -20  160
24128 789  -20  159
24138 790   10  159
24148 790   20  157
24158 791   20  156
24168 790   20  154
24178 789   20  151
24188 788   20  149
24198 789   20  146
24208 789   10  143
24218 789   10  141
24228 789   10  138
24238 790   10  137
24248 790   10  137
24258 791   10  137
24268 791   10  137
24278 791   10  137
24288 791   10  137
24298 792   10  137
24308 791   10  137
24318 792   10  137
24328 792   10  137
24338 791   10  137
24348 792   10  137
24358 792   10  137
24368 792   10  137
24378 793   10  137
24388 792   10  137
24398 792   10  137
24408 792   10  137
24418 792   10  137
24428 792   10  137
24438 792   10  137
24448 792   10  137
24458 792   10  137
24468 792   10  137
24478 792   10  137
24488 792   10  137
24498 793   10  137
24508 792   10  137
  0 794   90    0
 10 794   90    0
 20 792   90    0
 30 742   90    0
 40 737   90    0
 50 740   90    0
 60 727   90    0
 70 703   90    7
 80 688   90   16
 90 687   90   27
100 696   90   39
110 709   88   51
120 718   60   63
130 720   32   75
140 719   20   89
150 736   20  103
160 762   20  119
171 774   20  133
181 779   20  146
191 782 -120  160
201 784 -120  174
211 785 -120  186
222 754 -120  199
232 720 -120  210
242 724 -120  219
253 729 -120  227
263 708 -120  232
274 684 -120  232
284 675 -120  232
294 672 -120  226
304 674 -120  211
314 687 -120  198
324 708 -120  180
334 724 -120  163
344 735 -120  144
354 740 -120  125
364 741 -120  103
374 741 -120   81
384 743 -120   58
395 747 -120   32
406 752 -120    5
416 757   80  -17
426 755   80  -28
436 733   80  -41
446 719   80  -55
457 731   80  -70
467 747   80  -85
478 754   80 -101
489 737   80 -114
499 707   80 -122
509 691   56 -123
519 681    0 -123
529 720   10 -121
539 753   10 -109
549 769   10  -98
559 776   10  -86
569 781   10  -73
579 783   10  -61
589 785   10  -49
599 786   10  -37
609 787   10  -24
619 787   10  -13
99999 0 0 0 
  0 793   90    1
 10 793   90    1
 20 794   90    1
 30 794   90    1
 40 756   90    1
 50 735   90    1
 60 739   90    1
 70 742   90    1
 80 727   90    2
 90 702   90   11
100 687   90   21
110 686   90   33
120 699   90   45
131 712   79   57
141 720   46   70
151 731   20   83
163 742   20   99
174 762   20  113
184 773   20  128
195 779   20  140
205 782 -120  153
216 772 -120  167
226 723 -120  179
238 724 -120  193
249 736 -120  202
260 727 -120  210
270 697 -120  211
280 680 -120  211
291 672 -120  211
301 671 -120  197
311 677 -120  183
321 693 -120  167
331 714 -120  149
341 729 -120  131
352 739 -120  111
362 741 -120   91
373 741 -120   65
383 742 -120   43
393 745 -120   20
403 749 -120   -6
413 753   80  -21
423 747   80  -33
433 728   80  -46
443 716   80  -62
453 726   80  -75
464 743   80  -93
474 751   80 -107
484 737   80 -121
494 709   80 -129
504 692   56 -130
514 684    0 -131
524 709    0 -130
534 750   10 -118
544 767   10 -105
554 776   10  -94
564 780   10  -81
574 782   10  -67
584 784   10  -55
594 785   10  -43
604 786   10  -31
615 787   10  -21
99999 0 0 0 
  0 793   90    4
 10 793   90    4
 20 791   90    4
 30 741   90    4
 40 733   90    4
 50 731   90    4
 60 725   90    4
 70 713   90    7
 80 699   90   17
 90 694   90   27
100 697   90   39
110 705   90   51
120 711   62   62
130 716   34   75
140 718   20   88
150 737   20  103
160 760   20  117
171 772   20  133
182 778   20  145
192 781 -121  159
203 761 -121  174
213 721 -121  187
223 723 -121  197
233 733 -121  207
243 726 -121  214
253 697 -121  217
263 682 -121  217
273 673 -121  217
283 670 -121  206
293 674 -121  191
303 689 -121  175
313 709 -121  157
323 724 -121  139
334 737 -121  119
344 741 -121   97
354 742 -121   76
365 742 -121   51
375 744 -121   27
385 748 -121    2
396 753   80  -18
406 750   80  -29
416 735   80  -43
428 715   80  -61
438 727   80  -75
449 741   80  -91
459 751   80 -107
469 737   80 -120
479 711   80 -128
490 691   56 -130
501 683    5 -130
511 716   10 -127
521 750   10 -115
531 767   10 -103
542 775   10  -91
552 780   10  -77
563 782   10  -61
574 784   10  -48
584 784   10  -34
595 786   10  -21
99999 0 0 0 
  0 793   90    3
 10 793   90    3
 22 792   90    3
 32 759   90    3
 42 734   90    3
 52 739   90    3
 62 745   90    3
 72 738   90    3
 82 713   90    9
 92 693   90   19
102 685   90   30
112 692   90   42
123 707   79   55
133 717   51   67
143 729   25   79
153 734   20   94
163 756   20  107
174 768   20  122
184 776   20  135
195 780 -121  148
205 782 -121  162
217 726 -121  175
228 720 -121  188
238 733 -121  199
248 736 -121  206
258 712 -121  210
269 686 -121  211
280 675 -121  211
291 670 -121  201
301 673 -121  186
311 686 -121  171
322 707 -121  153
333 727 -121  133
344 737 -121  113
354 740 -121   91
364 740 -121   70
374 740 -121   47
385 743 -121   22
396 748 -121   -6
407 752   80  -21
417 744   80  -34
428 719   80  -49
439 718   80  -65
449 731   80  -79
460 745   80  -95
471 747   80 -113
481 725   80 -124
491 699   80 -129
501 687   31 -129
512 683   10 -129
522 726   10 -122
533 751   10 -109
544 768   10  -94
554 775   10  -83
565 780   10  -68
576 782   10  -53
587 784   10  -38
597 784   10  -24
99999 0 0 0 
  0 793   90    0
 10 793   90    0
 20 793   90    0
 30 793   90    0
 40 747   90    0
 50 734   90    0
 61 741   90    0
 72 747   90    0
 82 732   90    3
 92 709   90   11
102 690   90   21
112 687   90   32
122 697   90   44
132 710   76   56
142 719   48   68
152 727   20   82
162 738   20   95
172 757   20  109
183 770   20  125
193 777   20  137
203 780 -121  149
213 776 -121  163
223 724 -121  175
233 720 -121  186
243 731 -121  197
253 736 -121  205
263 711 -121  210
273 687 -121  210
284 676 -121  210
294 671 -121  204
305 672 -121  189
316 685 -121  173
327 708 -121  153
337 724 -121  137
348 736 -121  116
359 740 -121   94
369 740 -121   71
379 740 -121   49
390 743 -121   23
400 747 -121   -2
410 752   80  -19
421 747   80  -31
432 723   80  -48
443 715   80  -63
453 728   80  -78
464 743   80  -94
474 750   80 -110
486 726   80 -125
496 700   80 -130
508 685   31 -131
518 681    0 -131
528 723   10 -125
538 749   10 -111
548 766   10  -97
558 775   10  -85
569 779   10  -70
580 782   10  -55
590 783   10  -41
601 784   10  -26
613 785   10  -10
99999 0 0 0 
  0 792   90    0
 10 787   90    0
 20 739   90    0
 30 734   90    0
 40 739   90    0
 50 732   90    0
 60 715   90    4
 71 695   90   13
 82 685   90   25
 92 690   90   36
102 703   90   48
112 714   67   60
122 724   41   72
132 728   20   85
142 746   20   99
152 760   20  113
162 773   20  127
173 778   20  139
184 781 -121  154
194 748 -121  166
205 719 -121  179
215 725 -121  190
226 736 -121  199
237 724 -121  206
247 693 -121  207
259 676 -121  207
269 670 -121  202
279 669 -121  190
290 681 -121  172
300 702 -121  155
311 722 -121  137
322 734 -121  117
332 740 -121   94
342 740 -121   77
353 740 -121   52
365 741 -121   24
375 746 -121   -2
385 751   80  -18
395 747   80  -29
405 734   80  -43
415 713   80  -57
425 723   80  -71
435 736   80  -86
445 748   80 -102
455 745   80 -116
465 718   80 -126
475 695   73 -130
485 691   23 -130
495 693   10 -130
505 734   10 -122
515 756   10 -109
525 770   10  -96
535 777   10  -85
546 780   10  -70
556 782   10  -57
566 783   10  -42
576 784   10  -30
99999 0 0 0 
  0 792   90    0
 10 791   90    0
 21 738   90    0
 32 734   90    0
 43 744   90    0
 53 743   90    0
 63 725   90    5
 73 701   90   15
 83 689   90   26
 95 690   90   39
105 703   88   51
115 716   60   63
125 726   34   75
135 730   20   89
146 753   20  104
156 766   20  119
167 775   20  132
177 779   20  144
188 781 -121  159
198 734 -121  170
208 719 -121  183
218 727 -121  192
230 736 -121  203
240 713 -121  207
250 688 -121  208
261 675 -121  208
271 671 -121  202
282 671 -121  188
293 685 -121  170
303 704 -121  155
313 722 -121  137
324 734 -121  117
336 739 -121   94
346 739 -121   71
356 739 -121   49
367 742 -121   23
378 746 -121   -3
388 751   80  -19
398 746   80  -32
408 729   80  -45
419 714   80  -61
429 726   80  -75
441 742   80  -93
451 751   80 -109
462 730   80 -123
472 703   80 -129
482 689   39 -130
493 683    0 -130
503 727   10 -126
515 758   10 -112
525 770   10 -101
535 776   10  -89
545 779   10  -75
555 782   10  -62
565 783   10  -49
575 784   10  -37
586 785   10  -25
99999 0 0 0 
  0 791   90    1
 11 791   90    1
 21 791   90    1
 31 745   90    1
 41 734   90    1
 51 737   90    1
 61 734   90    1
 71 720   90    4
 81 700   90   13
 91 686   90   23
101 688   90   35
111 700   90   46
121 711   76   57
131 718   48   69
141 732   20   83
153 745   20   99
163 763   20  113
174 773   20  127
184 777   20  139
195 780 -121  151
205 765 -121  164
216 720 -121  177
226 720 -121  188
237 732 -121  197
248 730 -121  205
259 696 -121  207
269 681 -121  207
279 673 -121  207
289 670 -121  194
300 675 -121  179
310 695 -121  162
321 715 -121  143
333 732 -121  122
344 738 -121  102
354 740 -121   80
365 740 -121   56
376 741 -121   29
387 745 -121    3
397 750   80  -17
409 745   80  -29
419 731   80  -43
429 713   80  -57
439 723   80  -70
449 737   80  -85
459 748   80  -99
469 744   80 -114
479 716   80 -124
489 694   73 -128
499 691   23 -128
509 696   10 -128
519 737   10 -119
529 756   10 -107
539 769   10  -95
549 775   10  -85
559 779   10  -70
569 781   10  -58
579 783   10  -45
589 783   10  -32
99999 0 0 0 
  0 791   90    0
 11 791   90    0
 21 791   90    0
 31 740   90    0
 42 734   90    0
 52 742   90    0
 62 745   90    0
 72 727   90    4
 82 702   90   13
 92 687   90   23
102 687   90   35
112 699   90   47
122 711   69   59
132 720   41   72
142 721   20   85
152 734   20   99
162 751   20  113
172 764   20  129
182 773   20  142
193 779 -121  155
204 781 -121  170
214 782 -121  183
224 751 -121  195
234 716 -121  207
245 720 -121  218
256 732 -121  227
266 721 -121  233
278 690 -121  234
289 676 -121  234
299 671 -121  228
311 675 -121  211
322 689 -121  195
332 709 -121  178
343 726 -121  158
354 736 -121  137
364 740 -121  115
374 740 -121   95
384 740 -121   71
394 742 -121   47
405 747 -121   20
417 753 -121   -9
427 755   80  -22
438 743   80  -34
448 720   80  -49
459 705   80  -65
470 711   80  -81
480 728   80  -99
492 743   80 -118
503 735   80 -134
513 710   80 -145
523 690   80 -149
533 682   23 -149
543 680   10 -149
554 734   10 -138
564 759   10 -123
575 770   10 -111
585 776   10  -97
597 780   10  -80
607 781   10  -65
618 783   10  -52
628 783   10  -38
99999 0 0 0 
  0 791   91    3
 10 790   91    3
 20 790   91    3
 30 746   91    3
 40 732   91    3
 50 736   91    3
 60 731   91    3
 70 716   91    4
 80 696   91   13
 90 686   91   23
100 688   91   35
110 701   91   46
120 713   75   57
130 718   47   70
141 732   20   83
151 741   20   97
161 760   20  111
171 771   20  125
181 776   20  135
192 779 -121  149
202 781 -121  162
214 782 -121  175
225 752 -121  187
236 717 -121  199
247 723 -121  209
259 733 -121  217
269 720 -121  221
279 693 -121  221
290 678 -121  221
300 673 -121  215
310 672 -121  202
320 684 -121  187
330 704 -121  170
341 723 -121  152
352 734 -121  132
364 738 -121  108
374 738 -121   86
384 739 -121   64
394 741 -121   39
404 746 -121   15
414 751 -121   -8
425 753   80  -23
435 745   80  -37
445 716   80  -53
455 718   80  -66
465 730   80  -81
475 744   80  -97
486 747   80 -113
496 725   80 -123
506 699   73 -129
516 686   39 -129
526 682   10 -129
537 722   10 -122
547 745   10 -109
559 765   10  -93
569 774   10  -81
580 778   10  -66
590 780   10  -52
601 782   10  -37
611 783   10  -23
99999 0 0 0 
