  0 789   71    0
 10 7895   71    0
 20 7819   71    0
 30 7751   71    0
 40 7755   71    0
 50 7422   71    0
 60 7448   71    0
 70 7531   71    0
 80 7627   71    1
 91 7577   71    4
101 7466   71   13
111 7245   71   22
122 7251   71   32
132 7212   71   41
142 7346   71   49
154 7391   71   58
164 7384   62   68
174 7442   50   78
184 7428   35   87
194 7457   30   97
204 7431   30  107
214 7497   30  117
224 7519   52  126
234 7741   52  135
244 7749   52  144
254 7739   52  152
264 7757   52  160
274 7753 -101  168
284 7748 -101  175
294 7554 -101  183
304 7507 -101  189
314 7546 -101  195
324 7212 -101  202
334 7186 -101  206
344 7198 -101  209
354 7436 -101  210
364 7384 -101  210
374 7318 -101  210
384 7259 -101  198
394 7101 -101  184
404 7156 -101  167
414 6940 -101  150
424 7073 -101  132
434 7107 -101  113
444 7335 -101   93
454 7443 -101   71
464 7440 -101   48
474 7516 -101   24
484 7530 -101   -1
494 7543   81  -20
504 7536   81  -30
514 7525   81  -44
524 7453   81  -58
534 7432   81  -74
544 7407   81  -89
554 7460   81 -105
564 7145   81 -121
574 7347   81 -137
584 7244   81 -146
594 7351   65 -149
604 7320   14 -149
614 7393   10 -149
624 7162   10 -138
634 7205   10 -124
644 7240   10 -112
654 7788   10  -97
664 7798   10  -82
674 7801   10  -68
684 7840   10  -55
694 7840   10  -41
99999 0 0 0 
704 7839    0  -28
714 7845    0  -16
724 7846    0   -4
734 7847    0    4
744 7847    0    9
754 7849    0   13
764 7850    0   15
774 7885    0   16
784 7887    0   16
794 7886    0   16
804 7886    0   17
814 7890    0   17
824 7886    0   17
834 7886    0   17
844 7886    0   17
854 7886    0   17
864 7887    0   16
874 7886    0   16
884 7886    0   16
894 7887    0   16
904 7886    0   15
914 7887    0   14
924 7887    0   12
934 7889    0   11
944 7887    0    9
954 7887    0    8
964 7886    0    7
974 7886    0    5
984 7889    0    4
994 7887    0    4
1004 7887    0    2
1014 7889    0    2
1024 7889    0    1
1034 7889    0    0
1044 7887    0    0
1054 7887    0    0
1064 7887    0    0
1074 7889    0    0
1084 7889    0    0
1094 7889    0    0
1104 7886    0    0
1114 7889    0    0
1124 7886    0    0
1134 7889    0    0
1144 7889    0    0
1154 7887    0    0
1164 7887    0    0
1174 7889    0    0
1184 7887    0    0
1194 7889    0    0
1204 7889    0    0
1214 7887   71    0
1224 7887   71    0
1234 7889   71    0
1244 7816   71    0
1254 7746   71    0
1264 7749   71    0
1274 7770   71    0
1284 7439   71    0
1294 7524   71    0
1304 7509   71    0
1314 7535   71    6
1324 7363   71   15
1335 7319   71   24
1345 7173   71   34
1355 7198   71   42
1365 7220   71   50
1375 7305   71   58
1385 7414   62   68
1395 7402   50   76
1405 7419   37   86
1415 7471   30   96
1425 7510   30  106
1435 7505   30  115
1445 7627   58  124
1455 7635   58  132
1465 7739   58  140
1475 7732   58  148
1485 7734   58  156
1495 7727   58  164
1505 7638   58  172
1515 7620 -101  182
1525 7612 -101  192
1535 7521 -101  202
1545 7495 -101  208
1555 7431 -101  217
1565 7487 -101  226
1575 7533 -101  232
1585 7272 -101  236
1595 7297 -101  238
1605 7199 -101  238
1615 7333 -101  238
1625 7282  -92  225
1635 7296  -92  211
1645 6931  -92  195
1655 6933  -92  179
1665 6996  -92  160
1675 7104  -92  141
1685 7261  -92  121
1695 7262  -92  100
1705 7436  -92   77
1715 7473  -92   53
1725 7485  -92   29
1735 7502  -92    4
1745 7552   81  -19
1755 7554   81  -30
1765 7474   81  -43
1775 7429   81  -57
1785 7465   81  -69
1795 7515   81  -84
1805 7138   81  -99
1815 7149   81 -113
1825 7305   81 -124
1835 7320   81 -129
1845 7267   31 -129
1855 7321   10 -129
1865 7182   10 -122
1875 7287   10 -108
1885 7148   10  -93
1895 7213   10  -80
1905 7241   10  -65
1915 7753   10  -50
1925 7795   10  -35
1935 7801   10  -20
99999 0 0 0 
1945 7839    0   -4
1955 7839    0    9
1965 7840    0   20
1975 7842    0   28
1985 7842    0   34
1995 7843    0   37
2005 7845    0   38
2015 7845    0   38
2025 7845    0   38
2035 7846    0   38
2045 7845    0   38
2055 7845    0   38
2065 7845    0   38
2075 7882    0   35
2085 7882    0   32
2095 7882    0   28
2105 7882    0   26
2115 7882    0   24
2125 7883    0   21
2135 7882    0   19
2145 7883    0   16
2155 7847    0   14
2165 7883    0   12
2175 7883    0   10
2185 7883    0    8
2195 7882    0    5
2205 7883    0    3
2215 7885    0    1
2225 7885    0    0
2235 7883    0   -2
2245 7886    0   -4
2255 7883    0   -5
2265 7883    0   -5
2275 7885    0   -5
2285 7885    0   -5
2295 7885    0   -5
2305 7885    0   -5
2315 7885    0   -5
2325 7885    0   -5
2335 7885    0   -5
2345 7885    0   -5
2355 7885    0   -5
2365 7886    0   -5
2375 7883    0   -5
2385 7885    0   -5
2395 7885    0   -5
2405 7883    0   -5
2415 7885    0   -5
2425 7885    0   -5
2435 7885    0   -5
2445 7885   71   -5
2455 7885   71   -5
2465 7864   71   -5
2475 7752   71   -5
2485 7741   71   -5
2495 7763   71   -5
2505 7785   71   -5
2515 7450   71   -5
2525 7600   71   -5
2535 7572   71   -1
2545 7531   71    7
2555 7367   71   16
2565 7350   71   25
2575 7265   71   34
2585 7256   71   44
2595 7277   71   52
2605 7354   71   61
2615 7381   58   70
2625 7368   44   80
2635 7426   30   90
2645 7447   30  100
2655 7500   30  111
2665 7491   47  121
2675 7620   47  131
2685 7617   47  140
2695 7715   47  149
2705 7716   47  158
2715 7718   47  166
2725 7715 -101  175
2735 7675 -101  184
2745 7668 -101  192
2755 7639 -101  201
2765 7505 -101  208
2775 7518 -101  215
2785 7537 -101  222
2795 7336 -101  228
2805 7366 -101  232
2815 7337 -101  235
2825 7320 -101  235
2835 7252 -101  235
2845 7296  -94  227
2855 7194  -94  212
2865 7236  -94  198
2875 6950  -94  181
2885 6977  -94  164
2895 7019  -94  144
2905 7217  -94  125
2915 7329  -94  104
2925 7324  -94   82
2935 7466  -94   58
2945 7511  -94   34
2955 7529  -94   10
2965 7544   81  -15
2975 7550   81  -26
2985 7518   81  -38
2995 7437   81  -52
3005 7488   81  -65
3015 7536   81  -80
3025 7477   81  -94
3035 7150   81 -109
3045 7090   81 -122
3055 7304   81 -129
3065 7316   48 -130
3075 7288    0 -130
3085 7328   10 -126
3095 7189   10 -113
3105 7286   10  -99
3115 7193   10  -86
3125 7603   10  -72
3135 7614   10  -57
3145 7796   10  -42
3155 7831   10  -27
3165 7835   10  -12
3175 7837   10    1
99999 0 0 0 
3185 7837    0   13
3195 7839    0   23
3205 7840    0   30
3215 7839    0   34
3225 7842    0   36
3235 7839    0   37
3245 7842    0   37
3255 7843    0   37
3265 7840    0   37
3275 7843    0   37
3285 7846    0   37
3295 7843    0   36
3305 7843    0   33
3315 7845    0   30
3325 7879    0   28
3335 7845    0   24
3345 7845    0   22
3355 7845    0   19
3365 7845    0   16
3375 7846    0   13
3385 7845    0   11
3395 7846    0    8
3405 7845    0    6
3415 7881    0    4
3425 7847    0    2
3435 7845    0    0
3445 7882    0   -1
3455 7882    0   -3
3465 7881    0   -4
3475 7881    0   -5
3485 7882    0   -5
3495 7882    0   -6
3505 7882    0   -6
3515 7881    0   -6
3525 7882    0   -5
3535 7882    0   -5
3545 7881    0   -5
3555 7881    0   -5
3565 7882    0   -5
3575 7882    0   -5
3585 7882    0   -5
3595 7883    0   -5
3605 7882    0   -5
3615 7883    0   -5
3625 7883    0   -5
3635 7882    0   -5
3645 7883    0   -5
3655 7883    0   -5
3665 7882    0   -5
3675 7882    0   -5
3685 7883   71   -5
3695 7777   71   -5
3705 7735   71   -5
3715 7749   71   -5
3725 7773   71   -5
3735 7795   71   -5
3745 7517   71   -5
3755 7593   71   -2
3765 7518   71    4
3775 7389   71   14
3785 7300   71   23
3795 7318   71   32
3805 7282   71   40
3815 7273   71   48
3825 7280   71   57
3835 7377   63   66
3845 7363   50   76
3855 7381   37   86
3865 7448   30   96
3875 7462   30  105
3885 7494   30  115
3895 7618   58  124
3905 7668   58  133
3915 7668   58  141
3925 7763   58  149
3935 7734   58  157
3945 7730   58  165
3955 7724 -101  172
3965 7601 -101  180
3975 7581 -101  190
3985 7482 -101  199
3995 7439 -101  205
4005 7485 -101  213
4015 7504 -101  220
4025 7112 -101  226
4035 7084 -101  230
4045 7321  -96  230
4055 7338  -96  230
4065 7304  -96  227
4075 7252  -96  215
4085 7096  -96  200
4095 7160  -96  184
4105 6946  -96  167
4115 7005  -96  148
4125 7042  -96  128
4135 7298  -96  108
4145 7402  -96   87
4155 7396  -96   63
4165 7469  -96   39
4175 7483  -96   14
4185 7499   81  -11
4195 7509   81  -24
4205 7525   81  -36
4215 7430   81  -49
4225 7474   81  -64
4235 7519   81  -78
4245 7566   81  -92
4255 7107   81 -108
4265 7265   81 -122
4275 7162   81 -132
4285 7332   74 -134
4295 7327    6 -135
4305 7436    0 -134
4315 7323   10 -125
4325 7205   10 -113
4335 7238   10 -102
4345 7747   10  -89
4355 7791   10  -77
4365 7795   10  -65
4375 7798   10  -53
4385 7833   10  -41
4395 7835   10  -30
99999 0 0 0 
4405 7836    0  -20
4415 7836    0  -11
4425 7839    0   -4
4435 7842    0    1
4445 7839    0    5
4455 7840    0    8
4465 7840    0   10
4475 7876    0   11
4485 7878    0   11
4495 7842    0   12
4505 7842    0   12
4515 7845    0   12
4525 7842    0   12
4535 7842    0   12
4545 7843    0   12
4555 7842    0   12
4565 7842    0   12
4575 7843    0   12
4585 7843    0   11
4595 7843    0   11
4605 7843    0   10
4615 7843    0    8
4625 7843    0    7
4635 7842    0    6
4645 7843    0    4
4655 7845    0    4
4665 7843    0    2
4675 7843    0    2
4685 7843    0    1
4695 7845    0    0
4705 7845    0    0
4715 7845    0   -1
4725 7843    0   -1
4735 7845    0   -1
4745 7845    0   -1
4755 7843    0   -1
4765 7845    0   -1
4775 7879    0   -1
4785 7879    0   -1
4795 7845    0   -1
4805 7845    0   -1
4815 7845    0   -1
4825 7845    0   -1
4835 7845    0   -1
4845 7845    0   -1
4855 7881    0   -1
4865 7881    0   -1
4875 7882    0   -1
4885 7846    0   -1
4895 7845    0   -1
4905 7845   71   -1
4915 7881   71   -1
4925 7881   71   -1
4935 7798   71   -1
4945 7737   71   -1
4955 7745   71   -1
4965 7767   71   -1
4975 7392   71   -1
4985 7511   71   -1
4995 7481   71    2
5005 7488   71    9
5015 7243   71   17
5025 7228   71   26
5036 7228   71   36
5046 7315   71   44
5056 7329   71   52
5066 7334   70   61
5076 7405   58   71
5086 7401   44   80
5096 7395   30   90
5106 7448   30  100
5117 7485   30  110
5127 7473   59  120
5137 7692   59  128
5147 7700   59  136
5157 7731   59  144
5167 7725   59  152
5177 7725   59  160
5187 7683   59  168
5197 7626 -102  177
5207 7503 -102  187
5217 7432 -102  194
5227 7467 -102  202
5237 7518 -102  210
5247 7102 -102  216
5257 7385 -102  220
5267 7287 -102  222
5277 7284 -102  222
5287 7347 -102  222
5297 7327 -101  210
5307 7198 -101  195
5317 6866 -101  179
5327 6934 -101  162
5337 6996 -101  144
5347 7210 -101  124
5357 7224 -101  104
5367 7330 -101   84
5377 7464 -101   61
5387 7467 -101   37
5397 7480 -101   12
5407 7494   81  -12
5417 7503   81  -25
5427 7480   81  -37
5437 7446   81  -50
5447 7399   81  -65
5457 7475   81  -78
5467 7381   81  -94
5477 7421   81 -109
5488 7122   81 -125
5498 7372   81 -135
5509 7321   74 -138
5519 7282   12 -139
5529 7181    0 -138
5539 6993   10 -129
5549 7124   10 -116
5559 7167   10 -103
5569 7325   10  -91
5579 7349   10  -77
5589 7785   10  -64
5599 7791   10  -49
5609 7794   10  -36
5619 7831   10  -22
5629 7832   10   -9
99999 0 0 0 
5639 7832    0    3
5649 7835    0   12
5659 7835    0   20
5669 7836    0   24
5679 7839    0   27
5689 7839    0   28
5699 7839    0   28
5709 7840    0   28
5719 7842    0   28
5729 7840    0   28
5739 7839    0   28
5749 7840    0   28
5759 7840    0   26
5769 7840    0   23
5779 7840    0   20
5789 7839    0   18
5799 7840    0   16
5809 7842    0   14
5819 7840    0   12
5829 7842    0   11
5839 7842    0    9
5849 7840    0    8
5859 7840    0    6
5869 7840    0    5
5879 7842    0    4
5889 7842    0    1
5899 7842    0   -1
5909 7842    0   -2
5919 7840    0   -3
5929 7842    0   -4
5939 7842    0   -4
5949 7842    0   -4
5959 7840    0   -4
5969 7842    0   -4
5979 7840    0   -4
5989 7843    0   -4
5999 7843    0   -4
6009 7843    0   -4
6019 7843    0   -4
6029 7842    0   -4
6039 7842    0   -4
6049 7842    0   -4
6059 7842    0   -4
6069 7842    0   -4
6079 7843    0   -4
6089 7840    0   -4
6099 7878    0   -4
6109 7845    0   -4
6119 7842    0   -4
6129 7879   71   -4
6139 7843   71   -4
6149 7840   71   -4
6159 7757   71   -4
6169 7698   71   -4
6179 7706   71   -4
6189 7730   71   -4
6199 7431   71   -4
6209 7431   71   -4
6219 7579   71   -3
6229 7490   71    4
6239 7441   71   12
6249 7274   71   22
6259 7252   71   31
6269 7282   71   39
6279 7269   71   48
6289 7346   71   56
6299 7340   65   65
6309 7361   52   74
6319 7401   39   84
6329 7429   30   93
6339 7464   30  103
6349 7468   30  113
6359 7497   52  123
6369 7582   52  132
6379 7667   52  141
6389 7663   52  150
6399 7700   52  158
6409 7698   52  167
6419 7693 -101  176
6429 7645 -101  184
6439 7676 -101  194
6449 7537 -101  203
6459 7459 -101  209
6469 7492 -101  217
6479 7547 -101  224
6489 7134 -101  230
6499 7312 -101  235
6509 7217 -101  236
6519 7319 -101  236
6529 7345 -101  236
6539 7324  -93  224
6549 7059  -93  210
6559 6898  -93  194
6569 6964  -93  178
6579 6986  -93  160
6589 7131  -93  140
6599 7147  -93  120
6609 7399  -93  100
6619 7432  -93   76
6629 7432  -93   53
6639 7478  -93   28
6649 7495  -93    2
6659 7506   81  -19
6669 7546   81  -29
6679 7468   81  -42
6689 7392   81  -56
6699 7495   81  -68
6709 7472   81  -82
6719 7518   81  -97
6729 7286   81 -111
6739 7315   81 -122
6749 7217   81 -128
6759 7339   40 -128
6769 7359   10 -128
6779 7485   10 -121
6789 7108   10 -108
6799 7210   10  -94
6809 7237   10  -82
6819 7675   10  -68
6829 7788   10  -54
6839 7791   10  -40
6849 7794   10  -26
6859 7831   10  -12
99999 0 0 0 
6869 7831    0    1
6879 7832    0   12
6889 7833    0   22
6899 7833    0   28
6909 7836    0   32
6919 7837    0   34
6929 7836    0   34
6939 7837    0   34
6949 7839    0   34
6959 7837    0   34
6969 7837    0   34
6979 7839    0   34
6989 7839    0   33
6999 7839    0   30
7009 7837    0   27
7019 7836    0   24
7029 7840    0   21
7039 7839    0   19
7049 7839    0   16
7059 7839    0   14
7069 7839    0   11
7079 7839    0    8
7089 7839    0    6
7099 7839    0    4
7109 7839    0    2
7119 7839    0    1
7129 7840    0    0
7139 7840    0   -2
7149 7839    0   -3
7159 7840    0   -4
7169 7840    0   -4
7179 7839    0   -4
7189 7840    0   -4
7199 7840    0   -4
7209 7840    0   -4
7219 7839    0   -4
7229 7842    0   -4
7239 7840    0   -4
7249 7840    0   -4
7259 7842    0   -4
7269 7842    0   -4
7279 7842    0   -4
7289 7840    0   -4
7299 7842    0   -4
7309 7842    0   -4
7319 7842    0   -4
7329 7842    0   -4
7339 7843    0   -4
7349 7842    0   -4
7359 7842   71   -4
7369 7843   71   -4
7379 7831   71   -4
7389 7707   71   -4
7399 7701   71   -4
7410 7720   71   -4
7420 7386   71   -4
7430 7512   71   -4
7441 7512   71   -4
7451 7567   71    1
7461 7455   71    9
7471 7414   71   18
7481 7271   71   28
7491 7227   71   36
7502 7260   71   45
7512 7277   71   54
7523 7381   68   63
7535 7361   49   74
7545 7387   32   84
7555 7456   30   94
7565 7434   30  104
7575 7462   30  113
7585 7548   59  122
7595 7727   59  130
7605 7686   59  138
7615 7681   59  146
7625 7681   59  154
7635 7673   59  162
7645 7515 -102  171
7655 7607 -102  180
7665 7604 -102  190
7675 7464 -102  200
7685 7344 -102  207
7695 7390 -102  215
7705 7480 -102  223
7715 7240 -102  229
7725 7215 -102  234
7735 7248 -102  235
7745 7337 -102  235
7755 7301  -91  232
7765 7292  -91  220
7775 6921  -91  206
7785 6977  -91  190
7795 6941  -91  172
7805 7034  -91  154
7815 7066  -91  134
7825 7221  -91  115
7835 7436  -91   93
7845 7429  -91   70
7855 7466  -91   46
7865 7480  -91   22
7875 7494  -91   -4
7885 7509   81  -21
7895 7536   81  -32
7905 7435   81  -45
7915 7436   81  -59
7925 7441   81  -72
7935 7486   81  -85
7945 7312   81 -100
7955 7383   81 -113
7965 7284   81 -124
7975 7268   81 -127
7985 7335   14 -127
7995 7425   10 -127
8005 7385   10 -118
8015 7163   10 -105
8025 7196   10  -94
8035 7424   10  -81
8045 7784   10  -68
8055 7788   10  -56
8065 7792   10  -42
8075 7791   10  -29
99999 0 0 0 
8085 7792    0  -17
8095 7832    0   -5
8105 7832    0    5
8115 7833    0   12
8125 7833    0   17
8135 7835    0   20
8145 7835    0   22
8155 7836    0   22
8165 7835    0   22
8175 7836    0   22
8185 7836    0   22
8195 7840    0   22
8205 7836    0   22
8215 7839    0   21
8225 7837    0   20
8235 7837    0   18
8245 7837    0   16
8255 7835    0   15
8265 7837    0   13
8275 7836    0   12
8285 7837    0   10
8295 7837    0    8
8305 7837    0    7
8315 7839    0    6
8325 7839    0    4
8335 7839    0    4
8345 7837    0    2
8355 7837    0    2
8365 7837    0    1
8375 7839    0    0
8385 7839    0    0
8395 7839    0    0
8405 7839    0    0
8415 7839    0    0
8425 7839    0    0
8435 7839    0    0
8445 7839    0    0
8455 7840    0    0
8465 7839    0    0
8475 7839    0    0
8485 7839    0    0
8495 7839    0    0
8505 7839    0    0
8515 7840    0    0
8525 7840    0    0
8535 7839    0    0
8545 7839    0    0
8555 7839    0    0
8565 7839    0    0
8575 7839    0    0
8586 7840   71    0
8596 7839   71    0
8606 7840   71    0
8616 7839   71    0
8626 7743   71    0
8636 7693   71    0
8646 7705   71    0
8656 7730   71    0
8666 7540   71    0
8676 7586   71    0
8686 7577   71    0
8696 7515   71    4
8706 7304   71   13
8716 7274   71   22
8726 7281   71   32
8736 7204   71   40
8746 7229   71   48
8756 7311   71   56
8766 7412   63   66
8776 7398   47   76
8786 7420   32   84
8796 7437   30   94
8806 7473   30  104
8816 7464   30  113
8826 7654   59  122
8836 7661   59  130
8846 7690   59  138
8856 7718   59  146
8866 7720   59  153
8876 7711   59  161
8886 7587 -102  170
8896 7570 -102  179
8906 7601 -102  188
8916 7437 -102  198
8926 7416 -102  206
8936 7423 -102  214
8946 7089 -102  222
8956 7132 -102  228
8966 7189 -102  232
8976 7359 -102  234
8986 7269 -102  234
8996 7301 -102  233
9006 7149  -92  220
9016 7168  -92  206
9026 7010  -92  191
9036 6936  -92  174
9046 6991  -92  156
9056 7062  -92  136
9066 7324  -92  117
9076 7324  -92   95
9086 7392  -92   72
9096 7463  -92   49
9106 7475  -92   24
9116 7492  -92    0
9126 7543   81  -20
9136 7538   81  -31
9146 7449   81  -44
9156 7427   81  -58
9166 7468   81  -71
9176 7514   81  -85
9186 7095   81 -100
9196 7105   81 -113
9206 7254   81 -124
9216 7344   81 -128
9226 7300   23 -128
9236 7323   10 -128
9246 7005   10 -120
9256 7128   10 -106
9266 7112   10  -92
9276 7208   10  -80
9286 7234   10  -65
9296 7459   10  -50
9306 7785   10  -36
9316 7788   10  -20
99999 0 0 0 
9326 7790    0   -6
9336 7794    0    7
9346 7794    0   18
9356 7794    0   26
9366 7828    0   32
9376 7831    0   35
9386 7833    0   36
9396 7833    0   36
9406 7833    0   36
9416 7835    0   36
9426 7835    0   36
9436 7833    0   36
9446 7836    0   36
9456 7833    0   34
9466 7836    0   30
9476 7835    0   28
9486 7835    0   24
9496 7835    0   22
9506 7836    0   20
9516 7835    0   17
9526 7835    0   15
9536 7836    0   12
9546 7837    0   10
9556 7836    0    8
9566 7836    0    5
9576 7836    0    4
9586 7836    0    1
9596 7836    0    0
9606 7836    0   -2
9616 7837    0   -4
9626 7836    0   -4
9636 7837    0   -5
9646 7839    0   -6
9656 7837    0   -7
9666 7837    0   -7
9676 7837    0   -7
9686 7837    0   -7
9696 7836    0   -7
9706 7837    0   -7
9716 7836    0   -7
9726 7839    0   -7
9736 7837    0   -7
9746 7839    0   -7
9756 7837    0   -7
9766 7837    0   -7
9776 7837    0   -7
9786 7837    0   -7
9796 7837    0   -7
9806 7837    0   -6
9816 7839    0   -6
9826 7837   71   -6
9836 7837   71   -7
9846 7801   71   -7
9856 7705   71   -7
9866 7698   71   -6
9876 7717   71   -6
9886 7743   71   -6
9896 7405   71   -6
9906 7618   71   -6
9916 7580   71   -1
9926 7469   71    7
9936 7312   71   16
9946 7298   71   25
9956 7252   71   34
9966 7247   71   42
9976 7273   71   50
9986 7312   71   59
9996 7373   60   68
10006 7353   44   77
10016 7402   30   86
10026 7425   30   96
10036 7482   30  106
10046 7480   53  116
10056 7535   53  125
10066 7521   53  134
10076 7654   53  143
10086 7690   53  152
10096 7693   53  160
10106 7653 -102  168
10116 7608 -102  177
10126 7598 -102  186
10136 7536 -102  196
10146 7454 -102  203
10156 7478 -102  211
10166 7530 -102  218
10176 7081 -102  224
10186 7101 -102  229
10196 7279 -102  232
10206 7339 -102  232
10216 7277 -102  232
10226 7289  -93  223
10236 7049  -93  208
10246 7092  -93  193
10256 6946  -93  177
10266 6973  -93  159
10276 7019  -93  140
10286 7149  -93  121
10296 7399  -93  100
10306 7395  -93   77
10316 7463  -93   54
10326 7471  -93   30
10336 7489  -93    5
10346 7465   81  -17
10356 7502   81  -28
10366 7473   81  -40
10376 7398   81  -55
10386 7450   81  -68
10396 7499   81  -82
10406 7471   81  -97
10416 7288   81 -112
10426 7229   81 -124
10436 7272   81 -131
10446 7351   49 -132
10456 7321    0 -132
10466 7394   10 -128
10476 7083   10 -116
10486 7177   10 -102
10496 7183   10  -90
10506 7593   10  -76
10516 7603   10  -62
10526 7787   10  -48
10536 7787   10  -34
10546 7790   10  -20
99999 0 0 0 
10556 7791    0   -6
10566 7791    0    6
10576 7792    0   16
10586 7831    0   24
10596 7831    0   29
10606 7832    0   32
10616 7831    0   33
10626 7832    0   34
10636 7832    0   34
10646 7835    0   34
10656 7832    0   34
10666 7832    0   34
10676 7835    0   33
10686 7833    0   32
10696 7833    0   29
10706 7835    0   26
10716 7835    0   24
10726 7835    0   21
10736 7835    0   18
10746 7835    0   16
10756 7836    0   14
10766 7837    0   12
10776 7835    0   10
10786 7835    0    8
10796 7833    0    6
10806 7835    0    4
10816 7836    0    3
10826 7835    0    1
10836 7836    0    0
10846 7836    0   -1
10856 7835    0   -2
10866 7835    0   -2
10876 7836    0   -3
10886 7836    0   -3
10896 7836    0   -3
10906 7835    0   -3
10916 7836    0   -3
10926 7837    0   -3
10936 7836    0   -3
10946 7836    0   -3
10956 7837    0   -3
10966 7836    0   -3
10976 7837    0   -3
10986 7836    0   -3
10996 7836    0   -3
11006 7836    0   -3
11016 7837    0   -3
11026 7836    0   -3
11036 7837    0   -3
11046 7837    0   -3
11057 7836   71   -3
11067 7839   71   -3
11077 7717   71   -3
11087 7693   71   -3
11097 7712   71   -3
11107 7381   71   -3
11117 7398   71   -3
11127 7500   71   -3
11137 7570   71    0
11147 7495   71    8
11157 7377   71   17
11167 7223   71   26
11177 7248   71   34
11187 7249   71   43
11197 7274   71   51
11207 7277   71   59
11217 7300   58   68
11227 7353   44   78
11237 7391   30   87
11247 7461   30   96
11257 7435   30  106
11267 7460   59  116
11277 7541   59  124
11287 7712   59  132
11297 7680   59  140
11307 7714   59  148
11317 7676   59  156
11327 7666   59  164
11337 7542 -102  172
11347 7601 -102  182
11357 7587 -102  192
11367 7418 -102  201
11377 7353 -102  208
11387 7404 -102  216
11397 7491 -102  224
11407 7240 -102  230
11417 7199 -102  234
11427 7222 -102  234
11437 7332 -102  234
11447 7304  -92  229
11457 7263  -92  216
11467 6939  -92  202
11477 6994  -92  186
11487 6915  -92  168
11497 7038  -92  150
11507 7067  -92  130
11517 7217  -92  110
11527 7430  -92   88
11537 7423  -92   66
11547 7464  -92   42
11557 7480  -92   17
11567 7495  -92   -8
11577 7506   81  -22
11587 7522   81  -33
11597 7414   81  -46
11607 7402   81  -60
11617 7445   81  -72
11627 7490   81  -86
11637 7278   81 -100
11647 7376   81 -112
11657 7274   81 -121
11667 7265   65 -124
11677 7329   14 -124
11687 7462   10 -124
11697 7435   10 -113
11707 7205   10 -101
11717 7233   10  -90
11727 7494   10  -77
11737 7782   10  -65
11747 7787   10  -52
11757 7788   10  -39
11767 7790   10  -26
11777 7792   10  -14
99999 0 0 0 
11787 7791    0   -2
11797 7792    0    7
11807 7792    0   14
11817 7828    0   19
11827 7831    0   22
11837 7825    0   23
11847 7831    0   23
11857 7832    0   23
11867 7833    0   23
11877 7832    0   23
11887 7832    0   23
11897 7833    0   23
11907 7832    0   22
11917 7832    0   20
11927 7833    0   18
11937 7833    0   16
11947 7833    0   15
11957 7833    0   13
11967 7832    0   12
11977 7836    0   10
11987 7833    0    8
11997 7835    0    7
12007 7833    0    5
12017 7833    0    4
12027 7835    0    3
12037 7833    0    2
12047 7833    0    1
12057 7835    0    0
12067 7833    0    0
12077 7835    0    0
12087 7833    0   -1
12097 7835    0   -1
12107 7835    0   -1
12117 7835    0   -1
12127 7833    0   -1
12137 7835    0   -1
12147 7835    0   -1
12157 7835    0   -1
12167 7835    0   -1
12177 7835    0   -1
12187 7835    0   -1
12197 7836    0   -1
12207 7836    0   -1
12217 7836    0   -1
12227 7836    0   -1
12237 7835    0   -1
12247 7836    0   -1
12257 7836    0   -1
12267 7835    0   -1
12277 7835    0   -1
12287 7837   81   -1
12297 7836   81   -1
12307 7836   81   -1
12317 7701   81   -1
12327 7653   81   -1
12337 7668   81   -1
12347 7702   81    0
12357 7484   81    0
12367 7484   81    0
12377 7426   81    1
12387 7359   81   10
12397 7160   81   20
12409 7058   81   32
12419 7101   81   42
12429 7034   81   52
12439 7159   81   61
12450 7151   57   72
12461 7276   33   84
12471 7267   30   96
12481 7369   30  108
12491 7392   30  120
12501 7383   30  132
12511 7399   30  141
12521 7725   30  152
12531 7730 -102  162
12541 7730 -102  172
12551 7733 -102  180
12561 7770 -102  190
12571 7564 -102  197
12581 7510 -102  203
12591 7546 -102  209
12601 7601 -102  214
12611 7009 -102  217
12621 7204 -102  220
12631 7137 -102  220
12641 7272 -102  220
12651 7318 -100  216
12661 7299 -100  203
12671 7144 -100  188
12681 7025 -100  172
12691 7091 -100  156
12701 7004 -100  138
12711 7283 -100  119
12721 7289 -100   99
12731 7361 -100   77
12741 7460 -100   55
12751 7466 -100   31
12761 7480 -100    7
12771 7492   81  -16
12781 7494   81  -28
12791 7464   81  -40
12801 7450   81  -54
12811 7436   81  -68
12821 7481   81  -82
12831 7096   81  -98
12841 7132   81 -113
12851 7212   81 -128
12861 7324   81 -137
12871 7256   65 -140
12881 7324   14 -140
12891 7208   10 -140
12901 7342   10 -132
12911 7194   10 -120
12921 7401   10 -111
12931 7417   10  -99
12941 7743   10  -87
12951 7784   10  -76
12961 7787   10  -64
12971 7788   10  -52
99999 0 0 0 
12981 7790    0  -41
12991 7790    0  -30
13001 7826    0  -20
13011 7790    0  -10
13021 7792    0   -2
13031 7829    0    3
13041 7829    0    7
13051 7831    0    9
13061 7831    0   11
13071 7829    0   11
13081 7832    0   11
13091 7831    0   11
13101 7832    0   11
13111 7833    0   11
13121 7832    0   11
13131 7829    0   11
13141 7832    0   10
13151 7832    0   10
13161 7832    0   10
13171 7832    0    9
13181 7832    0    8
13191 7832    0    7
13201 7832    0    6
13211 7833    0    6
13221 7832    0    5
13231 7831    0    4
13241 7832    0    4
13251 7833    0    4
13261 7833    0    4
13271 7832    0    3
13281 7833    0    3
13291 7833    0    2
13301 7833    0    2
13311 7833    0    2
13321 7833    0    2
13331 7833    0    2
13341 7833    0    2
13351 7833    0    2
13361 7835    0    2
13371 7835    0    2
13381 7833    0    2
13391 7832    0    2
13401 7835    0    2
13411 7833    0    2
13421 7833    0    2
13431 7833    0    2
13441 7833    0    2
13451 7835    0    2
13461 7833    0    2
13471 7836    0    2
13482 7871   81    2
13492 7833   81    2
13502 7737   81    2
13512 7653   81    2
13522 7659   81    2
13532 7687   81    2
13542 7716   81    2
13552 7440   81    2
13562 7379   81    4
13572 7291   81   14
13582 7066   81   23
13592 7062   81   33
13602 6987   81   42
13612 7063   81   52
13622 7082   81   61
13633 7149   57   72
13643 7277   37   82
13654 7360   30   95
13664 7407   30  106
13674 7372   30  117
13684 7640   42  126
13694 7650   42  135
13704 7715   42  144
13714 7712   42  154
13724 7713 -101  164
13734 7713 -101  172
13744 7677 -101  180
13754 7590 -101  188
13764 7507 -101  195
13774 7522 -101  200
13784 7567 -101  207
13794 7012 -101  212
13804 7216 -101  215
13814 7175 -101  217
13824 7350 -101  217
13834 7341 -101  217
13844 7307 -100  208
13854 7231 -100  196
13864 7062 -100  180
13874 7123 -100  165
13884 6970 -100  148
13894 7196 -100  129
13904 7215 -100  110
13914 7324 -100   89
13924 7426 -100   67
13934 7426 -100   44
13944 7466 -100   20
13954 7485 -100   -4
13964 7494   81  -21
13974 7484   81  -32
13984 7472   81  -44
13994 7394   81  -59
14004 7459   81  -72
14014 7324   81  -87
14024 7368   81 -102
14034 7139   81 -117
14044 7383   81 -129
14054 7288   81 -135
14064 7302   40 -136
14074 7140    0 -136
14084 7278   10 -132
14094 7182   10 -120
14104 7151   10 -107
14114 7187   10  -96
14124 7593   10  -82
14134 7777   10  -68
14144 7782   10  -56
14154 7787   10  -42
14164 7787   10  -29
99999 0 0 0 
14174 7788    0  -16
14184 7788    0   -4
14194 7790    0    7
14204 7790    0   15
14214 7790    0   20
14224 7794    0   24
14234 7792    0   26
14244 7828    0   26
14254 7831    0   26
14264 7829    0   26
14274 7829    0   26
14284 7831    0   26
14294 7829    0   26
14304 7831    0   25
14314 7831    0   24
14324 7829    0   21
14334 7829    0   18
14344 7831    0   16
14354 7831    0   14
14364 7831    0   12
14374 7831    0   10
14384 7831    0    8
14394 7832    0    6
14404 7832    0    5
14414 7828    0    4
14424 7832    0    3
14434 7831    0    2
14444 7832    0    0
14454 7831    0    0
14464 7832    0    0
14474 7832    0   -1
14484 7832    0   -1
14494 7832    0   -1
14504 7833    0   -1
14514 7832    0   -1
14524 7832    0   -1
14534 7831    0   -1
14544 7835    0   -1
14554 7833    0   -1
14564 7833    0   -1
14574 7832    0   -1
14584 7833    0   -1
14594 7832    0   -1
14604 7832    0   -1
14614 7835    0   -1
14624 7832    0   -1
14634 7832    0   -1
14644 7835    0   -1
14654 7832    0   -1
14664 7869    0   -1
14674 7833    0   -1
14684 7832   81   -1
14694 7833   81   -1
14704 7826   81   -1
14714 7671   81   -1
14724 7653   81   -1
14734 7675   81   -1
14744 7705   81   -1
14754 7295   81   -1
14764 7481   81   -1
14774 7415   81    5
14784 7302   81   14
14794 7093   81   24
14804 7106   81   34
14814 7077   81   44
14824 7110   81   53
14834 7123   75   63
14844 7183   57   73
14854 7265   33   84
14864 7279   30   95
14874 7382   30  106
14884 7461   30  117
14894 7490   42  128
14904 7468   42  137
14914 7688   42  147
14924 7682   42  156
14934 7713 -102  167
14944 7713 -102  176
14954 7715 -102  184
14964 7541 -102  192
14974 7487 -102  196
14984 7518 -102  203
14994 7571 -102  208
15004 7158 -102  212
15014 7177 -102  216
15024 7266 -102  216
15034 7363 -102  216
15044 7296 -102  216
15054 7309 -102  204
15064 7032 -102  191
15074 7081 -102  176
15084 7005 -102  159
15094 7025 -102  141
15104 7062 -102  123
15114 7185 -102  104
15124 7399 -102   82
15134 7388 -102   60
15144 7423 -102   37
15154 7471 -102   12
15164 7484   81  -12
15174 7460   81  -24
15184 7474   81  -36
15194 7400   81  -48
15204 7402   81  -63
15214 7403   81  -76
15224 7445   81  -90
15234 7270   81 -105
15244 7365   81 -120
15254 7282   81 -129
15264 7271   65 -133
15274 7297   23 -133
15284 7361   10 -133
15294 7318   10 -125
15304 7146   10 -112
15314 7182   10 -101
15324 7408   10  -89
15334 7776   10  -76
15344 7781   10  -63
15354 7784   10  -50
15364 7787   10  -37
99999 0 0 0 
15374 7790    0  -25
15384 7788    0  -13
15394 7790    0   -2
15404 7792    0    7
15414 7791    0   13
15424 7826    0   17
15434 7828    0   20
15444 7828    0   20
15454 7826    0   20
15464 7828    0   20
15474 7828    0   20
15484 7831    0   20
15494 7828    0   20
15504 7829    0   20
15514 7829    0   20
15524 7829    0   18
15534 7832    0   16
15544 7831    0   14
15554 7829    0   12
15564 7831    0   11
15574 7831    0   10
15584 7831    0    8
15594 7831    0    8
15604 7831    0    6
15614 7831    0    5
15624 7868    0    4
15634 7829    0    4
15644 7829    0    3
15654 7832    0    2
15664 7831    0    1
15674 7829    0    1
15684 7831    0    0
15694 7831    0    0
15704 7832    0    0
15714 7831    0    0
15724 7832    0    0
15734 7832    0    0
15744 7832    0    0
15754 7831    0    0
15764 7832    0    0
15774 7831    0    0
15784 7832    0    0
15794 7833    0    0
15804 7832    0    0
15814 7831    0    0
15824 7832    0    0
15834 7831    0    0
15844 7832    0    0
15854 7832    0    0
15864 7832    0    0
15874 7832    0    0
15884 7831   81    0
15894 7832   81    0
15904 7833   81    0
15914 7745   81    0
15924 7659   81    0
15934 7661   81    0
15944 7688   81    0
15954 7465   81    0
15964 7433   81    0
15974 7384   81    0
15984 7371   81    9
15994 7139   81   19
16004 7130   81   28
16014 7053   81   38
16024 7023   81   48
16034 7048   81   57
16044 7227   69   67
16054 7280   47   77
16064 7267   30   88
16074 7255   30  100
16084 7326   30  112
16094 7368   30  124
16104 7352   30  134
16114 7716   30  144
16124 7723   30  154
16134 7727 -102  164
16144 7729 -102  172
16154 7732 -102  181
16164 7716 -102  191
16174 7503 -102  196
16184 7484 -102  202
16194 7527 -102  208
16204 6975 -102  212
16214 7022 -102  215
16224 7335 -102  216
16234 7366 -102  216
16244 7256 -102  216
16254 7284 -102  208
16264 7138 -102  196
16274 7176 -102  180
16284 6950 -102  164
16294 6970 -102  148
16304 7014 -102  130
16314 7247 -102  110
16324 7358 -102   90
16334 7352 -102   68
16344 7422 -102   46
16354 7467 -102   22
16364 7481 -102   -3
16374 7495   81  -20
16384 7387   81  -32
16394 7336   81  -43
16404 7441   81  -52
16414 7206   81  -64
16424 7250   81  -76
16434 7313   81  -86
16444 7375   81  -96
16454 7276   74 -100
16464 7363   23 -100
16474 7387   10 -100
16484 7488   10  -94
16494 7158   10  -83
16504 7403   10  -73
16514 7415   10  -61
16524 7778   10  -48
16534 7781   10  -36
16544 7785   10  -23
16554 7784   10  -10
16564 7785   10    2
99999 0 0 0 
16574 7787    0   12
16584 7787    0   21
16594 7788    0   28
16604 7791    0   32
16614 7791    0   34
16624 7791    0   36
16634 7791    0   36
16644 7826    0   36
16654 7828    0   36
16664 7828    0   36
16674 7828    0   35
16684 7829    0   34
16694 7828    0   29
16704 7828    0   24
16714 7826    0   19
16724 7829    0   15
16734 7829    0   12
16744 7829    0    8
16754 7829    0    5
16764 7829    0    2
16774 7831    0    0
16784 7831    0   -2
16794 7828    0   -4
16804 7829    0   -6
16814 7829    0   -7
16824 7831    0   -8
16834 7828    0   -9
16844 7831    0  -10
16854 7831    0  -11
16864 7829    0  -11
16874 7829    0  -11
16884 7831    0  -11
16894 7831    0  -11
16904 7831    0  -11
16914 7829    0  -11
16924 7832    0  -11
16934 7829    0  -10
16944 7831    0  -10
16954 7831    0  -10
16964 7832    0  -10
16974 7831    0  -10
16984 7831    0  -10
16994 7831    0  -10
17004 7829    0  -10
17014 7831    0  -10
17024 7828    0  -10
17034 7831    0  -10
17044 7832    0  -10
17054 7831    0  -10
17064 7832   81  -10
17074 7832   81  -10
17084 7740   81  -10
17094 7654   81  -10
17104 7654   81  -10
17114 7685   81  -10
17124 7290   81  -10
17134 7443   81  -10
17144 7388   81   -6
17154 7365   81    2
17164 7278   81   12
17174 7265   81   22
17184 7075   81   32
17194 7047   81   42
17204 7079   81   52
17214 7198   79   61
17224 7258   59   72
17234 7237   37   82
17244 7287   30   93
17254 7354   30  105
17264 7399   30  116
17274 7383   36  125
17284 7711   36  135
17294 7712   36  145
17304 7713   36  154
17314 7718 -102  164
17324 7721 -102  174
17334 7681 -102  182
17344 7495 -102  188
17354 7481 -102  193
17364 7525 -102  199
17374 6934 -102  204
17384 6981 -102  207
17394 7346 -102  208
17404 7387 -102  208
17414 7279 -102  208
17424 7329 -105  204
17434 7209 -105  192
17444 7233 -105  178
17454 6932 -105  162
17464 6955 -105  145
17474 7002 -105  128
17484 7206 -105  109
17494 7322 -105   89
17504 7318 -105   68
17514 7459 -105   44
17524 7428 -105   21
17534 7440 -105   -3
17544 7488   81  -20
17554 7382   81  -30
17564 7333   81  -41
17574 7410   81  -50
17584 7424   81  -62
17594 7467   81  -73
17604 7282   81  -84
17614 7340   81  -92
17624 7246   57  -96
17634 7367   23  -96
17644 7424   10  -96
17654 7525   10  -90
17664 7194   10  -78
17674 7224   10  -69
17684 7237   10  -57
17694 7740   10  -44
17704 7780   10  -32
17714 7784   10  -18
17724 7782   10   -6
17734 7787   10    6
99999 0 0 0 
17744 7788    0   16
17754 7785    0   24
17764 7788    0   31
17774 7790    0   34
17784 7825    0   36
17794 7790    0   37
17804 7791    0   37
17814 7825    0   37
17824 7826    0   37
17834 7826    0   37
17844 7825    0   37
17854 7826    0   36
17864 7826    0   32
17874 7826    0   27
17884 7826    0   22
17894 7826    0   18
17904 7826    0   14
17914 7829    0   10
17924 7828    0    6
17934 7829    0    3
17944 7828    0    0
17954 7828    0   -3
17964 7829    0   -5
17974 7828    0   -8
17984 7826    0   -9
17994 7831    0  -10
18004 7828    0  -10
18014 7829    0  -10
18024 7829    0  -10
18034 7829    0  -10
18044 7829    0  -10
18054 7828    0  -10
18064 7829    0  -10
18074 7829    0  -10
18084 7826    0  -10
18094 7828    0  -10
18104 7831    0   -9
18114 7829    0   -9
18124 7829    0   -8
18134 7831    0   -8
18144 7829    0   -8
18154 7831    0   -9
18164 7829    0   -9
18174 7829    0   -9
18184 7829    0   -9
18194 7829    0   -9
18204 7829    0   -9
18214 7831    0   -9
18224 7831    0   -9
18234 7831   81   -9
18244 7831   81   -9
18254 7737   81   -9
18264 7654   81   -9
18274 7657   81   -8
18284 7685   81   -8
18294 7249   81   -8
18304 7388   81   -8
18314 7312   81   -4
18324 7341   81    4
18334 7274   81   14
18344 7279   81   25
18354 7101   81   36
18365 7108   81   46
18375 7129   81   56
18385 7160   69   67
18396 7248   49   78
18406 7234   30   89
18416 7323   30  101
18426 7371   30  113
18436 7406   30  124
18446 7389   30  134
18456 7682   30  144
18466 7685   30  155
18476 7726 -102  164
18486 7727 -102  174
18496 7729 -102  183
18506 7617 -102  192
18516 7522 -102  196
18526 7532 -102  203
18536 7578 -102  208
18546 7026 -102  212
18556 7061 -102  215
18566 7283 -102  216
18576 7289 -102  216
18586 7207 -102  216
18596 7282 -102  206
18606 7179 -102  192
18616 7224 -102  177
18626 6964 -102  160
18636 7020 -102  144
18646 7056 -102  125
18656 7215 -102  106
18666 7325 -102   85
18676 7319 -102   63
18686 7429 -102   40
18696 7434 -102   16
18706 7448 -102   -8
18716 7460   81  -22
18726 7366   81  -34
18736 7341   81  -45
18746 7414   81  -55
18756 7463   81  -67
18766 7505   81  -78
18776 7240   81  -89
18786 7324   81  -98
18796 7238   65 -101
18806 7335   14 -101
18816 7465   10 -101
18826 7554   10  -93
18836 7244   10  -82
18846 7190   10  -72
18856 7204   10  -61
18866 7743   10  -49
18876 7780   10  -36
18886 7781   10  -24
18896 7781   10  -12
99999 0 0 0 
18906 7782    0    0
18916 7785    0    9
18926 7784    0   18
18936 7787    0   24
18946 7788    0   28
18956 7788    0   29
18966 7825    0   30
18976 7825    0   30
18986 7826    0   30
18996 7826    0   30
19006 7828    0   30
19016 7826    0   30
19026 7826    0   28
19036 7828    0   24
19046 7826    0   20
19056 7826    0   16
19066 7828    0   12
19076 7826    0    9
19086 7826    0    6
19096 7828    0    4
19106 7828    0    2
19116 7828    0    0
19126 7826    0   -2
19136 7826    0   -4
19146 7828    0   -4
19156 7826    0   -5
19166 7828    0   -5
19176 7828    0   -5
19186 7828    0   -5
19196 7828    0   -5
19206 7826    0   -5
19216 7826    0   -5
19226 7829    0   -5
19236 7828    0   -5
19246 7826    0   -5
19256 7828    0   -5
19266 7829    0   -5
19276 7828    0   -5
19286 7828    0   -5
19296 7828    0   -5
19306 7829    0   -5
19316 7826    0   -5
19326 7828    0   -5
19336 7829    0   -5
19346 7828    0   -5
19356 7828    0   -5
19366 7829    0   -5
19376 7828    0   -5
19386 7829    0   -5
19396 7829    0   -5
19406 7831   81   -5
19416 7829   81   -5
19426 7717   81   -5
19436 7656   81   -5
19446 7665   81   -5
19456 7692   81   -5
19466 7258   81   -5
19476 7400   81   -5
19486 7346   81   -2
19496 7371   81    7
19506 7248   81   16
19516 7237   81   27
19527 7093   81   37
19537 7064   81   47
19547 7089   81   56
19557 7198   69   66
19567 7254   49   76
19577 7235   30   87
19587 7330   30   99
19597 7372   30  110
19607 7406   36  121
19617 7352   36  130
19627 7675   36  140
19637 7678   36  150
19647 7715   36  160
19657 7718 -102  170
19667 7721 -102  179
19677 7600 -102  187
19687 7484 -102  192
19697 7494 -102  198
19707 7539 -102  203
19717 6985 -102  208
19727 7022 -102  210
19737 7299 -102  212
19747 7318 -102  212
19757 7223 -102  212
19767 7325 -103  205
19777 7256 -103  191
19787 7288 -103  176
19797 6991 -103  160
19807 6972 -103  143
19817 7012 -103  125
19827 7178 -103  106
19837 7289 -103   85
19847 7288 -103   64
19857 7430 -103   41
19867 7434 -103   17
19877 7447 -103   -7
19887 7458   81  -22
19897 7474   81  -33
19907 7433   81  -46
19917 7399   81  -61
19927 7427   81  -74
19937 7469   81  -89
19947 7402   81 -104
19957 7162   81 -118
19967 7096   81 -130
19977 7295   81 -136
19987 7319   40 -136
19997 7314   10 -136
20007 7265   10 -133
20017 7165   10 -121
20027 7229   10 -108
20037 7258   10  -97
20047 7591   10  -85
20057 7597   10  -72
20067 7778   10  -59
20077 7780   10  -46
99999 0 0 0 
20087 7780    0  -33
20097 7782    0  -21
20107 7784    0   -9
20117 7785    0    2
20127 7784    0   10
20137 7788    0   16
20147 7788    0   19
20157 7788    0   21
20167 7788    0   22
20177 7788    0   22
20187 7823    0   22
20197 7790    0   22
20207 7790    0   22
20217 7790    0   22
20227 7823    0   21
20237 7822    0   20
20247 7826    0   17
20257 7823    0   15
20267 7825    0   14
20277 7825    0   12
20287 7825    0   11
20297 7825    0    9
20307 7825    0    8
20317 7826    0    7
20327 7825    0    5
20337 7828    0    4
20347 7826    0    4
20357 7828    0    2
20367 7826    0    2
20377 7826    0    1
20387 7828    0    1
20397 7825    0    0
20407 7825    0    0
20417 7828    0    0
20427 7826    0    0
20437 7826    0    0
20447 7828    0    0
20457 7826    0    0
20467 7826    0    0
20477 7828    0    0
20487 7826    0    0
20497 7828    0    0
20507 7826    0    0
20517 7826    0    0
20527 7828    0    0
20537 7828    0    0
20547 7828    0    0
20557 7828    0    0
20567 7828    0    0
20577 7828    0    0
20587 7828   81    0
20597 7829   81    0
20607 7828   81    0
20617 7677   81    0
20627 7649   81    0
20637 7667   81    0
20647 7696   81    0
20657 7724   81    0
20667 7407   81    1
20677 7416   81    2
20687 7331   81   11
20698 7211   81   22
20708 7109   81   32
20720 7044   81   44
20730 7077   81   53
20740 7129   77   63
20750 7263   57   72
20760 7245   35   84
20770 7274   30   94
20780 7344   30  106
20790 7394   30  117
20800 7381   36  128
20810 7672   36  137
20820 7675   36  147
20830 7677   36  157
20840 7715 -102  166
20850 7719 -102  176
20860 7713 -102  184
20870 7521 -102  192
20880 7483 -102  196
20890 7518 -102  202
20900 6963 -102  207
20910 7009 -102  211
20920 7312 -102  212
20930 7374 -102  213
20940 7271 -102  213
20950 7349 -103  212
20960 7261 -103  200
20970 7277 -103  186
20980 7007 -103  170
20990 6955 -103  153
21000 7002 -103  136
21010 7175 -103  118
21020 7294 -103   99
21030 7291 -103   78
21040 7430 -103   56
21050 7466 -103   34
21060 7473 -103   10
21070 7451   81  -14
21080 7458   81  -26
21090 7439   81  -39
21100 7386   81  -53
21110 7410   81  -68
21120 7446   81  -81
21130 7379   81  -97
21140 7129   81 -112
21150 7103   81 -126
21160 7307   81 -136
21170 7315   74 -139
21180 7287   14 -139
21190 7231   10 -139
21200 7049   10 -132
21210 7176   10 -120
21220 7144   10 -107
21230 7287   10  -96
21240 7305   10  -83
21250 7737   10  -70
21260 7741   10  -57
21270 7744   10  -44
99999 0 0 0 
21280 7781    0  -32
21290 7782    0  -20
21300 7784    0   -8
21310 7784    0    3
21320 7785    0   10
21330 7787    0   16
21340 7787    0   19
21350 7787    0   20
21360 7785    0   21
21370 7787    0   21
21380 7790    0   21
21390 7788    0   21
21400 7823    0   21
21410 7788    0   21
21420 7787    0   20
21430 7825    0   20
21440 7823    0   18
21450 7823    0   16
21460 7825    0   14
21470 7823    0   12
21480 7825    0   11
21490 7825    0    9
21500 7825    0    8
21510 7825    0    6
21520 7825    0    5
21530 7825    0    4
21540 7825    0    3
21550 7826    0    2
21560 7825    0    1
21570 7825    0    0
21580 7825    0    0
21590 7826    0    0
21600 7828    0    0
21610 7826    0    0
21620 7825    0    0
21630 7826    0    0
21640 7826    0    0
21650 7825    0    0
21660 7826    0    0
21670 7826    0    0
21680 7826    0    0
21690 7826    0    0
21700 7826    0    0
21710 7825    0    0
21720 7826    0    0
21730 7826    0    0
21740 7825    0    0
21750 7826    0    0
21760 7826    0    0
21770 7826    0    0
21780 7828   81    0
21790 7826   81    0
21800 7743   81    0
21810 7659   81    0
21820 7660   81    0
21830 7685   81    0
21840 7712   81    0
21850 7400   81    0
21860 7436   81    0
21870 7360   81    8
21880 7232   81   17
21890 7075   81   27
21900 7101   81   37
21910 7105   81   46
21920 7134   81   56
21930 7141   73   65
21941 7270   53   75
21952 7293   30   87
21962 7333   30   99
21972 7347   30  109
21982 7480   41  120
21992 7497   41  129
22002 7682   41  138
22012 7685   41  146
22022 7678   41  156
22032 7712 -102  164
22042 7711 -102  172
22052 7607 -102  180
22062 7509 -102  186
22072 7484 -102  191
22082 7523 -102  196
22092 6998 -102  200
22102 7172 -102  203
22112 7159 -102  205
22122 7369 -102  205
22132 7361 -102  205
22142 7326 -107  199
22152 7289 -107  186
22162 7178 -107  172
22172 7226 -107  156
22182 6987 -107  140
22192 7057 -107  122
22202 7079 -107  104
22212 7303 -107   84
22222 7378 -107   63
22232 7378 -107   40
22242 7448 -107   18
22252 7458 -107   -6
22262 7464   81  -21
22272 7448   81  -32
22282 7445   81  -45
22292 7383   81  -60
22302 7438   81  -72
22312 7441   81  -86
22322 7473   81 -101
22332 7204   81 -116
22342 7329   81 -128
22354 7399   81 -135
22364 7371   38 -136
22374 7381    0 -136
22384 7053   10 -132
22394 7130   10 -120
22404 7141   10 -108
22414 7178   10  -97
22424 7197   10  -84
22434 7630   10  -72
22444 7741   10  -60
22454 7743   10  -47
22464 7781   10  -34
22474 7781   10  -24
99999 0 0 0 
22484 7782    0  -12
22494 7782    0   -2
22504 7782    0    5
22514 7785    0   12
22524 7787    0   16
22534 7787    0   18
22544 7787    0   19
22554 7788    0   19
22564 7788    0   19
22574 7787    0   19
22584 7788    0   19
22594 7787    0   19
22604 7787    0   19
22614 7787    0   18
22624 7823    0   18
22634 7823    0   17
22644 7823    0   15
22654 7825    0   13
22664 7823    0   12
22674 7823    0   10
22684 7825    0    8
22694 7823    0    6
22704 7825    0    4
22714 7823    0    2
22724 7819    0    0
22734 7825    0   -1
22744 7822    0   -3
22754 7825    0   -4
22764 7823    0   -5
22774 7825    0   -5
22784 7825    0   -7
22794 7823    0   -8
22804 7826    0   -8
22814 7825    0   -8
22824 7825    0   -8
22834 7826    0   -7
22844 7826    0   -7
22854 7825    0   -7
22864 7826    0   -7
22874 7826    0   -7
22884 7825    0   -7
22894 7825    0   -7
22904 7826    0   -7
22914 7825    0   -7
22924 7825    0   -7
22934 7825    0   -7
22944 7825    0   -7
22954 7826    0   -7
22964 7825    0   -7
22974 7825    0   -7
22984 7826   81   -7
22994 7826   81   -7
23004 7780   81   -7
23014 7675   81   -7
23024 7667   81   -7
23034 7687   81   -7
23044 7288   81   -7
23054 7307   81   -7
23064 7457   81   -4
23074 7423   81    3
23084 7357   81   12
23094 7193   81   22
23104 7036   81   32
23114 7053   81   40
23124 7044   81   50
23134 7211   81   59
23144 7218   65   68
23154 7287   45   78
23164 7283   30   88
23174 7332   30   99
23184 7326   30  110
23195 7332   42  121
23205 7345   42  132
23215 7558   42  141
23225 7703   42  151
23235 7705   42  160
23245 7707 -102  168
23255 7674 -102  177
23265 7672 -102  185
23275 7621 -102  193
23285 7543 -102  200
23295 7546 -102  206
23305 7540 -102  212
23315 7077 -102  218
23325 7099 -102  221
23335 7260 -102  224
23345 7415 -102  224
23355 7368 -102  224
23365 7416  -98  219
23375 7257  -98  207
23385 7288  -98  192
23395 7113  -98  177
23405 7039  -98  160
23415 7061  -98  143
23425 7108  -98  125
23435 7357  -98  105
23445 7358  -98   85
23455 7429  -98   64
23465 7470  -98   41
23475 7481  -98   18
23485 7486  -98   -5
23495 7490   81  -20
23505 7486   81  -30
23515 7450   81  -42
23525 7500   81  -54
23535 7522   81  -64
23545 7512   81  -76
23555 7276   81  -88
23565 7257   81  -98
23575 7347   74 -106
23585 7480   57 -110
23596 7479   23 -110
23606 7549   10 -110
23616 7262   10 -109
23626 7313   10 -100
23636 7301   10  -90
23646 7523   10  -82
23656 7529   10  -73
23666 7746   10  -64
23676 7781   10  -54
23686 7782   10  -45
99999 0 0 0 
23696 7782    0  -36
23706 7784    0  -28
23716 7784    0  -19
23726 7785    0  -10
23736 7787    0   -3
23746 7785    0    4
23756 7787    0    8
23766 7787    0   12
23776 7785    0   14
23786 7790    0   15
23796 7790    0   15
23806 7788    0   15
23816 7790    0   15
23826 7788    0   15
23836 7790    0   15
23846 7788    0   15
23856 7788    0   14
23866 7788    0   12
23876 7823    0    9
23886 7790    0    7
23896 7790    0    5
23906 7790    0    3
23916 7785    0    1
23926 7788    0    0
23936 7826    0   -2
23946 7790    0   -3
23956 7787    0   -4
23966 7790    0   -4
23976 7826    0   -4
23986 7823    0   -4
23996 7825    0   -4
24006 7826    0   -4
24016 7825    0   -4
24026 7821    0   -4
24036 7825    0   -4
24046 7826    0   -4
24056 7826    0   -4
24066 7825    0   -4
24076 7823    0   -4
24086 7826    0   -4
24096 7828    0   -4
24106 7826    0   -4
24116 7826    0   -4
24126 7826    0   -4
24136 7826    0   -4
24146 7826    0   -4
24156 7825    0   -4
24166 7825    0   -4
24176 7826    0   -4
24186 7826    0   -4
24196 7826   92   -4
24206 7826   92   -4
24216 7689   92   -4
24226 7649   92   -4
24236 7661   92   -4
24246 7616   92   -4
24256 7642   92   -4
24267 7363   92   -4
24277 7381   92    0
24287 7307   92    9
24297 7252   92   19
24307 7194   92   29
24317 7229   92   39
24327 7015   92   48
24337 7069   92   58
24347 7069   78   67
24357 7202   53   76
24367 7264   30   86
24377 7320   30   96
24387 7359   30  106
24397 7315   53  116
24407 7326   53  124
24417 7654   53  134
24427 7614   53  143
24437 7599   53  151
24447 7664   53  158
24457 7697 -102  166
24467 7694 -102  174
24477 7615 -102  181
24487 7570 -102  189
24497 7565 -102  195
24507 7582 -102  201
24517 7571 -102  208
24527 7590 -102  212
24537 7333 -102  215
24547 7389 -102  216
24557 7357 -102  216
24567 7495 -102  216
24577 7506 -102  210
24587 7524 -102  198
24597 7194 -102  184
24607 7039 -102  170
24617 7057 -102  154
24627 7135 -102  138
24637 7250 -102  121
24647 7258 -102  103
24657 7438 -102   84
24667 7479 -102   64
24677 7482 -102   42
24687 7480 -102   20
24697 7473 -102   -2
24707 7473   81  -20
24717 7469   81  -30
24727 7481   81  -42
24737 7454   81  -56
24747 7495   81  -69
24757 7475   81  -82
24767 7485   81  -97
24777 7177   81 -111
24787 7384   81 -125
24797 7372   81 -136
24807 7558   81 -141
24817 7575   32 -142
24827 7596    0 -142
24837 7292   10 -142
24847 7201   10 -138
24857 7210   10 -130
24867 7673   10 -124
24877 7641   10 -117
24887 7642   10 -110
24897 7750   10 -104
24907 7785   10  -98
24917 7784   10  -92
99999 0 0 0 
24927 7785    0  -87
24937 7787    0  -81
24947 7785    0  -77
24957 7788    0  -72
24967 7788    0  -67
24977 7788    0  -62
24987 7788    0  -57
24997 7788    0  -53
25007 7791    0  -48
25017 7790    0  -44
25027 7790    0  -40
25037 7788    0  -36
25047 7788    0  -32
25057 7788    0  -28
25067 7790    0  -25
25077 7790    0  -21
25087 7787    0  -19
25097 7788    0  -16
25107 7791    0  -14
25117 7825    0  -12
25127 7823    0  -11
25137 7790    0  -10
25147 7790    0   -9
25157 7790    0   -8
25167 7791    0   -8
25177 7825    0   -9
25187 7825    0   -9
25197 7790    0   -9
25207 7826    0   -9
25217 7825    0   -9
25227 7825    0   -9
25237 7826    0   -9
25247 7825    0   -9
25257 7788    0   -9
25267 7826    0   -9
25277 7826    0   -9
25287 7825    0   -9
25297 7826    0   -9
25307 7826    0   -9
25317 7825    0   -9
25327 7828    0   -9
25337 7825    0   -9
25347 7823    0   -9
25357 7828    0   -9
25367 7825    0   -9
25377 7825    0   -9
25387 7826    0   -9
25397 7826    0   -9
25407 7826    0   -9
25417 7828    0   -9
25427 7826   92   -9
25437 7790   92   -9
25447 7825   92   -9
25459 7693   92   -9
25469 7664   92   -9
25479 7675   92   -9
25489 7162   92   -9
25499 7165   92   -9
25509 7263   92   -8
25519 7446   92   -3
25529 7463   92    6
25539 7532   92   16
25549 7315   92   26
25559 7337   92   36
25569 7174   92   44
25579 7146   92   52
25589 7153   92   60
25600 7226   76   68
25610 7332   59   76
25620 7342   43   85
25630 7348   30   93
25641 7255   30  102
25651 7263   30  109
25661 7446   80  116
25671 7661   80  123
25681 7661   80  129
25691 7667   80  135
25701 7684   80  140
25711 7679   80  147
25721 7684   80  153
25731 7436   80  160
25741 7434   80  168
25751 7471   80  178
25761 7405 -102  187
25771 7409 -102  196
25781 7307 -102  205
25791 7310 -102  214
25801 7297 -102  224
25811 7340 -102  230
25821 7381 -102  238
25831 7385 -102  246
25841 7176 -102  252
25851 7426 -102  258
25861 7428 -102  261
25871 7501 -102  262
25881 7643 -102  262
25891 7643 -102  262
25901 7538  -80  259
25911 7113  -80  248
25921 7114  -80  237
25932 7114  -80  224
25942 7117  -80  210
25952 7115  -80  196
25962 7186  -80  180
25972 7397  -80  164
25982 7399  -80  146
25992 7471  -80  128
26002 7542  -80  109
26012 7542  -80   90
26022 7544  -80   69
26032 7546  -80   48
26042 7546  -80   28
26052 7583  -80    6
26062 7583   81  -14
26072 7585   81  -24
26082 7571   81  -33
26092 7584   81  -44
26102 7594   81  -52
26112 7603   81  -61
26122 7182   81  -72
26132 7186   81  -81
26142 7366   65  -91
26152 7583   74  -99
26162 7585   57 -104
26172 7657   32 -104
26182 7519   10 -104
26192 7525   10 -104
26202 7320   10 -104
26212 7465   10  -98
26222 7468   10  -93
26232 7469   10  -86
26242 7751   10  -80
26252 7753   10  -73
26262 7751   10  -68
26272 7788   10  -61
99999 0 0 0 
26282 7788    0  -56
26292 7788    0  -50
26302 7790    0  -44
26312 7790    0  -38
26322 7791    0  -32
26332 7791    0  -26
26342 7790    0  -20
26352 7791    0  -15
26362 7791    0   -9
26372 7792    0   -4
26382 7792    0    0
26392 7791    0    3
26402 7791    0    4
26412 7790    0    5
26422 7792    0    5
26432 7791    0    5
26442 7794    0    5
26452 7791    0    5
26462 7792    0    5
26472 7791    0    5
26482 7792    0    5
26492 7791    0    4
26502 7790    0    2
26512 7826    0   -1
26522 7826    0   -4
26532 7791    0   -6
26542 7791    0   -6
26552 7791    0   -6
26562 7791    0   -6
26572 7791    0   -6
26582 7791    0   -6
26592 7828    0   -6
26602 7791    0   -6
26612 7792    0   -6
26622 7791    0   -6
26632 7826    0   -6
26642 7828    0   -6
26652 7826    0   -6
26662 7794    0   -6
26672 7794    0   -6
26682 7794    0   -6
26692 7792    0   -6
26702 7792    0   -6
26712 7794    0   -6
26722 7792    0   -6
26732 7792    0   -6
26742 7828    0   -6
26752 7792    0   -6
26762 7792    0   -6
26772 7828    0   -6
26782 7792   92   -6
26792 7791   92   -6
26802 7746   92   -6
26812 7703   92   -6
26822 7695   92   -6
26832 7707   92   -6
26842 7187   92   -6
26854 7323   92   -6
26864 7323   92   -4
26874 7508   92    3
26884 7486   92   11
26894 7500   92   20
26904 7334   92   28
26914 7232   92   37
26924 7240   92   44
26934 7167   92   52
26944 7246   92   58
26954 7247   84   66
26964 7319   71   72
26974 7319   61   79
26984 7323   46   86
26994 7260   34   93
27004 7228   30  100
27014 7230   30  107
27024 7521   30  113
27034 7488   93  119
27044 7488   93  124
27054 7621   93  130
27064 7664   93  135
27074 7662   93  140
27084 7663   93  146
27094 7311   93  152
27104 7315   93  160
27114 7423   93  168
27124 7391   93  176
27134 7391   93  184
27144 7178   93  194
27154 7178 -102  202
27164 7175 -102  212
27174 7282 -102  220
27184 7319 -102  226
27194 7323 -102  235
27204 7079 -102  242
27214 7295 -102  248
27224 7296 -102  252
27234 7546 -102  255
27244 7617 -102  255
27254 7617 -102  255
27264 7509  -86  254
27274 7298  -86  245
27284 7298  -86  235
27294 7119  -86  222
27304 7121  -86  209
27314 7119  -86  195
27324 7192  -86  180
27334 7263  -86  164
27344 7265  -86  147
27354 7442  -86  129
27364 7478  -86  112
27374 7481  -86   92
27384 7482  -86   72
27394 7446  -86   52
27404 7446  -86   32
27414 7482  -86   10
27424 7522   81  -11
27434 7519   81  -22
27444 7558   81  -32
27454 7532   81  -42
27464 7531   81  -53
27474 7538   81  -64
27484 7435   81  -75
27494 7441   81  -84
27504 7444   65  -96
27514 7555   81 -105
27524 7555   65 -113
27534 7661   57 -116
27544 7628   14 -117
27554 7631    0 -117
27564 7245   10 -117
27574 7217   10 -112
27584 7220   10 -104
27594 7469   10  -99
27604 7754   10  -90
27614 7754   10  -84
27624 7753   10  -76
27634 7790   10  -69
27644 7788   10  -62
99999 0 0 0 
27654 7790    0  -56
27664 7790    0  -49
27674 7790    0  -44
27684 7790    0  -38
27694 7791    0  -32
27704 7792    0  -26
27714 7791    0  -20
27724 7792    0  -15
27734 7792    0  -10
27744 7792    0   -6
27754 7792    0   -2
27764 7794    0    0
27774 7792    0    2
27784 7790    0    2
27794 7791    0    2
27804 7792    0    2
27814 7791    0    2
27824 7792    0    2
27834 7792    0    2
27844 7795    0    2
27854 7792    0    2
27864 7794    0    2
27874 7792    0    1
27884 7792    0   -1
27894 7791    0   -3
27904 7794    0   -4
27914 7792    0   -6
27924 7792    0   -7
27934 7792    0   -7
27944 7794    0   -7
27954 7794    0   -7
27964 7794    0   -7
27974 7792    0   -7
27984 7792    0   -7
27994 7794    0   -7
28004 7792    0   -7
28014 7792    0   -7
28024 7794    0   -7
28034 7792    0   -7
28044 7794    0   -7
28054 7794    0   -7
28064 7791    0   -7
28074 7792    0   -7
28084 7794    0   -7
28094 7792    0   -7
28104 7792    0   -7
28114 7794    0   -7
28124 7792    0   -7
28134 7792    0   -7
28144 7794    0   -7
28154 7792   92   -7
28164 7792   92   -7
28174 7716   92   -7
28184 7679   92   -7
28194 7685   92   -7
28204 7201   92   -7
28214 7211   92   -7
28224 7355   92   -7
28234 7495   92   -3
28244 7500   92    4
28254 7475   92   12
28264 7273   92   20
28274 7277   92   28
28284 7210   92   36
28294 7178   92   42
28305 7181   92   49
28315 7251   92   56
28325 7326   89   63
28335 7325   80   69
28345 7291   69   76
28356 7226   60   82
28366 7226   49   88
28376 7230   40   94
28386 7339   30  100
28396 7342   30  106
28406 7345   30  112
28416 7490   30  118
28426 7491   99  124
28436 7597   99  128
28446 7678   99  133
28456 7671   99  138
28466 7671   99  144
28476 7284   99  148
28486 7287   99  155
28496 7394   99  162
28506 7359   99  170
28516 7362   99  178
28526 7255   99  187
28536 7186   99  195
28546 7185 -102  204
28556 7186 -102  212
28566 7325 -102  222
28576 7322 -102  231
28586 7326 -102  237
28596 7331 -102  245
28606 7332 -102  252
28616 7228 -102  259
28626 7514 -102  264
28636 7512 -102  267
28646 7586 -102  267
28656 7586 -102  267
28666 7586 -102  267
28676 7373  -84  261
28686 7127  -84  251
28696 7124  -84  240
28706 7125  -84  227
28716 7160  -84  214
28726 7163  -84  200
28736 7269  -84  186
28746 7413  -84  171
28756 7415  -84  154
28766 7488  -84  137
28776 7488  -84  120
28786 7490  -84  102
28796 7454  -84   83
28806 7490  -84   64
28816 7490  -84   43
28826 7525  -84   23
28836 7523  -84    2
28846 7523   82  -17
28856 7559   82  -26
28866 7594   82  -37
28876 7568   82  -48
28886 7568   82  -60
28896 7467   82  -71
28906 7474   82  -84
28916 7195   82  -93
28926 7517   66 -105
28936 7519   82 -116
28946 7590   82 -124
28956 7626   57 -127
28966 7628   14 -128
28976 7451    0 -128
28986 7179   10 -128
28996 7184   10 -121
29006 7468   10 -116
29016 7754   10 -108
29026 7754   10 -100
29036 7754   10  -93
29046 7754   10  -87
29056 7754   10  -81
29066 7755   10  -76
99999 0 0 0 
29076 7790    0  -70
29086 7794    0  -65
29096 7791    0  -60
29106 7791    0  -56
29116 7791    0  -50
29126 7792    0  -46
29136 7792    0  -41
29146 7792    0  -36
29156 7792    0  -32
29166 7792    0  -28
29176 7792    0  -24
29186 7794    0  -20
29196 7792    0  -16
29206 7794    0  -12
29216 7794    0  -10
29226 7794    0   -8
29236 7794    0   -6
29246 7794    0   -5
29256 7794    0   -5
29266 7794    0   -5
29276 7794    0   -5
29286 7794    0   -5
29296 7794    0   -5
29306 7794    0   -5
29316 7794    0   -5
29326 7795    0   -5
29336 7792    0   -5
29346 7794    0   -5
29356 7794    0   -5
29366 7791    0   -5
29376 7792    0   -5
29386 7794    0   -5
29396 7794    0   -6
29406 7794    0   -6
29416 7792    0   -6
29426 7794    0   -6
29436 7794    0   -6
29446 7792    0   -6
29456 7794    0   -6
29466 7794    0   -6
29476 7795    0   -6
29486 7794    0   -6
29496 7795    0   -6
29506 7794    0   -6
29516 7794    0   -6
29526 7792    0   -6
29536 7794    0   -6
29546 7794    0   -6
29556 7795    0   -6
29566 7794    0   -6
29577 7795   92   -6
29587 7794   92   -6
29597 7716   92   -6
29607 7690   92   -6
29617 7697   92   -6
29627 7706   92   -6
29637 7218   92   -6
29647 7475   92   -6
29657 7477   92   -4
29667 7553   92    3
29677 7450   92   10
29687 7456   92   18
29697 7318   92   26
29707 7144   92   32
29717 7146   92   39
29727 7149   92   45
29737 7255   92   52
29747 7329   92   58
29757 7329   88   64
29767 7294   80   69
29779 7261   72   76
29789 7263   62   82
29799 7230   54   88
29809 7265   47   93
29819 7268   39   99
29829 7380   32  104
29839 7415   30  110
29849 7417   30  116
29859 7526   30  121
29869 7564  104  126
29879 7562  104  131
29889 7680  104  136
29899 7677  104  140
29909 7678  104  144
29919 7291  104  150
29929 7399  104  156
29939 7399  104  163
29949 7364  104  171
29959 7224  104  178
29969 7226  104  186
29979 7155  104  194
29989 7190 -102  202
29999 7189 -102  210
30009 7291 -102  219
30019 7326 -102  228
30029 7331 -102  234
30039 7335 -102  242
30049 7230 -102  249
30059 7230 -102  254
30069 7517 -102  259
30079 7586 -102  260
30089 7587 -102  260
30099 7589 -102  260
30109 7373 -102  260
30119 7374  -90  251
30129 7163  -90  240
30139 7128  -90  228
30149 7127  -90  215
30159 7162  -90  201
30169 7237  -90  187
30179 7236  -90  172
30189 7449  -90  156
30199 7488  -90  139
30209 7492  -90  122
30219 7455  -90  104
30229 7455  -90   86
30239 7455  -90   66
30249 7454  -90   46
30259 7491  -90   25
30269 7490  -90    4
30279 7525   82  -15
30289 7525   82  -24
30299 7525   82  -34
30309 7559   82  -45
30319 7535   82  -57
30329 7536   82  -70
30339 7366   82  -82
30349 7195   82  -96
30359 7197   82 -106
30369 7519   75 -118
30379 7590   82 -128
30389 7591   75 -135
30399 7590   49 -137
30409 7419    6 -137
30419 7421   10 -137
30429 7183   10 -137
30439 7469   10 -129
30449 7469   10 -124
30459 7753   10 -116
30469 7755   10 -109
30479 7755   10 -103
30489 7755   10  -97
30499 7755   10  -92
99999 0 0 0 
30509 7757    0  -88
30519 7792    0  -83
30529 7792    0  -79
30539 7792    0  -75
30549 7794    0  -72
30559 7794    0  -68
30569 7794    0  -65
30579 7794    0  -62
30589 7795    0  -59
30599 7794    0  -56
30609 7794    0  -53
30619 7796    0  -51
30629 7795    0  -48
30639 7794    0  -46
30649 7795    0  -44
30659 7794    0  -42
30669 7794    0  -41
30679 7795    0  -41
30689 7792    0  -41
30699 7794    0  -41
30709 7796    0  -41
30719 7794    0  -41
30729 7794    0  -41
30739 7795    0  -41
30749 7794    0  -40
30759 7794    0  -40
30769 7795    0  -40
30779 7794    0  -39
30789 7794    0  -38
30799 7794    0  -38
30809 7794    0  -37
30819 7794    0  -37
30829 7791    0  -36
30839 7794    0  -36
30849 7795    0  -34
30859 7794    0  -33
30869 7794    0  -32
30879 7794    0  -31
30889 7794    0  -30
30899 7795    0  -29
30909 7794    0  -28
30919 7794    0  -26
30929 7795    0  -25
30939 7794    0  -24
30949 7795    0  -23
30959 7794    0  -22
30969 7795    0  -21
30979 7795    0  -20
30989 7795    0  -20
30999 7794    0  -19
31009 7795    0  -19
31019 7795   92  -19
31029 7829   92  -19
31039 7710   92  -19
31049 7699   92  -19
31059 7707   92  -19
31069 7221   92  -19
31079 7228   92  -16
31089 7480   92  -16
31099 7551   92  -14
31109 7550   92   -9
31119 7663   92   -2
31129 7598   92    7
31139 7602   92   16
31149 7216   92   24
31159 7148   92   32
31169 7152   92   40
31179 7186   92   47
31189 7260   92   54
31199 7260   92   60
31209 7367   84   68
31220 7333   75   75
31230 7335   66   82
31240 7231   58   88
31250 7233   50   95
31260 7234   43  101
31270 7380   35  107
31280 7346   30  112
31290 7351   30  118
31300 7459   30  124
31310 7566   99  129
31320 7560   99  135
31330 7681   99  140
31340 7677   99  145
31350 7677   99  151
31360 7290   99  157
31370 7363   99  164
31380 7364   99  172
31390 7403   99  180
31400 7261   99  188
31410 7263   99  196
31420 7193   99  205
31430 7228 -102  214
31440 7230 -102  223
31450 7295 -102  232
31460 7331 -102  240
31470 7329 -102  247
31480 7337 -102  254
31490 7231 -102  261
31500 7233 -102  266
31510 7519 -102  271
31520 7590 -102  272
31530 7590 -102  272
31540 7591 -102  272
31550 7413  -86  271
31560 7413  -86  262
31570 7129  -86  251
31580 7165  -86  240
31590 7165  -86  228
31600 7166  -86  216
31610 7238  -86  206
31620 7242  -86  196
31630 7380  -86  184
31640 7454  -86  170
31650 7452  -86  156
31660 7381  -86  140
31670 7346  -86  124
31680 7346  -86  108
31690 7346  -86   90
31700 7417  -86   71
31710 7417  -86   52
31720 7452  -86   32
31730 7523  -86   11
31740 7523  -86   -9
31750 7519   82  -20
31760 7503   82  -28
31770 7505   82  -36
31780 7548   82  -41
31790 7195   82  -52
31800 7199   82  -60
31810 7415   82  -65
31820 7522   82  -72
31830 7525   49  -76
31840 7631   23  -78
31850 7640    6  -78
31860 7646   10  -78
31870 7295   10  -77
31880 7578   10  -77
31890 7578   10  -73
31900 7755   10  -68
31910 7755   10  -64
31920 7757   10  -58
31930 7755   10  -54
31940 7755   10  -49
31950 7757   10  -44
99999 0 0 0 
31960 7791    0  -40
31970 7792    0  -36
31980 7794    0  -31
31990 7792    0  -26
32000 7794    0  -21
32010 7794    0  -17
32020 7794    0  -12
32030 7794    0   -8
32040 7795    0   -5
32050 7794    0   -3
32060 7794    0   -1
32070 7794    0    0
32080 7794    0    0
32090 7792    0    0
32100 7794    0    0
32110 7794    0    0
32120 7795    0    0
32130 7795    0    0
32140 7794    0    0
32150 7795    0    0
32160 7794    0    0
32170 7795    0   -1
32180 7798    0   -3
32190 7795    0   -5
32200 7794    0   -7
32210 7795    0   -8
32220 7794    0   -9
32230 7795    0  -10
32240 7794    0  -11
32250 7795    0  -12
32260 7795    0  -12
32270 7792    0  -12
32280 7795    0  -12
32290 7795    0  -12
32300 7796    0  -12
32310 7794    0  -12
32320 7795    0  -12
32330 7794    0  -12
32340 7794    0  -12
32350 7792    0  -12
32360 7795    0  -12
32370 7795    0  -12
32380 7792    0  -12
32390 7794    0  -12
32400 7795    0  -12
32410 7794    0  -12
32420 7795    0  -12
32430 7795    0  -11
32440 7794    0  -11
32450 7795    0  -11
32460 7794   92  -11
32470 7782   92  -11
32480 7713   92  -11
32490 7704   92  -11
32500 7714   92  -11
32511 7476   92  -11
32521 7483   92  -11
32531 7452   92  -10
32541 7521   92   -6
32552 7526   92    0
32562 7598   92    8
32572 7493   92   16
32582 7498   92   24
32592 7145   92   32
32602 7148   92   39
32612 7152   92   46
32622 7187   92   52
32632 7295   92   58
32642 7296   88   65
32652 7333   80   71
32662 7299   73   77
32672 7301   67   84
32682 7231   60   89
32692 7233   53   96
32702 7236   47  101
32712 7308   41  107
32722 7343   34  113
32732 7347   30  118
32742 7492   30  124
32752 7531   30  130
32762 7532   99  136
32772 7637   99  140
32782 7655   99  145
32792 7645   99  149
32802 7680   99  154
32812 7716   99  159
32822 7721   99  164
32832 7401   99  171
32842 7438   99  178
32852 7438   99  185
32862 7264   99  192
32872 7193   99  200
32882 7192 -102  208
32892 7192 -102  216
32902 7263 -102  224
32912 7258 -102  233
32922 7332 -102  239
32932 7299 -102  247
32942 7301 -102  254
32952 7197 -102  260
32962 7408 -102  264
32972 7410 -102  268
32982 7591 -102  268
32992 7626 -102  268
33002 7626 -102  268
33012 7410  -91  264
33022 7236  -91  255
33032 7236  -91  244
33042 7129  -91  232
33052 7129  -91  219
33062 7129  -91  205
33072 7237  -91  191
33082 7309  -91  175
33092 7310  -91  159
33102 7455  -91  142
33112 7491  -91  125
33122 7494  -91  107
33133 7456  -91   88
33143 7458  -91   68
33154 7456  -91   46
33164 7456  -91   26
33174 7491  -91    4
33184 7529   82  -16
33194 7511   82  -25
33204 7504   82  -34
33214 7544   82  -42
33224 7549   82  -49
33234 7342   82  -60
33244 7414   82  -68
33254 7415   82  -76
33264 7491   57  -83
33274 7634   49  -88
33284 7634   32  -89
33294 7637    0  -88
33304 7289   10  -88
33314 7293   10  -88
33324 7329   10  -86
33334 7720   10  -80
33344 7720   10  -74
33354 7757   10  -68
33364 7754   10  -63
33374 7755   10  -57
33384 7757   10  -52
33394 7757   10  -47
99999 0 0 0 
33404 7757    0  -42
33414 7757    0  -36
33424 7794    0  -32
33434 7792    0  -26
33444 7794    0  -20
33454 7795    0  -16
33464 7798    0  -11
33474 7794    0   -6
33484 7794    0   -3
33494 7794    0    0
33504 7796    0    2
33514 7792    0    4
33524 7795    0    4
33534 7794    0    4
33544 7794    0    4
33554 7795    0    4
33564 7795    0    4
33574 7796    0    4
33584 7794    0    3
33594 7795    0    3
33604 7796    0    2
33614 7795    0    0
33624 7794    0   -4
33634 7794    0   -6
33644 7795    0   -8
33654 7794    0  -10
33664 7794    0  -12
33674 7794    0  -13
33684 7795    0  -14
33694 7795    0  -15
33704 7794    0  -16
33714 7795    0  -16
33724 7795    0  -16
33734 7795    0  -16
33744 7795    0  -16
33754 7795    0  -16
33764 7795    0  -16
33774 7796    0  -16
33784 7795    0  -16
33794 7798    0  -16
33804 7795    0  -16
33814 7795    0  -16
33824 7795    0  -16
33834 7794    0  -16
33844 7795    0  -16
33854 7795    0  -15
33864 7795    0  -14
33874 7795    0  -13
33884 7796    0  -12
33895 7795   92  -11
33905 7795   92  -10
33916 7732   92  -10
33926 7710   92  -10
33936 7716   92  -10
33946 7722   92   -8
33956 7485   92   -8
33967 7453   92   -8
33977 7453   92   -5
33987 7561   92   -1
33997 7562   92    6
34007 7463   92   13
34017 7462   92   21
34027 7146   92   28
34037 7151   92   36
34047 7154   92   41
34058 7190   92   48
34070 7261   92   54
34080 7264   92   60
34090 7335   87   66
34101 7299   81   72
34111 7301   76   77
34121 7230   70   83
34131 7196   64   88
34141 7196   59   93
34151 7272   53   98
34161 7306   48  104
34171 7308   43  109
34181 7380   37  114
34192 7454   30  120
34202 7455   30  126
34212 7564   30  131
34222 7600   30  136
34232 7601  110  140
34242 7673  110  144
34252 7708  110  148
34262 7686  110  151
34272 7682  110  154
34282 7682  110  158
34292 7685  110  162
34302 7332  110  167
34312 7404  110  173
34322 7405  110  179
34332 7265  110  186
34342 7193  110  192
34352 7193   11  198
34362 7163   11  205
34372 7213   11  212
34382 7220   11  219
34392 7327   11  224
34402 7578   11  230
34412 7577   11  235
34422 7755   11  240
34432 7755   11  244
34442 7755   11  247
34452 7754   11  250
34462 7755   11  252
34472 7755   11  253
34482 7792   11  254
34492 7791   11  255
34502 7790   11  255
34512 7792   10  255
34522 7792   10  255
34532 7791   10  255
34542 7792   10  255
34553 7791   10  254
34565 7792   10  254
34575 7791   10  252
34585 7792   10  248
34595 7792   10  244
34605 7792   10  240
34615 7792   10  236
34625 7791   10  232
34635 7791   10  229
34645 7791   10  227
34655 7790   10  224
34665 7791   10  223
34675 7792   10  220
34685 7791   10  219
34695 7792   10  216
34705 7792   10  214
34715 7791   10  212
34725 7792   10  208
34735 7795   10  206
34745 7792 -102  204
34755 7792 -126  202
34765 7792 -126  199
34775 7781 -126  197
34785 7728 -126  195
34795 7720 -126  192
34805 7725 -126  190
34815 7730 -126  187
34825 7276 -126  183
34835 7528 -126  176
34845 7531 -126  170
34855 7606 -126  164
34865 7678 -126  155
34875 7681 -126  144
34885 7681 -126  132
34895 7467 -126  118
34905 7463 -126  103
34915 7282 -126   86
34925 7212 -126   69
34935 7212 -126   51
34945 7319 -126   32
34955 7463 -126   12
34965 7466 -126   -6
34975 7503   82  -20
34985 7541   82  -28
34995 7531   82  -38
35005 7532   82  -49
35015 7503   82  -60
35025 7508   82  -70
35035 7440   82  -80
35045 7477   82  -90
35055 7481   75 -100
35065 7549   75 -106
35075 7655   40 -109
35085 7661   14 -110
35095 7559    0 -110
35105 7217   10 -110
35115 7221   10 -107
35125 7258   10 -100
35135 7720   10  -96
35145 7720   10  -88
35155 7757   10  -82
35165 7754   10  -76
35175 7757   10  -69
35185 7755   10  -64
35195 7790   10  -58
99999 0 0 0 
35205 7792    0  -53
35215 7792    0  -48
35225 7791    0  -42
35235 7794    0  -37
35245 7792    0  -32
35255 7794    0  -27
35265 7795    0  -22
35275 7794    0  -18
35285 7795    0  -15
35295 7795    0  -12
35305 7794    0  -10
35315 7795    0   -8
35325 7794    0   -7
35335 7794    0   -6
35345 7796    0   -6
35355 7794    0   -7
35365 7796    0   -7
35375 7794    0   -7
35385 7794    0   -7
35395 7794    0   -7
35405 7795    0   -7
35415 7794    0   -7
35425 7792    0   -7
35435 7795    0   -7
35445 7795    0   -7
35455 7795    0   -7
35465 7795    0   -7
35475 7795    0   -7
35485 7796    0   -7
35495 7794    0   -7
35505 7795    0   -7
35515 7795    0   -7
35525 7795    0   -7
35535 7795    0   -7
35545 7795    0   -7
35555 7795    0   -7
35565 7795    0   -7
35575 7828    0   -7
35585 7796    0   -7
35595 7795    0   -7
35605 7795    0   -7
35615 7794    0   -7
35625 7795    0   -7
35635 7795    0   -7
35645 7794    0   -7
35655 7796    0   -7
35665 7794    0   -7
35675 7796    0   -7
35685 7792    0   -7
35695 7794    0   -7
35705 7796   92   -7
35715 7730   92   -7
35725 7692   92   -7
35735 7696   92   -7
35745 7704   92   -6
35755 7676   92   -6
35765 7400   92   -7
35775 7406   92   -6
35785 7591   92    0
35795 7563   92    6
35805 7568   92   14
35815 7359   92   22
35825 7254   92   29
35835 7255   92   36
35845 7186   92   42
35855 7223   92   48
35865 7224   92   53
35875 7331   92   59
35885 7295   88   65
35895 7296   83   71
35905 7226   77   76
35915 7228   72   82
35925 7230   67   87
35935 7195   62   92
35945 7227   56   99
35955 7230   51  105
35965 7374   44  111
35975 7378   38  117
35985 7380   32  123
35995 7454   30  129
36005 7634   30  134
36015 7637   30  140
36025 7672  104  145
36035 7673  104  149
36045 7673  104  153
36055 7698  104  157
36065 7682  104  160
36075 7678  104  164
36085 7680  104  168
36095 7292  104  172
36105 7292  104  178
36115 7363  104  184
36125 7295  104  191
36135 7294  104  198
36145 7189   11  205
36155 7189   11  212
36165 7200   11  220
36175 7250   11  228
36185 7326   11  235
36195 7327   11  240
36205 7719   11  245
36215 7755   11  251
36225 7754 -112  256
36235 7755 -112  260
36245 7757 -112  264
36255 7730 -112  267
36265 7712 -112  270
36275 7709 -112  272
36285 7713 -112  274
36295 7255 -112  274
36305 7400 -112  274
36315 7403 -112  274
36325 7583 -102  273
36335 7618 -102  271
36345 7620 -102  263
36355 7296 -102  252
36365 7158 -102  241
36375 7159 -102  229
36385 7159 -102  216
36395 7271 -102  201
36405 7267 -102  186
36415 7408 -102  169
36425 7444 -102  151
36435 7445 -102  132
36445 7480 -102  112
36455 7481 -102   92
36465 7482 -102   71
36475 7482 -102   50
36485 7519 -102   28
36495 7522 -102    6
36505 7558   89  -15
36515 7558   89  -25
36525 7542   89  -36
36535 7575   89  -45
36545 7579   89  -53
36555 7586   89  -64
36565 7128   89  -76
36575 7343   89  -84
36586 7346   62  -95
36596 7560   81 -102
36606 7631   53 -105
36616 7635   16 -105
36626 7424   11 -105
36636 7182   11 -105
36646 7186   11 -101
36656 7470   11  -96
36666 7506   11  -89
36676 7508   11  -82
36686 7754   11  -76
36696 7757   11  -69
36706 7755   11  -63
99999 0 0 0 
36716 7755    0  -57
36726 7758    0  -51
36736 7754    0  -45
36746 7760    0  -39
36756 7760    0  -33
36766 7758    0  -27
36776 7794    0  -21
36786 7794    0  -15
36796 7794    0   -9
36806 7795    0   -4
36816 7795    0    0
36826 7794    0    3
36836 7795    0    5
36846 7795    0    6
36856 7796    0    7
36866 7796    0    7
36876 7794    0    7
36886 7795    0    7
36896 7795    0    7
36906 7794    0    7
36916 7795    0    6
36926 7795    0    6
36936 7795    0    3
36946 7795    0    0
36956 7796    0   -4
36966 7795    0   -6
36976 7795    0   -9
36986 7795    0  -11
36996 7794    0  -13
37006 7795    0  -14
37016 7795    0  -16
37026 7795    0  -16
37036 7796    0  -16
37046 7794    0  -16
37056 7795    0  -16
37066 7796    0  -16
37076 7794    0  -16
37086 7792    0  -16
37096 7795    0  -16
37106 7795    0  -16
37116 7794    0  -16
37126 7795    0  -16
37136 7831    0  -16
37146 7796    0  -16
37156 7794    0  -16
37166 7795    0  -16
37176 7795    0  -16
37186 7795    0  -16
37196 7796    0  -14
37206 7796    0  -13
37216 7796   92  -12
37226 7795   92  -11
37236 7795   92  -10
37246 7732   92  -10
37256 7708   92  -10
37266 7714   92   -9
37276 7722   92   -7
37286 7272   92   -7
37296 7414   92   -6
37306 7417   92   -3
37316 7559   92    2
37326 7526   92    8
37336 7530   92   16
37346 7285   92   23
37356 7182   92   30
37366 7186   92   36
37376 7155   92   42
37386 7190   92   48
37397 7192   92   54
37407 7299   92   60
37418 7299   89   65
37430 7228   82   72
37440 7228   78   76
37450 7230   73   82
37460 7196   69   87
37470 7195   64   92
37480 7197   60   97
37490 7340   55  103
37501 7340   50  108
37511 7342   45  115
37521 7380   39  120
37531 7381   35  126
37542 7528   30  132
37552 7563   30  137
37562 7564   30  142
37572 7638  110  146
37582 7673  110  150
37592 7675  110  154
37602 7667  110  158
37612 7686  110  161
37622 7684  110  164
37632 7684  110  168
37642 7332  110  172
37652 7328  110  177
37662 7367  110  183
37672 7263  110  189
37682 7263  110  196
37692 7192 -102  203
37702 7192 -102  210
37712 7190 -102  216
37722 7192 -102  224
37732 7336 -102  228
37742 7333 -102  234
37752 7339 -102  239
37762 7413 -102  243
37772 7411 -102  246
37782 7484 -102  247
37792 7627 -108  247
37802 7626 -108  246
37812 7626 -108  244
37822 7274 -108  236
37832 7272 -108  224
37842 7166 -108  212
37852 7166 -108  200
37862 7166 -108  186
37872 7201 -108  172
37882 7380 -108  156
37892 7381 -108  140
37902 7455 -108  124
37912 7492 -108  107
37922 7494 -108   89
37932 7458 -108   71
37942 7459 -108   52
37952 7455 -108   32
37962 7456 -108   12
37972 7494 -108   -8
37982 7491   82  -21
37992 7528   82  -30
38002 7542   82  -41
38012 7541   82  -51
38022 7546   82  -61
38032 7233   82  -72
38042 7237   82  -81
38052 7345   82  -91
38063 7560   75 -101
38074 7634   66 -109
38084 7635   51 -112
38094 7564   14 -112
38104 7349   10 -112
38114 7359   10 -112
38124 7363   10 -109
38134 7364   10 -102
38144 7365   10  -96
38154 7722   10  -89
38164 7755   10  -81
38174 7755   10  -75
38184 7757   10  -68
38194 7758   10  -62
99999 0 0 0 
38204 7755    0  -56
38214 7758    0  -50
38224 7755    0  -44
38234 7758    0  -38
38244 7760    0  -33
38254 7758    0  -26
38264 7758    0  -21
38274 7795    0  -15
38284 7794    0  -10
38294 7794    0   -5
38304 7794    0   -1
38314 7795    0    1
38324 7795    0    3
38334 7795    0    4
38344 7796    0    4
38354 7795    0    4
38364 7795    0    4
38374 7795    0    4
38384 7796    0    4
38394 7795    0    4
38404 7796    0    3
38414 7794    0    3
38424 7795    0    2
38434 7796    0   -1
38444 7795    0   -4
38454 7791    0   -5
38464 7795    0   -7
38474 7795    0   -8
38484 7795    0   -9
38494 7795    0  -10
38504 7795    0  -10
38514 7795    0  -10
38524 7794    0  -10
38534 7794    0  -10
38544 7795    0  -10
38554 7798    0  -10
38564 7795    0  -10
38574 7796    0  -10
38584 7795    0  -10
38594 7792    0  -10
38604 7795    0  -10
38614 7796    0  -10
38624 7795    0  -10
38634 7796    0  -10
38644 7796    0  -10
38654 7798    0  -10
38664 7795    0  -10
38674 7795    0  -10
38684 7795    0  -10
38695 7795  102  -10
38705 7795  102  -10
38715 7792  102  -10
38725 7721  102  -10
38735 7713  102  -10
38745 7720  102  -10
38755 7446  102  -10
38765 7310  102   -9
38775 7314  102   -7
38785 7493  102   -3
38795 7494  102    3
38805 7494  102    9
38815 7356  102   16
38825 7287  102   24
38835 7291  102   31
38845 7151  102   36
38855 7185  102   42
38865 7190  102   48
38875 7298  102   54
38885 7294  102   59
38895 7301   99   64
38905 7265   93   70
38915 7226   88   75
38925 7231   83   80
38935 7233   79   84
38945 7201   75   90
38955 7200   69   95
38965 7234   64  100
38975 7305   58  106
38985 7304   53  112
38995 7376   47  118
39005 7343   41  124
39015 7346   35  130
39025 7490   30  136
39035 7494   30  141
39045 7498   30  147
39055 7567  104  152
39065 7675  104  156
39075 7675  104  161
39085 7692  104  165
39095 7688  104  168
39105 7686  104  172
39115 7582  104  176
39125 7369  104  182
39135 7370  104  188
39145 7370  104  195
39155 7299  104  201
39165 7301  104  208
39175 7160   11  214
39185 7160   11  220
39195 7160   11  228
39205 7310   11  235
39215 7357   11  243
39225 7361   11  250
39235 7329   11  255
39245 7719   11  262
39255 7722 -112  268
39265 7754 -112  274
39275 7750 -112  279
39285 7723 -112  283
39295 7718 -112  287
39305 7719 -112  291
39315 7721 -112  292
39325 7335 -112  295
39335 7478 -112  295
39345 7481  -95  294
39355 7586  -95  294
39365 7519  -95  294
39375 7518  -95  286
39385 7199  -95  276
39395 7163  -95  267
39405 7163  -95  256
39415 7199  -95  243
39425 7236  -95  230
39435 7236  -95  215
39445 7414  -95  200
39455 7449  -95  183
39465 7448  -95  164
39475 7449  -95  145
39485 7449  -95  126
39495 7449  -95  106
39505 7487  -95   87
39515 7487  -95   66
39525 7491  -95   45
39535 7562  -95   24
39545 7529  -95    1
39555 7532   90  -18
39565 7531   90  -27
39575 7566   90  -36
39585 7545   90  -47
39595 7579   90  -58
39605 7548   90  -68
39615 7553   90  -80
39625 7203   90  -92
39635 7381   90 -101
39645 7384   72 -112
39655 7600   90 -120
39665 7634   63 -124
39675 7637   25 -124
39685 7356   11 -124
39695 7180   11 -124
39705 7187   11 -119
39715 7401   11 -112
39725 7401   11 -106
39735 7402   11  -98
39745 7755   11  -92
39755 7754   11  -84
39765 7757   11  -77
99999 0 0 0 
39775 7755    0  -72
39785 7755    0  -65
39795 7757    0  -60
39805 7757    0  -53
39815 7794    0  -48
39825 7794    0  -41
39835 7757    0  -36
39845 7796    0  -29
39855 7794    0  -24
39865 7794    0  -18
39875 7794    0  -13
39885 7795    0   -8
39895 7794    0   -5
39905 7796    0   -3
39915 7794    0   -1
39925 7795    0    0
39935 7795    0    0
39945 7798    0    0
39955 7796    0    0
39965 7794    0    0
39975 7795    0    0
39985 7795    0    0
39995 7795    0    0
40005 7795    0    0
40015 7796    0    0
40025 7794    0    0
40035 7795    0   -3
40045 7798    0   -4
40055 7795    0   -6
40065 7795    0   -8
40075 7795    0   -8
40085 7795    0   -9
40095 7795    0   -9
40105 7796    0   -9
40115 7796    0   -9
40125 7796    0   -9
40135 7794    0   -9
40145 7795    0   -9
40155 7796    0   -9
40165 7795    0   -9
40175 7795    0   -9
40185 7796    0   -9
40195 7794    0   -9
40205 7795    0   -9
40215 7795    0   -9
40225 7795    0   -9
40235 7796    0   -9
40245 7794    0   -9
40255 7795    0   -9
40265 7795    0   -9
40275 7795  102   -9
40285 7795  102   -9
40295 7795  102   -9
40305 7743  102   -9
40315 7718  102   -9
40325 7722  102   -9
40335 7728  102   -9
40345 7239  102   -9
40355 7385  102   -7
40365 7387  102   -3
40376 7497  102    3
40386 7428  102    9
40396 7427  102   16
40406 7290  102   23
40416 7257  102   30
40426 7257  102   36
40436 7189  102   42
40446 7227  102   48
40456 7228  102   54
40466 7299  102   59
40476 7302   99   64
40486 7301   94   69
40496 7267   90   74
40506 7233   84   80
40516 7233   81   84
40526 7233   75   90
40536 7234   71   95
40546 7234   66  100
40556 7234   62  106
40566 7236   56  112
40576 7240   50  118
40586 7309   45  124
40596 7454   39  130
40606 7454   34  136
40616 7528   30  142
40626 7531   30  148
40636 7532   30  153
40646 7603  104  158
40656 7675  104  163
40666 7662  104  167
40676 7688  104  171
40686 7686  104  175
40696 7689  104  179
40706 7299  104  184
40716 7372  104  190
40726 7373  104  196
40736 7336  104  203
40746 7231  104  209
40756 7231  104  216
40766 7196   11  222
40777 7196   11  229
40787 7200   11  237
40797 7356   11  244
40807 7363   11  252
40819 7542   11  259
40830 7543   11  266
40841 7720   11  272
40852 7755   11  279
40864 7794   11  284
40874 7788   11  288
40884 7755   11  292
40894 7757   11  296
40904 7755   11  299
40914 7755   11  302
40924 7755   10  304
40934 7755   10  306
40944 7792   10  308
40954 7757   10  309
40964 7757   10  310
40974 7758   10  311
40984 7760   10  311
40994 7757   10  311
41004 7792   10  311
41014 7757   10  311
41024 7758   10  311
41034 7794   10  311
41044 7794   10  311
41054 7794   10  311
41064 7792   10  311
41074 7792   10  312
41084 7794 -102  314
41094 7755 -102  315
41104 7792 -102  316
41114 7762 -102  316
41124 7734 -102  316
41134 7736 -102  316
41144 7739 -102  316
41154 7246  -79  315
41164 7393  -79  315
41174 7397  -79  312
41184 7575  -79  305
41194 7580  -79  297
41204 7583  -79  288
41214 7372  -79  277
41224 7335  -79  266
41234 7335  -79  254
41244 7301  -79  240
41254 7372  -79  226
41264 7370  -79  211
41274 7478  -79  195
41284 7514  -79  178
41294 7514  -79  160
41304 7552  -79  140
41314 7515  -79  120
41324 7517  -79  100
41334 7552  -79   80
41344 7587  -79   58
41354 7587  -79   36
41364 7590  -79   14
41374 7626  -79   -8
41384 7624   82  -25
41394 7626   82  -36
41404 7607   82  -46
41414 7607   82  -58
41424 7648   82  -67
41434 7583   82  -78
41444 7587   82  -88
41454 7413   82  -99
41464 7521   82 -109
41474 7523   75 -117
41484 7628   57 -121
41494 7631   23 -122
41504 7634    0 -122
41514 7283   10 -122
41524 7218   10 -121
41534 7223   10 -116
41544 7577   10 -110
41554 7720   10 -104
41564 7722   10  -98
41574 7755   10  -93
41584 7757   10  -88
41594 7758   10  -82
99999 0 0 0 
41604 7758    0  -77
41614 7794    0  -73
41624 7792    0  -68
41634 7758    0  -64
41644 7758    0  -60
41654 7758    0  -56
41664 7794    0  -51
41674 7795    0  -46
41684 7794    0  -42
41694 7794    0  -37
41704 7792    0  -32
41714 7795    0  -28
41724 7795    0  -23
41734 7795    0  -19
41744 7795    0  -15
41754 7796    0  -12
41764 7795    0   -9
41774 7795    0   -7
41784 7795    0   -6
41794 7795    0   -5
41804 7795    0   -5
41814 7791    0   -5
41824 7792    0   -5
41834 7795    0   -5
41844 7795    0   -5
41854 7795    0   -5
41864 7795    0   -5
41874 7795    0   -5
41884 7796    0   -5
41894 7795    0   -5
41904 7794    0   -5
41914 7795    0   -5
41924 7795    0   -6
41934 7795    0   -7
41944 7795    0   -8
41954 7796    0   -8
41964 7795    0   -8
41974 7796    0   -8
41984 7796    0   -8
41994 7795    0   -8
42004 7795    0   -8
42014 7798    0   -8
42024 7795    0   -8
42034 7796    0   -8
42044 7794    0   -8
42054 7795    0   -8
42064 7795    0   -8
42074 7795    0   -8
42084 7795    0   -8
42094 7796    0   -8
