SSS vs= 0.95  t=  186
%P VOLT1   = 8392
%P VOLT2   = 8363
%P S2_SC   =  0.95
%P L_ANG_MAX = 186
B   0 838   66  -12
B  10 8380   66  -12
B  20 8327   66  -12
B  30 8251   66  -12
B  40 8254   66  -12
B  50 8270   66  -12
B  60 7918   66  -12
B  70 8022   66   -9
B  80 7971   66   -3
B  90 7972   66    5
B 100 7968   66   14
B 110 7920   66   23
B 120 7774   66   32
B 132 7724   66   43
B 143 7727   66   53
B 153 7902   47   63
B 163 7929   28   73
B 173 7926   28   84
B 183 7962   28   95
*** adj PULL_V2->42 
*** dt = 29 , A = 99 , rpm = 364 
B 193 8019   40  107
B 203 8035   40  119
B 213 7967   40  129
pull out 131
B 223 8255  -95  140
B 233 8258  -95  151
B 243 7961  -95  159
B 253 7960  -95  168
B 263 8006  -95  177
B 273 7787  -95  185
B 283 7517  -95  190
B 293 7488  -95  194
B 303 7723  -95  195
B 313 7771  -95  195
*** amax = 195  vhit = 96
B 323 7735  -91  189
B 333 7556  -91  175
B 343 7311  -91  159
B 353 7379  -91  143
B 363 7308  -91  125
B 373 7471  -91  107
B 383 7496  -91   87
B 393 7785  -91   65
B 403 7852  -91   43
B 413 7848  -91   19
B 423 7893  -91   -5
push -10 -10
push out at target
B 433 7910   76  -24
B 443 7900   76  -34
B 453 7871   76  -46
B 463 7874   76  -60
B 473 7918   76  -73
B 483 7893   76  -85
B 493 7613   76  -99
B 503 7617   76 -113
B 513 7887   76 -123
B 523 7872   69 -127
B 533 7830   21 -127
B 543 7904    9 -127
B 553 7790    9 -119
B 563 7851    9 -107
B 573 7702    9  -96
B 583 8247    9  -83
B 593 8254    9  -70
B 603 8294    9  -57
B 613 8295    9  -43
B 623 8297    9  -31
B 633 8332    9  -18
pb end 
B 643 8333    0   -7
B 653 8336    0    3
B 663 8335    0   10
B 673 8336    0   15
B 683 8336    0   19
B 693 8338    0   21
B 703 8338    0   22
B 713 8339    0   22
B 723 8338    0   22
B 733 8372    0   23
B 743 8373    0   23
B 753 8339    0   23
B 763 8373    0   23
B 773 8373    0   23
B 783 8374    0   23
B 793 8374    0   23
B 803 8373    0   23
B 813 8373    0   23
B 823 8373    0   23
B 833 8374    0   23
B 843 8373    0   21
B 853 8374    0   19
B 863 8376    0   16
B 873 8374    0   14
B 883 8374    0   12
B 893 8374    0   10
B 903 8374    0    7
B 913 8373    0    6
B 923 8376    0    3
B 933 8376    0    2
B 943 8374    0    0
B 953 8374    0   -2
B 963 8376    0   -3
B 973 8374    0   -5
B 983 8374    0   -5
B 993 8376    0   -6
B 1003 8374    0   -7
B 1013 8376    0   -7
B 1023 8374    0   -7
B 1033 8374    0   -7
B 1043 8374    0   -7
B 1053 8374    0   -7
B 1063 8373    0   -7
B 1073 8374    0   -7
B 1083 8376    0   -7
B 1093 8374    0   -7
B 1103 8376    0   -7
B 1113 8376    0   -7
B 1123 8376    0   -7
B 1133 8377    0   -7
SSS vs= 0.95  t=  196
%P VOLT1   = 8392
%P VOLT2   = 8353
%P S2_SC   =  0.96
%P L_ANG_MAX = 196
B 1143 8374   66   -7
B 1153 8341   66   -7
B 1163 8250   66   -7
B 1173 8247   66   -7
B 1183 8262   66   -7
B 1193 8267   66   -6
B 1203 7966   66   -7
B 1213 8006   66   -1
B 1223 7964   66    7
B 1233 7802   66   16
B 1243 7741   66   25
B 1253 7765   66   35
B 1263 7749   66   43
B 1273 7865   66   53
B 1283 7866   47   63
B 1293 7897   28   73
B 1303 7989   28   85
B 1313 8029   28   95
*** adj PULL_V2->41 
*** dt = 37 , A = 100 , rpm = 365 
B 1323 8046   39  107
B 1333 8018   39  115
B 1343 8023   39  125
B 1353 8234   39  135
pull out 135
B 1363 8227  -95  144
B 1373 8066  -95  153
B 1383 7999  -95  161
B 1393 7988  -95  168
B 1403 8048  -95  175
B 1413 7434  -95  179
B 1423 7623  -95  183
B 1433 7538  -95  184
*** amax = 184  vhit = 106
B 1443 7735 -101  183
B 1453 7749 -101  182
B 1463 7728 -101  169
B 1473 7465 -101  153
B 1483 7354 -101  137
B 1493 7428 -101  120
B 1503 7382 -101  103
B 1513 7561 -101   83
B 1523 7568 -101   63
B 1533 7812 -101   41
B 1543 7878 -101   18
B 1553 7879 -101   -5
push -10 -10
push out at target
B 1563 7896   76  -25
B 1573 7749   76  -35
B 1583 7730   76  -47
B 1593 7853   76  -57
B 1603 7944   76  -68
B 1613 7986   76  -79
B 1623 7794   76  -89
B 1633 7835   76  -98
B 1643 7740   61 -101
B 1653 7872   13 -101
B 1663 7969    9 -101
B 1673 8062    9  -92
B 1683 7718    9  -81
B 1693 7670    9  -70
B 1703 7680    9  -58
B 1713 8290    9  -45
B 1723 8290    9  -32
B 1733 8294    9  -19
B 1743 8331    9   -7
pb end 
B 1753 8331    0    5
B 1763 8331    0   15
B 1773 8332    0   23
B 1783 8331    0   29
B 1793 8335    0   33
B 1803 8333    0   35
B 1813 8333    0   37
B 1823 8335    0   37
B 1833 8335    0   37
B 1843 8333    0   37
B 1853 8333    0   37
B 1863 8335    0   37
B 1873 8335    0   37
B 1883 8336    0   37
B 1893 8335    0   37
B 1903 8335    0   37
B 1913 8335    0   35
B 1923 8335    0   33
B 1933 8336    0   30
B 1943 8336    0   27
B 1953 8372    0   24
B 1963 8335    0   21
B 1973 8336    0   18
B 1983 8335    0   15
B 1993 8336    0   11
B 2003 8335    0    8
B 2013 8339    0    5
B 2023 8336    0    3
B 2033 8336    0    0
B 2043 8336    0   -2
B 2053 8338    0   -4
B 2063 8339    0   -5
B 2073 8338    0   -7
B 2083 8336    0   -9
B 2093 8336    0   -9
B 2103 8336    0  -10
B 2113 8372    0  -10
B 2123 8373    0  -10
B 2133 8339    0  -10
B 2143 8336    0  -10
B 2153 8338    0  -10
B 2163 8373    0  -10
B 2173 8336    0  -10
B 2183 8338    0  -10
B 2193 8339    0  -10
B 2203 8339    0  -10
B 2213 8338    0   -9
B 2223 8338    0   -9
B 2233 8373    0   -9
B 2243 8374    0   -9
SSS vs= 0.96  t=  201
%P VOLT1   = 8392
%P VOLT2   = 8342
%P S2_SC   =  0.96
%P L_ANG_MAX = 201
B 2253 8373   66   -9
B 2263 8373   66   -9
B 2273 8285   66   -9
B 2283 8242   66   -9
B 2293 8251   66   -9
B 2303 8270   66   -9
B 2313 7922   66   -9
B 2324 8007   66   -8
B 2335 7961   66   -1
B 2345 7988   66    8
B 2356 7901   66   18
B 2368 7671   66   29
B 2379 7702   66   39
B 2389 7758   66   47
B 2399 7870   66   58
B 2409 7862   42   68
B 2419 7927   28   79
B 2429 7927   28   90
B 2439 7998   28  102
*** adj PULL_V2->36 
*** dt = 33 , A = 106 , rpm = 381 
B 2449 7996   34  113
B 2459 8012   34  124
B 2469 8016   34  133
pull out 140
B 2479 8228  -95  144
B 2489 8227  -95  154
B 2499 8231  -95  165
B 2509 8063  -95  173
B 2519 7961  -95  181
B 2529 7996  -95  189
B 2539 8090  -95  195
B 2549 7509  -95  200
B 2559 7506  -95  203
B 2569 7615  -95  204
B 2579 7791  -95  204
*** amax = 204  vhit = 99
B 2589 7745  -94  199
B 2599 7704  -94  187
B 2609 7346  -94  172
B 2619 7410  -94  156
B 2629 7298  -94  139
B 2639 7460  -94  120
B 2649 7484  -94  100
B 2659 7632  -94   79
B 2669 7841  -94   57
B 2679 7842  -94   35
B 2689 7885  -94   11
push -11 -10
push out at target
B 2699 7902   76  -15
B 2709 7916   76  -30
B 2719 7875   76  -42
B 2729 7822   76  -57
B 2739 7850   76  -69
B 2749 7971   76  -84
B 2759 7554   76  -98
B 2769 7577   76 -113
B 2779 7690   76 -125
B 2789 7845   76 -130
B 2799 7792   30 -131
B 2809 7877    0 -131
B 2819 7734    9 -127
B 2829 7804    9 -115
B 2839 7694    9 -105
B 2849 8242    9  -92
B 2859 8245    9  -79
B 2869 8287    9  -66
B 2879 8290    9  -54
B 2889 8292    9  -42
B 2899 8292    9  -30
B 2909 8292    9  -19
pb end 
B 2919 8294    0  -10
B 2929 8329    0   -3
B 2939 8329    0    2
B 2949 8331    0    6
B 2959 8332    0    9
B 2969 8332    0   11
B 2979 8332    0   12
B 2989 8333    0   13
B 2999 8332    0   16
B 3009 8332    0   16
B 3019 8333    0   16
B 3029 8333    0   16
B 3039 8332    0   16
B 3049 8332    0   16
B 3059 8333    0   16
B 3069 8332    0   16
B 3079 8369    0   16
B 3089 8335    0   16
B 3099 8333    0   16
B 3109 8333    0   16
B 3119 8333    0   16
B 3129 8333    0   15
B 3139 8333    0   15
B 3149 8335    0   15
B 3159 8336    0   13
B 3169 8335    0   11
B 3179 8333    0    9
B 3189 8333    0    7
B 3199 8335    0    5
B 3209 8333    0    4
B 3219 8335    0    3
B 3229 8335    0    1
B 3239 8333    0    0
B 3249 8335    0   -1
B 3259 8333    0   -1
B 3269 8335    0   -2
B 3279 8335    0   -2
B 3289 8335    0   -2
B 3299 8335    0   -2
B 3309 8336    0   -2
B 3319 8335    0   -2
B 3329 8335    0   -2
B 3339 8339    0   -2
B 3349 8335    0   -2
B 3359 8333    0   -2
B 3369 8336    0   -2
B 3379 8335    0   -2
B 3389 8336    0   -2
B 3399 8335    0   -2
B 3409 8335    0   -2
SSS vs= 0.96  t=  201
%P VOLT1   = 8333
%P VOLT2   = 8342
%P S2_SC   =  0.96
%P L_ANG_MAX = 201
B 3419 8336   67   -2
B 3429 8335   67   -2
B 3439 8297   67   -2
B 3449 8202   67   -2
B 3459 8198   67   -2
B 3469 8201   67   -2
B 3479 7836   67   -2
B 3489 7820   67   -2
B 3499 7912   67    3
B 3509 7823   67   11
B 3519 7811   67   21
B 3529 7743   67   30
B 3539 7683   67   39
B 3549 7699   67   49
B 3559 7817   67   59
B 3569 7893   36   69
B 3579 7893   28   80
B 3589 7969   28   92
B 3599 7994   28  104
*** adj PULL_V2->30 
*** dt = 28 , A = 107 , rpm = 398 
B 3609 8028   28  116
B 3619 8009   28  127
pull out 137
B 3629 8122  -95  138
B 3639 8128  -95  148
B 3649 8236  -95  159
B 3659 8068  -95  169
B 3669 7968  -95  178
B 3679 8027  -95  186
B 3689 8013  -95  194
B 3699 8065  -95  199
B 3709 7492  -95  203
B 3719 7743  -95  205
B 3729 7647  -95  205
*** amax = 205  vhit = 98
B 3739 7711  -94  202
B 3749 7528  -94  189
B 3759 7553  -94  174
B 3769 7368  -94  157
B 3779 7326  -94  140
B 3789 7379  -94  121
B 3799 7482  -94  101
B 3809 7738  -94   81
B 3819 7740  -94   59
B 3829 7845  -94   35
B 3839 7888  -94   11
push -11 -10
push out at target
B 3849 7904   76  -13
B 3859 7913   76  -29
B 3869 7894   76  -41
B 3879 7790   76  -55
B 3889 7849   76  -68
B 3899 7898   76  -82
B 3909 7941   76  -96
B 3919 7577   76 -110
B 3929 7812   76 -123
B 3939 7714   76 -130
B 3949 7799   46 -131
B 3959 7813    0 -131
B 3969 7994    9 -129
B 3979 7864    9 -117
B 3989 7686    9 -107
B 3999 7702    9  -94
B 4009 8244    9  -81
B 4019 8284    9  -69
B 4029 8288    9  -55
B 4039 8290    9  -43
B 4049 8290    9  -31
pb end 
B 4059 8291    0  -20
B 4069 8292    0  -11
B 4079 8329    0   -3
B 4089 8329    0    2
B 4099 8329    0    7
B 4109 8329    0    9
B 4119 8331    0   11
B 4129 8331    0   13
B 4139 8331    0   13
B 4149 8332    0   15
B 4159 8331    0   15
B 4169 8329    0   15
B 4179 8331    0   15
B 4189 8331    0   15
B 4199 8331    0   15
B 4209 8331    0   15
B 4219 8331    0   15
B 4229 8332    0   15
B 4239 8331    0   15
B 4249 8331    0   15
B 4259 8332    0   15
B 4269 8332    0   15
B 4279 8332    0   15
B 4289 8332    0   15
B 4299 8332    0   15
B 4309 8332    0   13
B 4319 8332    0   11
B 4329 8333    0    9
B 4339 8335    0    7
B 4349 8332    0    6
B 4359 8332    0    4
B 4369 8333    0    3
B 4379 8333    0    1
B 4389 8332    0    0
B 4399 8333    0   -1
B 4409 8333    0   -1
B 4419 8332    0   -2
B 4429 8333    0   -2
B 4439 8333    0   -2
B 4449 8332    0   -3
B 4459 8333    0   -2
B 4469 8333    0   -3
B 4479 8333    0   -3
B 4489 8333    0   -2
B 4499 8332    0   -2
B 4509 8333    0   -2
B 4519 8332    0   -2
B 4529 8331    0   -2
B 4539 8339    0   -2
B 4549 8332    0   -2
SSS vs= 0.96  t=  201
%P VOLT1   = 8333
%P VOLT2   = 8335
%P S2_SC   =  0.96
%P L_ANG_MAX = 201
B 4559 8335   67   -2
B 4569 8333   67   -2
B 4579 8332   67   -2
B 4589 8332   67   -2
B 4599 8210   67   -2
B 4609 8197   67   -2
B 4619 8205   67   -2
B 4629 8192   67   -2
B 4639 7822   67   -2
B 4649 7917   67    2
B 4659 7896   67    9
B 4669 7848   67   19
B 4679 7706   67   28
B 4690 7717   67   38
B 4700 7697   67   48
B 4710 7812   67   58
B 4720 7821   43   68
B 4730 7856   28   79
B 4740 7939   28   91
B 4750 7971   28  103
*** adj PULL_V2->30 
*** dt = 28 , A = 107 , rpm = 398 
B 4760 7996   28  115
B 4770 7972   28  125
B 4780 7979   28  135
pull out 136
B 4790 8196  -96  145
B 4800 8233  -96  155
B 4810 8089  -96  165
B 4820 7972  -96  174
B 4830 7996  -96  183
B 4840 8045  -96  190
B 4850 7428  -96  195
B 4860 7607  -96  199
B 4870 7501  -96  201
B 4880 7679  -96  201
*** amax = 201  vhit = 100
B 4890 7711  -96  199
B 4900 7698  -96  187
B 4910 7400  -96  172
B 4920 7286  -96  155
B 4930 7356  -96  139
B 4940 7412  -96  120
B 4950 7550  -96  101
B 4960 7561  -96   81
B 4970 7808  -96   59
B 4980 7839  -96   35
B 4990 7845  -96   11
push -10 -10
push out at target
B 5000 7861   76  -13
B 5010 7907   76  -28
B 5020 7889   76  -40
B 5030 7828   76  -53
B 5040 7878   76  -67
B 5050 7926   76  -80
B 5060 7865   76  -95
B 5070 7575   76 -109
B 5080 7539   76 -122
B 5090 7795   76 -129
B 5100 7803   46 -131
B 5110 7779    6 -131
B 5120 7836    9 -130
B 5130 7690    9 -117
B 5140 7782    9 -103
B 5150 7647    9  -92
B 5160 8057    9  -77
B 5170 8067    9  -62
B 5180 8247    9  -49
B 5190 8286    9  -34
B 5200 8287    9  -19
pb end 
B 5210 8288    0   -5
B 5220 8290    0    7
B 5230 8288    0   17
B 5240 8288    0   25
B 5250 8292    0   31
B 5260 8292    0   35
B 5270 8328    0   37
B 5280 8329    0   39
B 5290 8329    0   39
B 5300 8328    0   39
B 5310 8329    0   39
B 5320 8329    0   41
B 5330 8328    0   41
B 5340 8329    0   41
B 5350 8328    0   41
B 5360 8329    0   41
B 5370 8331    0   41
B 5380 8329    0   41
B 5390 8331    0   41
B 5400 8331    0   41
B 5410 8329    0   41
B 5420 8331    0   41
B 5430 8329    0   40
B 5440 8329    0   37
B 5450 8329    0   35
B 5460 8331    0   32
B 5470 8329    0   29
B 5480 8329    0   25
B 5490 8331    0   22
B 5500 8331    0   19
B 5510 8329    0   15
B 5520 8331    0   11
B 5530 8331    0    7
B 5540 8331    0    3
B 5550 8331    0    0
B 5560 8331    0   -2
B 5570 8331    0   -5
B 5580 8329    0   -6
B 5590 8331    0   -8
B 5600 8329    0   -9
B 5610 8332    0   -9
B 5620 8331    0   -9
B 5630 8331    0   -9
B 5640 8332    0   -9
B 5650 8331    0   -9
B 5660 8331    0   -9
B 5670 8331    0   -9
B 5680 8331    0   -9
B 5690 8332    0   -9
B 5700 8333    0   -9
SSS vs= 0.96  t=  201
%P VOLT1   = 8333
%P VOLT2   = 8328
%P S2_SC   =  0.96
%P L_ANG_MAX = 201
B 5710 8332   67   -9
B 5720 8332   67   -9
B 5730 8233   67   -9
B 5740 8194   67   -9
B 5750 8202   67   -9
B 5760 7881   67   -9
B 5770 7839   67   -8
B 5780 7830   67   -2
B 5790 7914   67    7
B 5800 7921   67   15
B 5810 7912   67   24
B 5820 7797   67   34
B 5830 7817   67   43
B 5840 7716   67   52
B 5850 7852   60   63
B 5860 7847   28   73
B 5870 7866   28   84
B 5880 7967   28   96
*** adj PULL_V2->36 
*** dt = 32 , A = 107 , rpm = 381 
B 5890 7995   34  107
B 5900 7971   34  118
B 5910 8223   34  127
B 5920 8224   34  138
pull out 140
B 5930 8223  -96  148
B 5940 8224  -96  158
B 5950 8228  -96  168
B 5960 8153  -96  177
B 5970 7970  -96  184
B 5980 7964  -96  190
B 5990 8014  -96  197
B 6000 7364  -96  203
B 6010 7409  -96  206
B 6020 7612  -96  209
B 6030 7782  -96  209
B 6040 7682  -96  209
*** amax = 209  vhit = 96
B 6050 7711  -92  201
B 6060 7529  -92  188
B 6070 7576  -92  173
B 6080 7430  -92  156
B 6090 7357  -92  139
B 6100 7400  -92  119
B 6110 7488  -92  101
B 6120 7770  -92   79
B 6132 7835  -92   53
B 6142 7839  -92   29
B 6152 7888  -92    5
push -10 -10
push out at target
B 6162 7870   76  -19
B 6172 7880   76  -30
B 6182 7788   76  -43
B 6192 7823   76  -55
B 6202 7871   76  -65
B 6212 7743   76  -79
B 6222 7603   76  -91
B 6232 7599   76 -103
B 6242 7799   76 -111
B 6252 7830   53 -113
B 6262 7789    6 -113
B 6272 7818    9 -113
B 6282 7665    9 -103
B 6292 7768    9  -90
B 6302 7782    9  -78
B 6312 7913    9  -65
B 6322 7921    9  -51
B 6332 8244    9  -37
B 6342 8284    9  -22
B 6352 8284    9   -8
pb end 
B 6362 8286    0    5
B 6372 8287    0   17
B 6382 8286    0   27
B 6392 8288    0   35
B 6402 8292    0   40
B 6412 8290    0   43
B 6422 8291    0   46
B 6432 8325    0   48
B 6442 8327    0   49
B 6452 8331    0   49
B 6462 8327    0   49
B 6472 8327    0   51
B 6482 8328    0   51
B 6492 8328    0   51
B 6502 8328    0   51
B 6512 8328    0   51
B 6522 8328    0   50
B 6532 8328    0   50
B 6542 8328    0   50
B 6552 8328    0   50
B 6562 8329    0   47
B 6572 8329    0   45
B 6582 8329    0   43
B 6592 8329    0   40
B 6602 8329    0   37
B 6612 8329    0   34
B 6622 8329    0   31
B 6632 8328    0   27
B 6642 8329    0   23
B 6652 8328    0   20
B 6662 8329    0   16
B 6672 8329    0   12
B 6682 8329    0    8
B 6692 8329    0    5
B 6702 8329    0    1
B 6712 8328    0   -1
B 6722 8328    0   -4
B 6732 8331    0   -6
B 6742 8328    0   -7
B 6752 8329    0   -9
B 6762 8331    0   -9
B 6772 8331    0  -10
B 6782 8329    0  -10
B 6792 8331    0  -10
B 6802 8329    0  -10
B 6812 8329    0  -10
B 6822 8328    0  -10
B 6832 8328    0  -10
B 6842 8331    0  -10
B 6852 8329    0  -10
SSS vs= 0.96  t=  201
%P VOLT1   = 8333
%P VOLT2   = 8325
%P S2_SC   =  0.96
%P L_ANG_MAX = 201
B 6862 8331   67  -10
B 6872 8331   67  -10
B 6882 8230   67  -10
B 6892 8198   67  -10
B 6902 8207   67  -10
B 6912 8216   67  -10
B 6922 8195   67  -10
B 6932 7934   67   -5
B 6942 7932   67    3
B 6952 7925   67   13
B 6962 7837   67   23
B 6972 7793   67   32
B 6982 7814   67   41
B 6992 7749   67   51
B 7002 7784   67   61
B 7012 7779   28   72
B 7022 7882   28   83
B 7032 7923   28   95
*** adj PULL_V2->36 
*** dt = 32 , A = 107 , rpm = 381 
B 7042 7969   34  108
B 7052 7980   34  120
B 7062 7992   34  132
B 7072 8001   34  144
pull out 146
B 7082 8217  -96  155
B 7092 8195  -96  166
B 7102 7982  -96  177
B 7112 7966  -96  187
B 7122 8014  -96  195
B 7132 8072  -96  203
B 7142 7498  -96  210
B 7152 7646  -96  213
B 7162 7518  -96  213
B 7172 7718  -96  213
*** amax = 213  vhit = 94
B 7182 7626  -90  204
B 7192 7629  -90  191
B 7202 7288  -90  175
B 7212 7256  -90  159
B 7222 7318  -90  141
B 7232 7437  -90  122
B 7242 7632  -90  103
B 7252 7632  -90   81
B 7262 7839  -90   59
B 7272 7874  -90   35
B 7282 7883  -90   11
push -10 -10
push out at target
B 7292 7900   76  -13
B 7302 7880   76  -29
B 7312 7792   76  -40
B 7322 7817   76  -53
B 7332 7898   76  -63
B 7342 7942   76  -76
B 7352 7524   76  -89
B 7362 7719   76 -101
B 7372 7648   76 -111
B 7382 7808   70 -115
B 7392 7833   22 -115
B 7402 7905    9 -115
B 7412 7805    9 -111
B 7422 7687    9  -99
B 7432 7723    9  -89
B 7442 8197    9  -77
B 7452 8172    9  -64
B 7462 8174    9  -51
B 7472 8247    9  -38
B 7482 8286    9  -25
pb end 
B 7492 8286    0  -13
B 7502 8286    0   -1
B 7512 8287    0    9
B 7522 8287    0   18
B 7532 8324    0   23
B 7542 8291    0   27
B 7552 8290    0   30
B 7562 8290    0   32
B 7572 8290    0   33
B 7582 8288    0   33
B 7592 8325    0   33
B 7602 8325    0   33
B 7612 8325    0   33
B 7622 8325    0   33
B 7632 8327    0   33
B 7642 8325    0   33
B 7652 8327    0   33
B 7662 8327    0   33
B 7672 8325    0   33
B 7682 8328    0   33
B 7692 8327    0   31
B 7702 8327    0   30
B 7712 8328    0   27
B 7722 8325    0   25
B 7732 8327    0   23
B 7742 8327    0   20
B 7752 8327    0   17
B 7762 8328    0   15
B 7772 8327    0   11
B 7782 8328    0    9
B 7792 8332    0    7
B 7802 8327    0    4
B 7812 8328    0    2
B 7822 8328    0   -1
B 7832 8328    0   -3
B 7842 8325    0   -5
B 7852 8328    0   -6
B 7862 8328    0   -8
B 7872 8331    0   -9
B 7882 8328    0   -9
B 7892 8328    0  -10
B 7902 8328    0  -10
B 7912 8327    0  -10
B 7922 8327    0  -10
B 7932 8331    0  -10
B 7942 8328    0  -10
B 7952 8328    0  -10
B 7962 8332    0  -10
B 7972 8329    0  -10
B 7982 8328    0  -10
B 7992 8329    0  -10
SSS vs= 0.96  t=  201
%P VOLT1   = 8333
%P VOLT2   = 8325
%P S2_SC   =  0.96
%P L_ANG_MAX = 201
B 8002 8328   67  -10
B 8012 8328   67  -10
B 8022 8329   67  -10
B 8032 8249   67   -9
B 8042 8198   67   -9
B 8052 8202   67   -9
B 8062 8217   67   -9
B 8072 7852   67   -9
B 8082 7871   67   -3
B 8092 7826   67    5
B 8102 7842   67   14
B 8112 7785   67   22
B 8122 7820   67   31
B 8132 7740   67   41
B 8142 7790   67   50
B 8152 7788   67   60
B 8162 7879   28   71
B 8172 7882   28   81
B 8182 7908   28   93
B 8192 7936   28  105
*** adj PULL_V2->30 
*** dt = 29 , A = 106 , rpm = 398 
B 8202 7946   28  117
B 8212 7967   28  129
pull out 139
B 8222 8043  -96  139
B 8232 8227  -96  150
B 8242 8230  -96  160
B 8252 8013  -96  170
B 8262 7966  -96  179
B 8272 8005  -96  188
B 8282 7990  -96  196
B 8292 7503  -96  202
B 8302 7461  -96  205
B 8312 7660  -96  205
B 8322 7733  -96  205
*** amax = 205  vhit = 98
B 8332 7701  -94  199
B 8342 7455  -94  185
B 8352 7284  -94  170
B 8362 7350  -94  153
B 8372 7347  -94  136
B 8382 7429  -94  117
B 8392 7448  -94   98
B 8402 7734  -94   77
B 8412 7800  -94   55
B 8422 7801  -94   31
B 8432 7879  -94    7
push -10 -10
push out at target
B 8442 7861   76  -18
B 8452 7875   76  -29
B 8462 7819   76  -41
B 8472 7817   76  -55
B 8482 7851   76  -66
B 8492 7902   76  -80
B 8502 7518   76  -94
B 8512 7538   76 -107
B 8522 7793   76 -118
B 8532 7814   76 -123
B 8542 7755   30 -124
B 8552 7774    0 -124
B 8562 7595    9 -121
B 8572 7696    9 -108
B 8582 7609    9  -94
B 8592 7629    9  -82
B 8602 7656    9  -69
B 8612 8199    9  -55
B 8622 8237    9  -41
B 8632 8245    9  -27
B 8642 8245    9  -13
B 8652 8247    9    0
pb end 
B 8662 8247    0   11
B 8672 8284    0   21
B 8682 8287    0   28
B 8692 8287    0   33
B 8702 8287    0   36
B 8712 8288    0   39
B 8722 8287    0   40
B 8732 8288    0   41
B 8742 8290    0   41
B 8752 8286    0   41
B 8762 8288    0   41
B 8772 8290    0   41
B 8782 8288    0   41
B 8792 8288    0   41
B 8802 8291    0   41
B 8812 8288    0   41
B 8822 8290    0   41
B 8832 8325    0   41
B 8842 8325    0   41
B 8852 8327    0   41
B 8862 8325    0   39
B 8872 8325    0   37
B 8882 8327    0   34
B 8892 8290    0   31
B 8902 8290    0   29
B 8912 8291    0   26
B 8922 8325    0   23
B 8932 8325    0   19
B 8942 8325    0   15
B 8952 8324    0   12
B 8962 8327    0    9
B 8972 8328    0    6
B 8982 8325    0    3
B 8992 8327    0    0
B 9002 8325    0   -2
B 9012 8327    0   -4
B 9022 8327    0   -6
B 9032 8325    0   -7
B 9042 8327    0   -8
B 9052 8327    0   -9
B 9062 8325    0   -9
B 9072 8328    0   -9
B 9082 8327    0   -9
B 9092 8327    0   -9
B 9102 8328    0   -9
B 9112 8327    0   -9
B 9122 8327    0   -9
B 9132 8327    0   -9
B 9142 8327    0   -9
SSS vs= 0.96  t=  206
%P VOLT1   = 8333
%P VOLT2   = 8321
%P S2_SC   =  0.96
%P L_ANG_MAX = 206
B 9152 8327   67   -9
B 9162 8325   67   -9
B 9172 8325   67   -9
B 9182 8271   67   -9
B 9192 8197   67   -9
B 9202 8197   67   -9
B 9212 8209   67   -9
B 9222 7847   67   -9
B 9232 7803   67   -5
B 9242 7898   67    3
B 9252 7874   67   11
B 9262 7888   67   21
B 9272 7773   67   30
B 9282 7703   67   39
B 9293 7714   67   49
B 9303 7785   67   59
B 9313 7812   43   71
B 9323 7807   28   82
B 9333 7887   28   94
B 9343 7953   28  105
*** adj PULL_V2->36 
*** dt = 32 , A = 112 , rpm = 381 
B 9353 7988   34  117
B 9363 8004   34  129
B 9373 8117   34  139
pull out 147
B 9383 8115  -96  149
B 9393 8222  -96  159
B 9403 7992  -96  169
B 9413 7920  -96  178
B 9423 7991  -96  187
B 9433 8051  -96  194
B 9443 8100  -96  199
B 9453 7625  -96  204
B 9463 7654  -96  205
B 9473 7569  -96  205
*** amax = 205  vhit = 100
B 9483 7706  -96  201
B 9493 7561  -96  188
B 9503 7594  -96  173
B 9513 7267  -96  157
B 9523 7291  -96  139
B 9533 7344  -96  121
B 9543 7552  -96  102
B 9553 7697  -96   81
B 9563 7694  -96   59
B 9573 7835  -96   36
B 9583 7842  -96   12
push -10 -10
push out at target
B 9593 7859   76  -12
B 9603 7872   76  -27
B 9613 7833   76  -38
B 9623 7749   76  -51
B 9633 7853   76  -63
B 9643 7901   76  -75
B 9653 7943   76  -88
B 9663 7681   76 -101
B 9673 7776   76 -113
B 9683 7679   76 -118
B 9693 7802   30 -119
B 9704 7865    0 -119
B 9714 7983    9 -115
B 9724 7699    9 -104
B 9734 7710    9  -91
B 9744 7729    9  -81
B 9754 8165    9  -68
B 9764 8241    9  -55
B 9774 8244    9  -42
B 9784 8244    9  -29
B 9794 8280    9  -16
pb end 
B 9804 8283    0   -4
B 9814 8283    0    7
B 9824 8284    0   16
B 9834 8286    0   23
B 9844 8286    0   27
B 9854 8287    0   31
B 9864 8288    0   32
B 9874 8287    0   33
B 9884 8287    0   34
B 9894 8287    0   34
B 9904 8288    0   34
B 9914 8288    0   34
B 9924 8287    0   34
B 9934 8288    0   34
B 9944 8287    0   34
B 9954 8287    0   34
B 9964 8288    0   34
B 9974 8288    0   34
B 9984 8288    0   34
B 9994 8288    0   34
B 10004 8290    0   32
B 10014 8288    0   30
B 10024 8288    0   28
B 10034 8290    0   25
B 10044 8290    0   23
B 10054 8290    0   20
B 10064 8288    0   17
B 10074 8288    0   15
B 10084 8288    0   11
B 10094 8288    0    9
B 10104 8288    0    6
B 10114 8290    0    3
B 10124 8288    0    1
B 10134 8290    0   -1
B 10144 8324    0   -4
B 10154 8324    0   -5
B 10164 8325    0   -7
B 10174 8325    0   -9
B 10184 8290    0   -9
B 10194 8290    0   -9
B 10204 8327    0   -9
B 10214 8324    0   -9
B 10224 8325    0   -9
B 10234 8290    0   -9
B 10244 8325    0   -9
B 10254 8327    0   -9
B 10264 8325    0   -9
B 10274 8325    0   -9
B 10284 8325    0   -9
B 10294 8325    0   -9
SSS vs= 0.96  t=  206
%P VOLT1   = 8333
%P VOLT2   = 8314
%P S2_SC   =  0.96
%P L_ANG_MAX = 206
B 10304 8325   67   -9
B 10314 8325   67   -9
B 10324 8325   67   -9
B 10334 8271   67   -9
B 10344 8197   67   -9
B 10354 8198   67   -9
B 10364 7932   67   -9
B 10374 7932   67   -9
B 10384 7855   67   -4
B 10394 7873   67    3
B 10404 7843   67   11
B 10414 7809   67   20
B 10424 7695   67   29
B 10434 7723   67   38
B 10444 7711   67   47
B 10454 7821   67   57
B 10464 7817   50   68
B 10474 7845   28   79
B 10484 7925   28   90
B 10494 7950   28  102
*** adj PULL_V2->36 
*** dt = 33 , A = 111 , rpm = 381 
B 10504 7950   34  113
B 10514 8105   34  124
B 10524 8114   34  134
B 10534 8115   34  144
pull out 145
B 10544 8219  -96  155
B 10554 8037  -96  164
B 10564 7952  -96  173
B 10574 7981  -96  181
B 10584 8036  -96  189
B 10594 7420  -96  195
B 10604 7707  -96  199
B 10614 7608  -96  199
B 10624 7648  -96  199
*** amax = 199  vhit = 103
B 10634 7681  -98  198
B 10644 7670  -98  185
B 10654 7476  -98  170
B 10664 7219  -98  154
B 10674 7286  -98  137
B 10684 7374  -98  119
B 10694 7581  -98  101
B 10704 7593  -98   80
B 10714 7730  -98   59
B 10724 7833  -98   36
B 10734 7833  -98   12
push -11 -10
push out at target
B 10744 7851   76  -12
B 10754 7866   76  -27
B 10764 7845   76  -38
B 10774 7746   76  -51
B 10784 7877   76  -63
B 10794 7929   76  -75
B 10804 7899   76  -89
B 10814 7749   76 -102
B 10824 7716   76 -113
B 10834 7760   76 -121
B 10845 7841   53 -122
B 10855 7838    0 -121
B 10865 7839    9 -119
B 10875 7567    9 -107
B 10885 7648    9  -94
B 10895 7647    9  -82
B 10905 7982    9  -70
B 10915 7991    9  -57
B 10925 8240    9  -43
B 10935 8242    9  -29
B 10945 8242    9  -16
B 10955 8245    9   -3
pb end 
B 10965 8283    0    8
B 10975 8283    0   18
B 10985 8283    0   25
B 10995 8286    0   30
B 11005 8286    0   33
B 11015 8286    0   36
B 11025 8284    0   37
B 11035 8287    0   38
B 11045 8287    0   38
B 11055 8287    0   38
B 11065 8288    0   39
B 11075 8287    0   39
B 11085 8286    0   39
B 11095 8287    0   39
B 11105 8287    0   39
B 11115 8287    0   39
B 11125 8286    0   39
B 11135 8287    0   39
B 11145 8288    0   39
B 11155 8287    0   39
B 11165 8288    0   36
B 11175 8287    0   34
B 11185 8287    0   31
B 11195 8288    0   29
B 11205 8287    0   27
B 11215 8288    0   23
B 11225 8288    0   20
B 11235 8288    0   17
B 11245 8288    0   14
B 11255 8287    0   11
B 11265 8288    0    7
B 11275 8287    0    4
B 11285 8287    0    2
B 11295 8287    0   -1
B 11305 8288    0   -3
B 11315 8288    0   -5
B 11325 8288    0   -6
B 11335 8288    0   -7
B 11345 8324    0   -8
B 11355 8288    0   -9
B 11365 8290    0   -9
B 11375 8288    0   -9
B 11385 8288    0   -9
B 11395 8290    0   -9
B 11405 8287    0   -9
B 11415 8288    0   -9
B 11425 8290    0   -9
B 11435 8290    0   -9
B 11445 8324    0   -9
B 11455 8324    0   -9
SSS vs= 0.96  t=  206
%P VOLT1   = 8274
%P VOLT2   = 8314
%P S2_SC   =  0.97
%P L_ANG_MAX = 206
B 11465 8290   77   -9
B 11475 8288   77   -9
B 11485 8246   77   -9
B 11495 8128   77   -9
B 11505 8156   77   -9
B 11515 8169   77   -9
B 11525 8118   77   -9
B 11535 7736   77   -3
B 11545 7682   77    6
B 11555 7735   77   15
B 11565 7612   77   26
B 11575 7657   77   36
B 11585 7590   77   47
B 11595 7608   77   58
B 11605 7598   50   69
B 11615 7658   28   81
B 11625 7759   28   95
B 11635 7843   28  109
*** dt = 13 , A = 117 , rpm = 464 
B 11645 7896   28  123
pull out 135
B 11655 7885 -106  136
B 11665 7896 -106  148
B 11675 8149 -106  161
B 11685 8084 -106  173
B 11695 7940 -106  185
B 11705 7941 -106  196
B 11715 8027 -106  206
B 11725 8075 -106  214
B 11735 7371 -106  220
B 11745 7609 -106  221
B 11755 7546 -106  221
*** amax = 221  vhit = 103
B 11765 7670  -99  217
B 11775 7382  -99  205
B 11785 7412  -99  190
B 11795 7298  -99  173
B 11805 7293  -99  156
B 11815 7346  -99  137
B 11825 7451  -99  118
B 11835 7741  -99   97
B 11845 7738  -99   75
B 11855 7807  -99   52
B 11865 7842  -99   28
B 11875 7858  -99    3
push -12 -10
push out at target
B 11885 7875   77  -21
B 11895 7877   77  -31
B 11905 7755   77  -45
B 11915 7782   77  -57
B 11925 7900   77  -68
B 11935 7948   77  -81
B 11945 7489   77  -94
B 11955 7776   77 -106
B 11965 7691   77 -115
B 11975 7754   62 -118
B 11985 7786   13 -118
B 11995 7923    9 -118
B 12005 7907    9 -110
B 12015 7598    9  -99
B 12025 7619    9  -89
B 12035 8056    9  -77
B 12045 8238    9  -66
B 12055 8241    9  -53
B 12065 8244    9  -41
B 12075 8242    9  -29
pb end 
B 12085 8244    0  -18
B 12095 8242    0   -7
B 12105 8281    0    2
B 12115 8283    0    9
B 12125 8283    0   14
B 12135 8284    0   18
B 12145 8283    0   20
B 12155 8283    0   22
B 12165 8286    0   23
B 12175 8284    0   23
B 12185 8286    0   23
B 12195 8286    0   24
B 12205 8286    0   24
B 12215 8286    0   24
B 12225 8286    0   24
B 12235 8283    0   24
B 12245 8286    0   24
B 12255 8287    0   24
B 12265 8284    0   24
B 12275 8287    0   24
B 12285 8286    0   24
B 12295 8287    0   23
B 12305 8287    0   21
B 12315 8286    0   19
B 12325 8286    0   16
B 12335 8287    0   14
B 12345 8287    0   11
B 12355 8286    0    9
B 12365 8287    0    7
B 12375 8288    0    5
B 12385 8287    0    3
B 12395 8287    0    1
B 12405 8287    0   -1
B 12415 8287    0   -2
B 12425 8287    0   -3
B 12435 8287    0   -5
B 12445 8288    0   -5
B 12455 8287    0   -5
B 12465 8287    0   -6
B 12475 8288    0   -6
B 12485 8287    0   -6
B 12495 8287    0   -6
B 12505 8288    0   -6
B 12515 8287    0   -6
B 12525 8287    0   -6
B 12535 8287    0   -6
B 12545 8322    0   -6
B 12555 8290    0   -6
B 12565 8287    0   -6
B 12575 8288    0   -6
SSS vs= 0.97  t=  206
%P VOLT1   = 8274
%P VOLT2   = 8304
%P S2_SC   =  0.97
%P L_ANG_MAX = 206
B 12585 8287   77   -6
B 12595 8288   77   -6
B 12605 8324   77   -6
B 12615 8287   77   -6
B 12625 8133   77   -6
B 12635 8115   77   -6
B 12645 8132   77   -5
B 12655 8143   77   -5
B 12665 7664   77   -5
B 12675 7743   77    1
B 12685 7698   77   12
B 12696 7707   77   21
B 12706 7499   77   32
B 12718 7546   77   44
B 12728 7569   77   55
B 12738 7638   56   67
B 12748 7732   28   79
B 12758 7727   28   92
B 12768 7834   28  106
*** dt = 14 , A = 119 , rpm = 447 
B 12778 7853   28  120
B 12788 7879   28  133
pull out 138
B 12798 7893 -106  146
B 12808 8148 -106  159
B 12818 8070 -106  171
B 12828 7936 -106  183
B 12838 7940 -106  194
B 12848 7986 -106  205
B 12858 7396 -106  213
B 12868 7483 -106  219
B 12878 7371 -106  220
B 12888 7624 -106  220
B 12898 7636 -106  218
*** amax = 220  vhit = 103
B 12908 7632  -99  205
B 12918 7306  -99  190
B 12928 7224  -99  174
B 12938 7290  -99  157
B 12948 7343  -99  138
B 12958 7516  -99  119
B 12968 7527  -99   98
B 12978 7771  -99   76
B 12989 7838  -99   51
B 12999 7844  -99   27
B 13009 7855  -99    2
push -12 -10
push out at target
B 13019 7873   77  -22
B 13029 7875   77  -33
B 13039 7790   77  -45
B 13049 7826   77  -57
B 13059 7868   77  -69
B 13069 7917   77  -81
B 13079 7526   77  -94
B 13089 7524   77 -106
B 13099 7758   77 -114
B 13109 7784   54 -117
B 13119 7751   13 -117
B 13129 7811    9 -117
B 13139 7681    9 -109
B 13149 7793    9  -97
B 13159 7631    9  -85
B 13169 7937    9  -73
B 13179 7947    9  -59
B 13189 8201    9  -45
B 13199 8238    9  -31
B 13209 8240    9  -17
B 13219 8241    9   -5
pb end 
B 13229 8244    0    7
B 13239 8242    0   18
B 13249 8281    0   27
B 13259 8245    0   33
B 13269 8245    0   37
B 13279 8281    0   39
B 13289 8283    0   41
B 13299 8284    0   43
B 13309 8283    0   43
B 13319 8283    0   43
B 13329 8283    0   43
B 13339 8284    0   43
B 13349 8283    0   43
B 13359 8284    0   43
B 13369 8284    0   43
B 13379 8284    0   43
B 13389 8284    0   43
B 13399 8286    0   43
B 13409 8284    0   43
B 13419 8284    0   42
B 13429 8284    0   40
B 13439 8284    0   38
B 13449 8284    0   35
B 13459 8284    0   33
B 13469 8284    0   30
B 13479 8286    0   27
B 13489 8284    0   23
B 13499 8286    0   21
B 13509 8286    0   17
B 13519 8286    0   14
B 13529 8286    0   10
B 13539 8287    0    7
B 13549 8286    0    3
B 13559 8286    0    0
B 13569 8286    0   -3
B 13579 8284    0   -5
B 13589 8286    0   -8
B 13599 8284    0   -9
B 13609 8286    0  -10
B 13619 8287    0  -10
B 13629 8286    0  -10
B 13639 8322    0  -10
B 13649 8287    0  -10
B 13659 8286    0  -10
B 13669 8287    0  -10
B 13679 8286    0  -10
B 13689 8286    0  -10
B 13699 8287    0  -10
B 13709 8283    0  -10
B 13719 8286    0  -10
SSS vs= 0.97  t=  206
%P VOLT1   = 8274
%P VOLT2   = 8307
%P S2_SC   =  0.97
%P L_ANG_MAX = 206
B 13729 8286   77  -10
B 13739 8169   77  -10
B 13749 8116   77  -10
B 13759 8128   77  -10
B 13769 8143   77  -10
B 13779 8120   77   -7
B 13789 7740   77    0
B 13799 7791   77    9
B 13809 7773   77   19
B 13819 7623   77   30
B 13829 7559   77   40
B 13839 7594   77   50
B 13849 7606   74   62
B 13859 7671   38   74
B 13869 7655   28   86
B 13879 7783   28   99
B 13889 7871   28  113
*** dt = 16 , A = 117 , rpm = 447 
B 13899 7906   28  127
pull out 137
B 13909 7851 -106  139
B 13919 8073 -106  152
B 13929 8077 -106  165
B 13939 7987 -106  177
B 13949 7926 -106  188
B 13959 7959 -106  199
B 13969 8047 -106  207
B 13979 7397 -106  215
B 13989 7318 -106  219
B 13999 7580 -106  219
B 14009 7647 -106  219
*** amax = 219  vhit = 104
B 14019 7633 -100  210
B 14029 7400 -100  195
B 14039 7232 -100  179
B 14049 7296 -100  163
B 14059 7321 -100  144
B 14069 7438 -100  125
B 14079 7458 -100  106
B 14089 7706 -100   84
B 14099 7808 -100   61
B 14109 7807 -100   38
B 14119 7848 -100   14
B 14129 7865 -100  -11
push -12 -10
push out at target
B 14139 7879   77  -28
B 14149 7830   77  -40
B 14159 7776   77  -53
B 14169 7804   77  -65
B 14179 7882   77  -77
B 14189 7539   77  -91
B 14199 7566   77 -105
B 14209 7740   77 -115
B 14220 7754   70 -122
B 14230 7695   41 -123
B 14240 7828    0 -123
B 14250 7851    9 -120
B 14260 7929    9 -108
B 14270 7625    9  -96
B 14280 7900    9  -85
B 14290 7911    9  -72
B 14300 8199    9  -59
B 14310 8238    9  -46
B 14320 8241    9  -33
B 14330 8240    9  -19
B 14340 8241    9   -7
pb end 
B 14350 8242    0    4
B 14360 8242    0   14
B 14370 8242    0   22
B 14380 8245    0   27
B 14390 8280    0   31
B 14400 8281    0   33
B 14410 8280    0   35
B 14420 8283    0   35
B 14430 8283    0   36
B 14440 8284    0   36
B 14450 8281    0   37
B 14460 8283    0   37
B 14470 8283    0   37
B 14480 8283    0   37
B 14490 8283    0   37
B 14500 8284    0   37
B 14510 8283    0   37
B 14520 8283    0   37
B 14530 8284    0   37
B 14540 8284    0   36
B 14550 8283    0   34
B 14560 8283    0   31
B 14570 8283    0   29
B 14580 8284    0   26
B 14590 8284    0   23
B 14600 8319    0   21
B 14610 8284    0   18
B 14620 8284    0   15
B 14630 8284    0   12
B 14640 8286    0    9
B 14650 8284    0    6
B 14660 8284    0    3
B 14670 8284    0    0
B 14680 8284    0   -2
B 14690 8284    0   -5
B 14700 8286    0   -6
B 14710 8284    0   -8
B 14720 8284    0   -9
B 14730 8284    0  -10
B 14740 8284    0  -10
B 14750 8286    0  -10
B 14760 8286    0  -10
B 14770 8286    0  -10
B 14780 8286    0  -10
B 14790 8284    0  -10
B 14800 8286    0  -10
B 14810 8286    0  -10
B 14820 8286    0  -10
B 14830 8286    0   -9
B 14840 8286    0   -9
SSS vs= 0.97  t=  206
%P VOLT1   = 8274
%P VOLT2   = 8304
%P S2_SC   =  0.97
%P L_ANG_MAX = 206
B 14850 8286   77   -9
B 14860 8286   77   -9
B 14870 8218   77   -9
B 14880 8118   77   -9
B 14890 8119   77   -9
B 14900 8133   77   -9
B 14910 7686   77   -7
B 14920 7630   77   -1
B 14930 7718   77    7
B 14940 7734   77   17
B 14950 7759   77   27
B 14960 7552   77   37
B 14970 7552   77   47
B 14980 7566   77   58
B 14990 7596   50   69
B 15000 7658   28   81
B 15010 7654   28   95
B 15020 7845   28  108
*** dt = 16 , A = 117 , rpm = 447 
B 15030 7857   28  121
B 15040 7881   28  135
pull out 137
B 15050 7856 -106  147
B 15060 8146 -106  159
B 15070 8012 -106  171
B 15080 7933 -106  183
B 15090 7947 -106  194
B 15100 7996 -106  203
B 15110 7399 -106  211
B 15120 7474 -106  217
B 15130 7363 -106  218
B 15140 7630 -106  218
*** amax = 218  vhit = 104
B 15150 7644 -100  213
B 15160 7641 -100  199
B 15170 7319 -100  185
B 15180 7235 -100  169
B 15190 7300 -100  151
B 15200 7352 -100  133
B 15210 7489 -100  113
B 15220 7493 -100   93
B 15230 7771 -100   71
B 15240 7838 -100   47
B 15250 7839 -100   24
B 15260 7855 -100   -1
push -10 -10
push out at target
B 15270 7872   77  -23
B 15280 7875   77  -34
B 15290 7782   77  -46
B 15300 7790   77  -58
B 15310 7832   77  -69
B 15320 7912   77  -82
B 15330 7524   77  -94
B 15340 7521   77 -106
B 15350 7756   77 -115
B 15360 7752   62 -117
B 15370 7717    6 -117
B 15380 7797    9 -117
B 15390 7661    9 -109
B 15400 7783    9  -96
B 15410 7590    9  -84
B 15420 7863    9  -72
B 15430 7873    9  -58
B 15440 8199    9  -45
B 15450 8201    9  -31
B 15460 8201    9  -17
pb end 
B 15470 8240    0   -5
B 15480 8240    0    7
B 15490 8241    0   18
B 15500 8242    0   26
B 15510 8242    0   32
B 15520 8242    0   36
B 15530 8280    0   39
B 15540 8280    0   41
B 15550 8281    0   42
B 15560 8281    0   42
B 15570 8280    0   42
B 15580 8281    0   42
B 15590 8283    0   43
B 15600 8283    0   43
B 15610 8280    0   43
B 15620 8281    0   43
B 15630 8280    0   43
B 15640 8281    0   43
B 15650 8280    0   43
B 15660 8281    0   43
B 15670 8281    0   43
B 15680 8283    0   41
B 15690 8283    0   38
B 15700 8281    0   35
B 15710 8283    0   32
B 15720 8283    0   29
B 15730 8283    0   26
B 15740 8283    0   23
B 15750 8281    0   19
B 15760 8284    0   16
B 15770 8283    0   12
B 15780 8283    0    9
B 15790 8283    0    6
B 15800 8283    0    3
B 15810 8283    0   -1
B 15820 8283    0   -3
B 15830 8283    0   -5
B 15840 8284    0   -7
B 15850 8283    0   -9
B 15860 8284    0   -9
B 15870 8286    0   -9
B 15880 8283    0   -9
B 15890 8283    0   -9
B 15900 8284    0   -9
B 15910 8283    0   -9
B 15920 8284    0   -9
B 15930 8284    0   -9
B 15940 8283    0   -9
B 15950 8319    0   -9
B 15960 8284    0   -9
SSS vs= 0.97  t=  206
%P VOLT1   = 8274
%P VOLT2   = 8300
%P S2_SC   =  0.97
%P L_ANG_MAX = 206
B 15970 8286   77   -9
B 15980 8284   77   -9
B 15990 8158   77   -9
B 16000 8116   77   -9
B 16010 8128   77   -9
B 16020 8120   77   -9
B 16030 8064   77   -5
B 16040 7658   77    2
B 16050 7738   77   11
B 16060 7745   77   21
B 16070 7675   77   30
B 16080 7610   77   40
B 16090 7635   77   51
B 16100 7607   74   62
B 16110 7631   38   74
B 16120 7620   28   86
B 16130 7757   28   99
B 16140 7836   28  113
*** dt = 17 , A = 115 , rpm = 447 
B 16150 7871   28  127
pull out 137
B 16160 7889 -106  139
B 16170 8072 -106  151
B 16180 8078 -106  163
B 16190 7982 -106  175
B 16200 7937 -106  187
B 16210 7975 -106  197
B 16220 8023 -106  206
B 16230 7400 -106  213
B 16240 7312 -106  216
B 16250 7580 -106  216
B 16260 7651 -106  216
*** amax = 216  vhit = 105
B 16270 7641 -101  206
B 16280 7403 -101  192
B 16290 7272 -101  177
B 16300 7335 -101  159
B 16310 7325 -101  142
B 16320 7435 -101  123
B 16330 7462 -101  103
B 16340 7710 -101   82
B 16350 7812 -101   59
B 16360 7810 -101   36
B 16370 7849 -101   11
push -10 -10
push out at target
B 16380 7829   77  -13
B 16390 7842   77  -29
B 16400 7819   77  -40
B 16410 7746   77  -53
B 16420 7783   77  -65
B 16430 7929   77  -77
B 16440 7543   77  -90
B 16450 7566   77 -103
B 16460 7729   77 -114
B 16470 7751   77 -120
B 16480 7695   38 -121
B 16490 7863    0 -121
B 16500 7921    9 -118
B 16510 7976    9 -109
B 16520 7646    9  -99
B 16530 8012    9  -89
B 16540 8019    9  -77
B 16550 8199    9  -66
B 16560 8201    9  -55
B 16570 8203    9  -45
B 16580 8240    9  -35
pb end 
B 16590 8238    0  -25
B 16600 8240    0  -16
B 16610 8238    0   -9
B 16620 8240    0   -3
B 16630 8242    0    1
B 16640 8244    0    4
B 16650 8241    0    7
B 16660 8242    0    8
B 16670 8280    0    9
B 16680 8276    0   10
B 16690 8280    0   10
B 16700 8280    0   12
B 16710 8283    0   12
B 16720 8280    0   12
B 16730 8280    0   12
B 16740 8281    0   12
B 16750 8281    0   12
B 16760 8280    0   12
B 16770 8280    0   12
B 16780 8281    0   12
B 16790 8280    0   12
B 16800 8281    0   12
B 16810 8281    0   12
B 16820 8281    0   12
B 16830 8281    0   12
B 16840 8283    0   11
B 16850 8283    0   11
B 16860 8281    0   10
B 16870 8283    0    8
B 16880 8280    0    6
B 16890 8283    0    4
B 16900 8281    0    3
B 16910 8281    0    2
B 16920 8280    0    0
B 16930 8281    0   -1
B 16940 8283    0   -1
B 16950 8281    0   -1
B 16960 8283    0   -2
B 16970 8283    0   -2
B 16980 8283    0   -2
B 16990 8283    0   -2
B 17000 8284    0   -2
B 17010 8283    0   -2
B 17020 8281    0   -2
B 17030 8283    0   -2
B 17040 8283    0   -2
B 17050 8283    0   -2
B 17060 8283    0   -2
B 17070 8284    0   -2
B 17080 8281    0   -2
SSS vs= 0.97  t=  206
%P VOLT1   = 8274
%P VOLT2   = 8297
%P S2_SC   =  0.97
%P L_ANG_MAX = 206
B 17091 8283   77   -2
B 17101 8284   77   -2
B 17112 8284   77   -2
B 17122 8179   77   -2
B 17132 8114   77   -2
B 17142 8102   77   -2
B 17152 8097   77   -2
B 17162 7632   77   -2
B 17172 7726   77   -1
B 17182 7709   77    7
B 17192 7723   77   17
B 17202 7574   77   27
B 17212 7605   77   37
B 17222 7590   77   47
B 17232 7597   77   59
B 17242 7596   47   70
B 17252 7662   28   82
B 17262 7780   28   96
B 17272 7857   28  110
*** dt = 14 , A = 116 , rpm = 464 
B 17282 7859   28  123
pull out 135
B 17292 7881 -106  136
B 17302 7890 -106  147
B 17312 8144 -106  160
B 17322 8010 -106  173
B 17332 7929 -106  183
B 17342 7953 -106  195
B 17352 7365 -106  204
B 17362 7400 -106  211
B 17372 7459 -106  217
B 17382 7640 -106  217
B 17392 7597 -106  217
*** amax = 217  vhit = 105
B 17402 7651 -101  211
B 17412 7299 -101  198
B 17422 7333 -101  183
B 17432 7248 -101  167
B 17442 7311 -101  149
B 17452 7356 -101  131
B 17462 7454 -101  111
B 17472 7741 -101   91
B 17482 7735 -101   69
B 17492 7803 -101   46
B 17502 7842 -101   21
B 17512 7856 -101   -2
push -10 -10
push out at target
B 17522 7870   77  -24
B 17532 7858   77  -34
B 17542 7749   77  -46
B 17552 7802   77  -58
B 17562 7881   77  -69
B 17572 7920   77  -82
B 17582 7489   77  -94
B 17592 7832   77 -106
B 17602 7747   77 -113
B 17612 7752   46 -115
B 17622 7804    6 -115
B 17632 7897    9 -115
B 17642 7787    9 -105
B 17652 7577    9  -93
B 17662 7606    9  -82
B 17672 8012    9  -69
B 17682 8197    9  -57
B 17692 8199    9  -43
B 17702 8200    9  -30
B 17712 8238    9  -17
pb end 
B 17722 8237    0   -5
B 17732 8238    0    7
B 17742 8240    0   16
B 17752 8240    0   23
B 17762 8277    0   29
B 17772 8242    0   32
B 17782 8242    0   35
B 17792 8241    0   36
B 17802 8242    0   37
B 17812 8242    0   37
B 17822 8240    0   37
B 17832 8277    0   37
B 17842 8278    0   37
B 17852 8280    0   37
B 17862 8278    0   37
B 17872 8280    0   37
B 17882 8280    0   37
B 17892 8278    0   37
B 17902 8280    0   37
B 17912 8280    0   37
B 17922 8280    0   36
B 17932 8280    0   34
B 17942 8280    0   31
B 17952 8280    0   28
B 17962 8280    0   25
B 17972 8280    0   22
B 17982 8278    0   19
B 17992 8281    0   15
B 18002 8280    0   12
B 18012 8280    0    9
B 18022 8281    0    6
B 18032 8281    0    3
B 18042 8281    0    0
B 18052 8281    0   -2
B 18062 8281    0   -5
B 18072 8281    0   -6
B 18082 8281    0   -8
B 18092 8281    0   -9
B 18102 8280    0   -9
B 18112 8280    0   -9
B 18122 8280    0   -9
B 18132 8281    0   -9
B 18142 8281    0   -9
B 18152 8281    0   -9
B 18162 8283    0   -9
B 18172 8280    0   -9
B 18182 8281    0   -9
B 18192 8281    0   -9
B 18202 8281    0   -9
B 18212 8281    0   -9
B 18222 8281    0   -9
SSS vs= 0.97  t=  206
%P VOLT1   = 8274
%P VOLT2   = 8293
%P S2_SC   =  0.97
%P L_ANG_MAX = 206
B 18232 8283   77   -9
B 18242 8281   77   -9
B 18252 8255   77   -9
B 18262 8129   77   -9
B 18272 8118   77   -9
B 18282 8123   77   -9
B 18292 8101   77   -8
B 18302 7696   77   -3
B 18312 7760   77    5
B 18322 7746   77   14
B 18332 7625   77   23
B 18342 7585   77   33
B 18352 7611   77   43
B 18362 7593   77   54
B 18372 7633   62   65
B 18382 7625   28   77
B 18392 7728   28   89
B 18402 7801   28  103
*** dt = 19 , A = 116 , rpm = 431 
B 18412 7854   28  116
B 18422 7876   28  129
pull out 140
B 18432 8064 -106  141
B 18442 8072 -106  153
B 18452 8145 -106  165
B 18462 8182 -106  177
B 18472 8059 -106  187
B 18482 7936 -106  197
B 18492 7944 -106  207
B 18502 7995 -106  215
B 18512 7397 -106  222
B 18522 7596 -106  227
B 18532 7502 -106  227
B 18542 7682 -106  227
B 18552 7624 -106  225
*** amax = 227  vhit = 100
B 18562 7621  -96  212
B 18572 7262  -96  198
B 18582 7246  -96  182
B 18592 7301  -96  165
B 18602 7385  -96  147
B 18612 7553  -96  128
B 18622 7561  -96  108
B 18632 7773  -96   87
B 18642 7804  -96   63
B 18652 7810  -96   40
B 18662 7824  -96   15
B 18672 7869  -96  -10
push -12 -10
push out at target
B 18682 7884   77  -26
B 18692 7873   77  -37
B 18702 7860   77  -50
B 18712 7798   77  -65
B 18722 7863   77  -78
B 18732 7797   77  -94
B 18742 7832   77 -109
B 18752 7700   77 -125
B 18762 7746   77 -137
B 18772 7668   77 -142
B 18782 7800   30 -143
B 18792 7766    0 -143
B 18802 7896    9 -140
B 18812 7541    9 -129
B 18822 7628    9 -117
B 18832 7649    9 -106
B 18842 8086    9  -94
B 18852 8196    9  -82
B 18862 8200    9  -70
B 18872 8236    9  -58
B 18882 8237    9  -46
pb end 
B 18892 8238    0  -34
B 18902 8238    0  -24
B 18912 8238    0  -14
B 18922 8240    0   -6
B 18932 8240    0   -1
B 18942 8241    0    4
B 18952 8241    0    7
B 18962 8240    0   10
B 18972 8242    0   11
B 18982 8241    0   12
B 18992 8241    0   13
B 19002 8278    0   13
B 19012 8277    0   15
B 19022 8278    0   15
B 19032 8242    0   15
B 19042 8242    0   15
B 19052 8278    0   15
B 19062 8277    0   15
B 19072 8278    0   15
B 19082 8280    0   15
B 19092 8277    0   16
B 19102 8280    0   16
B 19112 8280    0   16
B 19122 8277    0   15
B 19132 8278    0   15
B 19142 8280    0   15
B 19152 8280    0   15
B 19162 8280    0   15
B 19172 8281    0   14
B 19182 8281    0   12
B 19192 8280    0   11
B 19202 8280    0    9
B 19212 8280    0    7
B 19222 8280    0    5
B 19232 8280    0    3
B 19242 8280    0    2
B 19252 8280    0    1
B 19262 8280    0    0
B 19272 8280    0   -1
B 19282 8280    0   -2
B 19292 8278    0   -2
B 19302 8280    0   -3
B 19312 8278    0   -3
B 19322 8280    0   -3
B 19332 8280    0   -3
B 19342 8280    0   -3
B 19352 8280    0   -3
B 19362 8281    0   -3
B 19372 8280    0   -3
B 19382 8277    0   -3
B 19392 8281    0   -3
SSS vs= 0.97  t=  206
%P VOLT1   = 8274
%P VOLT2   = 8293
%P S2_SC   =  0.97
%P L_ANG_MAX = 206
B 19402 8281   77   -3
B 19412 8281   77   -3
B 19423 8236   77   -3
B 19433 8122   77   -3
B 19443 8118   77   -3
B 19453 8104   77   -3
B 19464 8072   77   -2
B 19474 7605   77   -1
B 19484 7692   77    8
B 19494 7700   77   18
B 19504 7689   77   28
B 19514 7504   77   38
B 19524 7521   77   48
B 19534 7563   77   59
B 19544 7706   47   71
B 19554 7701   28   83
B 19564 7737   28   97
B 19574 7823   28  111
*** dt = 13 , A = 117 , rpm = 464 
B 19584 7862   28  124
pull out 135
B 19594 7845 -106  137
B 19604 8138 -106  149
B 19614 8144 -106  162
B 19624 8012 -106  174
B 19634 7940 -106  186
B 19644 7954 -106  196
B 19654 7999 -106  206
B 19664 7470 -106  214
B 19674 7437 -106  219
B 19684 7478 -106  219
B 19694 7682 -106  219
*** amax = 219  vhit = 104
B 19704 7668 -100  215
B 19714 7596 -100  203
B 19724 7236 -100  187
B 19734 7295 -100  171
B 19744 7310 -100  155
B 19754 7393 -100  136
B 19764 7421 -100  117
B 19774 7575 -100   98
B 19784 7824 -100   76
B 19794 7817 -100   53
B 19804 7849 -100   29
B 19814 7859 -100    5
push -12 -10
push out at target
B 19824 7870   77  -19
B 19834 7881   77  -31
B 19844 7760   77  -42
B 19854 7761   77  -54
B 19864 7833   77  -64
B 19874 7448   77  -77
B 19884 7482   77  -89
B 19894 7636   77  -99
B 19904 7819   70 -108
B 19914 7751   62 -111
B 19924 7781   14 -111
B 19934 7845    9 -111
B 19944 7915    9 -105
B 19954 7741    9  -94
B 19964 8113    9  -85
B 19974 8121    9  -74
B 19984 8196    9  -63
B 19994 8197    9  -51
B 20004 8200    9  -40
B 20014 8236    9  -29
pb end 
B 20024 8237    0  -18
B 20034 8237    0   -8
B 20044 8237    0    1
B 20054 8237    0    8
B 20064 8240    0   14
B 20074 8240    0   18
B 20084 8240    0   21
B 20094 8241    0   23
B 20104 8241    0   23
B 20114 8241    0   24
B 20124 8241    0   24
B 20134 8240    0   24
B 20144 8242    0   25
B 20154 8241    0   25
B 20164 8242    0   25
B 20174 8244    0   25
B 20184 8241    0   25
B 20194 8277    0   25
B 20204 8278    0   25
B 20214 8278    0   25
B 20224 8278    0   24
B 20234 8278    0   23
B 20244 8278    0   21
B 20254 8277    0   19
B 20264 8278    0   17
B 20274 8278    0   15
B 20284 8278    0   12
B 20294 8277    0    9
B 20304 8280    0    7
B 20314 8278    0    4
B 20324 8278    0    1
B 20334 8278    0   -1
B 20344 8278    0   -3
B 20354 8278    0   -5
B 20364 8278    0   -7
B 20374 8278    0   -9
B 20384 8278    0   -9
B 20394 8278    0  -10
B 20404 8278    0  -11
B 20414 8278    0  -11
B 20424 8280    0  -11
B 20434 8280    0  -11
B 20444 8280    0  -11
B 20454 8280    0  -11
B 20464 8278    0  -11
B 20474 8278    0  -11
B 20484 8280    0  -11
B 20494 8280    0  -11
B 20504 8280    0  -10
B 20514 8280    0  -10
SSS vs= 0.97  t=  206
%P VOLT1   = 8274
%P VOLT2   = 8293
%P S2_SC   =  0.97
%P L_ANG_MAX = 206
B 20524 8280   77  -10
B 20534 8278   77  -10
B 20544 8280   77  -10
B 20554 8280   77  -10
B 20564 8139   77  -10
B 20574 8118   77  -10
B 20584 8130   77  -10
B 20594 7676   77   -9
B 20604 7631   77   -5
B 20614 7712   77    2
B 20624 7757   77   11
B 20634 7760   77   20
B 20644 7681   77   30
B 20654 7505   77   40
B 20664 7533   77   51
B 20674 7539   74   62
B 20684 7676   38   73
B 20694 7665   28   85
B 20704 7771   28   99
B 20714 7779   28  112
*** dt = 17 , A = 116 , rpm = 447 
B 20724 7817   28  125
pull out 139
B 20734 7842 -106  139
B 20744 8066 -106  151
B 20754 8053 -106  163
B 20765 7926 -106  175
B 20775 7947 -106  187
B 20785 7985 -106  197
B 20795 8031 -106  206
B 20805 7547 -106  213
B 20815 7469 -106  216
B 20825 7568 -106  216
B 20835 7679 -106  216
*** amax = 216  vhit = 105
B 20845 7675 -101  206
B 20855 7585 -101  192
B 20865 7238 -101  177
B 20875 7293 -101  159
B 20885 7340 -101  143
B 20895 7451 -101  124
B 20905 7473 -101  105
B 20915 7622 -101   84
B 20925 7866 -101   63
B 20935 7861 -101   39
B 20945 7858 -101   16
B 20955 7835 -101   -9
push -11 -10
push out at target
B 20965 7845   77  -26
B 20975 7838   77  -38
B 20985 7835   77  -51
B 20995 7774   77  -66
B 21005 7857   77  -80
B 21015 7823   77  -94
B 21025 7858   77 -111
B 21035 7591   77 -126
B 21045 7766   77 -141
B 21055 7690   77 -149
B 21065 7827   54 -151
B 21075 7777    6 -151
B 21085 7912    9 -151
B 21095 7635    9 -142
B 21105 7594    9 -131
B 21115 7615    9 -122
B 21125 8190    9 -111
B 21135 8196    9 -100
B 21145 8197    9  -89
B 21155 8199    9  -79
B 21165 8236    9  -69
pb end 
B 21175 8236    0  -59
B 21185 8236    0  -51
B 21195 8238    0  -42
B 21205 8238    0  -36
B 21215 8238    0  -30
B 21225 8240    0  -25
B 21235 8240    0  -20
B 21245 8240    0  -15
B 21255 8240    0  -12
B 21265 8236    0   -9
B 21275 8241    0   -5
B 21285 8242    0   -3
B 21295 8241    0   -1
B 21305 8277    0    0
B 21315 8241    0    3
B 21325 8241    0    4
B 21335 8241    0    4
B 21345 8241    0    4
B 21355 8241    0    4
B 21365 8241    0    4
B 21375 8242    0    4
B 21385 8242    0    4
B 21395 8241    0    4
B 21405 8241    0    4
B 21415 8241    0    4
B 21425 8241    0    4
B 21435 8277    0    4
B 21445 8277    0    4
B 21455 8277    0    4
B 21465 8241    0    4
B 21475 8241    0    3
B 21485 8277    0    3
B 21495 8277    0    3
B 21505 8280    0    3
B 21515 8278    0    3
B 21525 8278    0    3
B 21535 8277    0    3
B 21545 8278    0    2
B 21555 8278    0    1
B 21565 8278    0    1
B 21575 8244    0    1
B 21585 8278    0    1
B 21595 8277    0    1
B 21605 8278    0    1
B 21615 8278    0    1
B 21625 8278    0    1
B 21635 8278    0    1
B 21645 8278    0    1
B 21655 8278    0    1
B 21665 8278    0    1
SSS vs= 0.97  t=  206
%P VOLT1   = 8274
%P VOLT2   = 8286
%P S2_SC   =  0.97
%P L_ANG_MAX = 206
B 21676 8278   77    1
B 21687 8280   77    1
B 21697 8278   77    1
B 21707 8262   77    1
B 21717 8139   77    1
B 21727 8111   77    1
B 21737 8100   77    1
B 21747 7611   77    1
B 21757 7575   77    1
B 21767 7664   77    7
B 21777 7636   77   16
B 21787 7653   77   25
B 21797 7646   77   35
B 21807 7593   77   44
B 21817 7607   77   54
B 21827 7608   65   65
B 21837 7713   28   77
B 21847 7710   28   88
B 21857 7765   28  101
B 21867 7814   28  115
*** dt = 17 , A = 115 , rpm = 447 
B 21877 7837   28  127
pull out 135
B 21887 7813 -106  138
B 21897 8140 -106  151
B 21907 8096 -106  162
B 21917 7941 -106  173
B 21927 7961 -106  184
B 21937 7995 -106  194
B 21947 8034 -106  201
B 21957 7621 -106  208
B 21967 7562 -106  211
B 21977 7639 -106  211
B 21987 7693 -106  211
*** amax = 211  vhit = 108
B 21997 7704 -104  202
B 22007 7486 -104  188
B 22017 7316 -104  174
B 22027 7357 -104  157
B 22037 7388 -104  140
B 22047 7553 -104  122
B 22057 7562 -104  104
B 22067 7704 -104   83
B 22077 7845 -104   63
B 22087 7846 -104   41
B 22097 7853 -104   19
B 22107 7864 -104   -5
push -11 -10
push out at target
B 22117 7875   77  -24
B 22127 7837   77  -34
B 22137 7887   77  -46
B 22147 7834   77  -60
B 22157 7883   77  -73
B 22167 7765   77  -87
B 22177 7787   77  -99
B 22187 7585   77 -113
B 22197 7872   77 -126
B 22207 7842   77 -135
B 22217 7899   62 -139
B 22227 7905   22 -140
B 22237 7938    0 -140
B 22247 7715    9 -139
B 22257 7591    9 -130
B 22267 7612    9 -119
B 22277 7799    9 -109
B 22287 8160    9 -101
B 22297 8162    9  -90
B 22307 8199    9  -79
B 22317 8201    9  -69
B 22327 8201    9  -60
pb end 
B 22337 8201    0  -50
B 22347 8237    0  -41
B 22357 8237    0  -31
B 22367 8238    0  -22
B 22377 8240    0  -14
B 22387 8238    0   -7
B 22397 8241    0   -1
B 22407 8240    0    4
B 22417 8240    0    8
B 22427 8240    0   11
B 22437 8276    0   13
B 22447 8277    0   15
B 22457 8241    0   16
B 22467 8241    0   19
B 22477 8241    0   19
B 22487 8241    0   19
B 22497 8277    0   19
B 22507 8277    0   19
B 22517 8241    0   19
B 22527 8238    0   19
B 22537 8241    0   19
B 22547 8241    0   19
B 22557 8241    0   18
B 22567 8241    0   18
B 22577 8242    0   17
B 22587 8242    0   15
B 22597 8238    0   13
B 22607 8241    0   11
B 22617 8242    0    9
B 22627 8242    0    7
B 22637 8241    0    5
B 22647 8242    0    3
B 22657 8242    0    1
B 22667 8277    0    0
B 22677 8242    0   -1
B 22687 8241    0   -3
B 22697 8241    0   -4
B 22707 8280    0   -5
B 22717 8277    0   -5
B 22727 8278    0   -5
B 22737 8244    0   -6
B 22747 8241    0   -6
B 22757 8241    0   -6
B 22767 8244    0   -6
B 22777 8242    0   -6
B 22787 8278    0   -6
B 22797 8242    0   -6
B 22807 8242    0   -6
B 22817 8278    0   -6
B 22827 8278    0   -6
SSS vs= 0.97  t=  211
%P VOLT1   = 8274
%P VOLT2   = 8286
%P S2_SC   =  0.97
%P L_ANG_MAX = 211
B 22837 8278   86   -6
B 22847 8278   86   -6
B 22857 8278   86   -6
B 22867 8134   86   -6
B 22877 8095   86   -5
B 22887 8095   86   -5
B 22897 8084   86   -5
B 22907 7457   86   -5
B 22917 7686   86    2
B 22927 7672   86   11
B 22937 7656   86   22
B 22947 7405   86   33
B 22957 7429   86   43
B 22967 7407   86   54
B 22977 7522   73   65
B 22987 7533   40   77
B 22997 7657   28   90
B 23007 7760   28  103
B 23017 7799   28  116
*** dt = 20 , A = 120 , rpm = 430 
B 23027 7745   28  130
B 23037 7999   28  141
pull out 145
B 23047 8004 -115  154
B 23057 8146 -115  166
B 23067 8148 -115  178
B 23077 8113 -115  188
B 23087 8037 -115  199
B 23097 8039 -115  209
B 23107 8060 -115  217
B 23117 8083 -115  223
B 23127 7675 -115  230
B 23137 7672 -115  233
B 23147 7791 -115  233
B 23157 7839 -115  233
*** amax = 233  vhit = 109
B 23167 7861 -105  231
B 23177 7661 -105  220
B 23187 7419 -105  207
B 23197 7425 -105  194
B 23207 7429 -105  179
B 23217 7505 -105  163
B 23227 7506 -105  147
B 23237 7651 -105  130
B 23247 7829 -105  111
B 23257 7832 -105   92
B 23267 7872 -105   73
B 23277 7843 -105   51
B 23287 7845 -105   31
B 23297 7846 -105   10
B 23307 7883 -105  -13
push -13 -10
push out at target
B 23317 7885   77  -26
B 23327 7886   77  -36
B 23337 7951   77  -47
B 23347 7923   77  -60
B 23357 7905   77  -74
B 23367 7706   77  -88
B 23377 7716   77 -102
B 23387 7760   77 -114
B 23397 7868   77 -129
B 23407 7873   77 -142
B 23417 7944   77 -151
B 23427 8012   62 -155
B 23437 8017   22 -156
B 23447 7843    0 -156
B 23457 7573    9 -155
B 23467 7589    9 -149
B 23477 7630    9 -139
B 23487 8094    9 -133
B 23497 8094    9 -123
B 23507 8168    9 -114
B 23517 8204    9 -106
B 23527 8204    9  -97
B 23537 8203    9  -89
B 23547 8204    9  -82
pb end 
B 23557 8204    0  -74
B 23567 8240    0  -67
B 23577 8241    0  -61
B 23587 8241    0  -55
B 23597 8242    0  -50
B 23607 8242    0  -45
B 23617 8241    0  -41
B 23627 8242    0  -37
B 23637 8242    0  -33
B 23647 8241    0  -29
B 23657 8242    0  -25
B 23667 8242    0  -22
B 23677 8242    0  -20
B 23687 8241    0  -17
B 23697 8241    0  -15
B 23707 8242    0  -13
B 23717 8241    0  -11
B 23727 8242    0  -10
B 23737 8242    0   -9
B 23747 8241    0   -8
B 23757 8241    0   -8
B 23767 8242    0   -7
B 23777 8242    0   -6
B 23787 8242    0   -6
B 23797 8242    0   -6
B 23807 8242    0   -6
B 23817 8242    0   -6
B 23827 8242    0   -6
B 23837 8244    0   -6
B 23847 8242    0   -6
B 23857 8242    0   -6
B 23867 8244    0   -6
B 23877 8242    0   -6
B 23887 8242    0   -6
B 23897 8242    0   -6
B 23907 8244    0   -6
B 23917 8244    0   -6
B 23927 8242    0   -6
B 23937 8242    0   -6
B 23947 8244    0   -6
B 23957 8278    0   -6
B 23967 8244    0   -6
B 23977 8244    0   -6
B 23987 8244    0   -6
B 23997 8244    0   -6
B 24007 8244    0   -6
B 24017 8244    0   -6
B 24027 8242    0   -6
B 24037 8244    0   -6
B 24047 8242    0   -6
SSS vs= 0.97  t=  216
%P VOLT1   = 8214
%P VOLT2   = 8290
%P S2_SC   =  0.97
%P L_ANG_MAX = 216
B 24057 8242   87   -6
B 24067 8189   87   -6
B 24077 8089   87   -6
B 24087 8066   87   -6
B 24097 8059   87   -6
B 24107 8011   87   -6
B 24117 7703   87   -5
B 24127 7740   87    0
B 24137 7914   87    8
B 24147 7901   87   17
B 24157 7913   87   27
B 24167 7746   87   37
B 24177 7468   87   46
B 24187 7472   87   55
B 24197 7509   76   66
B 24207 7654   54   75
B 24217 7655   32   86
B 24227 7727   29   96
B 24237 7714   29  108
B 24247 7725   29  119
*** adj PULL_V2->36 
*** dt = 33 , A = 120 , rpm = 381 
B 24257 7693   34  129
B 24267 8118   34  140
B 24277 8117   34  151
pull out 155
B 24287 8114 -116  160
B 24297 8113 -116  170
B 24307 8113 -116  178
B 24317 8145 -116  187
B 24327 8086 -116  195
B 24337 8090 -116  200
B 24347 8098 -116  206
B 24357 7433 -116  211
B 24367 7439 -116  215
B 24377 7655 -116  219
B 24387 7908 -116  219
B 24397 7909 -116  219
B 24407 8017 -116  219
B 24417 7839 -116  219
*** amax = 219  vhit = 119
B 24427 7836 -115  209
B 24437 7590 -115  197
B 24447 7449 -115  185
B 24457 7447 -115  171
B 24467 7484 -115  156
B 24477 7665 -115  140
B 24487 7666 -115  123
B 24497 7738 -115  106
B 24507 7845 -115   87
B 24517 7843 -115   67
B 24527 7845 -115   47
B 24537 7846 -115   25
B 24547 7846 -115    3
push -10 -10
push out at target
B 24557 7847   77  -18
B 24567 7883   77  -28
B 24577 7885   77  -38
B 24587 7917   77  -49
B 24597 7930   77  -61
B 24607 7940   77  -74
B 24617 7840   77  -86
B 24627 7707   77  -99
B 24637 7710   77 -110
B 24647 7889   77 -122
B 24657 8032   77 -132
B 24667 8032   70 -137
B 24677 8069   30 -139
B 24687 7783    6 -139
B 24697 7786    9 -139
B 24707 7628    9 -137
B 24717 7669    9 -128
B 24727 7671    9 -121
B 24737 7637    9 -113
B 24747 8169    9 -104
B 24757 8170    9  -96
B 24767 8204    9  -89
B 24777 8206    9  -81
B 24787 8206    9  -74
pb end 
B 24797 8206    0  -69
B 24807 8209    0  -62
B 24817 8207    0  -57
B 24827 8207    0  -50
B 24837 8242    0  -45
B 24847 8244    0  -39
B 24857 8242    0  -34
B 24867 8242    0  -29
B 24877 8242    0  -25
B 24887 8242    0  -21
B 24897 8244    0  -17
B 24907 8244    0  -13
B 24917 8244    0  -10
B 24927 8244    0   -8
B 24937 8242    0   -6
B 24947 8244    0   -5
B 24957 8245    0   -3
B 24967 8245    0   -3
B 24977 8242    0   -3
B 24987 8242    0   -3
B 24997 8244    0   -3
B 25007 8242    0   -2
B 25017 8242    0   -2
B 25027 8242    0   -2
B 25037 8241    0   -2
B 25047 8244    0   -2
B 25057 8245    0   -2
B 25067 8244    0   -2
B 25077 8244    0   -2
B 25087 8244    0   -2
B 25097 8245    0   -2
B 25107 8244    0   -2
B 25117 8244    0   -2
B 25127 8245    0   -3
B 25137 8244    0   -3
B 25147 8245    0   -3
B 25157 8245    0   -3
B 25167 8244    0   -3
B 25177 8245    0   -3
B 25187 8244    0   -3
B 25197 8245    0   -3
B 25207 8244    0   -3
B 25217 8244    0   -3
B 25227 8281    0   -3
B 25237 8281    0   -3
B 25247 8244    0   -3
B 25257 8245    0   -3
B 25267 8244    0   -3
B 25277 8244    0   -3
B 25287 8242    0   -3
SSS vs= 0.97  t=  221
%P VOLT1   = 8214
%P VOLT2   = 8293
%P S2_SC   =  0.97
%P L_ANG_MAX = 221
B 25297 8244   87   -3
B 25307 8245   87   -3
B 25317 8245   87   -3
B 25327 8196   87   -3
B 25337 8110   87   -3
B 25347 8096   87   -3
B 25357 8097   87   -3
B 25367 8066   87   -3
B 25377 7763   87   -3
B 25387 7789   87    1
B 25397 7878   87    9
B 25407 7749   87   18
B 25417 7754   87   27
B 25427 7656   87   35
B 25437 7515   87   45
B 25447 7518   87   54
B 25457 7591   82   63
B 25467 7663   67   73
B 25477 7665   44   83
B 25487 7700   29   94
B 25497 7718   29  105
B 25507 7725   29  116
*** adj PULL_V2->42 
*** dt = 38 , A = 124 , rpm = 364 
B 25517 7694   40  127
B 25527 8087   40  135
B 25537 8087   40  145
B 25547 8084   40  155
pull out 161
B 25557 8151 -116  165
B 25567 8149 -116  174
B 25577 8145 -116  182
B 25587 8069 -116  189
B 25597 8071 -116  194
B 25607 8113 -116  200
B 25617 7482 -116  206
B 25627 7483 -116  210
B 25637 7666 -116  213
B 25647 7919 -116  215
B 25657 7919 -116  215
B 25667 7988 -116  215
*** amax = 215  vhit = 123
B 25677 7886 -119  214
B 25687 7883 -119  205
B 25697 7672 -119  194
B 25707 7494 -119  182
B 25717 7493 -119  168
B 25727 7494 -119  154
B 25737 7638 -119  139
B 25747 7638 -119  123
B 25757 7745 -119  105
B 25767 7853 -119   87
B 25777 7853 -119   69
B 25787 7856 -119   49
B 25797 7820 -119   28
B 25807 7818 -119    7
push -10 -10
push out at target
B 25817 7820   77  -13
B 25827 7856   77  -27
B 25837 7857   77  -37
B 25847 7890   77  -49
B 25857 7943   77  -61
B 25867 7947   77  -72
B 25877 7885   77  -84
B 25887 7674   77  -97
B 25897 7679   77 -108
B 25907 7823   77 -121
B 25917 8039   77 -130
B 25927 8037   62 -136
B 25937 8076   38 -137
B 25947 7791    0 -137
B 25957 7795    9 -137
B 25967 7666    9 -137
B 25977 7671    9 -129
B 25987 7674    9 -124
B 25997 7639    9 -117
B 26007 8170    9 -109
B 26017 8173    9 -102
B 26027 8170    9  -95
B 26037 8206    9  -89
pb end 
B 26047 8206    0  -83
B 26057 8206    0  -77
B 26067 8209    0  -72
B 26077 8207    0  -66
B 26087 8209    0  -61
B 26097 8209    0  -55
B 26107 8209    0  -50
B 26117 8209    0  -45
B 26127 8245    0  -40
B 26137 8244    0  -35
B 26147 8244    0  -31
B 26157 8244    0  -27
B 26167 8244    0  -23
B 26177 8244    0  -20
B 26187 8245    0  -17
B 26197 8242    0  -14
B 26207 8245    0  -12
B 26217 8245    0   -9
B 26227 8244    0   -8
B 26237 8245    0   -7
B 26247 8244    0   -6
B 26257 8244    0   -6
B 26267 8244    0   -5
B 26277 8240    0   -5
B 26287 8245    0   -5
B 26297 8245    0   -6
B 26307 8242    0   -6
B 26317 8244    0   -5
B 26327 8241    0   -5
B 26337 8247    0   -5
B 26347 8247    0   -5
B 26357 8245    0   -5
B 26367 8245    0   -6
B 26377 8245    0   -6
B 26387 8247    0   -6
B 26397 8245    0   -6
B 26407 8245    0   -6
B 26417 8245    0   -6
B 26427 8245    0   -7
B 26437 8245    0   -7
B 26447 8245    0   -7
B 26457 8247    0   -8
B 26467 8245    0   -8
B 26477 8245    0   -8
B 26487 8245    0   -8
B 26497 8247    0   -8
B 26507 8244    0   -8
B 26517 8247    0   -8
B 26527 8247    0   -8
B 26537 8245    0   -8
B 26547 8245    0   -8
SSS vs= 0.97  t=  226
%P VOLT1   = 8214
%P VOLT2   = 8293
%P S2_SC   =  0.97
%P L_ANG_MAX = 226
B 26557 8244   87   -8
B 26567 8245   87   -8
B 26577 8247   87   -8
B 26587 8202   87   -8
B 26597 8126   87   -8
B 26607 8120   87   -8
B 26617 8130   87   -7
B 26627 7576   87   -7
B 26637 7756   87   -7
B 26647 7766   87   -5
B 26657 7918   87    3
B 26667 7818   87   11
B 26677 7815   87   19
B 26687 7566   87   29
B 26697 7466   87   39
B 26707 7474   87   49
B 26717 7586   87   59
B 26727 7660   75   69
B 26737 7665   57   80
B 26747 7736   38   91
B 26757 7750   29  103
B 26767 7756   29  115
B 26777 7693   29  126
*** adj PULL_V2->36 
*** dt = 33 , A = 130 , rpm = 381 
B 26787 8015   34  136
B 26797 8016   34  146
B 26807 8115   34  156
pull out 163
B 26817 8119 -116  166
B 26827 8119 -116  175
B 26837 8154 -116  183
B 26847 8114 -116  191
B 26857 8114 -116  198
B 26867 8121 -116  204
B 26877 7487 -116  210
B 26887 7491 -116  214
B 26897 7777 -116  217
B 26907 7889 -116  219
B 26917 7887 -116  219
B 26927 8029 -116  219
*** amax = 219  vhit = 123
B 26937 7885 -119  215
B 26947 7890 -119  207
B 26957 7498 -119  195
B 26967 7500 -119  183
B 26977 7500 -119  169
B 26987 7538 -119  155
B 26997 7609 -119  139
B 27007 7608 -119  123
B 27017 7820 -119  105
B 27027 7856 -119   87
B 27037 7856 -119   67
B 27047 7859 -119   47
B 27057 7823 -119   27
B 27067 7827 -119    7
push -12 -10
push out at target
B 27077 7864   77  -14
B 27087 7900   77  -25
B 27097 7901   77  -35
B 27107 7931   77  -45
B 27117 7916   77  -57
B 27127 7919   77  -67
B 27137 7782   77  -79
B 27147 7645   77  -91
B 27157 7649   77 -101
B 27167 7936   70 -111
B 27177 8047   70 -121
B 27187 8043   70 -126
B 27197 8045   30 -129
B 27207 7903   14 -129
B 27217 7903    9 -129
B 27227 7737    9 -129
B 27237 7671    9 -121
B 27247 7673    9 -112
B 27257 8135    9 -106
B 27267 8170    9  -97
B 27277 8172    9  -89
B 27287 8206    9  -81
B 27297 8207    9  -74
pb end 
B 27307 8207    0  -67
B 27317 8207    0  -61
B 27327 8209    0  -54
B 27337 8209    0  -49
B 27347 8209    0  -42
B 27357 8213    0  -37
B 27367 8210    0  -31
B 27377 8248    0  -25
B 27387 8245    0  -20
B 27397 8244    0  -15
B 27407 8245    0  -10
B 27417 8245    0   -7
B 27427 8245    0   -4
B 27437 8244    0   -2
B 27447 8245    0   -1
B 27457 8245    0    0
B 27467 8245    0    0
B 27477 8244    0    0
B 27487 8245    0    0
B 27497 8245    0    0
B 27507 8248    0    0
B 27517 8247    0    0
B 27527 8245    0    0
B 27537 8245    0    0
B 27547 8245    0    0
B 27557 8245    0    0
B 27567 8245    0    0
B 27577 8245    0    0
B 27587 8244    0    0
B 27597 8245    0   -1
B 27607 8245    0   -1
B 27617 8244    0   -2
B 27627 8245    0   -2
B 27637 8244    0   -3
B 27647 8245    0   -3
B 27657 8244    0   -3
B 27667 8245    0   -4
B 27678 8247    0   -4
B 27688 8247    0   -4
B 27698 8245    0   -4
B 27708 8245    0   -4
B 27718 8247    0   -4
B 27728 8242    0   -4
B 27738 8244    0   -4
B 27748 8245    0   -4
B 27758 8245    0   -4
B 27768 8247    0   -4
B 27778 8245    0   -4
B 27788 8245    0   -4
B 27798 8245    0   -4
SSS vs= 0.97  t=  231
%P VOLT1   = 8214
%P VOLT2   = 8290
%P S2_SC   =  0.97
%P L_ANG_MAX = 231
B 27809 8244   87   -4
B 27820 8247   87   -4
B 27830 8245   87   -4
B 27840 8247   87   -4
B 27850 8167   87   -4
B 27861 8128   87   -4
B 27871 8132   87   -3
B 27882 7575   87   -3
B 27892 7585   87   -3
B 27902 7736   87   -3
B 27912 7927   87    0
B 27922 7937   87    8
B 27932 7872   87   16
B 27942 7663   87   24
B 27952 7666   87   33
B 27962 7595   87   42
B 27972 7563   87   51
B 27982 7567   87   59
B 27992 7636   75   69
B 28002 7709   61   79
B 28012 7715   45   90
B 28022 7718   31  100
B 28032 7691   29  111
B 28042 7693   29  121
B 28052 7838   29  131
*** adj PULL_V2->52 
*** dt = 49 , A = 132 , rpm = 332 
B 28062 8054   50  141
B 28072 8054   50  149
B 28082 8088   50  158
B 28092 8154   50  167
pull out 176
B 28102 8148 -116  177
B 28112 8148 -116  184
B 28122 8086 -116  191
B 28132 8082 -116  198
B 28142 8089 -116  203
B 28152 7527 -116  208
B 28162 7529 -116  213
B 28172 7639 -116  216
B 28182 7926 -116  219
B 28192 7926 -116  219
B 28202 7999 -116  219
B 28212 7999 -116  219
*** amax = 219  vhit = 126
B 28222 7999 -122  214
B 28232 7788 -122  203
B 28242 7502 -122  191
B 28252 7504 -122  178
B 28262 7504 -122  165
B 28272 7575 -122  149
B 28282 7578 -122  135
B 28292 7687 -122  119
B 28302 7830 -122  102
B 28312 7830 -122   85
B 28322 7865 -122   67
B 28332 7830 -122   47
B 28342 7830 -122   28
B 28352 7793 -122    8
push -13 -10
push out at target
B 28362 7832   77  -13
B 28372 7830   77  -26
B 28382 7901   77  -35
B 28392 7916   77  -45
B 28402 7916   77  -56
B 28412 7957   77  -64
B 28422 7573   77  -77
B 28432 7577   77  -86
B 28442 7899   62  -97
B 28452 8009   77 -105
B 28462 8012   54 -113
B 28472 8046   54 -116
B 28482 8015   14 -116
B 28492 8013    9 -116
B 28502 7630    9 -116
B 28512 7814    9 -113
B 28522 7814    9 -106
B 28532 8136    9 -101
B 28542 8173    9  -93
B 28552 8170    9  -86
B 28562 8172    9  -80
B 28572 8209    9  -74
pb end 
B 28582 8207    0  -67
B 28592 8207    0  -62
B 28602 8209    0  -56
B 28612 8209    0  -50
B 28622 8210    0  -44
B 28632 8210    0  -38
B 28642 8210    0  -32
B 28652 8210    0  -26
B 28662 8245    0  -20
B 28672 8245    0  -14
B 28682 8244    0   -9
B 28692 8245    0   -5
B 28702 8245    0   -2
B 28712 8247    0    0
B 28722 8245    0    2
B 28732 8247    0    3
B 28742 8245    0    4
B 28752 8247    0    4
B 28762 8245    0    4
B 28772 8244    0    4
B 28782 8247    0    4
B 28792 8247    0    4
B 28802 8245    0    4
B 28812 8245    0    4
B 28822 8247    0    3
B 28832 8245    0    3
B 28842 8245    0    3
B 28852 8245    0    3
B 28862 8247    0    0
B 28872 8245    0   -2
B 28882 8248    0   -4
B 28892 8245    0   -5
B 28902 8245    0   -7
B 28912 8245    0   -9
B 28922 8245    0  -10
B 28932 8247    0  -11
B 28942 8245    0  -11
B 28952 8247    0  -12
B 28962 8247    0  -12
B 28972 8247    0  -12
B 28982 8245    0  -12
B 28992 8245    0  -12
B 29002 8247    0  -12
B 29012 8247    0  -12
B 29022 8244    0  -12
B 29032 8245    0  -12
B 29042 8248    0  -12
B 29052 8245    0  -12
B 29062 8248    0  -11
B 29072 8247    0  -11
B 29082 8248    0  -11
SSS vs= 0.97  t=  236
%P VOLT1   = 8214
%P VOLT2   = 8297
%P S2_SC   =  0.97
%P L_ANG_MAX = 236
B 29092 8245   87  -11
B 29102 8247   87  -12
B 29112 8161   87  -12
B 29122 8138   87  -12
B 29132 8144   87   -9
B 29142 7841   87   -9
B 29152 7850   87   -8
B 29162 7817   87   -5
B 29173 7886   87    1
B 29183 7894   87    7
B 29193 7788   87   15
B 29203 7690   87   24
B 29213 7696   87   32
B 29223 7523   87   41
B 29233 7529   87   50
B 29243 7529   87   59
B 29253 7638   77   68
B 29263 7709   65   79
B 29273 7714   52   89
B 29283 7718   38   99
B 29293 7687   29  109
B 29303 7688   29  120
B 29313 7838   29  130
*** adj PULL_V2->47 
*** dt = 44 , A = 137 , rpm = 348 
B 29323 7840   45  140
B 29333 7843   45  149
B 29343 8086   45  157
B 29353 8118   45  167
B 29363 8117   45  176
pull out 177
B 29373 8151 -116  184
B 29383 8050 -116  191
B 29393 8052 -116  195
B 29403 8090 -116  202
B 29413 8026 -116  207
B 29423 8029 -116  211
B 29433 7711 -116  215
B 29443 7856 -116  216
*** amax = 217  vhit = 127
B 29453 7857 -123  216
B 29463 8035 -123  217
B 29473 8037 -123  216
B 29483 8036 -123  209
B 29493 7646 -123  198
B 29503 7505 -123  186
B 29513 7502 -123  173
B 29523 7504 -123  159
B 29533 7541 -123  143
B 29543 7541 -123  128
B 29553 7756 -123  111
B 29563 7827 -123   94
B 29573 7830 -123   76
B 29583 7867 -123   59
B 29593 7834 -123   39
B 29603 7833 -123   20
B 29613 7836 -123    1
push -11 -10
push out at target
B 29623 7833   77  -19
B 29633 7836   77  -27
B 29643 7874   77  -37
B 29653 7882   77  -47
B 29663 7886   77  -57
B 29673 7856   77  -67
B 29683 7788   77  -78
B 29693 7792   77  -87
B 29703 7901   62  -97
B 29713 7974   70 -106
B 29723 7975   62 -113
B 29733 8045   46 -115
B 29743 8015    6 -115
B 29753 8016    9 -115
B 29763 7669    9 -115
B 29773 7603    9 -113
B 29783 7607    9 -109
B 29793 8065    9 -101
B 29803 8172    9  -95
B 29813 8173    9  -89
B 29823 8207    9  -83
B 29833 8207    9  -77
pb end 
B 29843 8209    0  -71
B 29853 8209    0  -66
B 29863 8209    0  -61
B 29873 8210    0  -57
B 29883 8210    0  -52
B 29893 8210    0  -47
B 29903 8209    0  -42
B 29913 8210    0  -37
B 29923 8209    0  -33
B 29933 8210    0  -28
B 29943 8211    0  -23
B 29953 8245    0  -19
B 29963 8245    0  -16
B 29973 8245    0  -13
B 29983 8247    0  -11
B 29993 8247    0   -9
B 30003 8245    0   -7
B 30013 8210    0   -6
B 30023 8210    0   -6
B 30033 8247    0   -6
B 30043 8248    0   -6
B 30053 8247    0   -6
B 30063 8248    0   -6
B 30073 8245    0   -6
B 30083 8245    0   -6
B 30093 8245    0   -6
B 30103 8245    0   -6
B 30113 8245    0   -6
B 30123 8247    0   -6
B 30133 8245    0   -6
B 30143 8247    0   -6
B 30153 8245    0   -6
B 30163 8245    0   -6
B 30173 8245    0   -6
B 30183 8245    0   -7
B 30193 8247    0   -7
B 30203 8247    0   -8
B 30213 8245    0   -9
B 30223 8245    0   -9
B 30233 8247    0   -9
B 30243 8245    0   -9
B 30253 8247    0   -9
B 30263 8247    0   -9
B 30273 8245    0   -9
B 30283 8247    0   -9
B 30293 8247    0   -9
B 30303 8245    0   -9
B 30313 8245    0   -9
B 30323 8247    0   -9
B 30333 8247    0   -9
SSS vs= 0.97  t=  241
%P VOLT1   = 8214
%P VOLT2   = 8300
%P S2_SC   =  0.97
%P L_ANG_MAX = 241
B 30344 8247   87   -9
B 30354 8245   87   -9
B 30364 8245   87   -9
B 30374 8154   87   -9
B 30384 8143   87   -9
B 30394 8152   87   -8
B 30404 8164   87   -8
B 30414 8175   87   -8
B 30424 7787   87   -8
B 30434 7935   87   -4
B 30444 7941   87    3
B 30455 7905   87   11
B 30465 7761   87   21
B 30477 7554   87   31
B 30487 7559   87   41
B 30497 7491   87   51
B 30507 7601   87   60
B 30517 7601   76   70
B 30527 7674   64   81
B 30537 7711   51   92
B 30547 7714   39  103
B 30557 7721   29  114
B 30567 7657   29  125
B 30577 7660   29  137
*** adj PULL_V2->36 
*** dt = 33 , A = 145 , rpm = 381 
B 30587 7663   34  147
B 30597 8020   34  156
B 30607 8019   34  166
B 30617 8090   34  175
pull out 178
B 30627 8124 -116  185
B 30637 8111 -116  194
B 30647 8090 -116  200
B 30657 8091 -116  207
B 30667 8093 -116  213
B 30677 8134 -116  219
B 30687 7677 -116  222
B 30697 7677 -116  225
B 30707 7823 -116  226
B 30717 8001 -116  226
B 30727 8002 -116  226
*** amax = 226  vhit = 127
B 30737 8002 -123  223
B 30747 7611 -123  214
B 30757 7612 -123  203
B 30767 7504 -123  191
B 30777 7504 -123  177
B 30787 7507 -123  163
B 30797 7541 -123  147
B 30807 7755 -123  131
B 30817 7755 -123  114
B 30827 7824 -123   95
B 30837 7827 -123   77
B 30847 7829 -123   57
B 30857 7830 -123   37
B 30867 7834 -123   17
B 30877 7834 -123   -3
push -13 -10
push out at target
B 30887 7870   77  -21
B 30897 7907   77  -29
B 30907 7896   77  -38
B 30917 7887   77  -49
B 30927 7892   77  -58
B 30937 7896   77  -69
B 30947 7827   77  -79
B 30957 7867   77  -87
B 30967 7868   54  -97
B 30977 7977   70 -105
B 30987 8084   54 -110
B 30997 8083   30 -111
B 31007 7910    0 -111
B 31017 7702    9 -111
B 31027 7707    9 -111
B 31037 7921    9 -107
B 31047 7889    9 -103
B 31057 7888    9  -97
B 31067 8172    9  -91
B 31077 8173    9  -85
B 31087 8173    9  -79
B 31097 8209    9  -73
B 31107 8209    9  -69
pb end 
B 31117 8210    0  -63
B 31127 8209    0  -58
B 31137 8207    0  -53
B 31147 8210    0  -47
B 31157 8210    0  -42
B 31167 8210    0  -37
B 31177 8210    0  -33
B 31187 8210    0  -28
B 31197 8209    0  -23
B 31207 8211    0  -19
B 31217 8210    0  -15
B 31227 8213    0  -12
B 31237 8211    0   -9
B 31247 8245    0   -7
B 31257 8211    0   -6
B 31267 8207    0   -5
B 31277 8211    0   -5
B 31287 8247    0   -5
B 31297 8247    0   -5
B 31307 8210    0   -5
B 31317 8247    0   -5
B 31327 8245    0   -5
B 31337 8245    0   -5
B 31347 8247    0   -5
B 31357 8245    0   -5
B 31367 8247    0   -5
B 31377 8247    0   -5
B 31387 8245    0   -5
B 31397 8247    0   -5
B 31407 8247    0   -5
B 31417 8247    0   -5
B 31427 8247    0   -6
B 31437 8250    0   -7
B 31447 8245    0   -8
B 31457 8247    0   -8
B 31467 8245    0   -9
B 31477 8245    0   -9
B 31487 8247    0   -9
B 31497 8247    0   -9
B 31507 8245    0   -9
B 31517 8248    0   -9
B 31527 8245    0   -9
B 31537 8245    0   -9
B 31547 8247    0   -9
B 31557 8245    0   -9
B 31567 8245    0   -9
B 31577 8247    0   -9
B 31587 8245    0   -9
B 31597 8247    0   -9
SSS vs= 0.97  t=  246
%P VOLT1   = 8214
%P VOLT2   = 8290
%P S2_SC   =  0.97
%P L_ANG_MAX = 246
B 31607 8244   87   -9
B 31617 8247   87   -9
B 31627 8210   87   -9
B 31637 8152   87   -9
B 31647 8150   87   -9
B 31657 8163   87   -8
B 31667 7640   87   -8
B 31677 7753   87   -8
B 31687 7755   87   -8
B 31697 7973   87   -3
B 31707 7944   87    4
B 31717 7947   87   12
B 31727 7663   87   21
B 31737 7557   87   30
B 31747 7557   87   39
B 31757 7524   87   49
B 31767 7600   87   58
B 31777 7601   80   67
B 31787 7709   69   78
B 31797 7747   57   89
B 31807 7748   47  100
B 31817 7684   35  111
B 31827 7688   29  122
B 31837 7691   29  133
B 31847 7945   29  144
*** adj PULL_V2->42 
*** dt = 38 , A = 149 , rpm = 364 
B 31857 7911   40  155
B 31867 7914   40  163
B 31877 8056   40  173
B 31887 8121   40  182
pull out 185
B 31897 8121    8  192
B 31907 8155    8  200
B 31917 8127    8  208
B 31927 8132    8  215
B 31937 8138    8  222
B 31947 8138    8  228
B 31957 8138    8  232
B 31967 8209    8  237
B 31977 8210    8  242
B 31987 8207    8  246
B 31997 8210    8  250
B 32007 8244    8  253
B 32017 8244    8  255
B 32027 8207    8  259
B 32037 8209    8  261
B 32047 8209    8  262
B 32057 8209    8  263
B 32068 8209    8  263
B 32079 8210    8  263
B 32089 8210    8  263
B 32100 8244    8  263
B 32110 8244    8  263
B 32120 8244    8  263
B 32130 8210    8  263
B 32140 8210    8  263
B 32150 8209    8  263
B 32161 8247    8  263
B 32172 8245    8  263
B 32182 8244    8  263
B 32192 8244    8  261
B 32203 8245    8  258
B 32213 8245    8  255
B 32223 8244    8  252
B 32233 8244    8  249
B 32244 8244    8  245
B 32254 8244    8  242
B 32265 8244    8  238
B 32275 8244    8  235
B 32285 8244    8  231
B 32295 8245    8  229
B 32305 8242    8  226
B 32315 8245    8  223
B 32325 8244    8  221
B 32335 8244    8  218
B 32345 8245    8  215
B 32355 8244    8  213
B 32367 8247    8  210
B 32377 8244    8  207
B 32387 8247    8  205
B 32397 8247    8  202
B 32407 8244    8  199
B 32417 8244    8  197
B 32427 8244    8  194
B 32437 8245    8  191
B 32447 8244    8  189
B 32457 8245    8  187
B 32467 8245    8  185
B 32477 8242    8  182
B 32487 8247    8  179
B 32497 8245    8  177
B 32507 8245    8  175
B 32517 8245    8  172
B 32527 8245    8  170
B 32537 8242    8  167
32_5 test-1 volt=0.84 ang= 195.0 rpm= 389 336.1 372.7 390.5 
32_5 test-2 volt=8.33 ang= 184.0 rpm= 378 321.1 357.3 378.0 
32_5 test-3 volt=8.33 ang= 204.0 rpm= 391 343.0 371.4 385.1 
32_5 test-4 volt=8.29 ang= 205.0 rpm= 398 346.3 375.8 400.0 
32_5 test-5 volt=8.29 ang= 201.0 rpm= 398 340.8 375.8 400.0 
32_5 test-6 volt=8.29 ang= 209.0 rpm= 413 345.9 380.1 398.1 
32_5 test-7 volt=8.29 ang= 213.0 rpm= 400 351.9 384.1 400.0 
32_5 test-8 volt=8.29 ang= 205.0 rpm= 399 343.1 376.9 400.0 
32_5 test-9 volt=8.25 ang= 205.0 rpm= 393 343.8 376.1 392.8 
32_5 test-10 volt=8.28 ang= 199.0 rpm= 391 335.2 371.7 392.8 
32_5 test-11 volt=8.28 ang= 221.0 rpm= 404 359.4 388.3 405.3 
32_5 test-12 volt=8.24 ang= 220.0 rpm= 411 359.4 387.1 404.1 
32_5 test-13 volt=8.24 ang= 219.0 rpm= 400 357.0 385.9 394.9 
32_5 test-14 volt=8.24 ang= 218.0 rpm= 400 354.1 383.6 396.1 
32_5 test-15 volt=8.24 ang= 216.0 rpm= 402 352.3 384.7 401.6 
32_5 test-16 volt=8.24 ang= 217.0 rpm= 399 352.6 381.8 401.2 
32_5 test-17 volt=8.24 ang= 227.0 rpm= 408 361.2 392.8 404.9 
32_5 test-18 volt=8.24 ang= 219.0 rpm= 401 351.9 384.9 399.2 
32_5 test-19 volt=8.24 ang= 216.0 rpm= 394 342.7 374.8 393.4 
32_5 test-20 volt=8.24 ang= 211.0 rpm= 374 331.1 358.5 372.9 
32_5 test-21 volt=8.20 ang= 233.0 rpm= 357 320.0 339.3 343.8 
32_5 test-22 volt=8.20 ang= 219.0 rpm= 361 314.5 343.6 360.3 
32_5 test-23 volt=8.21 ang= 215.0 rpm= 347 301.7 327.6 347.7 
32_5 test-24 volt=8.21 ang= 219.0 rpm= 341 304.6 328.1 333.3 
32_5 test-25 volt=8.21 ang= 219.0 rpm= 334 291.1 313.7 326.1 
32_5 test-26 volt=8.21 ang= 217.0 rpm= 324 290.8 307.4 322.4 
32_5 test-27 volt=8.21 ang= 226.0 rpm= 339 306.3 325.2 333.3 