6-8 miss
23-25 miss
4th set short
SSS vs= 1.03  t=  218
%P VOLT1   = 7623
%P VOLT2   = 8003
%P S2_SC   =  1.03
%P L_ANG_MAX = 218
B   0 777   72    0
B  10 7775   72    0
B  20 7773   72    0
B  30 7656   72    0
B  40 7622   72    0
B  50 7639   72    0
B  60 7664   72    0
B  70 7274   72    0
B  80 7227   72    2
B  90 7289   72   11
B 100 7207   72   20
B 111 7216   72   29
B 121 7045   72   39
B 131 7084   72   48
B 142 7099   72   57
B 153 7200   64   68
B 163 7256   51   79
B 174 7284   40   91
B 184 7309   30  103
B 194 7357   30  114
B 204 7485   30  125
*** adj PULL_V2->42 
*** dt = 28 , A = 132 , rpm = 364 
B 214 7509   43  136
B 224 7478   43  147
B 234 7614   43  156
pull out 161
B 244 7614 -102  167
B 254 7649 -102  176
B 264 7479 -102  185
B 274 7403 -102  192
B 284 7439 -102  200
B 294 6896 -102  206
B 304 6949 -102  212
B 314 6997 -102  216
B 324 7250 -102  216
B 334 7124 -102  216
B 344 7131 -102  216
*** amax = 216  vhit = 101
B 354 7039 -103  205
B 364 7055 -103  191
B 374 6897 -103  175
B 384 6752 -103  159
B 394 6810 -103  141
B 404 6914 -103  122
B 414 7176 -103  104
B 424 7174 -103   84
B 434 7277 -103   61
B 444 7350 -103   38
B 454 7362 -103   15
B 464 7349 -103   -9
push -13 -10
push out at target
B 474 7390   82  -23
B 484 7364   82  -33
B 494 7285   82  -46
B 504 7316   82  -61
B 514 7360   82  -74
B 524 7341   82  -88
B 534 6997   82 -102
B 544 6984   82 -116
B 554 7116   82 -126
B 564 7213   75 -129
B 574 7169   14 -129
B 584 7199   10 -129
B 594 6838   10 -120
B 604 6952   10 -105
B 614 6973   10  -90
B 624 7136   10  -77
B 634 7162   10  -62
B 644 7388   10  -47
B 654 7679   10  -32
B 664 7681   10  -16
pb end 
B 674 7686    0   -2
B 684 7687    0   12
B 694 7690    0   23
B 704 7689    0   32
B 714 7727    0   38
B 724 7728    0   42
B 734 7728    0   44
B 744 7730    0   46
B 754 7730    0   46
B 764 7730    0   46
B 774 7732    0   48
B 784 7734    0   48
B 794 7730    0   48
B 804 7731    0   48
B 814 7730    0   48
B 824 7731    0   48
B 834 7732    0   48
B 844 7728    0   48
B 854 7731    0   48
B 864 7731    0   47
B 874 7732    0   45
B 884 7732    0   43
B 894 7736    0   41
B 904 7731    0   38
B 914 7732    0   36
B 924 7731    0   33
SSS vs= 1.03  t=  224
%P VOLT1   = 7564
%P VOLT2   = 7979
%P S2_SC   =  1.04
%P L_ANG_MAX = 224
B 934 7731   72   30
B 944 7731   72   27
B 954 7732   72   24
B 964 7632   72   20
B 974 7564   72   18
B 984 7574   72   16
B 994 7604   72   14
B 1004 7400   72   14
B 1014 7278   72   15
B 1024 7206   72   15
B 1034 7146   72   18
B 1044 6956   72   27
B 1054 6984   72   35
B 1064 7019   72   44
B 1074 7078   72   52
B 1084 7080   71   62
B 1094 7217   60   72
B 1104 7216   50   83
B 1114 7234   36   94
B 1124 7269   31  105
B 1134 7368   31  118
B 1144 7389   31  128
*** adj PULL_V2->36 
*** dt = 28 , A = 134 , rpm = 381 
B 1154 7400   37  139
B 1164 7620   37  149
B 1174 7625   37  159
pull out 162
B 1184 7621 -103  169
B 1194 7604 -103  180
B 1204 7389 -103  187
B 1214 7403 -103  195
B 1224 7418 -103  202
B 1234 7474 -103  208
B 1244 7056 -103  212
B 1254 7174 -103  216
B 1264 7060 -103  216
B 1274 7183 -103  216
*** amax = 216  vhit = 104
B 1284 7106 -107  208
B 1294 7099 -107  196
B 1304 6785 -107  182
B 1314 6747 -107  166
B 1324 6814 -107  148
B 1334 6936 -107  130
B 1344 7101 -107  112
B 1354 7105 -107   92
B 1364 7274 -107   69
B 1374 7308 -107   48
B 1384 7315 -107   24
B 1394 7333 -107    0
push -12 -10
push out at target
B 1404 7347   82  -20
B 1414 7243   82  -31
B 1424 7208   82  -43
B 1434 7287   82  -52
B 1444 7343   82  -64
B 1454 6897   82  -76
B 1464 7138   82  -88
B 1474 7072   82  -97
B 1484 7211   66 -101
B 1494 7220   23 -101
B 1504 7310   10 -101
B 1514 7153   10  -96
B 1524 7044   10  -84
B 1534 7080   10  -74
B 1544 7594   10  -62
B 1554 7638   10  -50
B 1564 7643   10  -37
B 1574 7680   10  -24
B 1584 7681   10  -12
pb end 
B 1594 7684    0    0
B 1604 7684    0   12
B 1614 7687    0   21
B 1624 7689    0   29
B 1634 7724    0   35
B 1644 7725    0   38
B 1654 7725    0   40
B 1664 7725    0   41
B 1674 7727    0   41
B 1684 7730    0   41
B 1694 7727    0   41
B 1704 7727    0   41
B 1714 7727    0   41
B 1724 7728    0   41
B 1734 7728    0   41
B 1744 7728    0   40
B 1754 7728    0   36
B 1764 7728    0   34
B 1774 7730    0   32
B 1784 7725    0   29
B 1794 7728    0   27
B 1804 7728    0   25
B 1814 7728    0   23
B 1824 7728    0   20
B 1834 7728    0   18
SSS vs= 1.04  t=  224
%P VOLT1   = 7564
%P VOLT2   = 7975
%P S2_SC   =  1.04
%P L_ANG_MAX = 224
B 1845 7730   72   16
B 1855 7730   72   14
B 1865 7608   72   12
B 1875 7559   72   11
B 1886 7576   72   10
B 1896 7591   72   10
B 1906 7184   72   10
B 1916 7276   72   11
B 1927 7219   72   11
B 1937 7165   72   20
B 1947 7112   72   28
B 1959 7050   72   39
B 1970 7080   72   48
B 1980 7121   72   58
B 1990 7220   64   69
B 2000 7212   52   80
B 2011 7228   40   91
B 2021 7242   31  103
B 2031 7304   31  115
B 2041 7369   31  127
*** adj PULL_V2->30 
*** dt = 26 , A = 133 , rpm = 398 
B 2051 7390   31  138
B 2061 7402   31  149
B 2071 7584   31  159
pull out 160
B 2081 7621 -103  169
B 2091 7625 -103  180
B 2101 7422 -103  188
B 2111 7397 -103  196
B 2121 7431 -103  203
B 2131 7453 -103  211
B 2141 7041 -103  215
B 2151 7040 -103  219
B 2161 7092 -103  220
B 2171 7194 -103  220
*** amax = 220  vhit = 102
B 2181 7145 -105  215
B 2191 7095 -105  203
B 2201 6733 -105  189
B 2211 6797 -105  174
B 2221 6764 -105  156
B 2231 6960 -105  138
B 2241 6990 -105  120
B 2251 7105 -105  100
B 2261 7277 -105   80
B 2271 7271 -105   56
B 2281 7309 -105   34
B 2291 7325 -105   10
push -12 -10
push out at target
B 2301 7342   82  -14
B 2311 7349   82  -24
B 2321 7355   82  -36
B 2331 7261   82  -50
B 2341 7277   82  -65
B 2351 7252   82  -79
B 2361 7304   82  -93
B 2371 6988   82 -108
B 2381 7211   82 -121
B 2391 7098   82 -132
B 2402 7122   82 -134
B 2412 7118    5 -134
B 2422 7246   10 -134
B 2432 7205   10 -123
B 2442 7017   10 -111
B 2452 7045   10 -100
B 2462 7451   10  -88
B 2472 7636   10  -74
B 2482 7639   10  -62
B 2492 7677   10  -50
B 2502 7680   10  -38
pb end 
B 2512 7681    0  -27
B 2522 7681    0  -16
B 2532 7683    0   -8
B 2542 7684    0   -1
B 2552 7686    0    4
B 2562 7722    0    8
B 2572 7722    0   11
B 2582 7722    0   13
B 2592 7724    0   14
B 2602 7724    0   15
B 2612 7724    0   16
B 2622 7724    0   18
B 2632 7725    0   18
B 2642 7724    0   18
B 2652 7725    0   18
B 2662 7724    0   18
B 2672 7725    0   18
B 2682 7725    0   18
B 2692 7725    0   18
B 2702 7725    0   18
B 2712 7725    0   18
B 2722 7725    0   18
B 2732 7725    0   18
B 2742 7725    0   18
B 2752 7725    0   18
SSS vs= 1.04  t=  224
%P VOLT1   = 7564
%P VOLT2   = 7968
%P S2_SC   =  1.04
%P L_ANG_MAX = 224
B 2763 7725   72   17
B 2773 7725   72   17
B 2784 7602   72   16
B 2794 7568   72   15
B 2804 7578   72   15
B 2815 7233   72   15
B 2825 7207   72   15
B 2835 7239   72   16
B 2845 7197   72   17
B 2855 7182   72   26
B 2865 7016   72   34
B 2875 7039   72   43
B 2886 7060   72   52
B 2897 7069   70   63
B 2907 7210   60   72
B 2917 7210   48   83
B 2927 7267   36   95
B 2937 7285   31  106
B 2947 7340   31  117
B 2957 7339   31  129
*** adj PULL_V2->36 
*** dt = 29 , A = 133 , rpm = 381 
B 2967 7390   37  140
B 2977 7399   37  150
B 2987 7577   37  160
pull out 164
B 2997 7611 -103  171
B 3007 7615 -103  181
B 3017 7415 -103  191
B 3027 7354 -103  198
B 3037 7380 -103  204
B 3047 7435 -103  212
B 3057 6855 -103  217
B 3067 6876 -103  221
B 3077 7140 -103  223
B 3087 7118 -103  223
B 3097 7055 -103  223
*** amax = 223  vhit = 100
B 3107 7100 -103  211
B 3117 6972 -103  196
B 3127 7024 -103  182
B 3137 6775 -103  165
B 3147 6839 -103  146
B 3157 6877 -103  128
B 3167 7104 -103  109
B 3177 7213 -103   87
B 3187 7204 -103   66
B 3197 7312 -103   44
B 3207 7322 -103   19
B 3217 7337 -103   -4
push -12 -10
push out at target
B 3227 7349   82  -21
B 3237 7366   82  -32
B 3247 7304   82  -45
B 3257 7275   82  -60
B 3267 7352   82  -73
B 3277 7399   82  -88
B 3287 7157   82 -102
B 3297 7015   82 -117
B 3307 6911   82 -128
B 3317 7106   82 -132
B 3327 7168   23 -132
B 3337 7197   10 -132
B 3347 7181   10 -124
B 3357 7055   10 -111
B 3367 7101   10 -100
B 3377 7228   10  -87
B 3387 7595   10  -73
B 3397 7602   10  -60
B 3407 7673   10  -47
B 3417 7677   10  -33
pb end 
B 3427 7679    0  -20
B 3437 7679    0   -8
B 3447 7681    0    4
B 3457 7683    0   12
B 3467 7684    0   19
B 3477 7681    0   24
B 3487 7687    0   26
B 3497 7721    0   28
B 3507 7720    0   28
B 3517 7721    0   28
B 3527 7722    0   28
B 3537 7722    0   30
B 3547 7721    0   30
B 3557 7721    0   30
B 3567 7721    0   30
B 3577 7722    0   30
B 3587 7721    0   30
B 3597 7724    0   30
B 3607 7722    0   30
B 3617 7722    0   30
B 3627 7724    0   30
B 3637 7724    0   30
B 3647 7724    0   29
B 3657 7724    0   28
B 3667 7722    0   26
SSS vs= 1.04  t=  224
%P VOLT1   = 7564
%P VOLT2   = 7961
%P S2_SC   =  1.04
%P L_ANG_MAX = 224
B 3678 7727   72   24
B 3688 7724   72   23
B 3700 7626   72   21
B 3710 7557   72   19
B 3720 7568   72   18
B 3730 7564   72   18
B 3740 7568   72   18
B 3750 7173   72   18
B 3760 7206   72   18
B 3770 7174   72   23
B 3780 7097   72   32
B 3790 6984   72   40
B 3800 7017   72   48
B 3810 7036   72   57
B 3820 7178   66   67
B 3830 7175   55   77
B 3841 7219   43   88
B 3851 7304   31  100
B 3861 7340   31  110
B 3871 7335   31  121
*** adj PULL_V2->47 
*** dt = 38 , A = 132 , rpm = 348 
B 3881 7495   48  132
B 3891 7505   48  142
B 3901 7511   48  152
B 3911 7585   48  161
pull out 168
B 3921 7570 -103  171
B 3931 7598 -103  180
B 3941 7596 -103  188
B 3951 7472 -103  197
B 3961 7341 -103  204
B 3971 7357 -103  210
B 3981 7411 -103  216
B 3991 7461 -103  223
B 4001 7100 -103  227
B 4011 7058 -103  229
B 4021 7083 -103  229
B 4031 7176 -103  229
*** amax = 229  vhit = 98
B 4041 7141 -101  223
B 4051 7145 -101  210
B 4061 6827 -101  195
B 4071 6893 -101  179
B 4081 6817 -101  161
B 4091 6896 -101  143
B 4101 6919 -101  124
B 4111 7208 -101  104
B 4121 7276 -101   82
B 4131 7273 -101   60
B 4141 7350 -101   36
B 4151 7329 -101   12
push -12 -10
push out at target
B 4161 7346   82  -12
B 4171 7387   82  -24
B 4181 7359   82  -36
B 4191 7234   82  -50
B 4201 7328   82  -62
B 4211 7307   82  -76
B 4221 7355   82  -89
B 4231 7066   82 -103
B 4241 7145   82 -116
B 4251 7036   82 -121
B 4261 7185   32 -122
B 4271 7163    0 -122
B 4281 7319   10 -120
B 4291 7018   10 -108
B 4301 7012   10  -95
B 4311 7044   10  -84
B 4321 7554   10  -70
B 4331 7632   10  -57
B 4341 7636   10  -44
B 4351 7675   10  -30
B 4361 7676   10  -16
pb end 
B 4371 7677    0   -4
B 4381 7677    0    8
B 4391 7679    0   18
B 4401 7681    0   26
B 4411 7681    0   32
B 4421 7677    0   36
B 4431 7683    0   38
B 4441 7717    0   39
B 4451 7684    0   40
B 4461 7686    0   40
B 4471 7720    0   40
B 4481 7721    0   40
B 4491 7718    0   40
B 4501 7721    0   40
B 4511 7722    0   40
B 4521 7720    0   40
B 4531 7721    0   40
B 4541 7721    0   40
B 4551 7721    0   39
B 4561 7722    0   37
B 4571 7722    0   36
B 4581 7721    0   33
B 4591 7721    0   32
B 4601 7721    0   29
B 4611 7722    0   27
SSS vs= 1.04  t=  224
%P VOLT1   = 7564
%P VOLT2   = 7958
%P S2_SC   =  1.04
%P L_ANG_MAX = 224
B 4621 7722   72   24
B 4631 7724   72   23
B 4641 7722   72   20
B 4651 7668   72   18
B 4661 7563   72   16
B 4671 7562   72   14
B 4681 7584   72   12
B 4691 7205   72   12
B 4701 7167   72   12
B 4711 7206   72   13
B 4721 7205   72   16
B 4731 7189   72   24
B 4741 7034   72   32
B 4751 7009   72   41
B 4761 7042   72   50
B 4771 7122   72   59
B 4781 7186   64   69
B 4791 7175   52   79
B 4801 7256   40   90
B 4811 7228   31  101
B 4821 7282   31  113
B 4831 7308   31  124
*** adj PULL_V2->36 
*** dt = 28 , A = 134 , rpm = 381 
B 4841 7376   37  136
B 4851 7392   37  148
B 4861 7503   37  158
pull out 164
B 4871 7611 -103  169
B 4881 7611 -103  179
B 4891 7420 -103  188
B 4901 7358 -103  195
B 4911 7393 -103  203
B 4921 7449 -103  211
B 4931 6895 -103  216
B 4941 6896 -103  220
B 4951 7164 -103  220
B 4961 7129 -103  220
*** amax = 220  vhit = 102
B 4971 7083 -105  219
B 4981 7031 -105  206
B 4991 6836 -105  192
B 5001 6902 -105  175
B 5011 6753 -105  160
B 5021 6883 -105  141
B 5031 6921 -105  122
B 5041 7176 -105  104
B 5051 7242 -105   83
B 5061 7234 -105   60
B 5071 7308 -105   38
B 5081 7319 -105   15
B 5091 7335 -105  -10
push -11 -10
push out at target
B 5101 7345   82  -24
B 5111 7359   82  -34
B 5121 7272   82  -48
B 5131 7278   82  -63
B 5141 7285   82  -76
B 5151 7335   82  -90
B 5161 6911   82 -105
B 5171 7108   82 -118
B 5181 6999   82 -128
B 5191 7167   75 -132
B 5201 7162   23 -132
B 5211 7246   10 -132
B 5221 7095   10 -121
B 5231 7029   10 -108
B 5241 7068   10  -97
B 5251 7549   10  -84
B 5261 7593   10  -70
B 5271 7598   10  -57
B 5281 7670   10  -44
B 5291 7673   10  -31
pb end 
B 5301 7675    0  -18
B 5311 7676    0   -6
B 5321 7676    0    5
B 5331 7679    0   14
B 5341 7680    0   20
B 5351 7680    0   24
B 5361 7681    0   27
B 5371 7683    0   28
B 5381 7717    0   30
B 5391 7718    0   30
B 5401 7718    0   30
B 5411 7718    0   30
B 5421 7717    0   30
B 5431 7718    0   30
B 5441 7718    0   30
B 5451 7720    0   30
B 5461 7720    0   30
B 5471 7720    0   30
B 5481 7718    0   30
B 5491 7718    0   30
B 5501 7720    0   30
B 5511 7720    0   30
B 5521 7720    0   30
B 5531 7720    0   29
B 5541 7718    0   27
SSS vs= 1.04  t=  224
%P VOLT1   = 7564
%P VOLT2   = 7954
%P S2_SC   =  1.04
%P L_ANG_MAX = 224
B 5552 7721   72   25
B 5562 7721   72   23
B 5574 7596   72   21
B 5584 7553   72   20
B 5594 7577   72   18
B 5604 7208   72   18
B 5614 7186   72   19
B 5624 7198   72   19
B 5634 7153   72   19
B 5644 7132   72   26
B 5654 7034   72   34
B 5664 6962   72   42
B 5674 6992   72   51
B 5684 7072   72   60
B 5694 7179   64   69
B 5704 7171   52   79
B 5714 7214   41   90
B 5724 7234   31  100
B 5734 7279   31  112
B 5744 7325   31  123
*** adj PULL_V2->36 
*** dt = 30 , A = 132 , rpm = 381 
B 5754 7383   37  134
B 5764 7392   37  145
B 5774 7533   37  154
pull out 162
B 5784 7570 -103  164
B 5794 7571 -103  175
B 5804 7523 -103  185
B 5814 7332 -103  192
B 5824 7334 -103  199
B 5834 7420 -103  206
B 5844 6907 -103  212
B 5854 6945 -103  216
B 5864 7094 -103  219
B 5874 7228 -103  219
B 5884 7144 -103  219
*** amax = 219  vhit = 102
B 5894 7144 -105  210
B 5904 6819 -105  198
B 5914 6861 -105  184
B 5924 6788 -105  168
B 5934 6819 -105  150
B 5944 6863 -105  133
B 5954 6992 -105  114
B 5964 7238 -105   94
B 5974 7230 -105   73
B 5984 7263 -105   51
B 5994 7307 -105   28
B 6004 7321 -105    4
push -10 -10
push out at target
B 6014 7337   82  -17
B 6024 7339   82  -28
B 6034 7300   82  -40
B 6044 7230   82  -54
B 6054 7253   82  -68
B 6064 7302   82  -82
B 6074 7277   82  -96
B 6084 7126   82 -110
B 6094 7060   82 -123
B 6104 7097   82 -129
B 6114 7183   40 -130
B 6124 7158    0 -130
B 6134 7182   10 -127
B 6144 6915   10 -114
B 6154 6997   10 -100
B 6164 7034   10  -89
B 6174 7443   10  -75
B 6184 7449   10  -61
B 6194 7632   10  -48
B 6204 7670   10  -33
B 6214 7670   10  -20
pb end 
B 6224 7675    0   -6
B 6234 7676    0    6
B 6244 7675    0   17
B 6254 7677    0   25
B 6264 7679    0   31
B 6274 7680    0   34
B 6284 7680    0   37
B 6294 7680    0   38
B 6304 7680    0   39
B 6314 7681    0   39
B 6324 7681    0   39
B 6334 7680    0   40
B 6344 7681    0   40
B 6354 7716    0   40
B 6364 7717    0   40
B 6374 7718    0   40
B 6384 7718    0   40
B 6394 7718    0   40
B 6404 7718    0   40
B 6414 7718    0   40
B 6424 7717    0   39
B 6434 7717    0   37
B 6444 7717    0   35
B 6454 7717    0   32
B 6464 7718    0   30
B 6474 7717    0   28
SSS vs= 1.04  t=  224
%P VOLT1   = 7564
%P VOLT2   = 7951
%P S2_SC   =  1.04
%P L_ANG_MAX = 224
B 6484 7720   72   25
B 6494 7718   72   23
B 6504 7689   72   20
B 6514 7567   72   18
B 6524 7559   72   16
B 6534 7582   72   14
B 6544 7582   72   14
B 6554 7155   72   14
B 6564 7206   72   15
B 6574 7166   72   17
B 6584 7094   72   25
B 6594 6943   72   33
B 6604 6977   72   42
B 6614 7070   72   50
B 6624 7142   72   60
B 6634 7140   63   69
B 6644 7208   51   80
B 6654 7277   39   91
B 6664 7298   31  102
B 6674 7304   31  113
B 6684 7434   31  124
*** adj PULL_V2->42 
*** dt = 34 , A = 132 , rpm = 364 
B 6694 7454   43  135
B 6704 7429   43  146
B 6714 7539   43  156
B 6724 7535   43  165
pull out 166
B 6734 7600 -103  175
B 6744 7431 -103  184
B 6754 7354 -103  190
B 6764 7351 -103  198
B 6774 6802 -103  204
B 6784 6852 -103  209
B 6794 7017 -103  214
B 6804 7245 -103  215
B 6814 7127 -103  215
B 6824 7127 -103  215
*** amax = 215  vhit = 104
B 6834 7000 -107  204
B 6844 7008 -107  191
B 6854 6848 -107  176
B 6864 6739 -107  160
B 6874 6798 -107  142
B 6884 6907 -107  124
B 6894 7169 -107  106
B 6904 7167 -107   85
B 6914 7230 -107   64
B 6924 7300 -107   42
B 6934 7312 -107   18
B 6944 7328 -107   -5
push -11 -10
push out at target
B 6954 7342   82  -21
B 6964 7322   82  -32
B 6974 7281   82  -45
B 6984 7275   82  -60
B 6994 7315   82  -73
B 7004 7289   82  -87
B 7014 7013   82 -101
B 7024 7010   82 -116
B 7034 7081   82 -125
B 7044 7218   66 -129
B 7054 7173   23 -129
B 7064 7144   10 -129
B 7074 6884   10 -120
B 7084 6990   10 -106
B 7094 6980   10  -92
B 7104 7203   10  -80
B 7114 7224   10  -64
B 7124 7519   10  -49
B 7134 7631   10  -34
B 7144 7634   10  -20
pb end 
B 7154 7635    0   -5
B 7164 7672    0    8
B 7174 7673    0   20
B 7184 7672    0   29
B 7194 7675    0   36
B 7204 7677    0   40
B 7214 7677    0   43
B 7224 7680    0   44
B 7234 7679    0   45
B 7244 7679    0   45
B 7254 7679    0   46
B 7264 7679    0   48
B 7274 7677    0   48
B 7284 7680    0   48
B 7294 7680    0   48
B 7304 7681    0   48
B 7314 7680    0   48
B 7324 7679    0   48
B 7334 7681    0   48
B 7344 7717    0   48
B 7354 7717    0   48
B 7364 7681    0   46
B 7374 7680    0   44
B 7384 7680    0   42
B 7394 7716    0   40
B 7404 7718    0   37
*** 7410
SSS vs= 1.04  t=  229
%P VOLT1   = 7564
%P VOLT2   = 7961
%P S2_SC   =  1.04
%P L_ANG_MAX = 229
B   0 772   72    0
B  10 7724   72    0
B  20 7722   72    0
B  30 7722   72    0
B  40 7613   72    0
B  50 7574   72    0
B  60 7585   72    0
B  70 7604   72    0
B  80 7376   72    0
B  90 7317   72    2
B 100 7258   72   11
B 110 7210   72   20
B 120 7088   72   28
B 130 7121   72   38
B 140 7114   72   47
B 150 7122   72   56
B 160 7115   67   66
B 170 7213   57   76
B 180 7255   46   88
B 190 7277   35   99
B 200 7306   31  111
B 210 7340   31  122
B 220 7368   31  134
*** adj PULL_V2->36 
*** dt = 28 , A = 139 , rpm = 381 
B 230 7388   37  145
B 240 7536   37  156
B 250 7543   37  167
pull out 169
B 260 7577 -103  178
B 270 7555 -103  188
B 280 7376 -103  195
B 290 7372 -103  203
B 300 7422 -103  210
B 310 7475 -103  217
B 320 6873 -103  222
B 330 7194 -103  224
B 340 7078 -103  224
B 350 7107 -103  224
*** amax = 224  vhit = 102
B 360 7077 -105  217
B 370 7079 -105  204
B 380 6939 -105  190
B 390 6720 -105  173
B 400 6780 -105  156
B 410 6899 -105  137
B 420 7096 -105  118
B 430 7102 -105   98
B 440 7203 -105   77
B 450 7307 -105   54
B 460 7312 -105   31
B 470 7326 -105    8
push -11 -10
push out at target
B 480 7343   82  -16
B 490 7342   82  -27
B 500 7346   82  -39
B 510 7281   82  -53
B 520 7292   82  -67
B 530 7339   82  -81
B 540 6888   82  -95
B 550 6917   82 -110
B 560 7037   82 -123
B 570 7182   82 -130
B 580 7119   49 -132
B 590 7163    6 -132
B 600 7126   10 -129
B 610 7229   10 -117
B 620 7060   10 -108
B 630 7508   10  -94
B 640 7517   10  -81
B 650 7629   10  -68
B 660 7634   10  -56
B 670 7636   10  -44
B 680 7673   10  -32
pb end 
B 690 7675    0  -21
B 700 7677    0  -12
B 710 7677    0   -4
B 720 7677    0    3
B 730 7679    0    8
B 740 7680    0   11
B 750 7680    0   14
B 760 7680    0   16
B 770 7681    0   16
B 780 7680    0   17
B 790 7681    0   20
B 800 7681    0   20
B 810 7718    0   20
B 820 7716    0   20
B 830 7718    0   20
B 840 7681    0   20
B 850 7683    0   20
B 860 7718    0   20
B 870 7718    0   20
B 880 7717    0   20
B 890 7718    0   20
B 900 7718    0   20
B 910 7718    0   20
B 920 7718    0   20
B 930 7718    0   20
SSS vs= 1.04  t=  235
%P VOLT1   = 7564
%P VOLT2   = 7951
%P S2_SC   =  1.04
%P L_ANG_MAX = 235
B 940 7718   72   20
B 950 7718   72   19
B 960 7587   72   18
B 970 7557   72   17
B 980 7571   72   16
B 990 7215   72   16
B 1000 7194   72   17
B 1010 7248   72   17
B 1020 7210   72   17
B 1030 7182   72   24
B 1040 7002   72   33
B 1050 7021   72   41
B 1061 7049   72   51
B 1071 7099   72   60
B 1081 7176   64   70
B 1091 7175   53   80
B 1101 7257   44   90
B 1111 7232   33  102
B 1121 7283   31  112
B 1131 7322   31  124
B 1141 7343   31  135
*** adj PULL_V2->36 
*** dt = 35 , A = 137 , rpm = 381 
B 1151 7354   37  146
B 1161 7574   37  156
B 1171 7608   37  165
pull out 172
B 1181 7607 -103  176
B 1191 7608 -103  186
B 1201 7610 -103  194
B 1211 7420 -103  203
B 1221 7369 -103  208
B 1231 7401 -103  214
B 1241 7457 -103  220
B 1251 6902 -103  225
B 1261 7093 -103  228
B 1271 7023 -103  230
B 1281 7151 -103  230
B 1291 7168 -103  230
*** amax = 230  vhit = 102
B 1301 7148 -105  220
B 1311 6983 -105  205
B 1321 6820 -105  191
B 1331 6887 -105  174
B 1341 6832 -105  156
B 1351 6938 -105  138
B 1361 6955 -105  118
B 1371 7204 -105   98
B 1381 7273 -105   76
B 1391 7271 -105   53
B 1401 7317 -105   30
B 1411 7331 -105    7
push -10 -10
push out at target
B 1421 7346   82  -16
B 1431 7378   82  -28
B 1441 7304   82  -40
B 1451 7239   82  -53
B 1461 7349   82  -64
B 1471 7324   82  -77
B 1481 7364   82  -91
B 1491 7095   82 -104
B 1502 7178   82 -115
B 1512 7082   75 -119
B 1522 7172   23 -119
B 1532 7139   10 -119
B 1542 7166   10 -112
B 1552 6906   10  -98
B 1562 6975   10  -84
B 1572 7023   10  -73
B 1582 7115   10  -59
B 1592 7588   10  -44
B 1602 7594   10  -30
B 1612 7631   10  -16
B 1622 7635   10   -2
pb end 
B 1632 7635    0   10
B 1642 7673    0   22
B 1652 7675    0   30
B 1662 7675    0   36
B 1672 7676    0   41
B 1682 7675    0   44
B 1692 7677    0   45
B 1702 7677    0   45
B 1712 7680    0   45
B 1722 7679    0   45
B 1732 7681    0   46
B 1742 7680    0   46
B 1752 7677    0   46
B 1762 7680    0   46
B 1772 7679    0   46
B 1782 7679    0   46
B 1792 7680    0   46
B 1802 7679    0   44
B 1812 7680    0   42
B 1822 7681    0   40
B 1832 7680    0   39
B 1842 7680    0   37
B 1852 7683    0   35
B 1862 7714    0   32
B 1872 7717    0   30
SSS vs= 1.04  t=  235
%P VOLT1   = 7564
%P VOLT2   = 7944
%P S2_SC   =  1.04
%P L_ANG_MAX = 235
B 1882 7716   72   28
B 1892 7717   72   25
B 1902 7716   72   22
B 1912 7598   72   20
B 1922 7550   72   17
B 1932 7566   72   15
B 1942 7549   72   14
B 1952 7184   72   14
B 1962 7153   72   15
B 1972 7210   72   15
B 1982 7068   72   20
B 1992 7065   72   28
B 2002 6984   72   36
B 2012 7017   72   44
B 2022 7037   72   52
B 2032 7111   71   62
B 2042 7209   61   72
B 2052 7209   52   82
B 2062 7224   41   93
B 2072 7256   31  104
B 2082 7288   31  116
B 2092 7354   31  127
*** adj PULL_V2->36 
*** dt = 36 , A = 136 , rpm = 381 
B 2102 7374   37  138
B 2112 7388   37  149
B 2122 7501   37  159
B 2132 7569   37  169
pull out 174
B 2142 7570 -103  179
B 2152 7569 -103  188
B 2162 7482 -103  198
B 2172 7368 -103  203
B 2182 7349 -103  211
B 2192 7434 -103  218
B 2202 7488 -103  224
B 2212 7025 -103  228
B 2222 7152 -103  230
B 2232 7039 -103  230
B 2242 7177 -103  230
*** amax = 230  vhit = 102
B 2252 7147 -105  223
B 2262 7153 -105  208
B 2272 6840 -105  194
B 2282 6762 -105  178
B 2292 6818 -105  160
B 2302 6930 -105  142
B 2312 7058 -105  123
B 2322 7063 -105  102
B 2332 7235 -105   81
B 2342 7270 -105   59
B 2352 7278 -105   34
B 2362 7328 -105   12
push -10 -10
push out at target
B 2372 7342   82  -12
B 2382 7347   82  -24
B 2392 7353   82  -35
B 2402 7242   82  -48
B 2412 7267   82  -60
B 2422 7347   82  -73
B 2432 7106   82  -86
B 2442 7127   82 -100
B 2452 7138   82 -112
B 2462 7143   82 -118
B 2472 7081   40 -118
B 2482 7180   10 -119
B 2492 7259   10 -116
B 2502 7340   10 -105
B 2512 6990   10  -94
B 2522 7187   10  -83
B 2532 7198   10  -70
B 2542 7628   10  -58
B 2552 7631   10  -46
B 2562 7632   10  -34
pb end 
B 2572 7669    0  -22
B 2582 7669    0  -10
B 2592 7672    0    0
B 2602 7673    0    9
B 2612 7673    0   16
B 2622 7676    0   20
B 2632 7677    0   24
B 2642 7676    0   25
B 2652 7676    0   26
B 2662 7677    0   27
B 2672 7677    0   27
B 2682 7679    0   27
B 2692 7677    0   27
B 2702 7677    0   27
B 2712 7679    0   27
B 2722 7677    0   27
B 2732 7677    0   26
B 2742 7680    0   26
B 2752 7677    0   26
B 2762 7679    0   26
B 2772 7679    0   26
B 2782 7679    0   26
B 2792 7679    0   24
B 2802 7679    0   23
B 2812 7680    0   21
SSS vs= 1.04  t=  235
%P VOLT1   = 7505
%P VOLT2   = 7940
%P S2_SC   =  1.04
%P L_ANG_MAX = 235
B 2823 7680   72   20
B 2834 7679   72   18
B 2844 7625   72   16
B 2854 7562   72   15
B 2864 7560   72   14
B 2874 7580   72   13
B 2884 7551   72   14
B 2894 7270   72   14
B 2904 7224   72   14
B 2914 7150   72   18
B 2924 7035   72   26
B 2935 7057   72   36
B 2945 7015   72   44
B 2956 7070   72   54
B 2966 7070   70   64
B 2976 7138   60   74
B 2987 7210   50   85
B 2997 7219   38   96
B 3007 7288   31  107
B 3017 7269   31  119
B 3027 7295   31  130
*** adj PULL_V2->36 
*** dt = 35 , A = 137 , rpm = 381 
B 3037 7346   37  141
B 3047 7567   37  152
B 3057 7573   37  161
B 3067 7533   37  171
pull out 172
B 3077 7570 -104  182
B 3087 7570 -104  191
B 3097 7506 -104  200
B 3107 7329 -104  206
B 3117 7337 -104  212
B 3127 7418 -104  218
B 3137 6834 -104  224
B 3147 6872 -104  228
B 3157 7030 -104  230
B 3167 7180 -104  231
B 3177 7088 -104  231
*** amax = 231  vhit = 102
B 3187 7123 -106  226
B 3197 7046 -106  212
B 3207 7081 -106  198
B 3217 6893 -106  183
B 3227 6776 -106  166
B 3237 6818 -106  148
B 3247 6913 -106  129
B 3257 7172 -106  108
B 3267 7163 -106   88
B 3277 7232 -106   66
B 3287 7308 -106   43
B 3297 7322 -106   20
B 3307 7339 -106   -4
push -10 -10
push out at target
B 3317 7347   83  -21
B 3327 7331   83  -32
B 3337 7236   83  -44
B 3347 7284   83  -56
B 3357 7327   83  -68
B 3367 7373   83  -81
B 3377 6983   83  -94
B 3387 6951   83 -105
B 3397 7061   83 -112
B 3407 7164   50 -114
B 3417 7131    6 -114
B 3427 7270   10 -113
B 3437 6990   10 -101
B 3447 7087   10  -88
B 3457 6987   10  -77
B 3467 7361   10  -64
B 3477 7374   10  -49
B 3487 7591   10  -36
B 3497 7631   10  -21
B 3507 7632   10   -8
pb end 
B 3517 7632    0    5
B 3527 7669    0   17
B 3537 7670    0   27
B 3547 7672    0   35
B 3557 7673    0   40
B 3567 7673    0   44
B 3577 7675    0   45
B 3587 7675    0   46
B 3597 7675    0   47
B 3607 7676    0   47
B 3617 7676    0   47
B 3627 7676    0   47
B 3637 7675    0   47
B 3647 7675    0   47
B 3657 7676    0   47
B 3667 7676    0   47
B 3677 7677    0   47
B 3687 7676    0   46
B 3697 7677    0   44
B 3707 7679    0   42
B 3717 7676    0   40
B 3727 7677    0   38
B 3737 7680    0   36
B 3747 7677    0   34
B 3757 7677    0   32
SSS vs= 1.04  t=  235
%P VOLT1   = 7505
%P VOLT2   = 7940
%P S2_SC   =  1.04
%P L_ANG_MAX = 235
B 3768 7677   72   29
B 3779 7679   72   26
B 3789 7679   72   23
B 3799 7600   72   20
B 3809 7518   72   18
B 3819 7522   72   16
B 3829 7543   72   14
B 3839 7191   72   14
B 3849 7156   72   14
B 3859 7208   72   15
B 3869 7176   72   16
B 3879 7169   72   24
B 3889 6979   72   32
B 3899 7012   72   40
B 3909 7035   72   48
B 3919 7073   72   57
B 3929 7138   66   67
B 3939 7134   56   77
B 3949 7252   46   88
B 3959 7235   35   99
B 3969 7273   31  110
B 3979 7267   31  121
B 3989 7362   31  132
*** adj PULL_V2->42 
*** dt = 39 , A = 137 , rpm = 364 
B 3999 7379   43  144
B 4009 7497   43  154
B 4019 7526   43  164
B 4029 7522   43  174
pull out 177
B 4039 7594 -104  184
B 4049 7514 -104  193
B 4059 7345 -104  202
B 4069 7335 -104  208
B 4079 7343 -104  215
B 4089 7395 -104  222
B 4099 6939 -104  227
B 4109 7102 -104  230
B 4119 7008 -104  231
B 4129 7163 -104  231
*** amax = 231  vhit = 102
B 4139 7161 -106  228
B 4149 7150 -106  216
B 4159 6892 -106  202
B 4169 6774 -106  186
B 4179 6834 -106  170
B 4189 6846 -106  152
B 4199 6982 -106  133
B 4209 6989 -106  114
B 4219 7200 -106   93
B 4229 7268 -106   71
B 4239 7270 -106   48
B 4249 7318 -106   25
B 4259 7299 -106    0
push -11 -10
push out at target
B 4269 7312   83  -19
B 4279 7342   83  -29
B 4289 7251   83  -41
B 4299 7236   83  -54
B 4309 7349   83  -64
B 4319 7291   83  -78
B 4329 7331   83  -90
B 4339 7112   83 -102
B 4349 7157   83 -112
B 4359 7074   76 -114
B 4369 7142    6 -114
B 4379 7261   10 -113
B 4389 7364   10 -105
B 4399 7017   10  -94
B 4409 7005   10  -84
B 4419 7015   10  -72
B 4429 7624   10  -60
B 4439 7628   10  -49
B 4449 7629   10  -37
B 4459 7632   10  -26
B 4469 7667   10  -15
pb end 
B 4479 7669    0   -5
B 4489 7669    0    4
B 4499 7670    0   10
B 4509 7672    0   15
B 4519 7675    0   18
B 4529 7675    0   20
B 4539 7673    0   22
B 4549 7675    0   23
B 4559 7675    0   23
B 4569 7675    0   24
B 4579 7673    0   25
B 4589 7675    0   25
B 4599 7675    0   25
B 4609 7675    0   25
B 4619 7676    0   25
B 4629 7676    0   25
B 4639 7675    0   25
B 4649 7677    0   24
B 4659 7677    0   24
B 4669 7676    0   24
B 4679 7677    0   24
B 4689 7677    0   23
B 4699 7676    0   21
B 4709 7676    0   20
SSS vs= 1.04  t=  235
%P VOLT1   = 7505
%P VOLT2   = 7937
%P S2_SC   =  1.04
%P L_ANG_MAX = 235
B 4719 7677   72   18
B 4729 7676   72   16
B 4739 7550   72   15
B 4750 7521   72   13
B 4760 7541   72   13
B 4771 7200   72   13
B 4782 7166   72   13
B 4792 7178   72   14
B 4802 7140   72   15
B 4814 7097   72   24
B 4824 7117   72   33
B 4834 7044   72   41
B 4844 7069   72   50
B 4854 7073   72   60
B 4864 7175   65   68
B 4874 7203   57   78
B 4884 7203   46   88
B 4894 7253   35  100
B 4904 7245   31  110
B 4914 7278   31  122
B 4924 7301   31  133
*** adj PULL_V2->36 
*** dt = 35 , A = 137 , rpm = 381 
B 4934 7528   37  144
B 4944 7532   37  153
B 4954 7567   37  163
pull out 172
B 4964 7601 -104  173
B 4974 7603 -104  183
B 4984 7569 -104  191
B 4994 7569 -104  200
B 5004 7518 -104  207
B 5014 7397 -104  214
B 5024 7360 -104  219
B 5034 7401 -104  226
B 5044 6881 -104  232
B 5054 7092 -104  236
B 5064 7071 -104  238
*** amax = 239  vhit = 98
B 5074 7219 -102  238
B 5084 7197 -102  238
B 5094 7159 -102  234
B 5104 7009 -102  222
B 5114 6826 -102  208
B 5124 6883 -102  192
B 5134 6804 -102  176
B 5144 6890 -102  158
B 5154 6914 -102  139
B 5164 7169 -102  120
B 5174 7238 -102   98
B 5184 7234 -102   76
B 5194 7309 -102   54
B 5204 7319 -102   29
B 5214 7333 -102    6
push -11 -10
push out at target
B 5224 7347   83  -16
B 5234 7387   83  -27
B 5244 7339   83  -39
B 5254 7315   83  -53
B 5264 7260   83  -68
B 5274 7295   83  -82
B 5284 7165   83  -98
B 5294 6886   83 -114
B 5304 6881   83 -129
B 5314 7109   83 -141
B 5324 7129   83 -146
B 5334 7093   32 -147
B 5344 7046    0 -146
B 5354 6804   10 -141
B 5364 6864   10 -128
B 5374 6885   10 -114
B 5384 6958   10 -102
B 5394 6993   10  -88
B 5404 7540   10  -74
B 5414 7584   10  -60
B 5424 7588   10  -45
B 5434 7625   10  -32
B 5444 7628   10  -18
pb end 
B 5454 7631    0   -5
B 5464 7631    0    6
B 5474 7665    0   15
B 5484 7670    0   21
B 5494 7670    0   26
B 5504 7672    0   29
B 5514 7672    0   31
B 5524 7672    0   32
B 5534 7672    0   32
B 5544 7673    0   35
B 5554 7673    0   35
B 5564 7673    0   35
B 5574 7672    0   35
B 5584 7673    0   35
B 5594 7675    0   35
B 5604 7673    0   35
B 5614 7675    0   35
B 5624 7676    0   35
B 5634 7673    0   35
B 5644 7675    0   35
B 5654 7676    0   35
B 5664 7675    0   35
B 5674 7676    0   35
B 5684 7673    0   33
SSS vs= 1.04  t=  235
%P VOLT1   = 7505
%P VOLT2   = 7930
%P S2_SC   =  1.04
%P L_ANG_MAX = 235
B 5694 7675   73   31
B 5704 7675   73   29
B 5714 7675   73   27
B 5724 7624   73   24
B 5734 7526   73   23
B 5744 7522   73   21
B 5754 7544   73   20
B 5764 7167   73   20
B 5774 7201   73   20
B 5784 7144   73   21
B 5794 7071   73   23
B 5804 6952   73   31
B 5814 6973   73   39
B 5824 6964   73   47
B 5834 7059   73   56
B 5844 7066   70   64
B 5854 7134   60   74
B 5865 7199   49   86
B 5875 7217   38   96
B 5885 7242   31  108
B 5895 7263   31  120
B 5905 7292   31  130
*** adj PULL_V2->41 
*** dt = 39 , A = 137 , rpm = 365 
B 5915 7379   42  141
B 5925 7529   42  152
B 5935 7533   42  160
B 5945 7562   42  171
pull out 176
B 5955 7560 -104  180
B 5965 7559 -104  190
B 5975 7552 -104  198
B 5985 7346 -104  206
B 5995 7337 -104  211
B 6005 7377 -104  217
B 6015 6826 -104  223
B 6025 6868 -104  227
B 6035 7150 -104  230
B 6045 7175 -104  231
B 6055 7074 -104  231
*** amax = 231  vhit = 102
B 6065 7165 -106  229
B 6075 7083 -106  216
B 6085 7107 -106  203
B 6095 6771 -106  188
B 6105 6797 -106  171
B 6115 6846 -106  154
B 6125 6982 -106  136
B 6135 7133 -106  116
B 6145 7131 -106   96
B 6155 7267 -106   75
B 6165 7304 -106   52
B 6175 7314 -106   29
B 6185 7292 -106    5
push -12 -10
push out at target
B 6195 7343   83  -17
B 6205 7343   83  -28
B 6215 7248   83  -40
B 6225 7267   83  -53
B 6235 7309   83  -64
B 6245 7287   83  -76
B 6255 6864   83  -89
B 6265 6864   83 -101
B 6275 7164   83 -109
B 6285 7156   58 -112
B 6296 7112   15 -112
B 6306 7147   10 -112
B 6316 6984   10 -104
B 6326 7100   10  -90
B 6336 7012   10  -78
B 6346 7285   10  -67
B 6356 7295   10  -53
B 6366 7585   10  -40
B 6376 7626   10  -26
B 6386 7626   10  -12
pb end 
B 6396 7629    0    0
B 6406 7629    0   12
B 6416 7631    0   23
B 6426 7667    0   31
B 6436 7669    0   37
B 6446 7669    0   41
B 6456 7672    0   44
B 6466 7672    0   45
B 6476 7670    0   45
B 6486 7673    0   45
B 6496 7672    0   45
B 6506 7672    0   45
B 6516 7673    0   45
B 6526 7672    0   45
B 6536 7673    0   45
B 6546 7673    0   45
B 6556 7673    0   45
B 6566 7673    0   45
B 6576 7673    0   43
B 6586 7673    0   40
B 6596 7675    0   38
B 6606 7673    0   36
B 6616 7673    0   33
B 6626 7676    0   31
B 6636 7673    0   28
SSS vs= 1.04  t=  235
%P VOLT1   = 7505
%P VOLT2   = 7930
%P S2_SC   =  1.04
%P L_ANG_MAX = 235
B 6646 7675   73   26
B 6656 7675   73   24
B 6666 7675   73   21
B 6676 7653   73   19
B 6686 7526   73   16
B 6696 7508   73   14
B 6706 7521   73   12
B 6716 7516   73   12
B 6726 7182   73   12
B 6736 7231   73   13
B 6746 7190   73   14
B 6756 7140   73   22
B 6766 7006   73   30
B 6776 7030   73   38
B 6786 7022   73   47
B 6796 7033   73   56
B 6806 7033   69   66
B 6816 7167   59   76
B 6826 7212   49   86
B 6836 7223   38   97
B 6846 7231   31  108
B 6856 7288   31  120
B 6866 7321   31  131
*** adj PULL_V2->36 
*** dt = 35 , A = 137 , rpm = 381 
B 6876 7372   37  142
B 6886 7488   37  152
B 6896 7492   37  163
B 6906 7563   37  172
pull out 173
B 6916 7562 -104  183
B 6926 7565 -104  192
B 6936 7374 -104  200
B 6946 7334 -104  206
B 6956 7369 -104  213
B 6966 7418 -104  220
B 6976 6893 -104  224
B 6986 6903 -104  228
B 6996 7147 -104  229
B 7006 7151 -104  229
*** amax = 229  vhit = 103
B 7016 7105 -107  228
B 7026 7130 -107  217
B 7036 6970 -107  203
B 7046 7020 -107  188
B 7056 6756 -107  171
B 7066 6842 -107  154
B 7076 6871 -107  136
B 7086 7063 -107  116
B 7096 7204 -107   96
B 7106 7197 -107   75
B 7116 7270 -107   52
B 7126 7317 -107   29
B 7136 7329 -107    5
push -10 -10
push out at target
B 7146 7343   83  -16
B 7156 7340   83  -26
B 7166 7247   83  -38
B 7176 7242   83  -50
B 7186 7316   83  -61
B 7196 7357   83  -74
B 7206 6902   83  -88
B 7216 7047   83 -100
B 7226 6967   83 -109
B 7236 7133   67 -113
B 7247 7158   23 -113
B 7257 7251   10 -113
B 7267 7217   10 -106
B 7277 7067   10  -94
B 7287 7101   10  -84
B 7297 7505   10  -72
B 7307 7584   10  -60
B 7317 7588   10  -47
B 7327 7626   10  -34
B 7337 7628   10  -21
pb end 
B 7347 7629    0   -9
B 7357 7629    0    2
B 7367 7632    0   12
B 7377 7632    0   20
B 7387 7634    0   26
B 7397 7670    0   30
B 7407 7670    0   32
B 7417 7670    0   34
B 7427 7675    0   34
B 7437 7670    0   34
B 7447 7672    0   34
B 7457 7672    0   34
B 7467 7676    0   34
B 7477 7672    0   34
B 7487 7672    0   34
B 7497 7672    0   34
B 7507 7673    0   34
B 7517 7673    0   34
B 7527 7673    0   32
B 7537 7673    0   31
B 7547 7672    0   29
B 7557 7673    0   28
B 7567 7675    0   26
B 7577 7673    0   24
B 7587 7675    0   22
*** 7599
SSS vs= 1.04  t=  235
%P VOLT1   = 7505
%P VOLT2   = 7940
%P S2_SC   =  1.04
%P L_ANG_MAX = 235
B   0 767   72    3
B  10 7679   72    3
B  20 7680   72    3
B  30 7561   72    3
B  40 7571   72    3
B  50 7584   72    3
B  60 7564   72    3
B  70 7263   72    3
B  80 7237   72    4
B  90 7287   72    9
B 100 7159   72   17
B 110 7147   72   25
B 120 7150   72   35
B 130 7053   72   44
B 140 7064   72   53
B 150 7144   71   63
B 160 7219   60   73
B 171 7232   50   84
B 182 7252   38   97
B 192 7320   31  108
B 202 7340   31  120
B 212 7298   31  130
*** adj PULL_V2->41 
*** dt = 38 , A = 138 , rpm = 365 
B 222 7491   42  141
B 232 7498   42  152
B 242 7538   42  162
B 252 7576   42  172
pull out 176
B 262 7570 -104  181
B 272 7598 -104  190
B 282 7418 -104  198
B 292 7368 -104  204
B 302 7400 -104  211
B 312 7128 -104  216
B 322 7176 -104  221
B 332 6947 -104  224
B 342 7205 -104  226
B 352 7097 -104  226
B 362 7104 -104  226
*** amax = 226  vhit = 104
B 372 7077 -108  215
B 382 7093 -108  202
B 392 6964 -108  187
B 402 6748 -108  170
B 412 6801 -108  152
B 422 6874 -108  134
B 432 7105 -108  116
B 442 7101 -108   94
B 452 7197 -108   74
B 462 7270 -108   50
B 472 7277 -108   28
B 482 7328 -108    4
push -12 -10
push out at target
B 492 7343   83  -17
B 502 7342   83  -28
B 512 7300   83  -39
B 522 7298   83  -54
B 532 7246   83  -69
B 542 7250   83  -84
B 552 7123   83 -100
B 562 7173   83 -116
B 573 7167   83 -133
B 583 7103   83 -147
B 594 7110   83 -156
B 604 7062   59 -156
B 614 7082   10 -156
B 624 7030   10 -152
B 634 7138   10 -140
B 644 6976   10 -128
B 654 7036   10 -117
B 664 7048   10 -104
B 674 7620   10  -91
B 684 7626   10  -78
B 694 7628   10  -66
pb end 
B 704 7629    0  -54
B 714 7631    0  -42
B 724 7632    0  -32
B 734 7669    0  -22
B 744 7670    0  -13
B 754 7672    0   -7
B 764 7670    0   -2
B 774 7672    0    3
B 784 7673    0    6
B 794 7673    0    8
B 804 7675    0   11
B 814 7673    0   12
B 824 7675    0   14
B 834 7675    0   16
B 844 7673    0   16
B 854 7675    0   16
B 864 7673    0   16
B 874 7675    0   16
B 884 7675    0   16
B 894 7675    0   16
B 904 7676    0   16
B 914 7675    0   16
B 924 7675    0   16
B 934 7675    0   16
B 944 7675    0   16
B 954 7675    0   16
SSS vs= 1.04  t=  241
%P VOLT1   = 7505
%P VOLT2   = 7930
%P S2_SC   =  1.04
%P L_ANG_MAX = 241
B 964 7676   73   16
B 974 7675   73   16
B 984 7554   73   16
B 994 7516   73   16
B 1004 7522   73   16
B 1014 7480   73   16
B 1024 7456   73   16
B 1034 7217   73   16
B 1044 7149   73   22
B 1054 7140   73   30
B 1064 6975   73   37
B 1074 6997   73   45
B 1084 7012   73   53
B 1094 7053   72   62
B 1104 7126   64   72
B 1114 7127   53   81
B 1124 7173   42   92
B 1134 7234   31  103
B 1144 7277   31  114
B 1154 7278   31  125
B 1164 7374   31  136
*** adj PULL_V2->42 
*** dt = 46 , A = 136 , rpm = 364 
B 1174 7382   43  146
B 1184 7565   43  156
B 1194 7566   43  166
B 1204 7559   43  176
pull out 182
B 1214 7557 -104  186
B 1224 7594 -104  194
B 1234 7592 -104  202
B 1244 7555 -104  211
B 1254 7402 -104  219
B 1264 7359 -104  224
B 1274 7387 -104  231
B 1284 7432 -104  238
B 1294 7469 -104  243
B 1304 7159 -104  247
B 1314 7186 -104  248
B 1324 7084 -104  248
B 1334 7214 -104  248
*** amax = 248  vhit = 97
B 1344 7124 -101  236
B 1354 7136 -101  223
B 1364 6791 -101  208
B 1374 6781 -101  192
B 1384 6835 -101  175
B 1394 6979 -101  156
B 1404 7098 -101  137
B 1414 7101 -101  117
B 1424 7273 -101   95
B 1434 7307 -101   72
B 1444 7314 -101   49
B 1454 7329 -101   25
B 1464 7310 -101    1
push -12 -10
push out at target
B 1474 7320   83  -19
B 1484 7378   83  -29
B 1494 7328   83  -41
B 1504 7248   83  -56
B 1514 7316   83  -70
B 1524 7286   83  -84
B 1534 7331   83 -100
B 1544 6972   83 -114
B 1554 7105   83 -128
B 1564 7005   83 -137
B 1574 7117   67 -140
B 1584 7116   15 -140
B 1594 7232   10 -140
B 1604 7006   10 -130
B 1614 6963   10 -119
B 1624 6989   10 -109
B 1634 7542   10  -97
B 1644 7583   10  -85
B 1654 7587   10  -74
B 1664 7626   10  -62
B 1674 7626   10  -52
pb end 
B 1684 7629    0  -40
B 1694 7666    0  -29
B 1704 7669    0  -19
B 1714 7667    0  -10
B 1724 7670    0   -2
B 1734 7669    0    3
B 1744 7670    0    8
B 1754 7670    0   10
B 1764 7669    0   12
B 1774 7672    0   14
B 1784 7670    0   14
B 1794 7670    0   15
B 1804 7672    0   15
B 1814 7670    0   16
B 1824 7673    0   16
B 1834 7672    0   16
B 1844 7670    0   16
B 1854 7673    0   16
B 1864 7672    0   16
B 1874 7672    0   16
B 1884 7673    0   16
B 1894 7672    0   16
B 1904 7672    0   16
B 1914 7673    0   16
B 1924 7673    0   16
SSS vs= 1.04  t=  236
%P VOLT1   = 7505
%P VOLT2   = 7923
%P S2_SC   =  1.04
%P L_ANG_MAX = 236
B 1934 7673   73   16
B 1944 7673   73   16
B 1954 7672   73   15
B 1964 7675   73   14
B 1974 7554   73   13
B 1984 7518   73   12
B 1994 7529   73   12
B 2004 7539   73   12
B 2014 7512   73   12
B 2024 7222   73   13
B 2034 7146   73   16
B 2044 7138   73   24
B 2054 7021   73   32
B 2064 7009   73   41
B 2074 7028   73   49
B 2084 7067   73   59
B 2094 7169   66   68
B 2104 7165   54   79
B 2114 7178   41   90
B 2124 7231   31  100
B 2134 7277   31  112
B 2144 7319   31  124
B 2154 7374   31  134
*** adj PULL_V2->41 
*** dt = 42 , A = 135 , rpm = 365 
B 2164 7383   42  145
B 2174 7565   42  154
B 2184 7566   42  164
B 2194 7559   42  174
pull out 176
B 2204 7557 -104  184
B 2214 7593 -104  194
B 2224 7450 -104  202
B 2234 7329 -104  207
B 2244 7346 -104  214
B 2254 7395 -104  220
B 2264 6840 -104  226
B 2274 7050 -104  229
B 2284 7020 -104  232
B 2294 7171 -104  232
B 2304 7160 -104  232
*** amax = 232  vhit = 102
B 2314 7128 -106  226
B 2324 7020 -106  212
B 2334 6844 -106  198
B 2344 6903 -106  182
B 2354 6782 -106  165
B 2364 6897 -106  148
B 2374 6918 -106  129
B 2384 7172 -106  109
B 2394 7238 -106   88
B 2404 7231 -106   66
B 2414 7308 -106   43
B 2424 7318 -106   20
B 2434 7335 -106   -4
push -10 -10
push out at target
B 2444 7346   83  -20
B 2454 7307   83  -32
B 2464 7198   83  -44
B 2474 7288   83  -54
B 2484 7296   83  -65
B 2494 7341   83  -78
B 2504 7014   83  -90
B 2514 7158   83 -100
B 2524 7062   76 -106
B 2534 7173   41 -108
B 2544 7173    6 -108
B 2554 7288   10 -106
B 2564 7011   10  -94
B 2574 6969   10  -82
B 2584 6995   10  -72
B 2594 7471   10  -58
B 2604 7621   10  -45
B 2614 7624   10  -32
B 2624 7624   10  -18
B 2634 7626   10   -5
pb end 
B 2644 7628    0    7
B 2654 7628    0   17
B 2664 7631    0   26
B 2674 7631    0   33
B 2684 7667    0   37
B 2694 7667    0   40
B 2704 7667    0   42
B 2714 7670    0   43
B 2724 7670    0   43
B 2734 7670    0   43
B 2744 7670    0   44
B 2754 7672    0   44
B 2764 7670    0   44
B 2774 7670    0   44
B 2784 7670    0   44
B 2794 7670    0   44
B 2804 7672    0   44
B 2814 7670    0   42
B 2824 7670    0   40
B 2834 7672    0   37
B 2844 7672    0   35
B 2854 7672    0   32
B 2864 7672    0   30
B 2874 7673    0   27
B 2884 7670    0   24
SSS vs= 1.04  t=  236
%P VOLT1   = 7505
%P VOLT2   = 7926
%P S2_SC   =  1.04
%P L_ANG_MAX = 236
B 2894 7672   73   22
B 2904 7672   73   20
B 2914 7672   73   17
B 2924 7593   73   15
B 2934 7516   73   12
B 2944 7515   73   11
B 2954 7527   73   10
B 2964 7132   73   10
B 2974 7114   73   10
B 2984 7217   73   11
B 2994 7152   73   15
B 3004 7144   73   23
B 3014 7016   73   32
B 3024 6976   73   40
B 3034 6999   73   49
B 3044 7108   73   58
B 3054 7142   65   68
B 3064 7135   54   78
B 3074 7183   41   90
B 3084 7237   31  101
B 3094 7279   31  112
B 3104 7308   31  124
*** adj PULL_V2->36 
*** dt = 40 , A = 132 , rpm = 381 
B 3114 7369   37  134
B 3124 7380   37  145
B 3134 7529   37  156
B 3144 7563   37  166
pull out 174
B 3154 7556 -104  176
B 3164 7562 -104  185
B 3174 7515 -104  195
B 3184 7351 -104  202
B 3194 7339 -104  208
B 3204 7379 -104  214
B 3214 7423 -104  220
B 3224 6969 -104  224
B 3234 7146 -104  228
B 3244 7065 -104  228
B 3254 7145 -104  228
*** amax = 228  vhit = 104
B 3264 7173 -108  224
B 3274 7166 -108  214
B 3284 6875 -108  200
B 3294 6784 -108  184
B 3304 6840 -108  168
B 3314 6887 -108  150
B 3324 6985 -108  132
B 3334 6996 -108  112
B 3344 7238 -108   92
B 3354 7271 -108   70
B 3364 7273 -108   48
B 3374 7281 -108   25
B 3384 7298 -108    1
push -11 -10
push out at target
B 3394 7310   83  -18
B 3404 7335   83  -28
B 3414 7220   83  -40
B 3424 7213   83  -52
B 3434 7320   83  -64
B 3444 7259   83  -76
B 3454 7294   83  -89
B 3464 7145   83 -101
B 3474 7170   83 -109
B 3484 7093   58 -112
B 3494 7194   15 -112
B 3504 7224   10 -112
B 3514 7313   10 -104
B 3524 7009   10  -92
B 3534 7034   10  -81
B 3544 7043   10  -70
B 3554 7584   10  -58
B 3564 7622   10  -45
B 3574 7624   10  -34
B 3584 7626   10  -22
B 3594 7628   10  -10
pb end 
B 3604 7628    0    0
B 3614 7665    0   10
B 3624 7665    0   17
B 3634 7665    0   22
B 3644 7667    0   26
B 3654 7667    0   28
B 3664 7667    0   30
B 3674 7670    0   30
B 3684 7667    0   30
B 3694 7669    0   30
B 3704 7669    0   31
B 3714 7669    0   31
B 3724 7669    0   31
B 3734 7666    0   31
B 3744 7669    0   31
B 3754 7670    0   31
B 3764 7669    0   30
B 3774 7670    0   30
B 3784 7670    0   29
B 3794 7669    0   28
B 3804 7669    0   26
B 3814 7670    0   24
B 3824 7669    0   22
B 3834 7673    0   20
SSS vs= 1.04  t=  236
%P VOLT1   = 7505
%P VOLT2   = 7923
%P S2_SC   =  1.04
%P L_ANG_MAX = 236
B 3844 7672   73   18
B 3854 7673   73   16
B 3864 7546   73   14
B 3874 7513   73   13
B 3884 7529   73   12
B 3894 7513   73   12
B 3905 7494   73   12
B 3916 7221   73   12
B 3926 7152   73   13
B 3936 7140   73   21
B 3946 7081   73   29
B 3956 7004   73   38
B 3966 7028   73   46
B 3976 7037   73   56
B 3986 7142   69   64
B 3996 7134   57   75
B 4006 7210   46   86
B 4016 7213   33   97
B 4026 7272   31  108
B 4036 7310   31  120
B 4046 7297   31  130
*** adj PULL_V2->41 
*** dt = 44 , A = 132 , rpm = 365 
B 4056 7309   42  141
B 4066 7528   42  150
B 4076 7525   42  160
B 4086 7519   42  171
pull out 176
B 4096 7552 -104  180
B 4106 7555 -104  190
B 4116 7555 -104  198
B 4126 7552 -104  206
B 4136 7383 -104  214
B 4146 7357 -104  219
B 4156 7388 -104  227
B 4166 7429 -104  233
B 4176 7475 -104  238
B 4186 7112 -104  242
B 4196 7182 -104  242
B 4206 7093 -104  242
B 4216 7187 -104  242
*** amax = 242  vhit = 97
B 4226 7100 -101  230
B 4236 7117 -101  216
B 4246 6810 -101  200
B 4256 6760 -101  184
B 4266 6808 -101  167
B 4276 6982 -101  149
B 4286 7104 -101  129
B 4296 7106 -101  109
B 4306 7244 -101   88
B 4316 7280 -101   65
B 4326 7284 -101   42
B 4336 7299 -101   18
B 4346 7310 -101   -6
push -11 -10
push out at target
B 4356 7320   83  -20
B 4366 7332   83  -32
B 4376 7309   83  -44
B 4386 7246   83  -60
B 4396 7291   83  -73
B 4406 7225   83  -88
B 4416 7267   83 -104
B 4426 6936   83 -118
B 4436 7089   83 -132
B 4446 7003   83 -139
B 4456 7128   50 -140
B 4466 7144    0 -140
B 4476 7298   10 -140
B 4486 7043   10 -130
B 4496 6977   10 -120
B 4506 6997   10 -111
B 4516 7577   10 -100
B 4526 7617   10  -88
B 4536 7622   10  -78
B 4546 7622   10  -68
B 4556 7624   10  -58
pb end 
B 4566 7626    0  -48
B 4576 7625    0  -40
B 4586 7626    0  -31
B 4596 7629    0  -24
B 4606 7666    0  -17
B 4616 7666    0  -11
B 4626 7665    0   -7
B 4636 7666    0   -3
B 4646 7667    0    0
B 4656 7667    0    2
B 4666 7667    0    4
B 4676 7666    0    6
B 4686 7666    0    6
B 4696 7667    0    9
B 4706 7669    0    9
B 4716 7667    0    9
B 4726 7667    0    9
B 4736 7669    0    9
B 4746 7669    0    9
B 4756 7669    0    9
B 4766 7669    0    9
B 4776 7669    0    9
B 4786 7670    0    9
B 4796 7669    0    9
B 4806 7669    0    9
SSS vs= 1.04  t=  236
%P VOLT1   = 7505
%P VOLT2   = 7919
%P S2_SC   =  1.04
%P L_ANG_MAX = 236
B 4816 7669   73    9
B 4826 7670   73    8
B 4836 7670   73    8
B 4846 7670   73    8
B 4856 7541   73    8
B 4866 7519   73    8
B 4876 7512   73    8
B 4886 7430   73    8
B 4896 7407   73    9
B 4906 7196   73   10
B 4916 7189   73   17
B 4926 7194   73   25
B 4936 7071   73   33
B 4946 7018   73   42
B 4956 7035   73   50
B 4966 7073   73   59
B 4976 7141   65   68
B 4987 7137   54   79
B 4997 7183   41   90
B 5007 7228   31  100
B 5017 7287   31  112
B 5027 7284   31  122
*** adj PULL_V2->41 
*** dt = 45 , A = 131 , rpm = 365 
B 5037 7336   42  133
B 5047 7344   42  144
B 5057 7528   42  152
B 5067 7524   42  162
B 5077 7521   42  172
pull out 175
B 5087 7555 -104  182
B 5097 7553 -104  191
B 5107 7553 -104  199
B 5117 7510 -104  206
B 5127 7379 -104  214
B 5137 7369 -104  219
B 5147 7401 -104  226
B 5157 7441 -104  232
B 5167 7475 -104  236
B 5177 7115 -104  240
B 5187 7143 -104  240
B 5197 7057 -104  240
B 5207 7196 -104  239
*** amax = 240  vhit = 98
B 5217 7150 -102  226
B 5227 7170 -102  213
B 5237 6862 -102  198
B 5247 6809 -102  181
B 5257 6849 -102  164
B 5267 6917 -102  146
B 5277 7075 -102  126
B 5287 7075 -102  107
B 5297 7249 -102   84
B 5307 7285 -102   63
B 5317 7291 -102   39
B 5327 7301 -102   16
B 5337 7312 -102   -8
push -12 -10
push out at target
B 5347 7320   83  -22
B 5357 7332   83  -32
B 5367 7309   83  -45
B 5377 7254   83  -60
B 5387 7311   83  -72
B 5397 7275   83  -87
B 5407 7312   83 -102
B 5417 6936   83 -116
B 5428 7050   83 -129
B 5439 7212   83 -136
B 5449 7169   44 -136
B 5459 7164   10 -136
B 5469 6866   10 -132
B 5479 6940   10 -121
B 5489 6919   10 -108
B 5499 7005   10  -98
B 5509 7030   10  -85
B 5519 7008   10  -72
B 5529 7583   10  -61
B 5539 7585   10  -48
pb end 
B 5549 7624    0  -35
B 5559 7625    0  -24
B 5569 7626    0  -11
B 5579 7626    0    0
B 5589 7629    0    8
B 5599 7629    0   16
B 5609 7629    0   20
B 5619 7667    0   24
B 5629 7666    0   25
B 5639 7666    0   26
B 5649 7666    0   26
B 5659 7667    0   26
B 5669 7666    0   26
B 5679 7667    0   27
B 5689 7666    0   27
B 5699 7666    0   27
B 5709 7666    0   27
B 5719 7669    0   27
B 5729 7667    0   27
B 5739 7665    0   27
B 5749 7667    0   26
B 5759 7667    0   26
B 5769 7669    0   26
B 5779 7669    0   25
B 5789 7669    0   24
B 5799 7667    0   23
SSS vs= 1.04  t=  236
%P VOLT1   = 7505
%P VOLT2   = 7916
%P S2_SC   =  1.04
%P L_ANG_MAX = 236
B 5809 7666   73   21
B 5819 7669   73   20
B 5829 7670   73   19
B 5839 7619   73   17
B 5849 7532   73   16
B 5859 7527   73   15
B 5869 7546   73   15
B 5879 7208   73   15
B 5889 7304   73   15
B 5899 7259   73   16
B 5909 7184   73   16
B 5919 7096   73   24
B 5929 7099   73   32
B 5939 6981   73   40
B 5949 7074   73   48
B 5959 7085   73   56
B 5969 7193   68   65
B 5979 7191   58   75
B 5989 7189   47   85
B 5999 7231   34   96
B 6009 7252   31  106
B 6019 7274   31  117
B 6029 7298   31  128
*** adj PULL_V2->42 
*** dt = 47 , A = 130 , rpm = 364 
B 6039 7487   43  137
B 6049 7491   43  146
B 6059 7521   43  156
B 6069 7553   43  166
pull out 175
B 6079 7553 -104  175
B 6089 7553 -104  183
B 6099 7552 -104  191
B 6109 7497 -104  199
B 6119 7387 -104  207
B 6129 7387 -104  212
B 6139 7418 -104  218
B 6149 6885 -104  224
B 6159 7089 -104  228
B 6169 7075 -104  231
B 6179 7255 -104  231
B 6189 7259 -104  231
*** amax = 231  vhit = 102
B 6199 7233 -106  228
B 6209 7098 -106  216
B 6219 6918 -106  203
B 6229 6960 -106  188
B 6239 6820 -106  172
B 6249 6919 -106  155
B 6259 6938 -106  137
B 6269 7156 -106  119
B 6279 7228 -106   99
B 6289 7232 -106   78
B 6299 7308 -106   56
B 6309 7319 -106   34
B 6319 7330 -106   12
B 6329 7340 -106  -10
push -11 -10
push out at target
B 6339 7338   83  -22
B 6349 7320   83  -32
B 6359 7308   83  -43
B 6369 7295   83  -57
B 6379 7312   83  -69
B 6389 7199   83  -82
B 6399 6977   83  -97
B 6409 6982   83 -112
B 6419 7186   83 -122
B 6429 7210   76 -128
B 6439 7183   41 -129
B 6449 7284    0 -129
B 6459 7209   10 -128
B 6469 7262   10 -117
B 6479 6998   10 -108
B 6489 7400   10  -97
B 6499 7406   10  -86
B 6509 7585   10  -76
B 6519 7625   10  -65
B 6529 7625   10  -56
B 6539 7625   10  -46
B 6549 7626   10  -38
pb end 
B 6559 7628    0  -30
B 6569 7632    0  -23
B 6579 7629    0  -16
B 6589 7628    0  -11
B 6599 7629    0   -6
B 6609 7631    0   -2
B 6619 7631    0    2
B 6629 7667    0    4
B 6639 7666    0    6
B 6649 7669    0    7
B 6659 7667    0   10
B 6669 7666    0   11
B 6679 7672    0   11
B 6689 7667    0   11
B 6699 7666    0   10
B 6709 7669    0   10
B 6719 7669    0   11
B 6729 7667    0   11
B 6739 7669    0   11
B 6749 7669    0   11
B 6759 7667    0   11
B 6769 7669    0   11
B 6779 7672    0   10
B 6789 7670    0   10
SSS vs= 1.04  t=  241
%P VOLT1   = 7505
%P VOLT2   = 7916
%P S2_SC   =  1.04
%P L_ANG_MAX = 241
B 6799 7670   73   10
B 6810 7669   73   10
B 6820 7672   73    8
B 6830 7607   73    7
B 6840 7544   73    6
B 6850 7529   73    6
B 6860 7516   73    6
B 6870 7149   73    6
B 6880 7206   73    7
B 6890 7196   73    8
B 6900 7236   73   15
B 6910 7178   73   23
B 6920 7193   73   32
B 6930 7096   73   40
B 6940 7069   73   48
B 6950 7072   73   56
B 6961 7183   70   66
B 6971 7217   59   76
B 6981 7217   50   85
B 6991 7232   39   96
B 7001 7263   31  106
B 7011 7287   31  116
B 7021 7303   31  126
*** adj PULL_V2->52 
*** dt = 58 , A = 133 , rpm = 332 
B 7031 7420   54  136
B 7041 7421   54  145
B 7051 7567   54  153
B 7061 7565   54  162
B 7071 7548   54  171
B 7081 7541   54  179
pull out 183
B 7091 7537 -104  187
B 7101 7459 -104  195
B 7111 7343 -104  202
B 7121 7395 -104  207
B 7131 7424 -104  212
B 7141 6914 -104  218
B 7151 7178 -104  222
B 7161 7153 -104  224
B 7171 7249 -104  224
B 7181 7333 -104  224
B 7191 7330 -104  223
*** amax = 224  vhit = 108
B 7201 7263 -112  212
B 7211 6887 -112  199
B 7221 6913 -112  184
B 7231 6862 -112  169
B 7241 6952 -112  152
B 7251 6964 -112  136
B 7261 7078 -112  117
B 7271 7291 -112   98
B 7282 7290 -112   77
B 7292 7329 -112   55
B 7302 7332 -112   34
B 7312 7338 -112   12
B 7322 7344 -112  -10
push -11 -10
push out at target
B 7332 7346   83  -22
B 7342 7336   83  -32
B 7352 7323   83  -44
B 7362 7349   83  -57
B 7372 7370   83  -68
B 7382 7318   83  -80
B 7392 7049   83  -93
B 7402 7045   83 -105
B 7412 7186   83 -116
B 7422 7349   83 -122
B 7432 7370   41 -124
B 7442 7431    6 -124
B 7452 7134   10 -124
B 7462 7162   10 -118
B 7472 7005   10 -109
B 7482 7015   10  -98
B 7492 7019   10  -91
B 7502 7413   10  -81
B 7512 7593   10  -72
B 7522 7593   10  -64
B 7532 7628   10  -55
B 7542 7629   10  -47
pb end 
B 7552 7629    0  -38
B 7562 7628    0  -30
B 7572 7629    0  -22
B 7582 7631    0  -14
B 7592 7631    0   -7
B 7602 7667    0    0
B 7612 7669    0    6
B 7622 7669    0   11
B 7632 7667    0   15
B 7642 7669    0   17
B 7652 7669    0   19
B 7662 7667    0   20
B 7672 7667    0   20
B 7682 7669    0   20
B 7692 7669    0   20
B 7702 7669    0   20
B 7712 7669    0   20
B 7722 7669    0   20
B 7732 7669    0   20
B 7742 7667    0   20
B 7752 7670    0   19
B 7762 7669    0   16
B 7772 7669    0   14
B 7782 7667    0   11
B 7792 7669    0    8
*** 7800
SSS vs= 1.04  t=  246
%P VOLT1   = 7505
%P VOLT2   = 7926
%P S2_SC   =  1.04
%P L_ANG_MAX = 246
B   0 767   73    2
B  11 7675   73    2
B  21 7675   73    2
B  31 7610   73    2
B  42 7544   73    2
B  53 7544   73    2
B  63 7547   73    2
B  73 7172   73    2
B  83 7266   73    2
B  93 7241   73    8
B 103 7270   73   15
B 113 7147   73   24
B 123 7173   73   32
B 133 7196   73   40
B 143 7098   73   48
B 153 7094   73   57
B 163 7155   68   66
B 173 7221   59   76
B 183 7226   51   87
B 193 7244   41   97
B 203 7273   31  108
B 213 7304   31  119
B 223 7294   31  130
B 233 7416   31  140
*** adj PULL_V2->47 
*** dt = 50 , A = 141 , rpm = 348 
B 243 7423   49  150
B 253 7533   49  160
B 263 7567   49  168
B 273 7552   49  179
B 283 7549   49  188
pull out 188
B 293 7583 -104  196
B 303 7580 -104  204
B 313 7504 -104  212
B 323 7421 -104  220
B 333 7384 -104  226
B 343 7368 -104  233
B 353 6908 -104  240
B 363 6939 -104  246
B 373 7058 -104  250
B 383 7259 -104  252
B 393 7178 -104  252
*** amax = 252  vhit = 97
B 403 7205 -101  251
B 413 7094 -101  242
B 423 7114 -101  228
B 433 6977 -101  214
B 443 6806 -101  199
B 453 6844 -101  182
B 463 6939 -101  164
B 473 7165 -101  146
B 483 7174 -101  126
B 493 7282 -101  106
B 503 7319 -101   85
B 513 7324 -101   63
B 523 7365 -101   40
B 533 7341 -101   17
B 543 7348 -101   -6
push -12 -10
push out at target
B 553 7352   83  -21
B 563 7375   83  -32
B 573 7289   83  -45
B 583 7304   83  -59
B 593 7293   83  -71
B 603 7318   83  -85
B 613 6982   83 -100
B 623 7195   83 -112
B 633 7150   83 -123
B 643 7220   83 -128
B 653 7281   32 -128
B 663 7316   10 -128
B 673 7249   10 -124
B 683 6920   10 -112
B 693 6954   10 -100
B 703 7044   10  -91
B 713 7549   10  -78
B 723 7553   10  -66
B 733 7591   10  -55
B 743 7629   10  -44
pb end 
B 753 7628    0  -32
B 763 7629    0  -22
B 773 7631    0  -12
B 783 7631    0   -4
B 793 7667    0    3
B 803 7670    0    8
B 813 7669    0   13
B 823 7669    0   16
B 833 7669    0   19
B 843 7669    0   20
B 853 7669    0   21
B 863 7666    0   21
B 873 7670    0   23
B 883 7670    0   23
B 893 7669    0   23
B 903 7670    0   23
B 913 7670    0   23
B 923 7667    0   23
B 933 7670    0   23
B 943 7672    0   23
B 953 7672    0   23
B 963 7672    0   23
B 973 7669    0   23
B 983 7670    0   22
B 993 7670    0   19
SSS vs= 1.04  t=  257
%P VOLT1   = 7505
%P VOLT2   = 7919
%P S2_SC   =  1.04
%P L_ANG_MAX = 257
B 1003 7670   73   16
B 1013 7672   73   15
B 1023 7672   73   12
B 1033 7670   73   10
B 1043 7577   73    8
B 1053 7546   73    7
B 1063 7537   73    7
B 1073 7137   73    7
B 1083 7132   73    7
B 1093 7274   73    7
B 1103 7263   73    8
B 1113 7257   73   13
B 1123 7123   73   20
B 1133 7139   73   28
B 1143 7150   73   36
B 1153 7159   73   44
B 1163 7164   73   52
B 1173 7168   73   61
B 1183 7239   66   70
B 1193 7242   59   80
B 1203 7256   51   89
B 1213 7267   43   99
B 1223 7246   36  109
B 1233 7258   31  118
B 1243 7410   31  128
B 1253 7488   31  137
*** adj PULL_V2->58 
*** dt = 72 , A = 141 , rpm = 315 
B 1263 7494   60  146
B 1273 7533   60  155
B 1283 7535   60  163
B 1293 7519   60  171
B 1303 7537   60  179
B 1313 7531   60  186
B 1323 7524   60  194
pull out 199
B 1333 7446 -104  202
B 1343 7406 -104  210
B 1353 7404 -104  218
B 1363 7366 -104  227
B 1373 7291 -104  234
B 1383 7308 -104  240
B 1393 7294 -104  248
B 1403 6993 -104  255
B 1413 7008 -104  260
B 1423 7294 -104  263
B 1433 7381 -104  264
B 1443 7381 -104  264
B 1453 7361 -104  264
*** amax = 264  vhit = 97
B 1463 7196 -101  259
B 1473 7201 -101  248
B 1483 6922 -101  236
B 1493 6928 -101  223
B 1503 6931 -101  208
B 1513 7006 -101  194
B 1523 7115 -101  178
B 1533 7117 -101  160
B 1543 7297 -101  143
B 1553 7301 -101  124
B 1563 7303 -101  106
B 1573 7309 -101   86
B 1583 7311 -101   66
B 1593 7312 -101   46
B 1603 7349 -101   25
B 1613 7350 -101    4
push -12 -10
push out at target
B 1623 7352   83  -16
B 1633 7424   83  -25
B 1643 7424   83  -34
B 1653 7377   83  -46
B 1663 7378   83  -57
B 1673 7284   83  -70
B 1683 7294   83  -82
B 1693 7124   83  -92
B 1703 7306   76 -104
B 1713 7308   83 -114
B 1723 7488   76 -122
B 1733 7488   58 -125
B 1743 7488   15 -126
B 1753 7135    0 -126
B 1763 7081   10 -126
B 1773 7092   10 -119
B 1783 7130   10 -110
B 1793 7489   10 -103
B 1803 7489   10  -94
B 1813 7595   10  -85
B 1823 7634   10  -77
B 1833 7632   10  -69
B 1843 7632   10  -61
B 1853 7634   10  -53
pb end 
B 1863 7632    0  -45
B 1873 7631    0  -37
B 1883 7634    0  -30
B 1893 7634    0  -22
B 1903 7635    0  -16
B 1913 7636    0   -8
B 1923 7635    0   -3
B 1933 7670    0    2
B 1943 7672    0    5
B 1953 7670    0    8
B 1963 7670    0    9
B 1973 7670    0   10
B 1983 7670    0   10
B 1993 7672    0   10
B 2003 7672    0   10
B 2013 7670    0   10
B 2023 7670    0   10
B 2033 7670    0   10
B 2043 7670    0   10
B 2053 7672    0    9
B 2063 7670    0    9
B 2073 7672    0    9
B 2083 7673    0    8
B 2093 7670    0    6
SSS vs= 1.04  t=  262
%P VOLT1   = 7505
%P VOLT2   = 7912
%P S2_SC   =  1.04
%P L_ANG_MAX = 262
B 2103 7667   73    5
B 2113 7673   73    4
B 2123 7596   73    3
B 2133 7571   73    3
B 2143 7574   73    3
B 2153 7225   73    3
B 2163 7229   73    3
B 2173 7343   73    4
B 2183 7308   73    4
B 2193 7296   73   11
B 2203 7146   73   19
B 2213 7151   73   26
B 2223 7164   73   33
B 2233 7172   73   41
B 2243 7248   73   48
B 2253 7254   73   55
B 2263 7289   72   62
B 2273 7257   66   71
B 2283 7254   60   79
B 2293 7253   54   87
B 2303 7224   47   96
B 2313 7229   42  104
B 2323 7235   36  112
B 2333 7346   31  121
B 2343 7353   31  129
B 2353 7465   31  137
*** adj PULL_V2->75 
*** dt = 100 , A = 143 , rpm = 264 
B 2363 7505   78  145
B 2373 7506   78  152
B 2383 7540   78  160
B 2393 7515   78  167
B 2403 7501   78  173
B 2413 7534   78  180
B 2423 7318   78  187
B 2433 7316   78  195
B 2443 7352   78  204
B 2453 7285   78  212
pull out 219
B 2463 7288 -104  222
B 2473 7151 -104  231
B 2483 7142 -104  240
B 2493 7144 -104  248
B 2503 7226 -104  256
B 2513 7125 -104  264
B 2523 7126 -104  271
B 2533 7237 -104  276
B 2543 7342 -104  280
B 2553 7346 -104  282
B 2563 7454 -104  282
B 2573 7382 -104  282
*** amax = 282  vhit = 90
B 2583 7383  -93  280
B 2593 6957  -93  271
B 2603 6957  -93  260
B 2613 6957  -93  248
B 2623 6957  -93  236
B 2633 6959  -93  222
B 2643 6959  -93  208
B 2653 7172  -93  192
B 2663 7243  -93  175
B 2673 7243  -93  157
B 2683 7313  -93  138
B 2693 7313  -93  118
B 2703 7315  -93   98
B 2713 7313  -93   77
B 2723 7315  -93   56
B 2733 7315  -93   34
B 2743 7388  -93   12
push -11 -10
push out at target
B 2753 7388   83  -12
B 2763 7388   83  -24
B 2773 7424   83  -33
B 2783 7447   83  -45
B 2793 7433   83  -57
B 2803 7371   83  -66
B 2813 7274   83  -78
B 2823 7278   83  -91
B 2833 7245   83 -104
B 2843 7354   83 -114
B 2853 7358   76 -124
B 2863 7502   76 -128
B 2873 7468   24 -129
B 2883 7468    0 -129
B 2893 7081   10 -129
B 2903 7017   10 -125
B 2913 7023   10 -117
B 2923 7136   10 -111
B 2933 7526   10 -102
B 2943 7526   10  -94
B 2953 7598   10  -86
B 2963 7598   10  -79
B 2973 7598   10  -72
pb end 
B 2983 7634    0  -64
B 2993 7634    0  -57
B 3003 7635    0  -50
B 3013 7634    0  -43
B 3023 7635    0  -36
B 3033 7636    0  -28
B 3043 7669    0  -21
B 3053 7638    0  -14
B 3063 7636    0   -8
B 3073 7670    0   -2
B 3083 7670    0    4
B 3093 7672    0    7
B 3103 7672    0   10
B 3113 7672    0   12
B 3123 7673    0   12
B 3133 7672    0   12
B 3143 7673    0   12
B 3153 7672    0   12
B 3163 7670    0   12
B 3173 7673    0   12
B 3183 7672    0   12
B 3193 7670    0   12
B 3203 7673    0   12
B 3213 7672    0   12
B 3223 7670    0   11
B 3233 7673    0    9
SSS vs= 1.04  t=  267
%P VOLT1   = 7505
%P VOLT2   = 7923
%P S2_SC   =  1.04
%P L_ANG_MAX = 267
B 3243 7673   73    6
B 3253 7673   73    4
B 3263 7673   73    3
B 3273 7625   73    1
B 3283 7596   73    0
B 3293 7597   73    0
B 3303 7602   73    0
B 3314 7254   73    0
B 3324 7325   73    1
B 3335 7324   73    1
B 3345 7329   73    5
B 3356 7265   73   12
B 3366 7264   73   18
B 3376 7233   73   24
B 3386 7166   73   31
B 3396 7169   73   37
B 3406 7240   73   44
B 3416 7276   73   50
B 3426 7278   73   56
B 3436 7278   72   63
B 3446 7278   67   70
B 3456 7275   63   76
B 3466 7240   57   84
B 3476 7275   52   92
B 3486 7279   47   99
B 3496 7282   43  106
B 3506 7322   37  114
B 3516 7325   33  121
B 3526 7435   31  128
B 3536 7402   31  135
B 3546 7404   31  142
*** adj PULL_V2->86 
*** dt = 120 , A = 144 , rpm = 232 
B 3556 7478   89  148
B 3566 7550   89  154
B 3576 7539   89  160
B 3586 7556   89  166
B 3596 7549   89  172
B 3606 7548   89  178
B 3616 7156   89  184
B 3626 7229   89  192
B 3636 7233   89  201
B 3646 7200   89  210
B 3656 7097   89  219
B 3666 7098   89  228
pull out 230
B 3676 7030 -104  236
B 3686 7101 -104  247
B 3696 7104 -104  256
B 3706 7167 -104  266
B 3716 7132 -104  275
B 3726 7136 -104  283
B 3736 7139 -104  292
B 3746 7001 -104  300
B 3756 7000 -104  303
B 3766 7322 -104  303
B 3776 7394 -104  303
*** amax = 303  vhit = 82
B 3786 7394  -85  299
B 3796 7394  -85  290
B 3806 7252  -85  280
B 3816 7254  -85  270
B 3826 6971  -85  259
B 3836 7011  -85  247
B 3846 7009  -85  234
B 3856 7189  -85  220
B 3866 7222  -85  207
B 3876 7227  -85  192
B 3886 7262  -85  176
B 3896 7259  -85  159
B 3906 7261  -85  141
B 3916 7295  -85  123
B 3926 7295  -85  104
B 3936 7295  -85   84
B 3946 7330  -85   64
B 3956 7364  -85   43
B 3966 7364  -85   21
B 3976 7399  -85    0
push -11 -10
push out at target
B 3986 7400   83  -21
B 3996 7402   83  -32
B 4006 7434   83  -41
B 4016 7406   83  -52
B 4026 7412   83  -63
B 4036 7383   83  -74
B 4046 7104   83  -86
B 4056 7109   83  -95
B 4066 7289   67 -106
B 4076 7396   83 -116
B 4086 7399   76 -122
B 4096 7468   41 -124
B 4106 7406    6 -124
B 4116 7411   10 -124
B 4126 7026   10 -124
B 4136 7313   10 -120
B 4146 7314   10 -114
B 4156 7598   10 -108
B 4166 7635   10 -102
B 4176 7635   10  -96
B 4186 7599   10  -92
B 4196 7635   10  -87
B 4206 7635   10  -82
pb end 
B 4216 7635    0  -78
B 4226 7635    0  -74
B 4236 7635    0  -70
B 4246 7672    0  -66
B 4256 7636    0  -62
B 4266 7636    0  -59
B 4276 7638    0  -56
B 4286 7638    0  -52
B 4296 7636    0  -48
B 4306 7639    0  -44
B 4316 7636    0  -40
B 4326 7638    0  -37
B 4336 7677    0  -33
B 4346 7673    0  -30
B 4356 7673    0  -28
B 4366 7673    0  -24
B 4376 7673    0  -22
B 4386 7673    0  -20
B 4396 7675    0  -18
B 4406 7673    0  -16
B 4416 7673    0  -15
B 4426 7673    0  -13
B 4436 7673    0  -12
B 4446 7675    0  -11
B 4456 7673    0  -10
SSS vs= 1.04  t=  272
%P VOLT1   = 7505
%P VOLT2   = 7923
%P S2_SC   =  1.04
%P L_ANG_MAX = 272
B 4466 7672   73   -9
B 4476 7651   73   -8
B 4486 7616   73   -8
B 4496 7611   73   -8
B 4506 7613   73   -8
B 4516 7262   73   -8
B 4526 7335   73   -5
B 4536 7340   73   -4
B 4546 7487   73   -4
B 4556 7521   73    0
B 4566 7519   73    4
B 4576 7448   73   10
B 4586 7344   73   17
B 4596 7346   73   24
B 4606 7134   73   31
B 4616 7167   73   38
B 4626 7166   73   45
B 4636 7166   73   52
B 4646 7274   73   59
B 4656 7275   70   66
B 4667 7313   65   73
B 4677 7317   61   80
B 4688 7284   56   88
B 4698 7286   52   96
B 4708 7251   47  103
B 4718 7292   43  110
B 4728 7295   38  117
B 4738 7331   34  124
B 4748 7476   31  131
B 4758 7478   31  138
B 4768 7512   31  144
*** adj PULL_V2->91 
*** dt = 120 , A = 149 , rpm = 215 
B 4778 7550   94  151
B 4788 7552   94  156
B 4798 7547   94  162
B 4808 7559   94  168
B 4818 7555   94  173
B 4828 7521   94  179
B 4838 7203   94  184
B 4848 7204   94  192
B 4858 7238   94  200
B 4868 7169   94  208
B 4878 7167   94  216
B 4888 7029   94  224
pull out 232
B 4898 7066   11  234
B 4908 7077   11  244
B 4918 7126   11  252
B 4928 7203   11  262
B 4938 7207   11  268
B 4948 7492   11  276
B 4958 7598   11  284
B 4968 7599   11  292
B 4978 7599   11  299
B 4988 7634   11  306
B 4998 7635   11  312
B 5008 7635   11  319
B 5018 7635   11  324
B 5028 7636   11  331
B 5038 7636   11  336
B 5048 7636   11  342
B 5058 7635   10  347
B 5068 7635   10  352
B 5078 7635   10  358
B 5088 7635   10  363
B 5098 7636   10  367
B 5108 7636   10  372
B 5118 7636   10  375
B 5128 7638   10  379
B 5139 7635 -104  382
B 5149 7635 -104  386
B 5159 7622 -104  388
B 5169 7607 -104  391
B 5179 7602 -104  393
B 5189 7609 -104  394
*** amax = 395  vhit = 75
B 5199 7046  -78  394
B 5209 7050  -78  394
B 5219 7193  -78  395
B 5229 7125  -78  394
B 5239 7132  -78  388
B 5249 7026  -78  381
B 5259 6956  -78  372
B 5269 6960  -78  364
B 5279 7066  -78  355
B 5289 7210  -78  348
B 5299 7210  -78  344
B 5309 7248  -78  338
B 5319 7317  -78  331
B 5329 7316  -78  323
B 5339 7247  -78  315
B 5349 7142  -78  305
B 5359 7142  -78  295
B 5369 7143  -78  284
B 5379 7216  -78  272
B 5389 7214  -78  260
B 5399 7286  -78  246
B 5409 7288  -78  231
B 5419 7286  -78  216
B 5429 7288  -78  199
B 5439 7322  -78  181
B 5449 7323  -78  163
B 5459 7360  -78  144
B 5469 7396  -78  124
B 5479 7396  -78  104
B 5489 7431  -78   83
B 5499 7465  -78   62
B 5509 7468  -78   40
B 5519 7470  -78   20
B 5529 7468  -78   -2
push -10 -10
push out at target
B 5539 7470   83  -23
B 5549 7508   83  -44
B 5559 7487   83  -65
B 5569 7483   83  -84
B 5579 7489   83 -105
B 5589 6927   83 -126
B 5599 6930   83 -147
B 5609 7005   83 -166
B 5619 7293   83 -184
B 5629 7289   83 -194
B 5639 7364   76 -200
B 5649 7082   41 -200
B 5659 7084   10 -200
B 5669 6980   10 -200
B 5679 7055   10 -193
B 5689 7062   10 -184
B 5699 7029   10 -177
B 5709 7422   10 -168
B 5719 7422   10 -161
B 5729 7599   10 -154
B 5739 7602   10 -148
pb end 
B 5749 7601    0 -143
B 5759 7636    0 -138
B 5769 7638    0 -133
B 5779 7636    0 -130
B 5789 7638    0 -126
B 5799 7638    0 -124
B 5809 7638    0 -121
B 5819 7638    0 -118
B 5829 7639    0 -116
B 5839 7638    0 -112
B 5849 7638    0 -111
B 5859 7639    0 -109
B 5869 7639    0 -108
B 5879 7638    0 -108
B 5889 7638    0 -106
B 5899 7639    0 -105
B 5909 7640    0 -105
B 5919 7673    0 -104
B 5929 7673    0 -104
B 5939 7675    0 -104
B 5949 7673    0 -104
B 5959 7673    0 -104
B 5969 7673    0 -104
B 5979 7675    0 -104
B 5989 7675    0 -104
SSS vs= 1.05  t=  277
%P VOLT1   = 7505
%P VOLT2   = 7926
%P S2_SC   =  1.04
%P L_ANG_MAX = 277
B 5999 7675   73 -104
B 6009 7675   73 -104
B 6019 7673   73 -104
B 6029 7633   73 -104
B 6039 7617   73 -104
B 6049 7616   73 -104
B 6059 7619   73 -104
B 6069 7339   73 -104
B 6079 7340   73 -104
B 6089 7416   73 -104
B 6099 7489   73 -104
B 6109 7491   73 -102
B 6119 7494   73  -96
B 6129 7210   73  -89
B 6139 7211   73  -81
B 6149 7176   73  -73
B 6159 7177   73  -65
B 6169 7179   73  -57
B 6179 7180   73  -53
B 6189 7325   73  -53
B 6199 7322   73  -53
B 6209 7322   73  -53
B 6219 7289   73  -53
B 6229 7289   73  -53
B 6239 7181   73  -53
B 6249 7108   73  -53
B 6260 7109   73  -53
B 6270 7143   73  -53
B 6280 7145   73  -53
B 6290 7150   73  -53
B 6300 7115   73  -53
B 6310 7148   73  -53
B 6320 7149   73  -53
B 6330 7113   73  -53
B 6340 7115   73  -53
B 6350 7115   73  -53
B 6360 7115   73  -53
B 6370 7116   73  -53
B 6380 7115   73  -53
B 6390 7118   73  -53
B 6400 7116   73  -53
B 6410 7116   73  -53
B 6420 7152   73  -53
B 6430 7116   73  -53
B 6440 7115   73  -53
B 6450 7116   73  -53
B 6460 7152   73  -53
B 6470 7150   73  -53
B 6480 7113   73  -53
B 6490 7150   73  -53
B 6500 7152   73  -53
B 6510 7116   73  -53
B 6520 7116   73  -53
B 6530 7116   73  -53
B 6540 7113   73  -53
B 6550 7115   73  -53
B 6560 7118   73  -53
B 6570 7153   73  -53
B 6580 7119   73  -53
B 6590 7118   73  -53
pull bail out
push -53 -10
push out at target
B 6600 7116   83  -53
B 6610 7152   83  -53
B 6620 7154   83  -53
B 6630 7153   83  -53
B 6640 7118   83  -53
B 6650 7118   83  -53
B 6660 7116   83  -53
B 6670 7008   83  -53
B 6680 7009   10  -53
B 6690 7008   10  -53
B 6700 7011   10  -53
B 6710 7018   10  -53
B 6720 7026   10  -53
B 6730 7028   10  -53
B 6740 7032   10  -53
B 6750 7032   10  -53
B 6760 7564   10  -53
B 6770 7564   10  -53
pb end 
B 6780 7601    0  -53
B 6790 7599    0  -53
B 6800 7602    0  -53
B 6810 7602    0  -53
B 6820 7638    0  -53
B 6830 7638    0  -53
B 6840 7639    0  -53
B 6850 7638    0  -53
B 6860 7639    0  -53
B 6870 7639    0  -53
B 6880 7639    0  -53
B 6890 7639    0  -53
B 6900 7639    0  -53
B 6910 7639    0  -53
B 6920 7639    0  -53
B 6930 7636    0  -53
B 6940 7639    0  -53
B 6950 7635    0  -53
B 6960 7639    0  -53
B 6970 7639    0  -53
B 6980 7639    0  -53
B 6990 7640    0  -53
B 7000 7639    0  -53
B 7010 7639    0  -53
B 7020 7640    0  -53
SSS vs= 1.04  t=  282
%P VOLT1   = 7446
%P VOLT2   = 7930
%P S2_SC   =  1.05
%P L_ANG_MAX = 282
B 7030 7639   73  -53
B 7040 7640   73  -53
B 7050 7639   73  -53
B 7060 7639   73  -53
B 7070 7611   73  -53
B 7080 7590   73  -53
B 7090 7587   73  -53
B 7100 7587   73  -53
B 7110 7589   73  -53
B 7120 7342   73  -53
B 7130 7347   73  -53
B 7140 7316   73  -53
B 7150 7140   73  -53
B 7160 7142   73  -53
B 7170 7143   73  -53
B 7180 7142   73  -53
B 7190 7146   73  -53
B 7200 7181   73  -53
B 7210 7108   73  -53
B 7220 7111   73  -53
B 7230 7143   73  -53
B 7240 7180   73  -53
B 7250 7181   73  -53
B 7260 7146   73  -53
B 7270 7149   73  -53
B 7280 7149   73  -53
B 7290 7113   73  -52
B 7300 7152   73  -50
B 7310 7150   73  -46
B 7320 7118   73  -42
B 7330 7118   73  -37
B 7340 7118   73  -32
B 7350 7189   73  -25
B 7360 7152   73  -18
B 7370 7152   73  -10
B 7380 7224   73   -2
B 7390 7295   73    7
B 7400 7296   73   15
B 7410 7296   73   24
B 7420 7293   73   32
B 7430 7295   73   40
B 7440 7296   73   48
B 7450 7296   73   56
B 7460 7296   71   64
B 7470 7296   67   72
B 7480 7298   63   80
B 7490 7296   59   87
B 7500 7298   55   94
B 7510 7263   51  102
B 7520 7263   47  109
B 7530 7302   43  116
B 7540 7408   39  124
B 7550 7408   35  132
B 7560 7410   31  138
B 7570 7447   31  145
B 7580 7448   31  152
*** adj PULL_V2->86 
*** dt = 120 , A = 158 , rpm = 232 
B 7590 7486   90  159
B 7600 7520   90  164
B 7610 7511   90  170
B 7620 7536   90  176
B 7630 7535   90  180
B 7640 7535   90  186
B 7650 7570   90  192
B 7660 7251   90  200
B 7670 7251   90  207
B 7680 7214   90  215
B 7690 7072   90  223
B 7700 7074   90  232
pull out 240
B 7711 7036   11  241
B 7721 7107   11  251
B 7731 7149   11  260
B 7741 7163   11  270
B 7752 7168   11  280
B 7763 7209   11  288
B 7773 7209   11  298
B 7784 7599   11  307
B 7794 7601   11  315
B 7804 7601   11  324
B 7815 7601   11  332
B 7825 7601   11  340
B 7836 7601   11  348
B 7847 7636   11  357
B 7858 7636   11  365
B 7868 7638   11  372
B 7878 7638   10  380
B 7889 7635   10  387
B 7899 7638   10  394
B 7909 7639   10  399
B 7919 7636   10  404
B 7929 7636   10  408
B 7939 7638   10  411
B 7949 7638   10  414
B 7959 7636   10  417
B 7969 7638   10  419
B 7979 7638   10  421
B 7990 7638   10  423
B 8000 7638   10  425
B 8010 7636   10  426
B 8020 7638   10  428
B 8030 7638   10  428
B 8040 7636   10  429
B 8050 7636   10  429
B 8060 7638   10  430
B 8070 7636   10  430
B 8081 7638   10  430
B 8091 7636   10  430
B 8101 7638   10  430
B 8111 7638   10  430
B 8121 7638   10  430
B 8131 7639   10  430
B 8142 7636   10  430
B 8153 7638   10  430
B 8163 7638   10  430
B 8173 7636   10  430
B 8183 7636   10  430
B 8193 7638   10  430
B 8203 7640   10  430
B 8213 7636   10  430
B 8223 7638   10  430
B 8233 7638   10  430
B 8243 7638   10  430
B 8253 7636   10  430
B 8263 7638   10  430
B 8273 7639   10  430
B 8283 7638   10  430
B 8293 7639   10  430
B 8303 7639   10  430
B 8313 7638   10  430
B 8323 7673   10  430
B 8333 7638   10  430
B 8343 7638   10  430
B 8353 7639   10  430
B 8363 7673   10  430
B 8373 7673   10  430
B 8383 7639   10  430
B 8393 7636   10  430
B 8403 7638   10  430
B 8413 7638   10  430
B 8423 7638   10  430
B 8433 7636   10  430
B 8443 7639   10  430
B 8453 7673   10  430
B 8463 7673   10  430
B 8473 7673   10  430
B 8483 7639   10  430
B 8493 7639   10  430
B 8503 7636   10  430
B 8513 7638   10  430
B 8523 7638   10  430
B 8533 7673   10  430
B 8543 7636   10  430
B 8553 7639   10  430
B 8563 7639   10  430
B 8573 7638   10  430
B 8583 7638   10  430
B 8593 7675   10  430
B 8603 7638   10  430
B 8613 7638   10  430
B 8623 7638   10  430
B 8633 7638   10  430
B 8643 7638   10  430
B 8653 7636   10  430
B 8664 7636   10  430
B 8674 7639   10  430
B 8684 7673   10  430
B 8694 7636   10  430
B 8704 7639   10  430
B 8714 7639   10  430
B 8724 7673   10  430
B 8734 7673   10  430
B 8744 7673   10  430
B 8754 7672 -104  430
B 8764 7673 -104  430
B 8774 7673 -104  430
B 8784 7572 -104  430
B 8794 7553 -104  430
B 8804 7560 -104  430
B 8814 7079 -104  430
B 8824 7089 -104  430
B 8834 7239 -104  430
B 8844 7414 -104  430
*** amax = 430  vhit = 75
B 8854 7397  -78  426
B 8864 7468  -78  419
B 8874 7381  -78  409
B 8884 7391  -78  398
B 8894 7223  -78  387
B 8904 7088  -78  376
B 8914 7091  -78  364
B 8924 7131  -78  352
B 8934 7238  -78  345
B 8944 7241  -78  339
B 8954 7349  -78  332
B 8964 7350  -78  324
B 8974 7349  -78  315
B 8984 7281  -78  305
B 8994 7173  -78  295
B 9004 7173  -78  284
B 9014 7139  -78  271
B 9024 7247  -78  259
B 9034 7247  -78  244
B 9044 7317  -78  230
B 9054 7320  -78  214
B 9064 7319  -78  197
B 9074 7356  -78  180
B 9084 7356  -78  161
B 9094 7356  -78  142
B 9104 7393  -78  122
B 9114 7430  -78  102
B 9124 7431  -78   81
B 9134 7431  -78   60
B 9144 7467  -78   39
push bail out 
B 9154 7467   83   17
B 9164 7465   83   -5
B 9174 7478   83  -26
B 9184 7467   83  -46
B 9194 7475   83  -68
B 9204 7131   83  -88
B 9214 7135   83 -109
B 9224 6997   83 -129
B 9234 7251   83 -148
B 9245 7248   83 -161
B 9255 7358   83 -170
B 9265 7111   67 -172
B 9275 7115    6 -172
B 9285 7007   10 -172
B 9295 6937   10 -172
B 9305 6950   10 -163
B 9315 6955   10 -154
B 9325 7137   10 -145
B 9335 7137   10 -138
B 9345 7564   10 -130
B 9355 7601   10 -122
B 9365 7601   10 -114
B 9375 7601   10 -108
pb end 
B 9385 7638    0 -102
B 9395 7636    0  -97
B 9405 7636    0  -92
B 9415 7639    0  -88
B 9425 7638    0  -84
B 9435 7638    0  -80
B 9445 7639    0  -76
B 9455 7639    0  -72
B 9465 7639    0  -69
B 9475 7639    0  -65
B 9485 7640    0  -62
B 9495 7639    0  -59
B 9505 7643    0  -56
B 9515 7640    0  -53
B 9525 7640    0  -50
B 9535 7639    0  -47
B 9545 7640    0  -44
B 9555 7639    0  -42
B 9565 7639    0  -40
B 9575 7640    0  -36
B 9585 7639    0  -34
B 9595 7639    0  -32
B 9605 7640    0  -29
B 9615 7640    0  -26
B 9625 7675    0  -24
SSS vs= 1.05  t=  287
%P VOLT1   = 7505
%P VOLT2   = 7937
%P S2_SC   =  1.04
%P L_ANG_MAX = 287
B 9635 7676   72  -21
B 9645 7676   72  -19
B 9655 7676   72  -16
B 9665 7628   72  -14
B 9675 7573   72  -12
B 9686 7610   72  -10
B 9698 7295   72   -8
B 9708 7299   72   -4
B 9718 7407   72   -2
B 9729 7477   72    0
B 9739 7470   72    3
B 9749 7510   72    8
B 9759 7511   72   14
B 9769 7515   72   20
B 9779 7415   72   28
B 9790 7241   72   34
B 9801 7241   72   41
B 9811 7138   72   48
B 9821 7139   72   53
B 9831 7139   72   58
B 9841 7285   71   64
B 9852 7356   68   70
B 9864 7248   64   78
B 9875 7252   61   84
B 9885 7289   58   91
B 9895 7289   55   96
B 9906 7289   51  103
B 9916 7288   48  110
B 9926 7357   45  117
B 9936 7363   41  123
B 9946 7363   38  130
B 9956 7402   35  136
B 9966 7404   31  143
B 9976 7512   31  149
B 9986 7513   31  155
B 9996 7515   31  160
*** adj PULL_V2->102 
*** dt = 120 , A = 161 , rpm = 182 
B 10006 7553  106  165
B 10016 7552  106  170
B 10026 7553  106  175
B 10036 7585  106  178
B 10046 7560  106  182
B 10056 7553  106  186
B 10066 7553  106  190
B 10076 7163  106  195
B 10086 7163  106  200
B 10096 7202  106  207
B 10106 7132  106  214
B 10116 7135  106  221
pull out 223
B 10126 7068   11  228
B 10136 7034   11  236
B 10146 7043   11  244
B 10156 7092   11  252
B 10166 7168   11  260
B 10176 7173   11  267
B 10186 7174   11  273
B 10196 7601   11  280
B 10206 7601   11  286
B 10216 7599   11  292
B 10226 7636   11  297
B 10236 7636   11  302
B 10246 7638   11  307
B 10256 7636   11  312
B 10266 7636   11  316
B 10276 7636   11  320
B 10286 7636   10  324
B 10296 7636   10  328
B 10306 7638   10  332
B 10316 7636   10  335
B 10326 7638   10  338
B 10337 7640   10  342
B 10347 7638   10  345
B 10358 7640   10  348
B 10368 7636   10  351
B 10378 7638   10  354
B 10388 7638   10  356
B 10398 7635   10  359
B 10408 7638   10  360
B 10418 7638   10  363
B 10428 7638   10  364
B 10438 7638   10  366
B 10448 7635   10  368
B 10458 7636   10  368
B 10468 7638   10  369
B 10478 7638   10  370
B 10488 7634   10  371
B 10498 7638   10  371
B 10508 7636   10  372
B 10518 7638   10  372
B 10528 7636   10  372
B 10538 7638   10  372
B 10548 7638   10  372
B 10558 7639   10  372
B 10568 7638   10  372
B 10578 7636   10  372
B 10588 7638   10  372
B 10598 7673   10  372
B 10608 7673   10  372
B 10618 7636   10  372
B 10628 7639   10  372
B 10638 7638   10  372
B 10648 7672   10  372
B 10658 7638   10  372
B 10670 7635   10  372
B 10680 7636   10  372
B 10690 7636   10  372
B 10700 7638   10  372
B 10710 7638   10  372
B 10720 7673   10  372
B 10730 7672   10  372
B 10740 7672   10  372
B 10750 7675   10  372
B 10760 7673   10  372
B 10770 7675   10  372
B 10780 7672   10  372
B 10790 7673   10  372
B 10800 7675   10  372
B 10810 7636   10  372
B 10820 7638   10  372
B 10831 7673   10  372
B 10841 7673   10  372
B 10851 7673   10  372
B 10861 7673   10  372
B 10871 7675   10  372
B 10881 7672   10  372
B 10892 7673   10  372
B 10903 7673   10  372
B 10913 7675   10  372
B 10923 7673   10  372
B 10933 7675   10  372
B 10943 7675   10  372
B 10953 7673   10  372
B 10963 7673   10  372
B 10973 7675   10  372
B 10983 7673   10  372
B 10993 7673   10  372
B 11003 7673   10  372
B 11013 7673   10  372
B 11023 7672   10  372
B 11033 7673   10  372
B 11043 7673   10  372
B 11053 7675   10  372
B 11063 7676   10  372
B 11073 7673   10  372
B 11083 7673   10  372
B 11093 7673   10  372
B 11103 7672   10  372
B 11113 7672   10  372
B 11123 7676   10  372
B 11133 7673   10  372
B 11143 7675   10  372
B 11153 7675   10  372
B 11163 7672   10  372
B 11174 7672   10  372
B 11184 7672   10  372
B 11194 7673   10  372
B 11204 7673   10  372
B 11214 7673   10  372
B 11224 7673   10  372
B 11234 7673   10  372
B 11244 7673 -104  372
B 11254 7673 -104  372
B 11264 7593 -104  372
B 11274 7537 -104  372
B 11284 7535 -104  372
B 11294 7541 -104  372
B 11304 7077 -104  372
B 11314 7063 -104  372
B 11324 7224 -104  371
*** amax = 372  vhit = 75
B 11334 7390  -78  369
B 11344 7409  -78  361
B 11354 7460  -78  351
B 11364 7189  -78  344
B 11374 7193  -78  340
B 11384 7056  -78  334
B 11394 7128  -78  328
B 11404 7126  -78  324
B 11414 7165  -78  318
B 11424 7202  -78  312
B 11434 7202  -78  306
B 11444 7165  -78  299
B 11454 7165  -78  291
B 11464 7163  -78  281
B 11474 7163  -78  270
B 11484 7163  -78  259
B 11494 7165  -78  246
B 11504 7202  -78  232
B 11514 7274  -78  218
B 11524 7275  -78  202
B 11534 7312  -78  185
B 11544 7352  -78  168
B 11554 7350  -78  148
B 11564 7350  -78  130
B 11574 7389  -78  110
B 11584 7389  -78   90
B 11594 7390  -78   70
B 11604 7426  -78   48
B 11614 7427  -78   28
B 11624 7462  -78    6
push -13 -10
push out at target
B 11634 7464   83  -15
B 11644 7464   83  -36
B 11654 7464   83  -57
B 11664 7463   83  -78
B 11674 7470   83  -97
B 11684 7478   83 -119
B 11694 6954   83 -140
B 11704 6959   83 -161
B 11714 6998   83 -181
B 11724 7288   83 -197
B 11734 7286   83 -207
B 11744 7394   76 -212
B 11754 7075   32 -212
B 11764 7075   10 -212
B 11774 7014   10 -210
B 11784 7058   10 -200
B 11794 7062   10 -191
B 11804 7067   10 -184
B 11814 7493   10 -174
B 11824 7495   10 -166
B 11834 7601   10 -158
B 11844 7601   10 -151
B 11854 7601   10 -145
pb end 
B 11864 7636    0 -140
B 11874 7638    0 -134
B 11884 7638    0 -130
B 11894 7638    0 -126
B 11904 7639    0 -123
B 11914 7639    0 -120
B 11924 7638    0 -117
B 11934 7636    0 -116
B 11944 7639    0 -113
B 11954 7639    0 -111
B 11964 7639    0 -108
B 11974 7639    0 -106
B 11984 7639    0 -105
B 11994 7676    0 -105
B 12004 7676    0 -105
B 12014 7640    0 -105
B 12024 7638    0 -105
B 12034 7639    0 -105
B 12044 7675    0 -105
B 12054 7675    0 -105
B 12064 7676    0 -105
B 12074 7676    0 -105
B 12084 7640    0 -105
B 12094 7640    0 -105
B 12104 7640    0 -105
*** 12113
SSS vs= 1.04  t=  292
%P VOLT1   = 7564
%P VOLT2   = 7947
%P S2_SC   =  1.04
%P L_ANG_MAX = 292
B   0 771   72 -215
B  10 7720   72 -215
B  20 7658   72 -215
B  30 7584   72 -215
B  40 7573   72 -215
B  50 7595   72 -214
B  60 7363   72 -214
B  70 7353   72 -214
B  80 7309   72 -212
B  90 7317   72 -205
B 101 7284   72 -196
B 111 7224   72 -185
B 121 7184   72 -174
B 133 7044   72 -162
B 144 7064   72 -150
B 154 7172   72 -137
B 164 7274   72 -125
B 174 7271   72 -112
B 184 7311   72  -97
B 194 7319   72  -82
B 204 7328   72  -68
B 215 7304   72  -52
B 225 7336   72  -49
B 235 7282   72  -49
B 245 7223   72  -49
B 255 7233   72  -49
B 265 7222   72  -49
B 275 7146   72  -49
B 285 6894   72  -49
B 295 6892   72  -49
B 306 6927   72  -49
B 317 6927   72  -49
B 329 6928   72  -49
B 340 6930   72  -49
B 350 6930   72  -49
B 360 6893   72  -49
B 370 6892   72  -49
B 380 6887   72  -49
B 390 6855   72  -49
B 400 6856   72  -49
B 410 6856   72  -49
B 420 6887   72  -49
B 430 6889   72  -49
B 441 6852   72  -49
B 451 6884   72  -49
B 461 6887   72  -49
B 471 6887   72  -49
B 481 6886   72  -49
B 491 6884   72  -49
B 501 6883   72  -49
B 511 6883   72  -49
B 521 6882   72  -49
B 531 6883   72  -49
B 541 6849   72  -49
B 551 6852   72  -49
B 561 6851   72  -49
B 571 6886   72  -49
B 581 6886   72  -49
B 591 6887   72  -49
pull bail out
push -49 -10
push out at target
B 601 6889   82  -49
B 611 6890   82  -49
B 621 6889   82  -49
B 631 6887   82  -49
B 641 6845   82  -49
B 651 6792   82  -49
B 661 6782   82  -49
B 671 6781   82  -49
B 681 6671   10  -49
B 691 6671   10  -49
B 701 6668   10  -49
B 711 6832   10  -49
B 721 6925   10  -49
B 733 6977   10  -49
B 744 7000   10  -49
B 755 7544   10  -49
B 765 7583   10  -49
B 776 7587   10  -49
pb end 
SSS vs= 1.04  t=  292
%P VOLT1   = 7505
%P VOLT2   = 7944
%P S2_SC   =  1.04
%P L_ANG_MAX = 292
B   0 768   72   -2
B  10 7680   72   -2
B  20 7680   72   -2
B  30 7592   72   -2
B  40 7571   72   -2
B  50 7590   72   -2
B  60 7256   72   -2
B  70 7274   72   -2
B  80 7291   72   -2
B  90 7362   72   -2
B 100 7333   72    5
B 111 7315   72   15
B 121 7256   72   25
B 132 7114   72   36
B 143 7145   72   46
B 153 7055   72   56
B 163 7122   70   65
B 173 7110   65   76
B 183 7245   60   87
B 193 7267   55   98
B 203 7284   50  109
B 213 7276   44  121
B 223 7334   38  133
B 234 7351   33  145
B 245 7440   31  158
B 255 7448   31  170
B 265 7461   31  181
*** dt = 45 , A = 183 , rpm = 381 
B 275 7536   31  192
B 285 7540   31  201
B 297 7577   31  213
B 307 7577   31  222
pull out 227
B 318 7612 -104  232
B 329 7612 -104  240
B 340 7612 -104  250
B 351 7467 -104  258
B 362 7382 -104  263
B 372 7412 -104  270
B 382 7460 -104  276
B 392 6938 -104  280
B 402 7159 -104  284
B 412 7083 -104  285
*** amax = 285  vhit = 103
B 422 7145 -107  284
B 432 7165 -107  284
B 442 7145 -107  275
B 452 6940 -107  262
B 462 6769 -107  247
B 472 6836 -107  232
B 482 6822 -107  215
B 492 6968 -107  196
B 502 6983 -107  179
B 513 7162 -107  156
B 523 7234 -107  134
B 533 7238 -107  112
B 543 7285 -107   88
B 553 7299 -107   64
B 563 7313 -107   38
B 573 7357 -107   14
push -11 -10
push out at target
B 583 7364   83  -12
B 593 7364   83  -24
B 603 7399   83  -36
B 613 7361   83  -50
B 623 7296   83  -66
B 633 7319   83  -80
B 643 7262   83  -96
B 653 7305   83 -112
B 664 6929   83 -129
B 674 7044   83 -142
B 684 6954   83 -148
B 694 7120   41 -149
B 704 7099    0 -149
B 714 7302   10 -144
B 724 7049   10 -132
B 734 7016   10 -124
B 744 7039   10 -110
B 754 7615   10  -98
B 764 7622   10  -86
B 774 7625   10  -73
B 785 7628   10  -61
B 796 7631   10  -50
pb end 
SSS vs= 1.04  t=  292
%P VOLT1   = 7564
%P VOLT2   = 7944
%P S2_SC   =  1.04
%P L_ANG_MAX = 292
B   0 771   72   10
B  10 7716   72   10
B  21 7588   72   10
B  31 7563   72   10
B  41 7559   72   10
B  51 7513   72   11
B  61 7493   72   11
B  71 7213   72   14
B  81 7154   72   22
B  91 7158   72   30
B 101 7069   72   38
B 111 7050   72   47
B 121 7060   72   56
B 131 7137   71   65
B 141 7169   66   75
B 151 7169   61   85
B 161 7220   56   96
B 171 7235   51  107
B 181 7268   45  118
B 191 7291   40  130
B 201 7350   35  142
B 211 7365   31  153
B 221 7487   31  164
B 231 7458   31  175
*** dt = 49 , A = 183 , rpm = 364 
B 241 7467   31  186
B 251 7576   31  196
B 261 7612   31  206
B 272 7612   31  215
B 282 7614   31  224
pull out 228
B 293 7614 -103  233
B 303 7513 -103  241
B 314 7384 -103  246
B 324 7394 -103  253
B 334 7442 -103  260
B 344 7457 -103  265
B 355 7164 -103  269
B 366 7198 -103  271
*** amax = 271  vhit = 110
B 376 7082 -114  271
B 386 7168 -114  270
B 397 7073 -114  259
B 407 7082 -114  244
B 418 6742 -114  228
B 428 6775 -114  212
B 438 6832 -114  194
B 449 6973 -114  176
B 459 7095 -114  154
B 469 7096 -114  134
B 479 7235 -114  112
B 490 7274 -114   87
B 501 7287 -114   60
B 512 7305 -114   34
B 522 7351 -114    8
push -13 -10
push out at target
B 532 7398   82  -16
B 543 7390   82  -28
B 554 7354   82  -41
B 564 7310   82  -55
B 574 7343   82  -68
B 584 7391   82  -82
B 595 6938   82  -97
B 606 7109   82 -112
B 616 7014   82 -122
B 627 7133   75 -126
B 637 7161   20 -126
B 647 7283   10 -126
B 657 7105   10 -118
B 667 6998   10 -104
B 678 7031   10  -93
B 688 7543   10  -80
B 699 7585   10  -67
B 711 7626   10  -52
B 721 7631   10  -38
B 732 7632   10  -25
pb end 
3x8_1 test-1 volt=0.78 ang= 216.0 rpm= 389 343.8 374.2 385.1 
3x8_1 test-2 volt=7.69 ang= 216.0 rpm= 389 344.8 376.6 391.3 
3x8_1 test-3 volt=7.68 ang= 220.0 rpm= 387 346.2 375.0 383.7 
3x8_1 test-4 volt=7.68 ang= 223.0 rpm= 387 350.7 376.7 396.6 
3x8_1 test-5 volt=7.68 ang= 229.0 rpm= 396 355.7 384.5 400.0 
3x8_1 test-6 volt=7.68 ang= 220.0 rpm= 388 347.2 374.1 380.2 
3x8_1 test-7 volt=7.67 ang= 219.0 rpm= 382 342.2 370.4 388.2 
3x8_1 test-8 volt=7.67 ang= 215.0 rpm= 383 340.2 369.3 386.9 
3x8_1 test-9 volt=7.63 ang= 224.0 rpm= 33 349.7 373.8 383.3 
3x8_1 test-10 volt=7.67 ang= 230.0 rpm= 388 352.5 377.9 383.3 
3x8_1 test-11 volt=7.63 ang= 230.0 rpm= 391 352.9 376.1 389.9 
3x8_1 test-12 volt=7.67 ang= 231.0 rpm= 386 352.9 373.4 386.9 
3x8_1 test-13 volt=7.63 ang= 231.0 rpm= 393 354.9 381.4 393.8 
3x8_1 test-14 volt=7.67 ang= 238.0 rpm= 393 360.4 382.9 400.7 
3x8_1 test-15 volt=7.63 ang= 231.0 rpm= 388 349.9 375.8 390.2 
3x8_1 test-16 volt=7.63 ang= 229.0 rpm= 388 349.9 375.8 390.2 
3x8_1 test-17 volt=7.63 ang= 226.0 rpm= 31 347.5 372.9 383.0 
3x8_1 test-18 volt=7.63 ang= 248.0 rpm= 400 365.7 389.4 397.7 
3x8_1 test-19 volt=7.63 ang= 232.0 rpm= 388 351.0 376.1 386.9 
3x8_1 test-20 volt=7.63 ang= 228.0 rpm= 385 348.2 372.7 386.0 
3x8_1 test-21 volt=7.63 ang= 242.0 rpm= 394 360.0 384.1 395.0 
3x8_1 test-22 volt=7.63 ang= 240.0 rpm= 390 355.7 380.2 391.3 
3x8_1 test-23 volt=7.62 ang= 231.0 rpm= 373 338.5 362.2 366.7 
3x8_1 test-24 volt=7.63 ang= 224.0 rpm= 365 326.3 349.1 358.7 
3x8_1 test-25 volt=7.63 ang= 252.0 rpm= 30 353.0 373.3 383.3 
3x8_1 test-26 volt=7.63 ang= 264.0 rpm= 350 324.1 339.8 346.5 
3x8_1 test-27 volt=7.63 ang= 282.0 rpm= 373 344.8 358.6 368.0 
3x8_1 test-28 volt=7.63 ang= 303.0 rpm= 360 329.7 346.9 358.0 
3x8_1 test-29 volt=7.63 ang= 395.0 rpm= 353 342.6 351.8 351.1 