  0 827   67    0
 11 8277   67    0
 21 8216   67    0
 31 8147   67    0
 41 8148   67    0
 51 8169   67    0
 61 8185   67    0
 71 7981   67    0
 81 7965   67    0
 91 7940   67    3
101 7954   67   12
111 7930   67   21
121 7870   67   31
131 7616   67   41
141 7645   67   51
151 7626   67   61
161 7735   56   70
171 7724   41   80
181 7825   28   91
191 7891   28  102
201 7923   28  114
211 7944   28  125
221 8131   28  134
231 8137   28  144
241 8104  -96  154
251 8176  -96  164
262 8178  -96  173
273 8085  -96  184
283 7919  -96  189
294 7926  -96  197
305 7982  -96  204
316 7339  -96  209
326 7564  -96  212
336 7486  -96  212
346 7634  -96  212
357 7684  -95  208
367 7669  -95  195
377 7382  -95  180
387 7271  -95  163
397 7343  -95  145
408 7329  -95  126
418 7456  -95  107
428 7464  -95   85
438 7710  -95   63
448 7780  -95   39
458 7792  -95   15
468 7807  -95   -9
478 7815   77  -20
488 7756   77  -33
498 7723   77  -46
508 7799   77  -57
518 7846   77  -71
528 7820   77  -85
538 7768   77  -99
548 7698   77 -109
558 7705   70 -115
568 7792   38 -115
578 7813    9 -115
589 7770    9 -109
599 7562    9  -96
609 7689    9  -83
619 7706    9  -72
630 8145    9  -57
642 8186    9  -41
652 8189    9  -27
663 8192    9  -12
99999 0 0 0 
  0 827   67    1
 10 8273   67    1
 21 8274   67    1
 31 8175   67    1
 41 8136   67    1
 51 8153   67    1
 61 8168   67    1
 71 7808   67    1
 81 7864   67    7
 91 7805   67   15
101 7709   67   24
111 7654   67   33
121 7687   67   42
131 7647   67   51
141 7696   66   61
151 7694   50   71
161 7825   31   81
171 7804   29   93
181 7849   29  105
191 7915   29  117
201 7903   29  128
211 7913   29  139
221 8062  -96  148
231 7931  -96  158
241 7878  -96  168
252 7918  -96  177
263 8018  -96  186
273 8046  -96  193
284 7507  -96  196
294 7566  -96  196
306 7605  -99  195
316 7587  -99  182
326 7391  -99  167
336 7096  -99  150
346 7167  -99  134
357 7274  -99  115
367 7530  -99   95
377 7539  -99   74
387 7641  -99   52
398 7746  -99   29
409 7748  -99    2
419 7800   77  -16
429 7787   77  -27
439 7747   77  -40
449 7715   77  -55
459 7753   77  -67
469 7800   77  -82
479 7777   77  -98
490 7643   77 -113
501 7696   77 -126
511 7607   77 -131
521 7739   30 -131
531 7702    9 -131
541 7834    9 -124
551 7527    9 -111
561 7540    9  -99
571 7563    9  -86
581 8070    9  -73
591 8148    9  -59
602 8151    9  -45
613 8187    9  -30
99999 0 0 0 
  0 823   67    7
 10 8236   67    7
 20 8236   67    7
 30 8132   67    7
 40 8134   67    7
 50 8106   67    7
 60 8103   67    7
 70 7757   67    7
 80 7820   67   11
 90 7790   67   20
100 7784   67   29
110 7634   67   37
120 7662   67   47
130 7612   67   56
140 7759   59   66
150 7753   40   77
160 7762   29   88
171 7865   29  100
181 7909   29  113
191 7896   29  124
201 7910   29  135
212 7916  -97  145
223 8057  -97  156
233 7885  -97  166
244 7884  -97  176
254 7932  -97  185
264 7323  -97  192
274 7549  -97  197
284 7454  -97  199
294 7625  -97  199
304 7610  -98  198
314 7591  -98  185
324 7253  -98  170
334 7137  -98  154
344 7214  -98  137
354 7275  -98  119
364 7453  -98  101
374 7464  -98   80
384 7707  -98   59
395 7739  -98   34
406 7743  -98    7
417 7763   77  -15
427 7792   77  -26
439 7734   77  -41
449 7680   77  -56
459 7761   77  -69
469 7702   77  -84
479 7743   77 -100
489 7500   77 -113
499 7736   77 -125
509 7643   77 -130
519 7702   30 -131
529 7551    0 -130
539 7693    9 -123
549 7558    9 -111
559 7542    9  -98
569 7563    9  -87
579 7998    9  -73
589 8182    9  -59
599 8183    9  -47
609 8187    9  -33
619 8189    9  -20
99999 0 0 0 
  0 823   67    7
 10 8233   67    7
 20 8111   67    8
 31 8094   67    8
 41 8106   67    8
 52 8090   67    8
 64 7822   67    8
 74 7790   67   16
 84 7785   67   25
 95 7668   67   35
105 7702   67   45
115 7615   67   54
125 7692   59   64
135 7686   32   74
145 7720   29   85
155 7800   29   97
165 7867   29  110
176 7930   29  122
186 7909  -97  133
197 7916  -97  143
208 8096  -97  155
218 7910  -97  165
229 7874  -97  176
240 7924  -97  185
250 7878  -97  193
260 7396  -97  199
270 7309  -97  201
280 7520  -97  201
291 7610  -94  200
301 7591  -94  188
311 7325  -94  172
321 7098  -94  157
331 7176  -94  138
341 7275  -94  120
351 7382  -94  101
361 7393  -94   82
371 7675  -94   58
381 7741  -94   37
391 7743  -94   12
401 7762   77  -11
412 7763   77  -23
424 7756   77  -39
434 7677   77  -53
444 7746   77  -67
455 7728   77  -83
465 7776   77  -99
476 7601   77 -115
486 7659   77 -127
496 7568   77 -132
506 7698   30 -133
516 7649    0 -133
527 7800    9 -127
537 7493    9 -113
548 7542    9 -100
560 8062    9  -87
570 8072    9  -73
581 8146    9  -58
592 8185    9  -44
602 8186    9  -31
612 8186    9  -17
99999 0 0 0 
  0 823   68    8
 10 8233   68    8
 20 8126   68    8
 30 8092   68    8
 40 8097   68    8
 50 8097   68    8
 60 7713   68    9
 71 7771   68   11
 83 7703   68   21
 93 7716   68   30
103 7675   68   40
113 7594   68   50
123 7610   68   59
133 7644   43   69
143 7782   29   80
153 7782   29   91
163 7835   29  104
173 7877   29  115
183 7899   29  128
194 7873  -97  139
205 8090  -97  150
217 7983  -97  163
227 7867  -97  173
237 7893  -97  183
247 7949  -97  191
257 7998  -97  197
267 7584  -97  202
277 7605  -97  203
287 7529  -97  203
297 7528  -93  197
308 7352  -93  183
319 7396  -93  167
329 7145  -93  149
339 7214  -93  131
349 7254  -93  113
360 7525  -93   92
371 7634  -93   69
382 7738  -93   43
392 7739  -93   19
402 7757  -93   -7
412 7767   77  -18
422 7742   77  -29
432 7705   77  -43
442 7762   77  -58
452 7806   77  -69
462 7751   77  -85
472 7645   77 -100
482 7625   77 -114
492 7676   77 -123
502 7737   62 -127
512 7698   22 -127
523 7689    9 -127
533 7274    9 -114
544 7407    9  -99
555 7525    9  -85
565 7765    9  -71
577 8100    9  -53
588 8107    9  -37
599 8146    9  -21
609 8148    9   -6
99999 0 0 0 
  0 823   68    3
 10 8233   68    3
 20 8231   68    3
 30 8143   68    3
 40 8090   68    3
 50 8098   68    3
 60 8101   68    3
 70 7783   68    3
 80 7730   68    7
 90 7737   68   15
100 7706   68   24
110 7727   68   33
120 7652   68   43
130 7566   68   53
140 7571   55   63
150 7675   29   73
160 7805   29   84
170 7840   29   96
180 7896   29  106
190 8083   29  117
201 8089  -97  126
212 8058  -97  137
222 8128  -97  146
232 7906  -97  155
242 7865  -97  163
252 7909  -97  171
262 7969  -97  177
272 7299  -97  183
283 7611  -97  185
295 7610  -97  185
306 7541  -97  185
317 7519  -97  173
328 7335  -97  156
340 7089  -97  137
350 7156  -97  121
361 7246  -97  101
372 7555  -97   79
384 7665  -97   53
395 7661  -97   30
405 7735  -97    7
415 7715   77  -13
426 7705   77  -24
437 7692   77  -38
447 7702   77  -53
457 7739   77  -65
467 7723   77  -81
478 7663   77  -97
490 7737   77 -115
501 7642   77 -127
511 7665   77 -131
521 7691   22 -131
532 7761    9 -131
542 7689    9 -121
553 7476    9 -108
564 7515    9  -95
575 7530    9  -81
585 8104    9  -67
596 8144    9  -53
606 8145    9  -39
616 8146    9  -27
99999 0 0 0 
  0 823   68    8
 10 8231   68    8
 20 8231   68    8
 30 8117   68    8
 40 8089   68    8
 50 8092   68    8
 60 8075   68    8
 70 7711   68    8
 81 7737   68   13
 92 7730   68   22
102 7723   68   32
112 7613   68   41
122 7637   68   50
132 7610   68   60
142 7638   29   71
152 7666   29   81
162 7820   29   93
172 7884   39  104
182 7900   39  115
192 8087   39  124
202 8079  -97  134
212 7865  -97  143
222 7874  -97  153
232 7887  -97  162
242 7941  -97  169
252 7399  -97  175
262 7534  -97  177
272 7417  -97  177
282 7609  -97  177
292 7517 -101  169
302 7522 -101  154
312 7180 -101  139
322 7146 -101  122
332 7209 -101  106
342 7330 -101   87
352 7487 -101   67
362 7487 -101   47
372 7693 -101   25
382 7732 -101    1
392 7741   77  -15
402 7710   77  -24
412 7627   77  -36
422 7665   77  -46
432 7756   77  -56
442 7377   77  -68
452 7406   77  -79
462 7689   77  -89
472 7695   70  -95
482 7634   38  -95
492 7772    9  -95
502 7811    9  -91
512 7875    9  -79
522 7551    9  -71
532 8025    9  -58
542 8033    9  -45
552 8144    9  -32
562 8145    9  -19
572 8148    9   -7
99999 0 0 0 
582 8186    0    5
592 8183    0   17
602 8186    0   26
612 8186    0   33
622 7940    0   38
632 7938    0   41
642 8081    0   44
652 8118    0   45
662 8118    0   46
672 8118    0   46
682 8154    0   46
692 8155    0   46
702 8151    0   46
712 8155    0   46
722 8154    0   46
732 8154    0   46
742 8192    0   46
752 8192    0   46
762 8155    0   46
772 8154    0   45
782 8155    0   43
792 8118    0   41
802 8084    0   39
812 8086    0   36
822 8155    0   33
832 8156    0   30
842 8154    0   27
852 8190    0   24
862 8156    0   21
872 8155    0   18
882 8155    0   15
892 8193    0   13
902 8190    0   10
912 8190    0    8
922 8190    0    6
932 8192    0    4
942 8190    0    3
952 8190    0    1
962 8192    0    1
972 8013    0    1
982 8086    0    1
992 8084    0    1
1002 8121    0    1
1012 8155    0    1
1022 8156    0    1
1032 8156    0    1
1042 8156    0    1
1052 8155    0    1
1062 8190    0    1
1072 8192    0    1
1084 8193   68    1
1094 8189   68    1
1104 8147   68    1
1114 8060   68    1
1124 8056   68    1
1134 8071   68    1
1144 7752   68    2
1154 7710   68    7
1164 7689   68   14
1174 7702   68   23
1184 7705   68   32
1194 7627   68   41
1204 7587   68   51
1214 7606   68   60
1224 7607   33   71
1234 7731   29   81
1244 7747   29   93
1254 7860   29  104
1264 7957   35  116
1274 7970   35  126
1284 7977   35  135
1294 8082  -97  145
1304 7974  -97  155
1314 7827  -97  165
1324 7833  -97  173
1334 7887  -97  181
1344 7378  -97  188
1354 7612  -97  193
1364 7537  -97  195
1374 7563  -97  195
1384 7544  -97  195
1394 7520  -98  183
1404 7352  -98  168
1414 7090  -98  152
1424 7160  -98  136
1434 7226  -98  118
1444 7477  -98   99
1454 7491  -98   80
1464 7630  -98   58
1474 7728  -98   36
1484 7734  -98   13
1494 7746   78  -11
1504 7755   78  -22
1514 7727   78  -33
1524 7637   78  -48
1534 7691   78  -61
1544 7737   78  -75
1554 7679   78  -90
1564 7639   78 -105
1574 7584   78 -119
1584 7633   78 -126
1594 7710   46 -127
1604 7679    0 -127
1614 7668    9 -125
1624 7391    9 -112
1634 7487    9  -99
1644 7463    9  -87
1654 7876    9  -72
1664 7885    9  -58
1674 8103    9  -43
1684 8142    9  -29
1694 8146    9  -15
99999 0 0 0 
1704 8145    0   -1
1714 8146    0   12
1724 8145    0   23
1734 8149    0   31
1744 8185    0   37
1754 8185    0   41
1764 8186    0   45
1774 8008    0   47
1784 8008    0   49
1794 8043    0   49
1804 8117    0   50
1814 8114    0   53
1824 8115    0   53
1834 8115    0   53
1844 8117    0   53
1854 8117    0   53
1864 8113    0   53
1874 8115    0   53
1884 8152    0   53
1894 8151    0   53
1904 8151    0   53
1914 8154    0   53
1924 8152    0   53
1934 8151    0   53
1944 8187    0   52
1954 8046    0   49
1964 8046    0   46
1974 8045    0   43
1984 8081    0   40
1994 8083    0   36
2004 8117    0   33
2014 8187    0   29
2024 8189    0   25
2034 8151    0   21
2044 8118    0   18
2054 8117    0   16
2064 8154    0   13
2074 7904    0   11
2084 7906    0    9
2094 7940    0    8
2104 8083    0    7
2114 8081    0    6
2124 8117    0    5
2134 8154    0    5
2144 8155    0    5
2154 8154    0    5
2164 8154    0    5
2174 8154    0    5
2184 8154    0    5
2194 8154    0    5
2204 8152    0    5
2214 8152   68    5
2224 8058   68    5
2234 8016   68    5
2244 8015   68    6
2254 7612   68    6
2264 7573   68    6
2274 7596   68    9
2284 7715   68   17
2294 7723   68   26
2304 7755   68   36
2314 7646   68   45
2324 7668   68   55
2334 7610   56   65
2344 7676   29   76
2354 7672   29   87
2364 7683   29   99
2374 7784   29  111
2384 7812   29  123
2394 7862   29  134
2404 8046  -98  145
2414 8049  -98  156
2424 7896  -98  166
2434 7831  -98  176
2444 7865  -98  185
2454 7918  -98  193
2464 7460  -98  201
2474 7409  -98  204
2484 7469  -98  204
2494 7583  -98  204
2504 7558  -97  197
2514 7457  -97  183
2524 7075  -97  167
2534 7142  -97  151
2544 7205  -97  133
2554 7354  -97  115
2564 7375  -97   95
2574 7553  -97   75
2584 7729  -97   53
2594 7727  -97   29
2604 7741  -97    5
2614 7759   78  -14
2624 7755   78  -25
2634 7703   78  -38
2644 7672   78  -52
2654 7706   78  -63
2664 7755   78  -79
2674 7408   78  -94
2684 7427   78 -108
2694 7559   78 -119
2704 7680   78 -125
2714 7637   38 -125
2724 7689    9 -125
2734 7325    9 -118
2744 7412    9 -103
2754 7416    9  -88
2764 7515    9  -76
2774 7546    9  -60
2784 7524    9  -45
2794 8097    9  -29
2804 8103    9  -14
99999 0 0 0 
2814 8104    0    1
2824 8144    0   15
2834 8142    0   27
2844 8142    0   37
2854 8146    0   43
2864 8146    0   48
2874 8145    0   52
2884 8146    0   54
2894 8146    0   56
2904 8182    0   57
2914 8182    0   58
2924 8185    0   60
2934 8182    0   60
2944 8185    0   60
2954 8183    0   60
2964 8185    0   60
2974 8183    0   60
2984 8183    0   60
2994 8183    0   60
3004 8185    0   60
3014 8185    0   60
3024 8183    0   60
3034 8186    0   60
3044 8179    0   60
3054 8185    0   60
3064 8185    0   58
3074 8185    0   55
3084 8186    0   52
3094 8185    0   49
3104 8185    0   45
3114 8185    0   41
3124 8185    0   37
3134 8185    0   33
3144 8186    0   30
3154 8185    0   26
3164 8186    0   22
3174 8186    0   19
3184 8183    0   16
3194 8185    0   13
3204 8186    0   10
3214 8186    0    8
3224 8186    0    6
3234 8185    0    5
3244 8186    0    3
3254 8186    0    2
3264 8185    0    2
3274 8187    0    1
3284 8187    0    1
3294 8186    0    1
3304 8186    0    1
3314 8186   68    1
3324 8183   68    1
3334 8178   68    1
3344 8065   68    2
3354 8053   68    2
3365 8059   68    2
3375 8035   68    2
3385 7701   68    4
3395 7741   68   12
3405 7736   68   21
3415 7723   68   30
3425 7681   68   40
3435 7699   68   49
3445 7604   68   60
3455 7641   42   71
3465 7663   29   81
3475 7797   29   93
3485 7831   29  105
3495 7853   29  117
3505 8004   29  128
3515 7976   29  137
3525 7978    9  147
3535 8086    9  157
3545 8087    9  168
3555 8097    9  177
3565 8104    9  186
3575 8144    9  195
3585 8145    9  202
3596 8179    9  209
3606 8183    9  216
3617 8183    9  221
3627 8183    9  226
3637 8182    9  231
3647 8183    9  234
3657 8183    9  237
3668 8183    9  240
3679 8182    8  242
3689 8185    8  244
3699 8185    8  244
3709 8183    8  245
3719 8185    8  245
3730 8183    8  245
3740 8185    8  245
3750 8183    8  245
3760 8182    8  245
3770 8183    8  245
3780 8183    8  245
3790 8185    8  245
3800 8185    8  245
3810 8183    8  243
3820 8183    8  241
3830 8183    8  239
3840 8183    8  237
3850 8185    8  236
3860 8183    8  234
3870 8185    8  232
3880 8185    8  230
3890 8183    8  228
3900 8183    8  226
3910 8185    8  224
3920 8185    8  221
3930 8185    8  220
3940 8185    8  217
3950 8185    8  216
3960 8186    8  213
3970 8186    8  211
3980 8185    8  209
3990 8186    8  207
4000 8186    8  205
4010 8185    8  203
4020 8183    8  201
4030 8185    8  199
4040 8185    8  197
4050 8187    8  195
4061 8185    8  193
4072 8185    8  191
4082 8186    8  189
4093 8185    8  187
4104 8185    8  184
4114 8186    8  182
4124 8185    8  180
4135 8187    8  177
4146 8186    8  176
4156 8185    8  173
4167 8185    8  172
4178 8187    8  169
4189 8186    8  168
4200 8186    8  166
4210 8185    8  165
4220 8186    8  163
4230 8185    8  161
4240 8186    8  160
4250 8186    8  159
4260 8187    8  157
4270 8186    8  156
4281 8185    8  155
4291 8186    8  153
4302 8186    8  153
4312 8185    8  151
4322 8185    8  151
4332 8186    8  149
4342 8186    8  149
4352 8186    8  148
4362 8186    8  148
4372 8186    8  147
4382 8183    8  147
4392 8186    8  146
4402 8186    8  146
4412 8186    8  146
4422 8187    8  146
4432 8186    8  146
4442 8186    8  146
4452 8187    8  146
4462 8186    8  146
4472 8186    8  146
4482 8186    8  146
4492 8186    8  146
4504 8186    8  146
4514 8186    8  146
4524 8186    8  146
4534 8187    8  146
4544 8187    8  146
4554 8186    8  146
4564 8186    8  146
4574 8186    8  146
4584 8186    8  146
4595 8187    8  146
4605 8186    8  146
4615 8186    8  146
4625 8186    8  146
4636 8187    8  146
4646 8187    8  146
4656 8186    8  146
4666 8186    8  146
4677 8187    8  146
4688 8185    8  146
4699 8186    8  146
4709 8186    8  146
4720 8186    8  146
4731 8186    8  146
4741 8185    8  146
4751 8186    8  146
4761 8187    8  146
4771 8187    8  146
4781 8186    8  146
4791 8186    8  146
4802 8187    8  146
4813 8187    8  146
4824 8183    8  146
4834 8187    8  146
4844 8187    8  146
4854 8186    8  146
4864 8186    8  146
4874 8187    8  146
4884 8186    8  146
4894 8186    8  146
4904 8186    8  146
4914 8187    8  146
4924 8187    8  146
4934 8186    8  146
4944 8186    8  146
4954 8189    8  146
4964 8187    8  146
4974 8186    8  146
4984 8187    8  146
4994 8187    8  146
5004 8187    8  146
5014 8187    8  146
5024 8186    8  146
5034 8187    8  146
5044 8187    8  146
5054 8189    8  146
5064 8186    8  146
5074 8186    8  146
5084 8187    8  146
5094 8187    8  146
5105 8187    8  146
5115 8189    8  146
5125 8187    8  146
5136 8187    8  146
5146 8187    8  146
5156 8187    8  146
5166 8187    8  146
5176 8187    8  146
5186 8186    8  146
5196 8187    8  146
5206 8186    8  146
5216 8187    8  146
5226 8186    8  146
5236 8187    8  146
5246 8189    8  146
5256 8186    8  146
5266 8187    8  146
5277 8189    8  146
5287 8187    8  146
5297 8186    8  146
5307 8189    8  146
5317 8187    8  146
5327 8187    8  146
5337 8187    8  146
5347 8187    8  146
5357 8187    8  146
5367 8187    8  146
5377 8189    8  146
5387 8186    8  146
5397 8189    8  146
5407 8186    8  146
5417 8187    8  146
5427 8187    8  146
5437 8186    8  146
5447 8187    8  146
5457 8189    8  146
5467 8187    8  146
5477 8189    8  146
5488 8186    8  146
5499 8187    8  146
5509 8187    8  146
5519 8186  -20  146
5529 8187  -20  146
5539 8181  -20  146
5549 8176  -20  146
5559 8176  -20  145
5569 8175    0  145
5579 8176    0  144
5589 8181    0  143
5599 8185    0  142
5609 8189    0  140
5619 8190    0  138
5629 8189    0  137
5639 8189    0  134
5649 8189    0  131
5659 8189    0  129
5669 8192    0  125
5679 8190    0  122
5689 8189    0  118
5699 8189    0  114
5709 8190    0  110
5719 8189    0  105
5729 8189    0  100
5739 8189    0   94
5749 8189    0   88
5759 8189    0   82
5769 8190    0   76
5779 8189    0   69
5789 8189    0   65
5799 8190    0   61
5809 8193    0   57
5819 8190    0   54
5829 8190    0   51
5839 8190    0   47
5849 8189    0   44
5859 8190    0   40
5869 8190    0   36
5879 8190    0   32
5889 8189    0   27
5899 8190    0   23
5909 8190    0   18
5919 8189    0   14
5929 8190    0    9
5939 8190    0    5
5949 8190    0    1
5959 8190    0   -2
5969 8189    0   -5
5979 8190    0   -8
5989 8190    0  -11
5999 8190    0  -13
6009 8190    0  -15
6019 8190    0  -17
6029 8190    0  -18
6039 8190    0  -19
6049 8190    0  -19
6059 8190   68  -19
6069 8190   68  -20
6079 8069   68  -20
6089 8049   68  -20
6099 8060   68  -20
6109 7703   68  -19
6119 7671   68  -19
6129 7734   68  -14
6139 7714   68   -3
6149 7726   68    8
6159 7685   68   19
6169 7608   68   30
6179 7626   68   41
6189 7697   68   53
6199 7794   56   65
6209 7783   29   78
6219 7800   29   91
6229 7817   29  105
6239 7858   29  118
6249 7888   29  131
6259 7936    9  145
6269 7944    9  157
6279 8101    9  168
6289 8110    9  180
6299 8110    9  191
6309 8113    9  201
6319 8185    9  212
6329 8183    9  221
6339 8185    9  229
6349 8186    9  237
6359 8185    9  244
6369 8185    9  251
6379 8185    9  257
6389 8189    9  263
6399 8186    9  268
6409 8186    9  272
6420 8186    8  276
6430 8186    8  280
6440 8186    8  283
6451 8186    8  285
6461 8185    8  287
6471 8186    8  288
6481 8187    8  289
6491 8186    8  290
6502 8186    8  291
6512 8187    8  291
6522 8186    8  291
6532 8185    8  291
6542 8186    8  291
6553 8187    8  291
6563 8187    8  291
6574 8187    8  291
6584 8187    8  291
6595 8187    8  291
6605 8187    8  291
6615 8187    8  290
6625 8187    8  290
6635 8187    8  289
6645 8186    8  289
6655 8186    8  290
6665 8186    8  289
6675 8187    8  289
6685 8187    8  289
6696 8185    8  289
6706 8187    8  289
6716 8186    8  288
6727 8187    8  287
6737 8189  -97  286
6747 8189  -73  285
6757 8103  -73  285
6767 7983  -73  284
6777 8013  -73  283
6787 8066  -73  281
6797 8098  -73  280
6807 7621  -73  275
6817 7871  -73  272
6827 7835  -73  267
6837 7853  -73  258
6847 7861  -73  247
6857 7840  -73  233
6867 7801  -73  218
6877 7745  -73  201
6887 7792  -73  185
6897 7684  -73  166
6907 7775  -73  147
6917 7780  -73  127
6927 7853  -73  107
6937 7883  -73   85
6947 7883  -73   62
6957 7924  -73   39
6967 7966  -73   17
6977 7970  -73   -7
6987 7976   78  -19
6997 7958   78  -31
7007 7905   78  -43
7017 7842   78  -57
7027 7866   78  -68
7037 7911   78  -83
7047 7807   78  -97
7057 7499   78 -111
7067 7414   78 -122
7077 7605   78 -127
7088 7664   30 -127
7099 7563    9 -127
7109 7691    9 -117
7119 7594    9 -103
7129 7536    9  -90
7139 7556    9  -78
7149 7991    9  -63
7159 8140    9  -49
7169 8141    9  -35
7179 8140    9  -21
99999 0 0 0 
7189 8145    0   -7
7199 8145    0    5
7209 8146    0   17
7219 8183    0   26
7229 8183    0   32
7239 8185    0   37
7249 8185    0   41
7259 8185    0   43
7269 8185    0   45
7279 8186    0   45
7289 8185    0   46
7299 8185    0   49
7309 8182    0   49
7319 8186    0   49
7329 8185    0   49
7339 8186    0   49
7349 8186    0   49
7359 8186    0   49
7369 8186    0   49
7379 8186    0   49
7389 8186    0   49
7399 8186    0   49
7409 8187    0   49
7419 8186    0   49
7429 8187    0   48
7439 8186    0   45
7449 8186    0   42
7459 8186    0   39
7469 8186    0   37
7479 8187    0   33
7489 8186    0   29
7499 8186    0   26
7509 8186    0   23
7519 8186    0   19
7529 8186    0   17
7539 8187    0   14
7549 8187    0   11
7559 8186    0    9
7569 8186    0    7
7579 8186    0    6
7589 8192    0    5
7599 8187    0    5
7609 8189    0    5
7619 8187    0    5
7629 8189    0    5
7639 8186    0    5
7649 8187    0    5
7659 8187    0    5
7669 8189    0    5
7679 8187    0    5
7689 8189   68    5
7699 8187   68    5
7709 8165   68    5
7719 8057   68    5
7729 8043   68    5
7739 8046   68    5
7749 8020   68    5
7759 7726   68    8
7769 7694   68   15
7779 7764   68   24
7789 7712   68   33
7800 7744   68   43
7810 7661   68   53
7821 7638   61   64
7832 7637   32   76
7842 7637   29   88
7852 7746   29  100
7864 7823   29  114
7874 7848   29  126
7884 7861   29  137
7894 8045    9  147
7904 8048    9  159
7914 8096    9  169
7924 8103    9  179
7934 8108    9  189
7944 8145    9  197
7954 8145    9  205
7964 8146    9  213
7974 8182    9  220
7984 8185    9  225
7994 8182    9  231
8004 8183    9  236
8014 8183    9  241
8024 8182    9  245
8034 8183    9  248
8044 8183    9  251
8054 8183    8  253
8064 8183    8  254
8074 8185    8  255
8084 8185    8  256
8094 8185    8  256
8104 8185    8  256
8114 8185    8  256
8124 8183    8  256
8134 8185    8  256
8144 8185    8  256
8154 8185    8  256
8164 8185    8  256
8174 8185    8  256
8184 8185    8  256
8194 8185    8  256
8204 8185    8  256
8214 8185    8  255
8224 8185    8  253
8234 8185    8  253
8244 8186    8  251
8254 8186    8  249
8264 8186    8  248
8274 8185    8  246
8284 8186    8  245
8294 8186    8  243
8304 8186    8  241
8314 8185    8  240
8324 8186    8  237
8334 8181    8  236
8345 8182    8  233
8356 8185    8  232
8366 8185    8  229
8376 8185    8  228
8387 8183    8  225
8397 8185    8  224
8407 8186    8  221
8417 8185    8  220
8427 8185    8  217
8438 8185    8  216
8449 8186    8  213
8459 8185    8  211
8469 8185    8  209
8479 8187    8  207
8489 8185    8  205
8499 8185    8  203
8509 8185    8  201
8519 8186    8  199
8529 8185    8  197
8540 8222    8  195
8550 8222    8  193
8560 8186    8  192
8570 8186    8  189
8580 8186    8  188
8590 8186    8  185
8600 8186    8  184
8610 8186    8  181
8620 8185    8  179
8630 8186    8  177
8640 8186    8  176
8651 8186    8  173
8662 8186    8  172
8672 8186    8  170
8682 8186    8  169
8692 8186    8  167
8702 8187    8  165
8712 8186    8  164
8722 8186    8  162
8732 8186    8  161
8742 8187    8  159
8753 8187    8  158
8764 8186    8  157
8774 8186    8  155
8785 8185    8  154
8795 8186    8  153
8805 8186    8  152
8815 8186    8  151
8826 8186    8  149
8836 8186    8  149
8847 8222    8  148
8858 8186    8  147
8869 8186    8  146
8879 8186    8  145
8889 8186    8  145
8899 8186    8  145
8909 8186    8  145
8919 8187    8  144
8929 8186    8  144
8939 8186  -97  144
8949 8185  -97  144
8959 8003  -97  144
8969 7968 -123  143
8979 8000 -123  143
8989 7478 -123  142
8999 7512 -123  138
9009 7666 -123  135
9019 7865 -123  132
9029 7740 -123  125
9039 7722 -123  113
9049 7651 -123   98
9059 7678 -123   83
9069 7354 -123   65
9079 7357 -123   47
9089 7407 -123   29
9099 7506 -123    9
9109 7612 -123  -10
9119 7597   77  -19
9129 7640   77  -30
9139 7671   77  -43
9149 7709   77  -55
9159 7617   77  -68
9169 7413   77  -82
9179 7438   77  -95
9189 7687   77 -107
9199 7699   77 -113
9209 7645   38 -114
9219 7657    0 -114
9229 7621    9 -111
9239 7709    9  -99
9249 7537    9  -88
9259 8052    9  -76
9269 8062    9  -63
9279 8138    9  -51
9289 8142    9  -39
9299 8142    9  -26
9309 8141    9  -14
9319 8144    9   -3
99999 0 0 0 
9329 8145    0    6
9339 8145    0   14
9349 8145    0   19
9359 8146    0   23
9369 8183    0   26
9379 8185    0   28
9389 8183    0   29
9399 8183    0   30
9409 8185    0   30
9419 8183    0   33
9429 8183    0   33
9439 8185    0   33
9449 8183    0   33
9459 8185    0   33
9469 8185    0   33
9479 8185    0   33
9489 8183    0   33
9499 8186    0   33
9509 8185    0   33
9519 8183    0   33
9529 8187    0   33
9539 8183    0   33
9549 8186    0   33
9559 8185    0   32
9569 8185    0   29
9579 8185    0   27
9589 8186    0   25
9599 8185    0   22
9609 8185    0   21
9619 8185    0   18
9629 8186    0   16
9639 8186    0   14
9649 8186    0   13
9659 8185    0   11
9669 8186    0   10
9679 8186    0    9
9689 8186    0    9
9699 8187    0    8
9709 8186    0    8
9719 8186    0    8
9729 8220    0    8
9739 8186    0    8
9749 8186    0    8
9759 8185    0    8
9769 8187    0    8
9779 8186    0    8
9789 8185    0    8
9799 8186    0    8
9809 8182    0    8
9819 8187   68    8
9829 8186   68    8
9839 8186   68    8
9849 8187   68    8
9859 8065   68    8
9869 8045   68    8
9879 8045   68    8
9889 7676   68    9
9899 7648   68    9
9909 7747   68   13
9919 7737   68   21
9929 7751   68   30
9939 7596   68   39
9949 7546   68   48
9959 7556   68   57
9969 7630   55   67
9979 7699   35   79
9989 7698   29   89
9999 7774   29  101
10009 7781   29  113
10019 7809   29  125
10029 7823   29  137
10039 8044    9  147
10050 8050    9  158
10060 8101    9  169
10070 8104    9  180
10081 8107    9  189
10092 8145    9  198
10102 8181    9  207
10112 8183    9  213
10122 8183    9  220
10132 8182    9  225
10142 8182    9  231
10152 8181    9  235
10162 8181    9  240
10174 8182    9  244
10184 8182    9  247
10195 8183    9  249
10206 8182    8  252
10216 8183    8  253
10226 8182    8  253
10237 8182    8  253
10247 8181    8  253
10257 8183    8  253
10267 8183    8  253
10279 8185    8  253
10289 8182    8  253
10299 8185    8  253
10309 8183    8  253
10319 8183    8  253
10329 8183    8  253
10339 8183    8  253
10349 8183    8  253
10359 8183    8  253
10369 8185    8  252
10379 8185    8  251
10389 8183    8  249
10399 8183    8  247
10409 8185    8  245
10419 8183    8  244
10429 8185    8  242
10439 8185    8  241
10449 8183    8  239
10459 8185    8  237
10469 8183    8  235
10479 8183    8  233
10489 8183    8  232
10499 8185    8  229
10509 8183    8  228
10519 8185    8  225
10529 8185    8  224
10539 8185    8  221
10549 8183    8  220
10559 8185    8  217
10569 8183    8  216
10579 8185    8  213
10589 8183    8  211
10599 8185    8  209
10609 8183    8  207
10619 8185    8  205
10629 8185    8  203
10639 8186    8  201
10649 8183    8  199
10659 8185    8  197
10669 8185    8  195
10679 8185    8  193
10689 8185    8  191
10699 8186    8  189
10709 8185    8  187
10719 8185    8  185
10729 8183    8  183
10739 8185    8  181
10750 8185    8  179
10760 8185    8  177
10771 8185    8  175
10781 8185    8  173
10791 8185    8  171
10801 8186    8  169
10811 8185    8  168
10821 8183    8  166
10831 8185    8  165
10842 8185    8  163
10852 8185    8  161
10862 8185    8  160
10872 8185    8  158
10882 8186    8  157
10894 8187    8  156
10904 8183    8  154
10914 8185    8  153
10924 8185    8  152
10934 8186    8  151
10944 8185    8  150
10954 8186    8  149
10964 8185    8  149
10974 8185    8  147
10984 8185    8  147
10994 8185    8  146
11004 8185 -124  145
11014 8185 -124  145
11024 8077 -124  145
11034 7975 -124  144
11044 7986 -124  143
11054 8027 -124  142
11064 7498 -124  141
11074 7773 -124  135
11084 7762 -124  133
11094 7809 -124  126
11104 7764 -124  117
11114 7700 -124  103
11124 7657 -124   88
11134 7356 -124   71
11144 7428 -124   53
11154 7384 -124   34
11164 7498 -124   15
11174 7512 -124   -5
11184 7608   78  -17
11194 7710   78  -27
11204 7640   78  -41
11214 7641   78  -55
11224 7586   78  -67
11234 7634   78  -83
11244 7388   78  -96
11254 7717   78 -110
11264 7617   78 -119
11274 7651   63 -122
11284 7619   14 -122
11294 7697    9 -122
11304 7622    9 -111
11314 7476    9  -97
11324 7508    9  -87
11334 8018    9  -72
11344 8097    9  -59
11354 8104    9  -45
11364 8138    9  -31
11374 8141    9  -18
99999 0 0 0 
11384 8142    0   -5
11394 8176    0    7
11404 8144    0   17
11414 8146    0   24
11424 8146    0   29
11434 8183    0   33
11444 8182    0   37
11454 8182    0   38
11464 8183    0   40
11474 8183    0   40
11484 8183    0   41
11494 8183    0   43
11504 8181    0   43
11514 8183    0   43
11524 8183    0   43
11534 8183    0   43
11544 8182    0   43
11554 8183    0   43
11564 8183    0   43
11574 8183    0   43
11584 8183    0   43
11594 8183    0   43
11604 8182    0   43
11614 8183    0   43
11624 8185    0   41
11634 8182    0   38
11644 8185    0   36
11654 8185    0   33
11664 8186    0   30
11674 8185    0   28
11684 8183    0   25
11694 8185    0   22
11704 8185    0   20
11714 8185    0   17
11724 8185    0   15
11734 8185    0   13
11744 8183    0   11
11754 8185    0    9
11764 8183    0    8
11774 8185    0    7
11784 8183    0    7
11794 8189    0    6
11804 8186    0    6
11814 8183    0    6
11824 8219    0    6
11834 8220    0    6
11844 8185    0    6
11854 8185    0    6
11864 8186    0    6
11874 8185    0    6
11884 8186    0    6
  0 819   29  102
 10 8193   29  102
 20 8228   29  102
 31 8186  -97  102
 41 8171  -97  102
 52 8202  -97  102
 62 8165  -97  102
 73 7946  -97  102
 83 7879  -97  102
 93 7914  -97  102
103 7297  -97  102
113 7341  -97  102
123 7522  -97  102
133 7723 -124  101
143 7607 -124   96
154 7610 -124   89
164 7378 -124   81
174 7397 -124   70
184 7234 -124   59
194 7108 -124   46
204 7145 -124   34
214 7192 -124   18
224 7401 -124    3
234 7403   78  -15
244 7490   78  -33
254 7442   78  -53
264 7446   78  -72
275 7502   78  -95
285 7355   78 -115
296 7352   78 -135
306 7308   78 -146
316 7523   78 -149
326 7498   14 -148
337 7596    9 -143
347 7424    9 -127
359 7438    9 -109
369 7474    9  -91
379 7988    9  -74
389 8064    9  -58
400 8070    9  -41
410 8108    9  -27
421 8110    9  -12
99999 0 0 0 
  0 819   29  112
 10 8190   29  112
 20 8185   29  112
 30 8169   29  112
 40 8168  -97  112
 51 8164  -97  112
 62 8009  -97  112
 73 7900  -97  112
 84 7938  -97  112
 94 7991  -97  112
104 7465 -124  111
115 7662 -124  110
125 7598 -124  107
135 7722 -124  102
145 7673 -124   95
156 7636 -124   88
166 7482 -124   79
176 7328 -124   68
186 7380 -124   57
196 7146 -124   45
206 7181 -124   32
216 7198 -124   16
226 7372 -124    0
236 7478   78  -18
246 7490   78  -37
256 7509   78  -57
267 7424   78  -79
277 7460   78 -100
288 7563   78 -123
299 7291   78 -143
310 7513   78 -159
321 7434   78 -164
331 7545   26 -164
341 7433    9 -163
352 7605    9 -147
362 7491    9 -130
372 7498    9 -116
382 7520    9  -99
393 8025    9  -82
403 8103    9  -65
415 8104    9  -49
425 8105    9  -35
99999 0 0 0 
  0 818   68    0
 10 8187   68    0
 20 8186   68    0
 30 8108   68    0
 40 8049   68    0
 50 8056   68    0
 60 8080   68    0
 70 7777   68    0
 80 7758   68    0
 90 7885   68    3
100 7828   68   10
111 7794   68   19
121 7766   68   29
131 7650   68   39
143 7546   68   51
153 7565   68   60
164 7565   54   72
174 7710   39   83
184 7715   29   95
194 7818   29  106
204 7813   29  118
215 7845   29  131
226 7898   29  143
237 8045  -97  155
248 8044  -97  165
259 8049  -97  177
269 7865  -97  185
279 7820  -97  194
290 7865  -97  203
300 7535  -97  210
310 7363  -97  215
320 7316  -97  217
331 7570  -97  217
341 7575  -93  217
351 7547  -93  209
361 7341  -93  195
372 7149  -93  178
384 7163  -93  158
395 7228  -93  138
406 7329  -93  117
417 7586  -93   95
429 7652  -93   68
439 7654  -93   45
449 7739  -93   21
459 7755  -93   -3
469 7763   78  -17
479 7739   78  -28
489 7698   78  -42
499 7640   78  -57
509 7663   78  -73
519 7609   78  -87
529 7661   78 -105
539 7407   78 -121
549 7559   78 -135
559 7459   78 -144
569 7616   63 -145
579 7585    0 -145
589 7718    9 -145
599 7424    9 -131
609 7480    9 -120
619 7509    9 -106
630 8052    9  -93
640 8094    9  -78
651 8097    9  -65
662 8100    9  -51
672 8101    9  -39
99999 0 0 0 
  0 818   68   19
 10 8183   68   19
 20 8133   68   19
 30 8048   68   19
 40 8039   68   19
 50 8029   68   19
 60 7965   68   19
 70 7710   68   19
 80 7689   68   25
 90 7654   68   33
101 7541   68   43
111 7568   68   51
121 7586   68   60
131 7623   43   70
141 7616   29   80
151 7723   29   91
161 7744   29  102
171 7793   29  114
182 7850   29  125
192 7966   29  136
202 7973  -97  145
213 8048  -97  155
224 7839  -97  165
234 7819  -97  175
244 7859  -97  183
254 7490  -97  190
265 7360  -97  195
275 7316  -97  198
285 7544  -97  198
295 7575  -97  198
305 7539  -95  189
315 7293  -95  175
325 7126  -95  161
335 7209  -95  143
345 7163  -95  127
355 7316  -95  109
365 7336  -95   89
375 7620  -95   69
385 7688  -95   46
395 7688  -95   23
406 7732  -95   -4
416 7709   78  -17
427 7685   78  -29
438 7627   78  -45
449 7678   78  -61
459 7622   78  -75
469 7669   78  -89
479 7416   78 -105
489 7684   78 -117
499 7577   78 -125
509 7625   54 -126
519 7525    0 -126
529 7695    9 -123
539 7545    9 -113
549 7452    9 -101
559 7473    9  -89
569 8052    9  -77
579 8094    9  -63
589 8096    9  -52
599 8099    9  -39
609 8134    9  -27
99999 0 0 0 
  0 818   68   16
 11 8181   68   16
 21 8181   68   16
 31 8087   68   16
 41 8038   68   16
 51 8034   68   16
 61 8029   68   16
 71 7732   68   17
 81 7711   68   17
 91 7720   68   23
102 7564   68   33
112 7571   68   41
122 7520   68   50
132 7609   68   59
142 7620   43   69
152 7658   29   79
162 7758   29   91
173 7793   29  103
183 7847   29  113
193 8035   29  123
203 8041   29  131
213 8008  -97  141
224 8071  -97  151
234 7851  -97  159
244 7824  -97  167
255 7875  -97  175
266 7265  -97  181
276 7286  -97  186
287 7565  -97  187
297 7551  -97  187
307 7492  -97  187
317 7467 -100  175
327 7273 -100  161
337 7329 -100  145
347 7118 -100  128
357 7214 -100  111
368 7250 -100   91
378 7508 -100   70
388 7613 -100   49
398 7614 -100   26
408 7691 -100    3
418 7702   78  -13
428 7692   78  -23
438 7668   78  -37
448 7615   78  -51
459 7654   78  -67
470 7675   78  -83
480 7615   78  -99
492 7639   78 -116
503 7530   78 -126
513 7570   63 -130
523 7662   22 -130
533 7729    9 -130
543 7651    9 -121
554 7576    9 -107
564 7608    9  -97
575 7693    9  -84
586 8056    9  -70
596 8094    9  -57
606 8097    9  -45
616 8099    9  -33
99999 0 0 0 
  0 818   68   12
 10 8182   68   12
 20 8183   68   12
 30 8069   68   12
 40 8038   68   13
 50 8042   68   13
 60 8035   68   13
 70 7662   68   13
 80 7701   68   16
 90 7679   68   23
100 7675   68   32
110 7474   68   41
120 7494   68   51
130 7578   68   60
141 7623   38   71
152 7709   29   83
162 7733   29   93
172 7807   29  105
182 7801   29  116
192 7818   29  127
202 7932   29  137
212 8042  -97  147
222 8008  -97  156
232 7796  -97  165
242 7826  -97  174
252 7876  -97  182
262 7260  -97  188
272 7423  -97  194
282 7350  -97  195
292 7552  -97  195
302 7568  -97  195
312 7546  -97  183
322 7269  -97  169
332 7084  -97  153
342 7152  -97  137
352 7175  -97  119
362 7357  -97  101
372 7366  -97   81
382 7616  -97   60
392 7685  -97   38
402 7688  -97   15
412 7702  -97   -8
422 7706   78  -19
432 7668   78  -31
442 7626   78  -45
452 7672   78  -60
462 7722   78  -73
472 7631   78  -89
482 7417   78 -103
492 7371   78 -117
502 7622   78 -125
512 7627   54 -127
522 7596    6 -127
532 7543    9 -127
542 7369    9 -115
552 7479    9 -101
562 7435    9  -89
572 7785    9  -75
582 7799    9  -61
592 8055    9  -47
602 8093    9  -33
612 8097    9  -19
99999 0 0 0 
  0 799   70   49
 10 7927   70   49
 20 7900   70   49
 30 7861   70   49
 40 7868   70   49
 50 7842   70   49
 60 7773   70   49
 70 7495   70   49
 80 7491   70   54
 90 7432   68   61
100 7380   45   69
110 7411   30   77
120 7434   30   85
130 7541   30   95
140 7577   30  103
150 7630   30  112
160 7815   30  120
170 7819   30  128
180 7859   30  136
190 7932   30  143
200 7933 -100  151
210 7970 -100  157
220 7848 -100  164
230 7735 -100  168
240 7750 -100  173
250 7837 -100  179
260 7887 -100  183
270 7306 -100  185
280 7570 -100  186
290 7452 -104  185
300 7474 -104  185
310 7437 -104  175
320 7443 -104  161
330 7316 -104  145
340 7070 -104  129
350 7137 -104  112
360 7178 -104   93
370 7443 -104   74
380 7443 -104   53
390 7578 -104   31
400 7578 -104    7
410 7583   80  -11
420 7582   80  -22
430 7571   80  -34
440 7500   80  -49
450 7559   80  -62
460 7506   80  -77
470 7552   80  -91
480 7299   80 -106
490 7544   80 -119
500 7446   80 -125
510 7493   39 -126
520 7432    0 -126
530 7609   10 -122
540 7506   10 -109
550 7373   10  -99
560 7395   10  -85
570 7902   10  -73
580 7980   10  -59
590 7984   10  -46
600 7987   10  -34
610 8023   10  -21
99999 0 0 0 
  0 799   70   34
 10 7995   70   34
 20 7996   70   34
 30 7937   70   34
 40 7871   70   34
 50 7853   70   34
 60 7823   70   35
 70 7473   70   39
 81 7454   70   46
 91 7462   70   53
101 7308   70   60
111 7324   50   68
121 7332   30   77
131 7405   30   86
141 7492   30   95
151 7568   30  106
161 7658   30  115
171 7665   30  124
181 7886   30  132
191 7889   30  140
201 7894 -100  149
211 7936 -100  158
221 7968 -100  165
231 7756 -100  172
241 7672 -100  177
251 7674 -100  182
261 7731 -100  187
271 7248 -100  191
281 7516 -100  193
291 7435 -100  193
301 7412 -100  193
311 7456 -100  189
321 7442 -100  175
331 7364 -100  161
341 7073 -100  145
351 7140 -100  128
361 7120 -100  111
371 7360 -100   91
381 7366 -100   71
391 7467 -100   50
401 7572 -100   28
411 7578 -100    4
421 7589   80  -13
431 7582   80  -23
441 7513   80  -36
451 7513   80  -50
461 7592   80  -62
471 7644   80  -76
481 7579   80  -90
491 7536   80 -103
501 7431   80 -113
511 7421   73 -117
521 7546   23 -117
531 7601   10 -117
541 7625   10 -109
551 7413   10  -96
561 7452   10  -84
571 7433   10  -71
581 7905   10  -58
591 7910   10  -45
601 7982   10  -31
611 7985   10  -17
99999 0 0 0 
  0 802   69   50
 10 8063   69   50
 20 8008   69   50
 30 7925   69   50
 40 7900   69   50
 50 7874   69   50
 60 7842   69   50
 70 7494   69   50
 80 7484   69   55
 90 7539   61   63
100 7459   41   70
110 7494   29   78
120 7515   29   87
130 7657   29   95
140 7685   29  104
150 7736   29  112
160 7850   29  120
170 7854   29  127
180 7963   29  135
190 7963   29  143
200 7966  -99  149
210 8003  -99  155
220 7908  -99  162
230 7799  -99  165
240 7814  -99  171
250 7866  -99  175
260 7916  -99  179
270 7340  -99  181
280 7652  -99  182
290 7531  -99  182
300 7550 -105  181
310 7409 -105  170
320 7412 -105  155
330 7318 -105  140
340 7107 -105  124
350 7177 -105  106
360 7247 -105   88
370 7514 -105   68
380 7511 -105   47
390 7611 -105   26
400 7644 -105    3
410 7650   79  -13
420 7644   79  -25
430 7625   79  -37
440 7569   79  -53
450 7637   79  -65
460 7550   79  -80
470 7594   79  -95
480 7295   79 -110
490 7567   79 -122
500 7473   79 -129
510 7529   47 -129
520 7509    9 -129
530 7615    9 -125
540 7447    9 -112
550 7367    9  -98
560 7410    9  -87
570 7716    9  -73
580 8008    9  -59
590 8014    9  -45
600 8052    9  -31
99999 0 0 0 
  0 810   69   48
 10 8104   69   48
 20 8104   69   48
 30 8069   69   48
 40 7963   69   48
 50 7938   69   48
 60 7951   69   48
 70 7419   69   48
 80 7399   69   48
 90 7467   69   53
101 7478   69   61
111 7490   47   68
121 7472   29   76
131 7482   29   85
141 7532   29   94
151 7698   29  104
161 7726   29  113
171 7737   29  123
181 7959   29  130
191 7998   29  138
201 8001  -98  147
211 8003  -98  155
221 8039  -98  163
231 7902  -98  170
241 7711  -98  174
251 7762  -98  179
261 7817  -98  185
271 7196  -98  189
281 7441  -98  191
291 7399  -98  191
301 7562  -98  191
311 7583  -98  191
321 7553  -99  178
331 7386  -99  163
341 7231  -99  148
351 7298  -99  131
361 7146  -99  114
371 7319  -99   95
381 7333  -99   75
391 7613  -99   55
401 7643  -99   32
411 7646  -99    9
421 7655   78  -12
431 7658   78  -23
441 7616   78  -35
451 7583   78  -50
461 7644   78  -63
471 7693   78  -77
481 7631   78  -93
491 7411   78 -107
501 7346   78 -119
511 7565   78 -126
522 7611   47 -126
533 7383    9 -126
543 7498    9 -121
553 7405    9 -107
563 7416    9  -93
573 7452    9  -81
583 7790    9  -67
593 8049    9  -53
603 8050    9  -39
613 8053    9  -25
99999 0 0 0 
  0 814   68   10
 10 8142   68   10
 20 8142   68   10
 31 8141   68   10
 41 8025   68   10
 51 8000   68   10
 61 7998   68   10
 71 7983   68   10
 81 7552   68   10
 91 7661   68   15
103 7650   68   23
113 7671   68   33
123 7592   68   42
133 7541   68   51
143 7553   68   60
153 7583   41   70
163 7705   29   81
173 7721   29   93
183 7732   29  104
193 7836   29  115
203 7850   29  126
213 7892  -98  136
223 8036  -98  145
233 7954  -98  155
243 7788  -98  164
253 7788  -98  173
263 7844  -98  181
273 7901  -98  187
283 7488  -98  192
293 7399  -98  194
303 7464  -98  193
313 7483  -98  193
323 7462  -98  181
333 7342  -98  166
343 7008  -98  151
353 7082  -98  134
363 7141  -98  116
373 7387  -98   99
383 7398  -98   79
393 7538  -98   58
403 7677  -98   35
413 7679  -98   13
423 7693  -98   -9
433 7696   78  -21
443 7659   78  -33
453 7583   78  -47
463 7595   78  -61
473 7649   78  -75
483 7661   78  -91
493 7547   78 -106
503 7496   78 -119
513 7503   78 -127
523 7614   55 -129
533 7585    6 -129
543 7576    9 -129
553 7254    9 -116
563 7368    9 -102
573 7431    9  -89
583 7780    9  -77
593 7795    9  -62
603 8015    9  -49
613 8055    9  -34
623 8056    9  -21
99999 0 0 0 
  0 802   69   47
 10 8028   69   47
 20 7958   69   47
 30 7837   69   47
 40 7800   69   47
 50 7815   69   47
 60 7781   69   47
 70 7432   69   47
 80 7461   69   50
 90 7468   69   57
100 7448   58   64
110 7395   35   73
120 7406   29   81
130 7379   29   90
140 7572   29   99
150 7606   29  109
160 7659   29  119
170 7882   29  127
180 7886   29  135
190 7891   29  143
200 7929  -99  151
210 7929  -99  160
220 7925  -99  168
230 7698  -99  174
240 7673  -99  179
250 7716  -99  184
260 7174  -99  189
270 7217  -99  191
280 7356  -99  193
290 7510  -99  193
300 7398  -99  193
310 7447  -99  187
320 7300  -99  173
330 7335  -99  158
340 7224  -99  141
350 7113  -99  124
360 7158  -99  106
370 7291  -99   87
380 7510  -99   66
390 7504  -99   45
400 7573  -99   22
410 7579  -99   -2
420 7587   79  -16
430 7568   79  -27
440 7527   79  -41
450 7513   79  -55
460 7598   79  -69
470 7434   79  -83
480 7474   79  -97
490 7376   79 -111
500 7484   79 -121
510 7411   72 -123
520 7479    6 -124
530 7455    0 -123
540 7584    9 -113
550 7432    9 -101
560 7532    9  -90
570 7542    9  -77
580 7903    9  -65
590 7944    9  -53
600 7946    9  -41
610 7949    9  -30
620 7982    9  -20
99999 0 0 0 
  0 792   70   26
 10 7919   70   26
 20 7883   70   26
 30 7954   70   26
 40 7825   70   26
 50 7827   70   26
 60 7842   70   26
 70 7808   70   27
 80 7426   70   31
 90 7450   70   38
100 7458   70   45
110 7442   70   52
120 7319   70   61
130 7329   48   69
140 7332   30   78
150 7439   30   87
160 7477   30   98
170 7582   30  109
180 7645   30  120
190 7661   30  130
200 7631   30  138
210 7884 -101  147
220 7886 -101  157
230 7836 -101  166
240 7677 -101  174
250 7669 -101  181
260 7721 -101  188
270 7176 -101  194
280 7210 -101  198
290 7477 -101  199
300 7462 -101  199
310 7391 -101  199
320 7328  -99  187
330 7161  -99  173
340 7220  -99  158
350 7040  -99  141
360 7138  -99  124
370 7174  -99  105
380 7398  -99   86
390 7501  -99   65
400 7494  -99   43
410 7568  -99   20
420 7579  -99   -3
430 7590   80  -17
440 7576   80  -29
450 7519   80  -43
460 7515   80  -57
470 7564   80  -70
480 7542   80  -85
490 7577   80  -99
500 7470   80 -112
510 7433   80 -121
520 7366   65 -122
530 7473    0 -122
540 7475   10 -122
550 7595   10 -110
560 7328   10  -98
570 7315   10  -86
580 7327   10  -73
590 7902   10  -61
600 7940   10  -47
610 7940   10  -35
620 7946   10  -23
630 7981   10  -11
99999 0 0 0 
  0 806   10   32
 11 8091   69   32
 21 8094   69   32
 32 7891   69   32
 42 7826   69   32
 53 7873   69   32
 63 7845   69   35
 73 7390   69   39
 83 7489   69   46
 93 7503   69   53
103 7458   67   61
113 7441   44   69
123 7445   29   77
133 7507   29   87
143 7621   29   97
153 7657   29  107
163 7721   29  117
173 7877   29  126
183 7882   29  135
193 7957  -99  143
203 7889  -99  151
213 7889  -99  160
223 7860  -99  168
233 7710  -99  173
243 7714  -99  179
253 7803  -99  186
263 7289  -99  191
273 7323  -99  193
283 7467  -99  194
293 7599  -99  194
303 7514  -99  194
313 7517  -99  183
323 7198  -99  169
333 7250  -99  153
343 7142  -99  137
353 7170  -99  119
363 7206  -99  101
373 7399  -99   81
383 7607  -99   61
393 7602  -99   39
403 7638  -99   15
413 7647  -99   -8
423 7657   79  -20
433 7630   79  -33
443 7575   79  -47
453 7593   79  -61
463 7639   79  -75
473 7267   79  -91
483 7292   79 -105
493 7415   79 -118
503 7562   79 -126
513 7503   55 -127
523 7544    0 -127
533 7428    9 -126
543 7531    9 -115
553 7366    9 -104
563 7957    9  -93
573 7966    9  -81
583 8007    9  -69
593 8011    9  -57
603 8014    9  -45
613 8049    9  -34
623 8050    9  -23
99999 0 0 0 
  0 813   68   17
 10 8138   68   17
 20 8137   68   17
 30 8103   68   17
 40 8004   68   17
 50 7994   68   17
 60 7994   68   17
 71 7977   68   18
 81 7595   68   18
 91 7629   68   23
101 7617   68   30
111 7592   68   39
121 7509   68   47
131 7528   68   57
141 7464   55   66
151 7607   29   76
161 7659   29   87
171 7695   29   98
181 7759   29  109
191 7773   29  119
201 7780   29  127
211 7998  -98  137
221 8001  -98  146
231 8001  -98  155
241 8039  -98  165
251 7850  -98  173
261 7741  -98  178
271 7807  -98  185
281 7863  -98  190
291 7916  -98  195
301 7462  -98  198
311 7376  -98  198
321 7434  -98  198
331 7520  -96  194
341 7499  -96  182
351 7450  -96  167
361 7123  -96  151
371 7199  -96  134
381 7152  -96  116
391 7398  -96   97
401 7406  -96   77
411 7507  -96   55
421 7644  -96   33
431 7646  -96    9
441 7660  -96  -11
451 7658   78  -22
461 7620   78  -35
471 7540   78  -50
481 7650   78  -63
491 7701   78  -77
501 7674   78  -93
511 7474   78 -107
521 7397   78 -118
531 7442   78 -124
542 7566   38 -125
553 7551    0 -125
563 7673    9 -117
573 7368    9 -103
583 7397    9  -90
593 7424    9  -77
603 7899    9  -63
613 8012    9  -50
623 8015    9  -35
633 8053    9  -21
643 8055    9   -8
99999 0 0 0 
  0 798   70   46
 11 7988   70   46
 21 7873   70   46
 32 7799   70   46
 42 7813   70   46
 52 7504   70   46
 62 7464   70   46
 72 7409   70   47
 82 7377   70   53
 92 7396   70   61
102 7414   48   69
112 7359   30   77
122 7371   30   86
132 7479   30   95
142 7589   30  105
152 7614   30  115
162 7626   30  123
172 7845   30  131
182 7850   30  139
192 7888 -100  148
202 7925 -100  157
212 7927 -100  165
222 7733 -100  171
232 7628 -100  175
242 7661 -100  182
252 7754 -100  187
262 7274 -100  191
272 7292 -100  193
282 7406 -100  193
292 7492 -100  193
302 7424 -100  190
312 7433 -100  178
322 7175 -100  163
332 7234 -100  147
342 7125 -100  131
352 7179 -100  113
362 7209 -100   94
372 7324 -100   74
382 7497 -100   53
392 7493 -100   31
402 7569 -100    7
412 7582   80  -12
422 7578   80  -22
432 7533   80  -34
442 7497   80  -49
452 7537   80  -61
462 7588   80  -74
472 7243   80  -89
482 7254   80 -103
492 7349   80 -114
502 7499   80 -118
512 7448   23 -119
522 7512    0 -119
532 7369   10 -113
542 7448   10 -100
552 7374   10  -89
562 7854   10  -76
572 7864   10  -62
582 7905   10  -49
592 7941   10  -37
602 7944   10  -24
612 7980   10  -12
99999 0 0 0 
  0 795   70   39
 10 7987   70   39
 20 7988   70   39
 30 7860   70   39
 40 7820   70   39
 50 7768   70   38
 60 7739   70   39
 70 7284   70   43
 80 7413   70   50
 90 7418   70   57
100 7362   59   65
110 7340   36   73
120 7356   30   81
130 7375   30   90
140 7529   30   99
150 7566   30  110
160 7617   30  119
170 7839   30  127
180 7843   30  135
190 7848   30  143
200 7885 -100  152
210 7885 -100  161
220 7893 -100  168
230 7687 -100  174
240 7673 -100  179
250 7719 -100  184
260 7137 -100  189
270 7180 -100  192
280 7347 -100  194
290 7499 -100  194
300 7382 -100  193
310 7405 -100  186
320 7256 -100  172
330 7301 -100  157
340 7189 -100  141
350 7079 -100  124
360 7124 -100  106
370 7215 -100   87
380 7463 -100   66
390 7459 -100   44
400 7529 -100   22
410 7537 -100   -1
420 7546   80  -15
430 7531   80  -26
440 7478   80  -39
450 7475   80  -53
460 7560   80  -66
470 7504   80  -81
480 7540   80  -94
490 7262   80 -107
500 7436   80 -117
510 7359   73 -119
520 7433    6 -119
530 7453   10 -119
540 7584   10 -108
550 7426   10  -96
560 7380   10  -85
570 7394   10  -73
580 7898   10  -59
590 7939   10  -47
600 7939   10  -34
610 7940   10  -22
99999 0 0 0 
  0 801   69   35
 10 7991   69   35
 20 7915   69   35
 30 7888   69   35
 40 7870   69   35
 50 7490   69   37
 60 7459   69   42
 70 7478   69   49
 81 7430   69   56
 92 7421   55   65
102 7446   35   72
112 7432   29   81
122 7556   29   90
132 7595   29   99
142 7756   29  108
152 7767   29  116
162 7771   29  123
172 7953   29  131
182 7956   29  139
192 7957  -99  147
202 7957  -99  154
212 7853  -99  161
222 7748  -99  164
232 7763  -99  170
242 7818  -99  175
252 7870  -99  179
262 7402  -99  181
272 7537  -99  181
282 7412  -99  181
292 7541  -99  181
302 7472 -105  171
312 7476 -105  157
322 7165 -105  141
332 7093 -105  125
342 7164 -105  108
352 7271 -105   90
362 7432 -105   71
372 7432 -105   50
382 7602 -105   28
392 7600 -105    5
402 7606   79  -13
412 7600   79  -22
422 7550   79  -35
432 7493   79  -49
442 7595   79  -62
452 7579   79  -77
462 7625   79  -91
472 7435   79 -105
482 7503   79 -117
492 7399   79 -123
502 7532   39 -124
512 7506    0 -124
522 7640    9 -118
532 7364    9 -105
542 7338    9  -91
552 7374    9  -79
562 7815    9  -65
572 7968    9  -51
582 7973    9  -37
592 8008    9  -22
602 8011    9   -9
612 8012    9    5
99999 0 0 0 
  0 810   69   10
 10 8100   69   10
 20 8100   69   10
 30 8055   69   10
 40 7964   69   10
 50 7959   69   10
 60 7957   69   10
 71 7942   69   10
 81 7545   69   10
 91 7648   69   15
103 7573   69   26
113 7595   69   35
123 7443   69   45
133 7496   69   55
143 7501   61   64
153 7566   29   75
163 7683   29   85
173 7708   29   97
183 7784   29  108
193 7874   29  119
203 7881   29  129
213 7959  -98  139
223 7997  -98  148
233 7997  -98  157
243 8000  -98  167
253 7770  -98  175
263 7730  -98  182
273 7804  -98  189
283 7300  -98  195
293 7349  -98  199
303 7512  -98  203
313 7508  -98  203
323 7407  -98  202
333 7506  -94  197
343 7289  -94  183
353 7331  -94  168
363 7045  -94  152
373 7109  -94  135
383 7155  -94  117
393 7426  -94   98
403 7535  -94   77
413 7529  -94   55
423 7637  -94   32
433 7647  -94    8
443 7660   79  -11
453 7655   79  -21
463 7584   79  -33
473 7542   79  -45
483 7621   79  -57
493 7599   79  -70
503 7644   79  -84
513 7543   79  -97
523 7592   79 -107
533 7504   72 -111
543 7562   22 -111
553 7534    9 -111
563 7679    9 -104
573 7367    9  -91
583 7410    9  -79
593 7428    9  -67
603 7935    9  -54
613 8009    9  -41
623 8012    9  -27
633 8049    9  -13
643 8050    9   -1
99999 0 0 0 
  0 794   70   44
 10 7951   70   44
 20 7828   70   44
 30 7792   70   44
 40 7801   70   44
 50 7489   70   44
 60 7443   70   44
 70 7361   70   47
 80 7345   70   55
 90 7373   65   62
100 7322   42   70
110 7399   30   78
120 7419   30   87
130 7548   30   96
140 7680   30  106
150 7691   30  114
160 7841   30  122
170 7881   30  129
180 7882   30  137
190 7884 -100  145
200 7886 -100  152
210 7867 -100  159
220 7695 -100  165
230 7685 -100  169
240 7729 -100  174
250 7180 -100  179
260 7361 -100  182
270 7352 -100  183
280 7494 -100  183
290 7491 -100  183
300 7443 -105  177
310 7322 -105  163
320 7146 -105  149
330 7210 -105  133
340 7067 -105  116
350 7188 -105   98
360 7213 -105   79
370 7432 -105   59
380 7496 -105   37
390 7490 -105   15
400 7534 -105   -7
410 7538   80  -18
420 7509   80  -30
430 7470   80  -44
440 7504   80  -58
450 7553   80  -71
460 7500   80  -86
470 7252   80 -101
480 7213   80 -114
490 7422   80 -123
500 7421   64 -125
510 7386    6 -125
520 7380   10 -125
530 7189   10 -113
540 7311   10  -98
550 7259   10  -85
560 7546   10  -72
570 7563   10  -57
580 7888   10  -43
590 7899   10  -29
600 7903   10  -14
99999 0 0 0 
  0 794   70   57
 10 7946   70   57
 20 7890   70   57
 30 7792   70   57
 40 7802   70   57
 50 7778   70   57
 60 7738   70   57
 70 7359   70   57
 80 7351   62   63
 90 7379   42   70
100 7354   30   76
110 7371   30   84
120 7427   30   92
130 7559   30  100
140 7576   30  107
150 7585   30  115
160 7798   30  122
170 7843   30  128
180 7847   30  135
190 7882   30  141
200 7884   10  147
210 7882   10  153
220 7916   10  159
230 7916   10  164
240 7929   10  170
250 7868   10  175
260 7906   10  179
270 7908   10  182
280 7980   10  186
290 7980   10  189
300 7980   10  191
310 7978   10  193
320 7981   10  194
330 7981   10  195
340 7981   10  195
350 7981   10  195
360 7982   10  195
370 7981   10  195
380 7984   10  194
390 7981   10  194
400 7768   10  194
410 7843   10  194
420 7839   10  193
430 7910   10  191
440 7912   10  188
450 7910 -103  186
460 7944 -103  184
470 7873 -103  183
480 7754 -103  181
490 7758 -103  179
500 7797 -103  177
510 7833 -103  175
520 7506 -103  169
530 7615 -103  165
540 7551 -103  159
550 7549 -103  149
560 7496 -103  137
570 7465 -103  122
580 7425 -103  105
590 7318 -103   87
600 7380 -103   69
610 7289 -103   49
620 7316 -103   29
630 7313 -103    8
640 7410   80  -11
650 7461   80  -21
660 7399   80  -33
670 7450   80  -46
680 7462   80  -61
690 7520   80  -73
700 7429   80  -88
710 7289   80 -102
720 7244   80 -115
730 7318   80 -123
740 7357   56 -125
750 7327    6 -125
760 7294   10 -125
770 7159   10 -112
780 7268   10  -98
790 7270   10  -85
800 7587   10  -72
810 7604   10  -58
820 7823   10  -43
830 7864   10  -29
840 7865   10  -15
99999 0 0 0 
  0 809   69    1
 10 8097   69    1
 20 8096   69    1
 30 8097   69    1
 40 8002   69    1
 50 7956   69    1
 60 7969   69    1
 70 7983   69    1
 80 7598   69    1
 90 7681   69    6
100 7634   69   14
110 7657   69   23
120 7505   69   32
131 7542   69   42
141 7537   69   52
151 7475   69   61
161 7467   41   71
172 7561   29   83
182 7702   29   95
194 7727   29  108
204 7754   29  120
214 7768   29  130
224 7953  -98  139
234 7894  -98  150
245 7710  -98  160
256 7749  -98  170
266 7801  -98  179
277 7221  -98  186
287 7350  -98  191
297 7245  -98  191
307 7440  -98  191
317 7475  -99  189
327 7462  -99  177
337 7177  -99  161
348 6994  -99  143
359 7099  -99  125
369 7147  -99  107
380 7275  -99   87
390 7528  -99   66
401 7524  -99   43
411 7597  -99   19
421 7644  -99   -5
431 7651   79  -16
441 7589   79  -27
452 7548   79  -42
462 7536   79  -57
472 7618   79  -70
482 7527   79  -85
492 7569   79 -101
503 7295   79 -115
513 7545   79 -125
524 7575   72 -126
535 7537    0 -127
545 7416    0 -125
556 7190    9 -111
566 7362    9  -97
577 7340    9  -83
588 7484    9  -67
599 7963    9  -51
610 7968    9  -35
620 8008    9  -21
630 8011    9   -6
641 8012    9    8
99999 0 0 0 
  0 809   69    8
 10 8094   69    8
 20 8094   69    8
 30 7985   69    8
 40 7950   69    8
 51 7952   69    8
 61 7936   69    8
 71 7609   69    8
 81 7568   69   12
 91 7622   69   21
101 7535   69   30
112 7567   69   39
122 7528   69   49
132 7467   69   59
142 7467   57   69
152 7583   35   79
162 7678   29   91
174 7724   29  104
184 7753   29  115
194 7874   29  126
204 7807   29  135
214 7814  -98  145
224 7959  -98  155
234 7995  -98  165
244 7851  -98  174
255 7726  -98  181
265 7756  -98  189
275 7812  -98  195
285 7189  -98  200
295 7412  -98  204
306 7311  -98  205
317 7479  -98  205
328 7500  -97  198
340 7190  -97  181
350 7239  -97  166
360 7130  -97  149
370 7150  -97  133
381 7196  -97  112
391 7318  -97   93
402 7564  -97   69
412 7564  -97   46
422 7605  -97   22
433 7651  -97   -3
444 7661   79  -17
454 7636   79  -30
464 7576   79  -44
474 7634   79  -57
484 7685   79  -71
494 7303   79  -84
504 7435   79  -98
514 7379   79 -109
524 7521   79 -117
534 7565   55 -118
544 7541    0 -118
554 7454    9 -114
564 7272    9 -101
574 7380    9  -89
584 7575    9  -76
594 7669    9  -61
604 7679    9  -47
614 8005    9  -32
624 8007    9  -18
634 8008    9   -3
99999 0 0 0 
  0 809   69    6
 11 8091   69    6
 21 8096   69    6
 31 7970   69    6
 41 7952   69    6
 51 7961   69    6
 61 7593   69    6
 71 7612   69    6
 81 7567   69   12
 91 7626   69   21
101 7605   69   30
111 7639   69   39
121 7490   69   49
131 7432   69   58
141 7429   55   68
151 7596   35   79
161 7629   29   90
171 7678   29  101
181 7732   29  113
191 7686   29  125
201 7698   29  135
211 7953  -98  145
221 7994  -98  156
231 7993  -98  166
241 7898  -98  175
251 7702  -98  184
261 7706  -98  193
271 7793  -98  200
281 7178  -98  206
291 7192  -98  210
301 7458  -98  211
311 7455  -98  211
321 7401  -98  211
331 7343  -94  199
341 7176  -94  185
351 7236  -94  170
361 7062  -94  153
371 7160  -94  136
381 7203  -94  117
391 7430  -94   98
401 7570  -94   77
411 7568  -94   55
421 7605  -94   31
431 7617  -94    7
441 7630   79  -12
451 7657   79  -23
461 7552   79  -37
471 7548   79  -49
481 7669   79  -62
491 7648   79  -75
501 7682   79  -89
511 7519   79 -101
521 7516   79 -109
531 7441   55 -112
541 7545   14 -112
551 7547    9 -111
561 7655    9 -101
571 7353    9  -89
581 7454    9  -77
591 7465    9  -65
601 8004    9  -53
611 8008    9  -40
621 8009    9  -27
631 8009    9  -14
641 8049    9   -2
99999 0 0 0 
  0 794   70   41
 10 7946   70   41
 20 7947   70   41
 30 7862   70   41
 40 7789   70   41
 50 7771   70   41
 60 7749   70   41
 70 7394   70   41
 80 7436   70   42
 90 7427   70   48
100 7312   70   55
110 7273   65   63
120 7291   50   71
130 7329   36   79
140 7448   30   89
150 7479   30   99
160 7589   30  108
170 7612   30  118
180 7620   30  127
190 7803   30  135
200 7844   30  143
210 7845 -100  152
220 7881 -100  160
230 7696 -100  167
240 7625 -100  171
250 7586 -100  178
260 7676 -100  183
270 7727 -100  187
280 7388 -100  189
290 7459 -100  190
300 7339 -100  190
310 7416 -106  187
320 7326 -106  175
330 7345 -106  160
340 7049 -106  145
350 7010 -106  128
360 7061 -106  111
370 7233 -106   93
380 7348 -106   73
390 7343 -106   52
400 7520 -106   30
410 7524 -106    7
420 7535   80  -12
430 7531   80  -23
440 7516   80  -37
450 7453   80  -50
460 7488   80  -63
470 7504   80  -77
480 7549   80  -93
490 7353   80 -106
500 7413   80 -118
510 7311   80 -123
520 7438   31 -123
531 7424   10 -123
541 7575   10 -115
551 7268   10 -102
561 7356   10  -89
571 7378   10  -77
581 7782   10  -62
591 7895   10  -49
601 7898   10  -35
611 7900   10  -21
99999 0 0 0 
  0 794   70   51
 10 7944   70   51
 20 7814   70   51
 30 7781   70   51
 40 7758   70   51
 50 7410   70   51
 60 7372   70   51
 70 7388   70   55
 81 7326   69   62
 91 7353   54   69
102 7313   40   77
112 7332   30   86
123 7444   30   95
133 7480   30  104
143 7678   30  113
153 7723   30  120
163 7729   30  128
173 7839   30  136
183 7841   30  143
193 7844   30  151
203 7880 -100  157
213 7880 -100  163
223 7880 -100  170
233 7728 -100  176
243 7649 -100  179
253 7672 -100  185
263 7689 -100  189
273 7238 -100  193
283 7254 -100  194
293 7511 -100  195
303 7465 -100  195
313 7386 -103  192
323 7357 -103  179
333 7233 -103  165
343 7292 -103  149
353 7078 -103  133
363 7100 -103  115
373 7134 -103   96
383 7357 -103   77
393 7425 -103   55
403 7419 -103   33
413 7491 -103   10
423 7538   80  -11
433 7539   80  -22
443 7536   80  -34
453 7471   80  -49
463 7432   80  -65
473 7376   80  -81
483 7361   80  -97
493 7418   80 -115
503 7182   80 -133
513 7326   80 -147
523 7225   80 -158
533 7375   80 -161
543 7379   14 -161
553 7416   10 -161
563 7240   10 -150
573 7250   10 -137
583 7292   10 -126
593 7773   10 -113
603 7851   10  -99
613 7857   10  -86
623 7895   10  -73
633 7896   10  -61
99999 0 0 0 
  0 801   69   28
 10 8011   69   28
 20 7973   69   28
 30 7873   69   28
 40 7846   69   28
 50 7828   69   28
 60 7374   69   32
 70 7420   69   37
 80 7409   69   43
 90 7451   69   51
100 7372   69   59
110 7390   59   66
120 7361   44   74
130 7457   29   83
140 7485   29   93
150 7599   29  103
160 7668   29  112
170 7684   29  122
180 7762   29  130
190 7909   29  138
200 7911   29  147
210 7950  -99  155
220 7952  -99  164
230 7950  -99  171
240 7796  -99  178
250 7697  -99  182
260 7720  -99  187
270 7739  -99  193
280 7186  -99  197
290 7218  -99  199
300 7527  -99  199
310 7516  -99  199
320 7432  -99  199
330 7433 -100  186
340 7301 -100  171
350 7359 -100  155
360 7074 -100  139
370 7133 -100  121
380 7166 -100  103
390 7426 -100   83
400 7528 -100   62
410 7521 -100   40
420 7595 -100   17
430 7605 -100   -7
440 7611   79  -17
450 7585   79  -29
460 7522   79  -43
470 7483   79  -58
480 7499   79  -75
490 7441   79  -89
500 7497   79 -107
510 7260   79 -123
520 7381   79 -139
530 7280   79 -150
540 7458   79 -154
550 7459   22 -153
560 7495    9 -153
570 7338    9 -144
580 7280    9 -130
590 7321    9 -118
600 7839    9 -105
610 7921    9  -91
620 7925    9  -77
630 7964    9  -64
640 7967    9  -51
99999 0 0 0 
  0 805   69   15
 10 8055   69   15
 20 8058   69   15
 30 8059   69   15
 40 7967   69   15
 50 7909   69   15
 60 7906   69   16
 70 7901   69   16
 80 7531   69   16
 90 7578   69   16
100 7546   69   23
110 7537   69   32
120 7442   69   41
130 7463   69   49
140 7409   69   59
151 7484   59   69
161 7487   44   80
171 7578   31   91
182 7637   29  103
193 7680   29  116
203 7707   29  127
213 7760   29  139
223 7909   29  149
233 7913  -99  159
243 7953  -99  169
253 7880  -99  179
263 7703  -99  187
273 7731  -99  195
284 7784  -99  203
295 7850  -99  210
306 7193  -99  215
317 7486  -99  216
329 7465  -99  216
340 7423  -96  211
350 7313  -96  198
360 7134  -96  183
370 7206  -96  167
380 7063  -96  149
390 7179  -96  131
401 7203  -96  112
411 7457  -96   91
421 7561  -96   68
431 7561  -96   47
442 7609  -96   20
452 7624  -96   -5
463 7633   79  -19
473 7600   79  -31
483 7564   79  -46
493 7545   79  -62
503 7576   79  -75
513 7601   79  -93
524 7261   79 -110
534 7267   79 -126
545 7348   79 -140
555 7512   79 -146
566 7461   39 -146
576 7497    9 -146
586 7298    9 -138
598 7290    9 -123
608 7350    9 -109
619 7770    9  -95
629 7818    9  -81
639 7822    9  -66
650 8003    9  -53
660 8005    9  -39
99999 0 0 0 
  0 805   69   13
 10 8055   69   13
 20 8018   69   13
 30 7923   69   13
 40 7912   69   13
 51 7912   69   13
 61 7542   69   13
 71 7568   69   14
 81 7540   69   20
 91 7525   69   29
101 7432   69   38
113 7432   69   48
123 7453   69   57
133 7460   60   67
143 7562   47   77
153 7556   33   88
163 7599   29   99
173 7639   29  111
183 7672   29  123
193 7727   29  133
203 7945   29  143
213 7948  -99  153
223 7952  -99  163
233 7953  -99  173
243 7732  -99  182
253 7690  -99  190
263 7731  -99  198
273 7788  -99  205
283 7193  -99  209
293 7476  -99  212
303 7357  -99  212
313 7419  -99  212
323 7314  -98  207
333 7312  -98  193
343 7137  -98  178
353 7030  -98  162
363 7099  -98  145
373 7147  -98  127
383 7453  -98  108
393 7457  -98   87
403 7524  -98   65
413 7597  -98   43
423 7605  -98   19
433 7619  -98   -5
443 7628   79  -17
453 7569   79  -29
463 7531   79  -42
473 7605   79  -53
483 7654   79  -67
493 7309   79  -80
503 7536   79  -93
513 7459   79 -103
523 7473   72 -108
533 7527   31 -109
543 7563    0 -109
553 7586    9 -103
563 7344    9  -90
573 7393    9  -77
583 7559    9  -66
593 7959    9  -53
603 7964    9  -39
613 7968    9  -25
623 8003    9  -12
633 8007    9    1
99999 0 0 0 
  0 794   70   42
 10 7941   70   42
 20 7941   70   42
 30 7935   70   42
 40 7813   70   42
 50 7777   70   42
 60 7757   70   42
 70 7726   70   42
 80 7375   70   42
 90 7350   70   46
100 7361   70   53
110 7321   70   60
120 7310   61   67
130 7324   50   76
140 7370   37   85
150 7492   30   95
160 7527   30  104
170 7561   30  114
180 7750   30  123
190 7760   30  131
200 7800   30  140
210 7839   30  149
220 7843   30  157
230 7845 -100  165
240 7880 -100  173
250 7775 -100  179
260 7634 -100  183
270 7042 -100  189
280 7092 -100  193
290 7358 -100  195
300 7606 -100  195
310 7586 -107  195
320 7568 -107  195
330 7261 -107  185
340 7220 -107  171
350 6993 -107  155
360 6949 -107  139
370 7007 -107  122
380 7083 -107  103
390 7351 -107   84
400 7351 -107   63
410 7450 -107   42
420 7487 -107   19
430 7493 -107   -4
440 7538   80  -17
450 7520   80  -29
460 7458   80  -42
470 7439   80  -58
480 7430   80  -72
490 7483   80  -87
500 7428   80 -103
510 7376   80 -119
520 7292   80 -133
530 7299   80 -139
540 7400   39 -140
550 7375    0 -140
560 7432   10 -136
570 7164   10 -124
580 7250   10 -110
590 7291   10  -98
600 7736   10  -85
610 7743   10  -70
620 7855   10  -57
630 7894   10  -42
640 7895   10  -29
650 7896   10  -15
99999 0 0 0 
  0 793   70   44
 10 7867   70   44
 20 7752   70   44
 30 7706   70   44
 40 7690   70   44
 50 7381   70   44
 60 7350   70   46
 70 7402   70   52
 80 7371   70   59
 90 7379   62   66
100 7296   53   74
110 7368   41   82
120 7384   32   90
130 7430   30  100
140 7564   30  109
150 7594   30  119
160 7644   30  127
170 7686   30  136
180 7692   30  144
190 7801   30  152
200 7836 -100  160
210 7839 -100  167
220 7841 -100  175
230 7794 -100  181
240 7616 -100  187
250 7612 -100  191
260 7655 -100  196
270 7710 -100  201
280 7177 -100  203
290 7478 -100  204
300 7372 -100  204
310 7370 -100  204
320 7396 -103  197
330 7392 -103  183
340 7297 -103  167
350 7009 -103  151
360 7072 -103  133
370 7114 -103  115
380 7312 -103   95
390 7315 -103   75
400 7452 -103   53
410 7521 -103   30
420 7527 -103    9
430 7539   80  -11
440 7535   80  -21
450 7440   80  -34
460 7426   80  -47
470 7506   80  -58
480 7556   80  -72
490 7382   80  -85
500 7444   80  -98
510 7344   80 -107
520 7333   65 -109
530 7433    6 -109
540 7564   10 -109
550 7542   10 -101
560 7276   10  -89
570 7301   10  -78
580 7490   10  -66
590 7851   10  -53
600 7855   10  -41
610 7861   10  -29
620 7895   10  -17
99999 0 0 0 
  0 800   69   37
 10 8007   69   37
 20 8007   69   37
 30 7860   69   37
 40 7819   69   37
 50 7765   69   37
 60 7422   69   37
 70 7387   69   39
 80 7426   69   45
 90 7395   69   51
100 7427   69   59
110 7422   61   66
120 7441   51   74
130 7439   40   82
140 7470   29   91
150 7557   29  101
160 7598   29  111
170 7623   29  121
180 7712   29  130
190 7722   29  139
200 7868   29  148
210 7868  -99  157
220 7874  -99  165
230 7875  -99  173
240 7896  -99  180
250 7716  -99  186
260 7673  -99  191
270 7753  -99  196
280 7809  -99  201
290 7172  -99  203
300 7507  -99  206
310 7396  -99  206
320 7441 -101  205
330 7432 -101  198
340 7431 -101  183
350 7337 -101  169
360 7046 -101  152
370 7108 -101  135
380 7116 -101  117
390 7379 -101   97
400 7381 -101   77
410 7484 -101   55
420 7585 -101   32
430 7599 -101    9
440 7613   79  -11
450 7606   79  -21
460 7515   79  -34
470 7542   79  -47
480 7585   79  -59
490 7633   79  -73
500 7634   79  -85
510 7483   79  -98
520 7386   79 -107
530 7411   64 -110
540 7514   14 -110
550 7627    9 -110
560 7638    9 -102
570 7305    9  -90
580 7332    9  -79
590 7417    9  -67
600 7921    9  -55
610 7926    9  -42
620 7960    9  -29
630 7963    9  -17
99999 0 0 0 
  0 801   69    0
 10 8015   69    0
 20 8015   69    0
 30 7913   69    0
 40 7871   69    0
 50 7878   69    0
 60 7878   69    1
 70 7573   69    1
 80 7544   69    2
 91 7509   69   10
102 7424   69   20
114 7336   69   30
124 7357   69   40
134 7408   69   49
145 7482   69   59
155 7480   57   70
165 7514   43   81
175 7590   29   92
185 7612   29  104
195 7656   29  116
205 7643   29  127
215 7653   29  138
225 7837  -99  148
236 7877  -99  158
246 7699  -99  168
257 7649  -99  176
267 7687  -99  186
279 7079  -99  194
289 7120  -99  200
299 7287  -99  203
310 7435  -99  203
321 7363  -99  203
331 7374 -102  194
342 7032 -102  180
352 7083 -102  164
362 7015 -102  146
373 7077 -102  128
384 7223 -102  108
394 7237 -102   88
405 7486 -102   65
415 7555 -102   40
426 7564 -102   17
436 7578 -102   -7
446 7589   79  -25
456 7569   79  -36
466 7489   79  -48
477 7560   79  -61
487 7609   79  -74
497 7407   79  -86
508 7323   79 -101
521 7508   79 -113
531 7417   66 -117
541 7446   22 -117
551 7459    9 -117
561 7580    9 -109
572 7405    9  -96
582 7511    9  -84
594 7847    9  -69
604 7857    9  -56
615 7929    9  -42
625 7932    9  -28
635 7932    9  -15
99999 0 0 0 
  0 801   69   -5
 10 8014   69   -5
 20 8015   69   -5
 30 8017   69   -5
 41 7903   69   -5
 52 7870   69   -5
 62 7888   69   -5
 73 7513   69   -5
 83 7483   69   -5
 93 7560   69    2
103 7521   69   10
113 7515   69   19
123 7363   69   28
133 7359   69   37
143 7384   69   47
153 7494   69   57
163 7521   60   68
173 7514   45   78
183 7562   29   90
193 7543   29  102
203 7593   29  113
213 7630   29  126
223 7719   29  137
233 7727  -99  148
243 7874  -99  159
253 7814  -99  169
263 7661  -99  179
273 7670  -99  188
283 7721  -99  196
293 7775  -99  203
303 7312  -99  208
313 7351  -99  210
323 7249  -99  210
333 7381  -99  210
343 7221  -99  197
353 7246  -99  183
363 6918  -99  167
373 6990  -99  150
383 7050  -99  132
393 7226  -99  114
403 7382  -99   94
413 7379  -99   72
423 7518  -99   50
433 7556  -99   27
443 7570  -99    3
453 7587   79  -20
463 7586   79  -30
473 7544   79  -42
483 7504   79  -57
493 7499   79  -73
503 7538   79  -86
513 7421   79 -104
523 7186   79 -120
533 7183   79 -136
543 7410   79 -149
553 7431   79 -155
563 7386   39 -156
573 7299    0 -156
583 7322    9 -149
593 7417    9 -137
603 7318    9 -126
613 7801    9 -113
623 7814    9 -100
633 7886    9  -88
643 7926    9  -75
653 7926    9  -63
663 7929    9  -52
673 7930    9  -40
99999 0 0 0 
  0 786   71   16
 10 7865   71   16
 20 7809   71   16
 30 7713   71   16
 40 7693   71   16
 50 7669   71   16
 60 7636   71   18
 70 7365   71   24
 80 7248   71   31
 90 7257   71   38
100 7173   71   46
110 7190   71   54
120 7198   68   63
130 7308   57   72
140 7346   47   82
150 7399   34   93
160 7470   30  104
170 7512   30  115
180 7531   30  125
190 7684   30  136
200 7759   30  144
210 7762   30  154
220 7797 -101  164
230 7800 -101  173
240 7800 -101  182
250 7800 -101  190
260 7586 -101  196
270 7552 -101  200
280 7593 -101  207
290 7365 -101  212
300 7412 -101  216
310 7340 -101  218
320 7390 -101  218
330 7267 -101  218
340 7282 -100  213
350 7228 -100  200
360 7266 -100  186
370 6977 -100  170
380 6976 -100  153
390 7029 -100  135
400 7199 -100  116
410 7312 -100   96
420 7307 -100   74
430 7445 -100   51
440 7452 -100   28
450 7466 -100    4
460 7515   81  -20
470 7518   81  -30
480 7473   81  -40
490 7456   81  -53
500 7493   81  -68
510 7544   81  -81
520 7379   81  -96
530 7170   81 -110
540 7120   81 -124
550 7329   81 -132
561 7328   56 -133
571 7299    0 -133
581 7289   10 -132
591 7148   10 -119
601 7264   10 -104
611 7188   10  -92
621 7503   10  -77
631 7518   10  -62
641 7776   10  -48
651 7814   10  -32
661 7815   10  -17
99999 0 0 0 
  0 786   71   48
 10 7859   71   48
 20 7861   71   48
 30 7787   71   48
 40 7701   71   48
 50 7714   71   48
 60 7684   71   48
 70 7646   71   48
 80 7272   71   48
 90 7234   71   54
100 7259   70   61
110 7217   63   68
120 7239   55   76
130 7246   47   85
140 7301   37   94
150 7354   30  104
160 7410   30  113
170 7479   30  124
180 7599   30  133
190 7610   30  142
200 7753   30  150
210 7760   30  159
220 7762 -101  168
230 7798 -101  176
240 7800 -101  184
250 7600 -101  190
260 7481 -101  194
270 7587 -101  200
280 7642 -101  204
290 7122 -101  208
300 7313 -101  210
310 7239 -101  210
320 7328 -101  210
330 7330 -106  206
340 7310 -106  194
350 7157 -106  180
360 7008 -106  164
370 7074 -106  147
380 7024 -106  128
390 7160 -106  110
400 7168 -106   90
410 7374 -106   69
420 7441 -106   47
430 7438 -106   24
440 7493 -106    0
450 7473   81  -22
460 7435   81  -32
470 7349   81  -44
480 7413   81  -54
490 7472   81  -66
500 7062   81  -78
510 7200   81  -89
520 7166   81 -100
530 7300   81 -105
540 7332   32 -105
550 7343   10 -105
560 7417   10 -102
570 7254   10  -91
580 7305   10  -79
590 7614   10  -68
600 7698   10  -56
610 7703   10  -42
620 7777   10  -29
630 7815   10  -16
99999 0 0 0 
  0 793   70   34
 10 7929   70   34
 20 7929   70   34
 30 7930   70   34
 40 7811   70   34
 50 7767   70   34
 60 7749   70   34
 70 7718   70   34
 80 7260   70   34
 90 7321   70   37
100 7334   70   44
110 7280   70   52
120 7294   70   60
130 7304   64   68
140 7347   56   77
150 7368   47   87
160 7391   38   97
170 7492   30  107
180 7557   30  117
190 7582   30  128
200 7705   30  138
210 7750   30  148
220 7754   30  158
230 7830   30  168
240 7867 -100  176
250 7797 -100  186
260 7629 -100  191
270 7583 -100  197
280 7631 -100  204
290 7084 -100  208
300 7233 -100  212
310 7206 -100  215
320 7380 -100  215
330 7388 -100  215
340 7344 -105  206
350 7238 -105  193
360 7069 -105  178
370 7139 -105  162
380 6992 -105  144
390 7111 -105  125
400 7131 -105  106
410 7418 -105   85
420 7479 -105   64
430 7476 -105   40
440 7521 -105   17
450 7538 -105   -7
460 7548   80  -25
470 7572   80  -36
480 7516   80  -49
490 7446   80  -64
500 7545   80  -78
510 7486   80  -93
520 7534   80 -109
530 7233   80 -124
540 7358   80 -137
550 7264   80 -144
560 7424   48 -145
570 7365    0 -145
580 7551   10 -144
590 7265   10 -132
600 7236   10 -121
610 7257   10 -111
620 7836   10  -99
630 7878   10  -87
640 7882   10  -76
650 7882   10  -64
660 7884   10  -53
99999 0 0 0 
  0 797   70    4
 10 7973   70    4
 20 7837   70    4
 30 7818   70    4
 40 7815   70    4
 50 7588   70    4
 60 7561   70    4
 70 7492   70    8
 80 7441   70   16
 92 7311   70   26
102 7332   70   35
112 7353   70   44
123 7397   70   55
133 7397   66   66
143 7468   58   76
154 7506   48   88
165 7565   38  101
175 7591   30  113
185 7619   30  125
195 7636   30  137
205 7754   30  148
215 7831   30  159
225 7836 -100  169
235 7872 -100  180
245 7858 -100  189
255 7631 -100  196
265 7639 -100  204
275 7685 -100  211
285 7746 -100  218
295 7083 -100  222
305 7449 -100  225
315 7326 -100  226
325 7338 -102  225
335 7340 -102  219
345 7341 -102  206
355 7173 -102  192
365 6957 -102  175
375 7023 -102  158
385 7103 -102  139
395 7338 -102  120
405 7346 -102   99
415 7447 -102   77
425 7550 -102   54
435 7559 -102   30
445 7576 -102    6
455 7590   80  -18
465 7597   80  -30
475 7562   80  -42
485 7530   80  -57
495 7536   80  -72
505 7584   80  -86
515 7137   80 -100
525 7169   80 -116
535 7293   80 -128
545 7431   80 -136
555 7366   56 -138
565 7405    6 -138
575 7350   10 -138
585 7471   10 -125
595 7305   10 -114
605 7754   10 -103
615 7767   10  -90
625 7881   10  -78
635 7885   10  -65
645 7888   10  -53
655 7925   10  -42
665 7926   10  -30
99999 0 0 0 
  0 785   71   17
 10 7858   71   16
 20 7859   71   16
 30 7728   71   17
 40 7689   71   16
 50 7667   71   16
 60 7598   71   18
 70 7576   71   23
 80 7316   71   29
 90 7285   71   37
100 7307   71   44
110 7218   71   52
120 7191   71   61
130 7195   65   70
140 7302   57   80
151 7354   50   90
163 7378   40  104
173 7433   30  116
183 7462   30  127
193 7558   30  138
203 7571   30  148
213 7684   30  159
223 7757   30  168
233 7760   30  179
243 7760 -101  188
253 7797 -101  196
263 7591 -101  204
273 7534 -101  210
283 7569 -101  216
293 7631 -101  222
303 7038 -101  227
313 7369 -101  230
323 7281 -101  230
333 7269 -101  230
343 7286 -101  230
353 7269 -103  216
363 7184 -103  203
373 6888 -103  188
383 6958 -103  170
393 6977 -103  152
403 7218 -103  134
413 7229 -103  114
423 7336 -103   92
434 7439 -103   68
444 7446 -103   44
454 7496 -103   20
464 7478 -103   -4
474 7488   81  -24
484 7512   81  -34
494 7441   81  -48
504 7415   81  -61
514 7498   81  -74
524 7120   81  -88
534 7162   81 -102
544 7182   81 -116
554 7317   81 -125
564 7233   65 -128
574 7266   14 -128
584 7269   10 -128
594 7402   10 -119
604 7252   10 -106
614 7571   10  -95
624 7585   10  -82
634 7735   10  -69
644 7809   10  -56
654 7811   10  -44
664 7812   10  -30
99999 0 0 0 
  0 782   71   31
 11 7807   71   31
 21 7665   71   31
 31 7643   71   31
 41 7655   71   31
 51 7263   71   31
 61 7242   71   34
 71 7312   71   40
 81 7190   71   48
 91 7205   71   55
101 7184   69   64
112 7190   63   72
123 7273   56   84
133 7284   49   94
144 7391   41  105
154 7416   33  117
164 7445   30  128
174 7577   30  139
184 7596   30  150
194 7606   30  160
204 7684   30  171
214 7756   30  180
224 7757 -102  190
234 7757 -102  199
245 7715 -102  207
255 7555 -102  212
265 7561 -102  219
275 7611 -102  226
285 7661 -102  231
295 7231 -102  235
305 7329 -102  236
315 7207 -102  236
325 7304 -102  236
335 7268 -104  228
345 7273 -104  215
355 6999 -104  200
365 6892 -104  183
375 6954 -104  166
385 7069 -104  147
395 7195 -104  127
405 7198 -104  106
415 7373 -104   84
425 7406 -104   61
435 7415 -104   37
446 7507 -104   11
456 7487   81  -14
466 7491   81  -28
476 7500   81  -40
486 7413   81  -53
496 7432   81  -65
506 7481   81  -78
516 7491   81  -92
526 7521   81 -105
536 7282   81 -117
546 7275   81 -124
556 7211   49 -125
566 7313    0 -125
576 7395   10 -122
586 7485   10 -111
596 7204   10 -102
606 7223   10  -89
616 7231   10  -76
626 7770   10  -64
636 7773   10  -52
646 7776   10  -40
656 7811   10  -28
666 7812   10  -17
99999 0 0 0 
  0 789   71   22
 10 7889   71   22
 20 7880   71   22
 30 7788   71   22
 40 7757   71   22
 50 7733   71   22
 60 7349   71   22
 70 7318   71   26
 80 7341   71   33
 90 7277   71   40
100 7305   71   48
110 7219   71   56
120 7266   69   64
130 7269   63   73
140 7340   57   83
150 7428   51   94
160 7450   44  104
170 7480   36  116
180 7501   30  127
190 7539   30  138
200 7629   30  150
210 7745   30  160
220 7750   30  171
230 7825   30  180
240 7826 -101  191
250 7826 -101  200
260 7686 -101  208
270 7535 -101  213
280 7563 -101  220
290 7553 -101  227
300 7141 -101  232
310 7153 -101  236
320 7428 -101  236
330 7376 -101  236
340 7319 -101  236
350 7224 -105  224
360 7066 -105  210
370 7130 -105  194
380 6987 -105  177
390 7044 -105  159
400 7080 -105  140
410 7340 -105  120
420 7445 -105   99
430 7442 -105   76
440 7514 -105   53
450 7525 -105   29
460 7542 -105    4
470 7556   81  -20
480 7594   81  -31
490 7524   81  -44
500 7513   81  -57
510 7549   81  -69
520 7598   81  -84
530 7112   81  -97
540 7342   81 -111
550 7246   81 -122
560 7393   81 -126
570 7378   23 -127
580 7425    0 -127
590 7327   10 -121
600 7225   10 -108
610 7272   10  -96
620 7789   10  -84
630 7763   10  -72
640 7767   10  -58
650 7878   10  -45
660 7880   10  -32
670 7881   10  -18
99999 0 0 0 
