S 7734     0     0     0
B   0 773  124   -3
B  10 773  124   -3
B  20 773  124   -3
B  30 726  124   -3
B  40 672  124   -3
B  50 668  124   -3
B  60 681  124   -3
B  70 696  124   -3
B  81 695  124   -3
B  92 661  124    1
B 102 623  124    9
B 113 592  124   20
B 124 586  124   31
B 134 600  124   40
B 144 622  124   49
B 154 639  124   60
B 164 644  106   69
B 174 640   83   80
B 184 632   62   92
B 194 651   41  104
B 204 673   41  117
B 215 704   41  131
B 225 722   41  144
B 236 731   41  156
B 247 736   41  169
B 257 739   41  181
pull out 185
B 268 742 -124  191
B 278 743 -124  202
B 289 743 -124  212
B 299 714 -124  222
B 309 635 -124  230
B 319 633 -124  237
B 330 653 -124  245
B 341 677 -124  253
B 352 689 -124  259
B 362 664 -124  261
B 373 614 -124  261
B 384 585 -124  258
B 394 576 -124  247
B 404 585 -124  234
B 415 610 -124  220
B 425 639 -124  203
B 435 661 -124  187
B 445 675 -124  169
B 456 682 -124  149
B 467 684 -124  127
B 477 686 -124  105
B 487 691 -124   83
B 497 697 -124   61
B 507 704 -124   36
B 517 711 -124   14
B 527 716 -124  -11
push -16 -15
push out at target
B 537 717   82  -25
B 547 703   82  -36
B 557 672   82  -51
B 567 647   82  -67
B 577 612   82  -83
B 587 625   82  -99
B 597 650   82 -116
B 608 675   82 -135
B 619 663   82 -151
B 629 623   82 -161
B 639 591   75 -163
B 649 575    6 -163
B 659 603   10 -160
B 669 683   10 -149
B 679 724   10 -135
B 689 741   10 -125
B 699 751   10 -112
B 709 756   10  -99
B 719 759   10  -88
B 729 761   10  -76
B 739 762   10  -65
pb end 
SSS v= 7723  t=  240 
SSS    4     0     0     7
%P VOLT1   = 7505
%P VOLT2   = 7720
%P S2_SC   =  1.04
%P L_ANG_MAX = 240
S 7720     4     0     0
B   0 772  124    7
B  10 772  124    7
B  20 772  124    7
B  30 772  124    7
B  40 710  124    7
B  50 662  124    7
B  60 655  124    7
B  70 645  124    7
B  80 620  124    8
B  90 595  124   14
B 100 581  124   23
B 110 587  124   32
B 120 604  124   40
B 130 622  124   49
B 140 630  124   57
B 150 629  108   68
B 160 625   87   79
B 170 622   62   91
B 180 625   41  103
B 191 636   41  116
B 201 666   41  129
B 211 701   41  143
B 223 722   41  158
B 234 730   41  172
pull out 178
B 245 736 -124  185
B 256 738 -124  198
B 266 741 -124  209
B 276 655 -124  221
B 287 614 -124  229
B 299 630 -124  239
B 310 655 -124  248
B 320 677 -124  254
B 331 671 -124  259
B 343 620 -124  260
B 353 585 -124  259
B 363 571 -124  253
B 373 572 -124  239
B 384 594 -124  225
B 395 624 -124  209
B 405 651 -124  193
B 416 669 -124  173
B 426 679 -124  154
B 437 681 -124  133
B 449 683 -124  109
B 459 687 -124   86
B 470 694 -124   61
B 481 702 -124   35
B 493 709 -124    7
push -15 -15
push out at target
B 504 715   82  -19
B 514 710   82  -28
B 525 662   82  -41
B 535 628   82  -55
B 546 644   82  -69
B 556 668   82  -85
B 568 689   82 -102
B 579 674   82 -115
B 589 629   82 -121
B 599 594   40 -123
B 609 579    6 -123
B 619 629   10 -118
B 630 677   10 -103
B 641 721   10  -90
B 651 741   10  -78
B 661 750   10  -65
B 673 756   10  -48
B 683 759   10  -35
B 693 760   10  -21
B 704 762   10   -7
pb end 
SSS v= 7720  t=  250 
SSS   37     0    44     1
%P VOLT1   = 7446
%P VOLT2   = 7720
%P S2_SC   =  1.04
%P L_ANG_MAX = 250
S 7720    37     0    44
B   0 772  124    1
B  10 772  124    1
B  22 762  124    1
B  32 676  124    1
B  42 661  124    1
B  52 667  124    1
B  62 661  124    1
B  72 633  124    5
B  82 600  124   13
B  92 581  124   23
B 102 584  124   32
B 113 602  124   41
B 124 624  124   53
B 134 636  119   64
B 144 638   97   75
B 154 634   78   85
B 164 630   53   99
B 174 647   41  113
B 184 659   41  125
B 195 701   41  140
B 205 721   41  155
B 216 731   41  169
B 226 735   41  181
pull out 185
B 236 738 -124  193
B 246 644 -124  203
B 256 611 -124  213
B 266 624 -124  224
B 276 648 -124  233
B 286 670 -124  240
B 296 670 -124  245
B 306 629 -124  247
B 316 592 -124  247
B 326 572 -124  246
B 336 566 -124  233
B 346 576 -124  221
B 356 604 -124  205
B 366 631 -124  191
B 376 655 -124  174
B 386 673 -124  155
B 396 680 -124  137
B 406 682 -124  117
B 416 683 -124   97
B 427 686 -124   73
B 437 692 -124   51
B 447 698 -124   27
B 458 706 -124    1
push -16 -15
push out at target
B 468 711   82  -21
B 478 705   82  -31
B 489 678   82  -43
B 501 627   82  -60
B 511 640   82  -75
B 521 661   82  -91
B 531 683   82 -106
B 541 683   82 -120
B 551 643   82 -129
B 561 602   66 -133
B 571 580   23 -133
B 581 584   10 -133
B 591 679   10 -123
B 601 718   10 -111
B 611 738   10 -101
B 621 749   10  -89
B 631 754   10  -75
B 641 758   10  -63
B 651 760   10  -51
B 661 761   10  -39
pb end 
SSS v= 7713  t=  250 
SSS   32     0    44     5
%P VOLT1   = 7446
%P VOLT2   = 7713
%P S2_SC   =  1.04
%P L_ANG_MAX = 250
S 7713    32     0    44
B   0 771  124    5
B  11 771  124    5
B  21 770  124    5
B  31 738  124    5
B  41 669  124    5
B  51 657  124    5
B  61 653  124    5
B  71 636  124    5
B  81 605  124   10
B  91 582  124   19
B 101 579  124   28
B 111 594  124   36
B 121 614  124   45
B 131 629  124   56
B 141 633  115   65
B 151 630   93   77
B 161 626   71   89
B 171 625   49  101
B 181 645   41  115
B 191 659   41  128
B 201 698   41  141
B 211 719   41  156
B 221 728   41  169
B 231 733   41  181
pull out 188
B 241 737 -124  193
B 251 739 -124  205
B 261 740 -124  217
B 271 650 -124  227
B 281 612 -124  235
B 291 625 -124  244
B 301 649 -124  253
B 311 672 -124  260
B 322 676 -124  265
B 332 636 -124  267
B 342 595 -124  267
B 353 572 -124  265
B 364 566 -124  253
B 374 579 -124  239
B 384 604 -124  225
B 394 634 -124  210
B 405 658 -124  192
B 417 673 -124  171
B 428 678 -124  149
B 438 680 -124  127
B 448 682 -124  108
B 458 688 -124   84
B 468 694 -124   63
B 478 702 -124   37
B 488 709 -124   13
B 498 714 -124  -11
push -17 -15
push out at target
B 509 714   82  -25
B 519 649   82  -38
B 529 625   82  -50
B 540 640   82  -61
B 552 668   82  -79
B 563 688   82  -93
B 573 680   82 -105
B 583 637   82 -112
B 594 598   49 -113
B 604 580    0 -113
B 614 663   10 -109
B 624 718   10  -97
B 634 736   10  -88
B 645 747   10  -75
B 656 754   10  -61
B 667 757   10  -48
B 678 759   10  -35
B 688 760   10  -23
B 698 761   10  -11
pb end 
SSS v= 7706  t=  260 
SSS   30     0    41     2
%P VOLT1   = 7446
%P VOLT2   = 7709
%P S2_SC   =  1.04
%P L_ANG_MAX = 260
S 7706    30     0    41
B   0 770  124    2
B  10 770  124    2
B  21 770  124    2
B  31 770  124    2
B  41 687  124    2
B  52 659  124    2
B  62 657  124    3
B  73 644  124    3
B  83 616  124    8
B  93 588  124   16
B 103 577  124   25
B 113 586  124   33
B 123 605  124   43
B 133 624  124   52
B 143 633  121   62
B 153 633  103   73
B 163 628   85   85
B 173 624   63   97
B 183 628   41  111
B 193 636   41  125
B 203 678   41  138
B 213 708   41  152
B 223 722   41  165
B 233 729   41  180
B 243 734   41  192
pull out 197
B 253 737 -124  204
B 263 739 -124  215
B 273 677 -124  226
B 283 612 -124  235
B 293 614 -124  245
B 303 638 -124  254
B 314 665 -124  263
B 325 674 -124  269
B 336 636 -124  272
B 347 594 -124  272
B 359 569 -124  269
B 370 566 -124  256
B 381 580 -124  241
B 391 609 -124  227
B 401 635 -124  213
B 411 658 -124  195
B 422 672 -124  176
B 434 677 -124  153
B 445 679 -124  129
B 456 682 -124  107
B 467 687 -124   83
B 478 696 -124   55
B 488 704 -124   31
B 498 710 -124    8
B 509 715 -124  -18
push -19 -15
push out at target
B 519 709   83  -29
B 529 687   83  -42
B 539 655   83  -55
B 550 618   83  -73
B 560 633   83  -88
B 570 658   83 -106
B 581 678   83 -123
B 591 661   83 -137
B 602 618   83 -145
B 613 582   51 -147
B 623 566    5 -147
B 633 596   10 -142
B 643 639   10 -129
B 654 694   10 -115
B 664 728   10 -103
B 674 742   10  -89
B 685 751   10  -75
B 696 755   10  -61
B 706 757   10  -47
B 716 759   10  -35
pb end 
SSS v= 7702  t=  260 
SSS   31     0    38     5
%P VOLT1   = 7446
%P VOLT2   = 7702
%P S2_SC   =  1.04
%P L_ANG_MAX = 260
S 7702    31     0    38
B   0 770  124    5
B  10 769  124    5
B  20 770  124    5
B  30 712  124    5
B  40 662  124    5
B  51 658  124    5
B  61 656  124    6
B  72 633  124    6
B  82 599  124   13
B  92 578  124   21
B 102 578  124   29
B 112 595  124   40
B 122 615  124   49
B 132 629  124   59
B 142 634  110   69
B 152 631   90   81
B 162 626   70   93
B 172 631   46  107
B 182 655   41  120
B 192 682   41  134
B 202 709   41  147
B 212 722   41  161
B 222 730   41  173
B 232 734   41  185
B 242 737   41  197
pull out 200
B 252 739 -124  209
B 262 718 -124  221
B 272 626 -124  229
B 282 615 -124  238
B 293 634 -124  248
B 303 660 -124  257
B 313 677 -124  263
B 323 663 -124  267
B 333 617 -124  267
B 343 583 -124  267
B 354 568 -124  261
B 364 567 -124  249
B 374 584 -124  235
B 384 612 -124  221
B 394 640 -124  205
B 404 660 -124  189
B 415 673 -124  169
B 426 677 -124  147
B 436 679 -124  125
B 447 682 -124  103
B 458 688 -124   78
B 468 695 -124   53
B 479 703 -124   29
B 490 710 -124    1
push -15 -15
push out at target
B 500 715   83  -21
B 510 707   83  -30
B 522 626   83  -44
B 533 629   83  -57
B 543 651   83  -69
B 554 675   83  -84
B 564 687   83  -98
B 575 660   83 -108
B 585 614   67 -112
B 595 583   23 -112
B 605 609   10 -111
B 615 683   10 -103
B 625 721   10  -91
B 635 739   10  -82
B 645 749   10  -69
B 655 754   10  -57
B 666 756   10  -44
B 676 758   10  -31
B 687 759   10  -18
pb end 
SSS v= 7695  t=  260 
SSS   57     0    89     1
%P VOLT1   = 7446
%P VOLT2   = 7692
%P S2_SC   =  1.04
%P L_ANG_MAX = 260
S 7692    57     0    89
B   0 769  124    1
B  10 769  124    1
B  20 743  124    1
B  30 668  124    1
B  40 656  124    1
B  50 656  124    2
B  60 640  124    3
B  70 612  124    9
B  80 588  124   17
B  90 579  124   27
B 101 589  124   36
B 112 610  124   46
B 122 626  124   57
B 132 632  113   67
B 142 630   96   77
B 152 626   76   90
B 162 624   56  102
B 172 641   41  116
B 182 655   41  129
B 192 694   41  143
B 202 715   41  157
B 212 725   41  170
B 222 731   41  183
B 232 734   41  195
pull out 198
B 242 737 -124  208
B 252 739 -124  219
B 262 637 -124  229
B 272 609 -124  237
B 282 624 -124  247
B 292 647 -124  256
B 302 671 -124  263
B 312 673 -124  269
B 322 632 -124  271
B 332 593 -124  270
B 342 570 -124  269
B 352 562 -124  258
B 362 569 -124  245
B 372 593 -124  231
B 382 622 -124  217
B 392 649 -124  201
B 402 666 -124  185
B 412 676 -124  165
B 422 677 -124  145
B 432 678 -124  125
B 442 681 -124  105
B 452 686 -124   80
B 462 693 -124   57
B 472 701 -124   33
B 482 708 -124    9
push -15 -15
push out at target
B 492 713   83  -15
B 502 712   83  -27
B 512 636   83  -39
B 522 616   83  -51
B 532 634   83  -61
B 542 659   83  -75
B 552 680   83  -89
B 563 680   83 -101
B 574 637   83 -109
B 584 596   51 -110
B 594 575    0 -110
B 604 663   10 -107
B 614 714   10  -95
B 624 734   10  -87
B 634 745   10  -76
B 644 752   10  -64
B 654 755   10  -53
B 664 757   10  -40
B 674 758   10  -29
B 684 759   10  -18
B 694 760   10   -7
pb end 
SSS v= 7692  t=  270 
SSS   53     0    70     1
%P VOLT1   = 7446
%P VOLT2   = 7695
%P S2_SC   =  1.04
%P L_ANG_MAX = 270
S 7695    53     0    70
B   0 769  124    1
B  10 769  124    1
B  20 769  124    1
B  30 709  124    1
B  40 660  124    1
B  50 655  124    1
B  60 648  124    2
B  70 623  124    5
B  80 597  124   13
B  90 581  124   21
B 100 582  124   30
B 110 597  124   39
B 120 615  124   49
B 130 626  124   59
B 140 630  111   69
B 150 628   93   81
B 160 625   75   93
B 170 625   57  105
B 180 641   41  120
B 190 660   41  133
B 200 693   41  146
B 211 713   41  161
B 221 725   41  176
B 231 731   41  188
B 242 735   41  201
pull out 201
B 252 737 -124  214
B 262 702 -124  225
B 273 616 -124  234
B 284 612 -124  245
B 294 636 -124  255
B 305 662 -124  264
B 316 674 -124  271
B 326 642 -124  273
B 337 595 -124  273
B 347 572 -124  273
B 357 562 -124  263
B 367 568 -124  250
B 377 589 -124  237
B 388 620 -124  221
B 399 651 -124  203
B 409 666 -124  187
B 420 675 -124  167
B 430 676 -124  145
B 440 677 -124  124
B 451 681 -124  101
B 461 689 -124   77
B 471 695 -124   53
B 482 704 -124   28
B 492 710 -124    4
push -15 -15
push out at target
B 504 715   83  -21
B 515 663   83  -33
B 526 614   83  -45
B 536 629   83  -55
B 547 654   83  -69
B 557 678   83  -83
B 568 684   83  -95
B 579 642   83 -104
B 589 602   59 -106
B 599 579    6 -105
B 609 655   10 -105
B 619 706   10  -94
B 629 731   10  -84
B 639 744   10  -73
B 649 750   10  -63
B 659 754   10  -50
B 669 756   10  -39
B 679 758   10  -27
B 689 759   10  -15
B 699 759   10   -4
pb end 
SSS v= 7685  t=  270 
SSS   54     0    70     5
%P VOLT1   = 7446
%P VOLT2   = 7685
%P S2_SC   =  1.04
%P L_ANG_MAX = 270
S 7685    54     0    70
B   0 768  124    5
B  11 768  124    5
B  21 768  124    5
B  31 768  124    5
B  41 677  124    5
B  51 657  124    5
B  61 663  124    5
B  71 666  124    5
B  81 644  124    5
B  91 605  124   10
B 101 580  124   19
B 111 573  124   29
B 121 588  124   39
B 131 611  124   49
B 141 629  124   59
B 152 637  111   69
B 162 633   93   81
B 173 626   75   95
B 183 624   52  108
B 193 626   41  121
B 203 675   41  135
B 213 706   41  149
B 224 720   41  164
B 236 729   41  180
B 247 733   41  193
B 257 736   41  205
pull out 206
B 267 738 -124  217
B 277 739 -124  227
B 287 715 -124  239
B 297 625 -124  248
B 307 617 -124  256
B 317 636 -124  265
B 327 659 -124  274
B 337 678 -124  281
B 347 665 -124  285
B 357 618 -124  286
B 367 584 -124  286
B 377 566 -124  281
B 387 563 -124  269
B 397 579 -124  254
B 407 603 -124  241
B 417 632 -124  226
B 428 658 -124  208
B 438 673 -124  189
B 449 677 -124  169
B 461 677 -124  143
B 471 680 -124  121
B 481 684 -124  101
B 491 691 -124   77
B 501 700 -124   53
B 511 707 -124   28
B 522 713 -124    1
push -15 -15
push out at target
B 532 717   83  -21
B 542 710   83  -31
B 552 680   83  -43
B 562 629   83  -59
B 573 629   83  -73
B 583 650   83  -91
B 593 671   83 -107
B 603 679   83 -123
B 613 648   83 -133
B 623 605   75 -139
B 633 577   41 -139
B 643 566   10 -139
B 653 649   10 -133
B 663 703   10 -120
B 673 730   10 -109
B 683 743   10  -97
B 694 750   10  -83
B 704 754   10  -70
B 714 756   10  -57
B 724 757   10  -45
pb end 
SSS v= 7681  t=  280 
SSS   56     0    64     7
%P VOLT1   = 7446
%P VOLT2   = 7685
%P S2_SC   =  1.04
%P L_ANG_MAX = 280
S 7681    56     0    64
B   0 768  124    7
B  11 767  124    7
B  21 768  124    7
B  31 699  124    7
B  41 657  124    7
B  51 652  124    7
B  61 644  124    7
B  71 620  124    7
B  81 593  124   13
B  91 579  124   22
B 101 582  124   31
B 111 599  124   41
B 122 617  124   51
B 132 628  123   61
B 142 630  108   72
B 152 626   93   84
B 162 623   76   96
B 172 627   58  109
B 182 638   41  122
B 192 662   41  135
B 202 689   41  149
B 213 711   41  164
B 223 724   41  178
B 233 730   41  191
B 243 733   41  203
pull out 214
B 253 736 -124  216
B 263 737 -124  227
B 273 738 -124  239
B 283 666 -124  250
B 293 614 -124  257
B 303 618 -124  267
B 313 643 -124  277
B 323 665 -124  285
B 333 676 -124  292
B 344 644 -124  295
B 355 595 -124  295
B 366 569 -124  294
B 377 562 -124  283
B 387 569 -124  269
B 397 594 -124  256
B 408 626 -124  239
B 419 652 -124  223
B 430 668 -124  203
B 440 673 -124  185
B 450 674 -124  163
B 461 675 -124  141
B 472 681 -124  116
B 483 689 -124   92
B 494 697 -124   66
B 505 707 -124   37
B 515 713 -124   13
B 525 716 -124  -12
push -15 -15
push out at target
B 535 715   83  -25
B 546 693   83  -37
B 557 628   83  -51
B 567 632   83  -65
B 577 652   83  -79
B 588 675   83  -96
B 599 682   83 -111
B 610 641   83 -123
B 620 598   83 -125
B 630 576    6 -125
B 640 603   10 -125
B 650 681   10 -113
B 660 718   10 -101
B 670 738   10  -90
B 680 746   10  -78
B 690 751   10  -66
B 700 754   10  -53
B 711 756   10  -39
B 721 757   10  -26
pb end 
SSS v= 7685  t=  280 
SSS   58     0    64     5
%P VOLT1   = 7446
%P VOLT2   = 7685
%P S2_SC   =  1.04
%P L_ANG_MAX = 280
S 7681    58     0    64
B   0 768  124    5
B  10 768  124    5
B  20 709  124    5
B  30 658  124    5
B  40 655  124    5
B  50 654  124    5
B  60 636  124    5
B  70 604  124   10
B  80 581  124   19
B  90 576  124   28
B 100 589  124   37
B 110 608  124   47
B 120 625  124   57
B 130 631  115   67
B 140 630  101   78
B 150 625   84   90
B 160 623   62  105
B 170 624   48  116
B 180 643   41  129
B 190 690   41  143
B 200 712   41  158
B 210 723   41  172
B 220 729   41  184
B 230 732   41  196
B 240 735   41  209
pull out 220
B 251 737 -124  221
B 262 738 -124  233
B 272 738 -124  244
B 283 738 -124  255
B 295 645 -124  268
B 305 621 -124  276
B 315 636 -124  285
B 325 658 -124  294
B 336 678 -124  302
B 347 663 -124  304
B 358 617 -124  304
B 368 582 -124  301
B 379 569 -124  289
B 389 580 -124  275
B 400 609 -124  261
B 410 634 -124  247
B 420 656 -124  230
B 430 666 -124  215
B 441 669 -124  194
B 451 669 -124  173
B 461 672 -124  152
B 472 678 -124  128
B 483 688 -124  104
B 493 697 -124   79
B 505 706 -124   49
B 516 712 -124   23
B 526 716 -124   -2
push -17 -15
push out at target
B 537 718   83  -27
B 548 709   83  -39
B 558 663   83  -53
B 568 622   83  -67
B 578 636   83  -84
B 588 656   83  -99
B 598 675   83 -113
B 608 675   83 -129
B 619 633   83 -139
B 629 592   67 -142
B 640 570   15 -142
B 650 616   10 -141
B 660 682   10 -130
B 670 720   10 -117
B 681 738   10 -107
B 691 747   10  -93
B 702 752   10  -79
B 712 755   10  -67
B 722 756   10  -55
B 732 757   10  -43
pb end 
SSS v= 7667  t=  280 
SSS   60     0    64     8
%P VOLT1   = 7446
%P VOLT2   = 7671
%P S2_SC   =  1.04
%P L_ANG_MAX = 280
S 7667    60     0    64
B   0 766  125    8
B  10 766  125    8
B  20 743  125    8
B  30 665  125    8
B  40 648  125    9
B  50 639  125    9
B  60 620  125    9
B  70 594  125   13
B  80 578  125   21
B  90 581  125   30
B 100 595  125   39
B 110 611  125   49
B 120 622  125   57
B 130 625  114   69
B 143 622   93   83
B 153 620   76   96
B 163 623   58  108
B 173 651   41  121
B 183 671   41  135
B 193 701   41  149
B 203 715   41  161
B 214 725   41  176
B 224 730   41  189
B 234 733   41  200
B 245 735   41  213
pull out 218
B 255 736 -125  224
B 265 737 -125  235
B 277 663 -125  248
B 288 617 -125  256
B 298 627 -125  266
B 309 651 -125  275
B 320 674 -125  283
B 331 670 -125  289
B 341 624 -125  290
B 353 581 -125  290
B 364 565 -125  284
B 375 563 -125  270
B 385 583 -125  256
B 395 610 -125  241
B 405 639 -125  225
B 417 662 -125  207
B 428 674 -125  185
B 438 676 -125  166
B 449 675 -125  143
B 459 679 -125  119
B 470 685 -125   96
B 481 694 -125   69
B 492 703 -125   44
B 502 710 -125   18
B 512 714 -125   -7
push -19 -15
push out at target
B 522 715   83  -23
B 532 702   83  -34
B 542 665   83  -48
B 552 622   83  -62
B 562 632   83  -77
B 572 653   83  -93
B 582 675   83 -110
B 592 675   83 -124
B 602 636   83 -134
B 612 593   76 -137
B 622 584   15 -138
B 632 590    0 -137
B 642 677   10 -129
B 652 714   10 -116
B 662 734   10 -107
B 672 745   10  -95
B 682 750   10  -81
B 692 753   10  -69
B 702 755   10  -56
B 713 756   10  -43
B 723 757   10  -31
pb end 
SSS v= 7667  t=  280 
SSS   62     0    60     8
%P VOLT1   = 7446
%P VOLT2   = 7667
%P S2_SC   =  1.04
%P L_ANG_MAX = 280
S 7667    62     0    60
B   0 766  125    8
B  10 766  125    8
B  22 766  125    8
B  32 700  125    8
B  42 656  125    8
B  52 651  125    8
B  62 641  125    8
B  73 616  125    8
B  83 588  125   15
B  93 576  125   24
B 103 581  125   33
B 113 600  125   42
B 123 617  125   52
B 134 627  124   63
B 144 629  107   73
B 156 623   90   88
B 166 622   69  100
B 176 624   51  113
B 186 629   41  127
B 197 678   41  141
B 208 707   41  157
B 218 719   41  171
B 228 726   41  185
B 239 731   41  197
B 250 734   41  210
pull out 213
B 261 736 -125  225
B 271 737 -125  235
B 281 702 -125  246
B 291 623 -125  255
B 302 616 -125  265
B 312 638 -125  275
B 322 662 -125  283
B 333 676 -125  290
B 343 656 -125  293
B 354 603 -125  294
B 364 573 -125  293
B 375 562 -125  285
B 385 566 -125  272
B 396 589 -125  257
B 407 619 -125  241
B 417 646 -125  225
B 428 663 -125  207
B 438 671 -125  189
B 449 673 -125  167
B 460 674 -125  144
B 472 679 -125  117
B 483 687 -125   93
B 493 696 -125   67
B 503 704 -125   43
B 513 710 -125   19
B 524 714 -125   -8
push -16 -15
push out at target
B 535 714   83  -25
B 547 693   83  -39
B 558 626   83  -54
B 568 631   83  -67
B 579 653   83  -84
B 591 678   83 -103
B 602 677   83 -117
B 613 631   83 -127
B 623 590   67 -129
B 633 570    6 -129
B 643 622   10 -127
B 653 687   10 -116
B 663 720   10 -104
B 673 738   10  -93
B 684 747   10  -80
B 694 751   10  -67
B 705 753   10  -54
B 715 755   10  -41
B 727 756   10  -27
pb end 
SSS v= 7660  t=  280 
SSS   66     0    60     4
%P VOLT1   = 7446
%P VOLT2   = 7664
%P S2_SC   =  1.04
%P L_ANG_MAX = 280
S 7664    66     0    60
B   0 766  125    4
B  10 766  125    4
B  20 733  125    4
B  30 663  125    4
B  41 652  125    4
B  51 650  125    4
B  61 630  125    5
B  71 603  125   11
B  81 581  125   20
B  91 575  125   28
B 101 589  125   37
B 111 609  125   47
B 121 624  125   57
B 131 630  116   68
B 141 628  100   79
B 152 623   82   92
B 162 622   64  104
B 172 634   46  117
B 182 647   41  131
B 192 687   41  145
B 202 706   41  159
B 212 720   41  173
B 223 727   41  187
B 234 731   41  201
B 244 734   41  213
pull out 216
B 255 735 -125  225
B 266 737 -125  237
B 277 656 -125  249
B 287 613 -125  257
B 298 624 -125  268
B 308 648 -125  277
B 319 672 -125  285
B 330 669 -125  291
B 340 625 -125  293
B 350 586 -125  293
B 361 566 -125  290
B 371 561 -125  278
B 381 575 -125  264
B 391 599 -125  251
B 402 630 -125  234
B 412 653 -125  217
B 424 668 -125  196
B 434 673 -125  177
B 444 674 -125  157
B 454 675 -125  136
B 464 681 -125  113
B 475 688 -125   88
B 485 696 -125   63
B 496 705 -125   37
B 507 711 -125    9
push -17 -15
push out at target
B 518 714   83  -17
B 529 709   83  -31
B 540 686   83  -45
B 550 622   83  -61
B 561 627   83  -76
B 571 650   83  -94
B 581 670   83 -110
B 592 673   83 -126
B 604 627   83 -137
B 614 588   68 -140
B 624 569   15 -140
B 634 611   10 -140
B 644 679   10 -129
B 654 717   10 -115
B 664 735   10 -105
B 674 745   10  -92
B 684 750   10  -79
B 694 753   10  -66
B 704 754   10  -54
B 714 755   10  -41
B 724 756   10  -29
pb end 
