  0 795   70    0
 10 7954   70    0
 20 7914   70    0
 30 7815   70    0
 40 7815   70    0
 51 7841   70    0
 62 7471   70    0
 73 7574   70    0
 84 7523   70    3
 94 7567   70    9
105 7555   70   18
115 7543   70   28
126 7422   70   40
137 7323   22   51
148 7279   22   62
158 7286   29   72
168 7369   29   81
179 7564   38   93
190 7561   25  104
200 7571   20  113
211 7808   20  122
221 7815   25  129
231 7749   35  138
241 7854   22  145
251 7854   20  152
261 7857   25  160
271 7858   20  166
281 7861   20  172
291 7861 -100  177
301 7863 -100  182
311 7728 -100  187
321 7645 -100  189
331 7661 -100  192
343 7716 -100  196
354 7754 -100  197
365 7364 -100  198
376 7404 -100  197
388 7410 -100  197
399 7360 -100  183
409 7332 -100  167
419 7040 -100  150
430 7110 -100  132
440 7033 -100  113
450 7177 -100   94
460 7188 -100   72
471 7291 -100   50
482 7465 -100   23
493 7469 -100   -1
503 7472   80  -16
513 7448   80  -26
524 7411   80  -42
535 7376   80  -58
545 7427   80  -72
556 7411   80  -88
566 7453   80 -104
577 7229   80 -118
587 7258   80 -127
598 7360   64 -129
609 7326    5 -129
619 7310   10 -125
629 6935   10 -113
640 7082   10  -97
650 7153   10  -85
661 7365   10  -70
671 7378   10  -55
681 7740   10  -40
692 7819   10  -25
704 7822   10   -7
99999 0 0 0 
  0 791    0    4
 10 7916   91    4
 20 7913   91    4
 30 7725   91    4
 40 7695   91    4
 50 7723   91    4
 60 7665   91    4
 70 7609   91    8
 80 7237   91   16
 90 7208   91   26
100 7197   91   38
110 6952   91   50
120 6898   26   61
130 6964   26   73
140 7103   26   85
150 7261   26   98
160 7285   26  110
171 7652   26  121
181 7766   26  132
191 7768   26  143
201 7773   26  153
211 7809   26  163
221 7812 -101  172
231 7815 -101  180
241 7690 -101  188
251 7543 -101  196
261 7556 -101  203
271 7612 -101  208
281 7667 -101  212
291 7110 -101  215
301 7238 -101  216
311 7126 -101  216
321 7284 -101  212
331 7233 -101  200
341 7259 -101  186
351 6935 -101  170
361 6862 -101  153
371 6917 -101  134
381 7050 -101  116
391 7236 -101   96
401 7235 -101   74
411 7413 -101   52
421 7418 -101   27
431 7436 -101    4
441 7486   80  -13
451 7468   80  -24
461 7406   80  -37
471 7390   80  -53
481 7384   80  -69
491 7432   80  -84
501 7346   80 -101
511 7284   80 -117
521 7263   80 -134
531 7231   80 -145
542 7219   80 -149
553 7248   20 -149
563 7301   10 -148
573 7251   10 -137
583 7088   10 -124
593 7133   10 -112
603 7120   10  -98
613 7771   10  -84
623 7776   10  -70
633 7780   10  -56
643 7819   10  -44
99999 0 0 0 
653 7822    0  -30
663 7823    0  -18
673 7861    0   -7
683 7863    0    3
693 7866    0   10
703 7864    0   16
713 7867    0   20
723 7868    0   24
733 7867    0   27
743 7870    0   28
753 7870   92   30
763 7870   92   32
773 7870   92   32
783 7752   92   32
793 7660   92   32
803 7597   92   32
813 7557   92   35
823 7145   92   40
833 7120   92   45
843 7189   92   53
853 7098   92   63
863 7136   60   73
873 7077   37   84
883 6938   26   96
893 7050   26  109
903 7111   26  121
913 7261   26  134
923 7279   26  145
933 7679   26  155
943 7759   26  167
953 7761 -101  178
963 7763 -101  188
973 7766 -101  198
983 7559 -101  206
993 7498 -101  215
1003 7570 -101  222
1013 7625 -101  228
1023 6953 -101  232
1033 7263 -101  235
1043 7143 -101  235
1053 7214 -101  235
1063 7151 -101  226
1073 7161 -101  212
1083 7002 -101  197
1093 6823 -101  180
1103 6886 -101  163
1113 6962 -101  144
1123 7228 -101  124
1133 7235 -101  103
1143 7335 -101   81
1153 7405 -101   58
1163 7421 -101   34
1173 7439 -101    9
1183 7487   81  -12
1193 7482   81  -21
1203 7464   81  -34
1213 7415   81  -49
1223 7407   81  -64
1233 7422   81  -78
1243 7228   81  -96
1253 7259   81 -111
1263 7096   81 -125
1275 7256   81 -136
1285 7193   67 -137
1295 7274    0 -137
1305 7145   10 -136
1315 7273   10 -124
1325 7116   10 -113
1335 7355   10 -101
1345 7369   10  -88
1355 7769   10  -76
1365 7773   10  -64
1375 7776   10  -52
1385 7816   10  -41
99999 0 0 0 
1395 7816    0  -29
1405 7819    0  -20
1415 7820    0  -11
1425 7822    0   -4
1435 7823    0    3
1445 7861    0    8
1455 7861    0   12
1465 7863    0   16
1475 7863    0   18
1485 7863    0   21
1495 7864   92   23
1505 7864   92   26
1515 7852   92   26
1525 7713   92   26
1535 7653   92   27
1545 7586   92   28
1555 7505   92   30
1565 7028   92   35
1575 7215   92   41
1585 7227   92   50
1595 7257   92   59
1605 7083   60   70
1615 7116   38   81
1625 7035   26   92
1635 7072   26  105
1645 7126   26  118
1655 7193   26  129
1665 7667   26  140
1675 7679   26  150
1685 7683   26  160
1695 7759   25  171
1705 7761 -101  180
1715 7762 -101  190
1725 7762 -101  200
1735 7639 -101  208
1745 7535 -101  214
1755 7543 -101  220
1765 7595 -101  226
1775 7653 -101  230
1785 7218 -101  232
1795 7153 -101  233
1805 7178 -101  234
1815 7288 -101  233
1825 7268 -101  220
1835 7182 -101  206
1845 6886 -101  191
1855 6952 -101  174
1865 6901 -101  156
1875 7109 -101  136
1885 7123 -101  116
1895 7231 -101   94
1905 7403 -101   72
1915 7413 -101   48
1925 7425 -101   24
1935 7442 -101    0
1945 7452   81  -16
1955 7462   81  -28
1965 7444   81  -41
1975 7366   81  -57
1985 7436   81  -71
1995 7345   81  -86
2005 7391   81 -102
2015 6998   81 -117
2025 7261   81 -129
2035 7165   81 -134
2045 7220   32 -135
2055 7169    0 -135
2065 7337   10 -130
2075 7181   10 -117
2085 7070   10 -104
2095 7100   10  -92
2105 7616   10  -79
2115 7765   10  -65
2125 7771   10  -52
2135 7773   10  -40
2145 7812   10  -26
99999 0 0 0 
2155 7813    0  -13
2165 7815    0   -1
2175 7816    0    9
2185 7817    0   18
2195 7820    0   24
2205 7820    0   29
2215 7822    0   33
2225 7857    0   36
2235 7858    0   37
2245 7860    0   38
2255 7860   92   39
2265 7860   92   41
2275 7773   92   41
2285 7682   92   41
2295 7629   92   41
2305 7562   92   41
2315 7496   92   42
2325 7168   92   48
2335 7153   92   54
2345 7162   92   63
2355 7046   92   73
2365 7088   48   84
2375 7015   26   95
2385 6971   26  107
2395 7034   26  120
2405 7122   26  131
2415 7404   26  144
2425 7420   26  153
2435 7639   26  164
2445 7716   26  175
2455 7720 -101  186
2465 7757 -101  195
2475 7587 -101  204
2485 7498 -101  212
2495 7519 -101  220
2505 7466 -101  226
2515 7514 -101  232
2525 6965 -101  235
2535 7247 -101  235
2545 7160 -101  235
2555 7230 -101  229
2565 7016 -101  216
2575 7058 -101  201
2585 6947 -101  184
2595 6865 -101  168
2605 6913 -101  149
2615 7007 -101  130
2625 7260 -101  110
2635 7259 -101   88
2645 7363 -101   65
2655 7407 -101   42
2665 7427 -101   18
2675 7443 -101   -7
2685 7480   81  -17
2695 7440   81  -29
2705 7407   81  -44
2715 7406   81  -58
2725 7448   81  -72
2735 7426   81  -88
2745 7041   81 -104
2755 7015   81 -118
2766 7115   81 -129
2776 7286   74 -132
2786 7244   14 -132
2796 7361   10 -132
2806 7091   10 -124
2816 7165   10 -111
2826 7129   10 -100
2836 7714   10  -88
2846 7724   10  -76
2856 7731   10  -63
2866 7768   10  -50
2876 7771   10  -38
99999 0 0 0 
2886 7773    0  -27
2896 7811    0  -16
2906 7813    0   -5
2916 7816    0    4
2926 7817    0   12
2936 7817    0   16
2946 7817    0   21
2956 7817    0   24
2966 7820    0   26
2976 7820    0   28
2986 7856   92   28
2996 7857   92   28
3006 7857   92   31
3016 7740   92   31
3026 7670   92   31
3036 7603   92   31
3046 7318   92   31
3056 7254   92   34
3066 7080   92   40
3076 7177   92   48
3086 7199   92   58
3096 7160   60   68
3106 6992   37   79
3116 7029   26   90
3126 7013   26  102
3136 7107   26  113
3146 7145   26  125
3156 7553   26  136
3166 7669   26  145
3176 7675   26  156
3186 7716   26  166
3196 7717 -101  176
3206 7720 -101  185
3216 7538 -101  194
3226 7502 -101  201
3236 7541 -101  208
3246 7238 -101  214
3256 7058 -101  218
3266 7010 -101  220
3276 7212 -101  220
3286 7216 -101  220
3296 7188 -101  212
3306 7052 -101  198
3316 6889 -101  183
3326 6958 -101  166
3336 6842 -101  149
3346 6989 -101  132
3356 7007 -101  112
3366 7256 -101   92
3376 7356 -101   70
3386 7360 -101   47
3396 7405 -101   23
3406 7425 -101   -1
3416 7438   81  -15
3426 7415   81  -26
3436 7386   81  -40
3446 7315   81  -56
3456 7362   81  -70
3466 7307   81  -85
3476 7358   81 -102
3486 7035   81 -118
3496 7183   81 -132
3506 7081   81 -140
3516 7275   57 -142
3526 7243    6 -142
3536 7370   10 -141
3546 7080   10 -128
3556 7067   10 -116
3566 7095   10 -104
3576 7677   10  -90
3586 7724   10  -77
3596 7728   10  -64
3606 7766   10  -52
3616 7768   10  -39
99999 0 0 0 
3626 7771    0  -28
3636 7809    0  -17
3646 7811    0   -8
3656 7813    0   -1
3666 7813    0    5
3676 7815    0   10
3686 7816    0   14
3696 7815    0   18
3706 7816    0   20
3716 7816    0   23
3726 7817   93   27
3736 7854   93   27
3746 7853   93   28
3756 7684   93   28
3766 7608   93   28
3776 7541   93   30
3786 7433   93   33
3796 7052   93   38
3806 7039   93   44
3816 7202   93   52
3826 7166   93   62
3836 7205   60   72
3846 6980   37   83
3856 6935   26   94
3866 7012   26  106
3876 7069   26  119
3886 7196   26  131
3896 7221   26  143
3906 7554   26  153
3916 7670   26  164
3926 7675 -102  176
3936 7713 -102  186
3946 7678 -102  196
3956 7483 -102  205
3966 7506 -102  214
3976 7551 -102  222
3986 7598 -102  227
3996 7042 -102  232
4006 7134 -102  233
4016 7035 -102  233
4026 7199 -102  232
4036 7148 -102  220
4046 7171 -102  206
4056 6842 -102  190
4066 6800 -102  173
4076 6856 -102  155
4086 7033 -102  136
4096 7151 -102  116
4106 7151 -102   96
4116 7360 -102   73
4126 7400 -102   50
4136 7415 -102   25
4146 7431 -102    1
4156 7445   81  -14
4166 7421   81  -26
4176 7429   81  -40
4186 7360   81  -54
4196 7381   81  -69
4206 7359   81  -84
4216 7301   81 -100
4226 7320   81 -116
4236 7176   81 -129
4246 7215   81 -137
4256 7158   57 -138
4266 7239    0 -138
4276 7266   10 -137
4286 7378   10 -125
4296 7072   10 -113
4306 7096   10 -102
4316 7109   10  -90
4326 7721   10  -77
4336 7727   10  -65
4346 7730   10  -54
4356 7766   10  -42
99999 0 0 0 
4366 7769    0  -32
4376 7771    0  -21
4386 7771    0  -13
4396 7809    0   -5
4406 7811    0    1
4416 7812    0    6
4426 7812    0   10
4436 7815    0   14
4446 7815    0   17
4456 7813    0   20
4466 7816   93   21
4476 7816   93   25
4486 7788   93   26
4496 7658   93   26
4506 7634   93   27
4516 7531   93   28
4526 7453   93   30
4536 7091   93   35
4546 7180   93   41
4556 7186   93   50
4566 7250   93   60
4576 7154   49   71
4586 7193   26   82
4596 6988   26   94
4606 7018   26  106
4616 7063   26  118
4626 7190   26  129
4636 7626   26  138
4646 7634   26  148
4656 7707   26  159
4666 7711   26  169
4676 7714 -102  178
4686 7717 -102  187
4696 7754 -102  196
4706 7598 -102  204
4716 7489 -102  208
4726 7513 -102  215
4736 7562 -102  220
4746 6905 -102  223
4756 7133 -102  226
4766 7066 -102  226
4776 7204 -102  226
4786 7248 -102  223
4796 7225 -102  211
4806 7063 -102  198
4816 6950 -102  181
4826 7016 -102  165
4836 6928 -102  147
4846 7071 -102  128
4856 7088 -102  108
4866 7302 -102   87
4876 7332 -102   64
4886 7335 -102   41
4896 7419 -102   17
4906 7397 -102   -7
4916 7395   81  -17
4926 7396   81  -29
4936 7366   81  -44
4946 7318   81  -60
4956 7358   81  -73
4966 7339   81  -90
4976 7381   81 -105
4986 7120   81 -120
4996 7197   81 -132
5006 7113   81 -137
5016 7248   32 -137
5026 7223   10 -137
5036 7378   10 -132
5046 7039   10 -119
5056 7066   10 -106
5066 7094   10  -94
5076 7605   10  -81
5086 7720   10  -68
5096 7724   10  -55
5106 7763   10  -42
99999 0 0 0 
5116 7765    0  -29
5126 7766    0  -16
5136 7766    0   -4
5146 7769    0    7
5156 7771    0   16
5166 7809    0   23
5176 7811    0   28
5186 7811    0   32
5196 7812    0   34
5206 7813    0   36
5216 7813   93   37
5226 7813   93   37
5236 7808   93   40
5246 7723   93   40
5256 7639   93   40
5266 7590   93   40
5276 7531   93   40
5286 7066   93   41
5296 7130   93   47
5306 7112   93   54
5316 7159   93   63
5326 7087   82   73
5336 7138   49   84
5346 6938   26   95
5356 6955   26  107
5366 7004   26  119
5376 7199   26  131
5386 7292   26  142
5396 7304   26  152
5406 7595   26  163
5416 7706   26  173
5426 7710 -102  183
5436 7713 -102  192
5446 7518 -102  201
5456 7454 -102  209
5466 7523 -102  216
5476 7571 -102  222
5486 7614 -102  227
5496 7140 -102  230
5506 7180 -102  230
5516 7091 -102  230
5526 7237 -102  223
5536 7094 -102  210
5546 7132 -102  195
5556 6840 -102  179
5566 6829 -102  162
5576 6872 -102  144
5586 7074 -102  124
5596 7222 -102  104
5606 7219 -102   82
5616 7358 -102   60
5626 7367 -102   36
5636 7387 -102   12
5646 7438 -102  -10
5656 7433   81  -21
5666 7391   81  -34
5676 7346   81  -48
5686 7363   81  -64
5696 7408   81  -78
5706 7315   81  -94
5716 6996   81 -110
5726 6966   81 -124
5737 7175   81 -135
5747 7210   74 -138
5758 7179   14 -138
5768 7306   10 -137
5778 7178   10 -126
5788 7058   10 -114
5798 7091   10 -104
5808 7636   10  -91
5818 7717   10  -78
5828 7721   10  -65
5838 7725   10  -53
5848 7763   10  -42
5858 7763   10  -29
99999 0 0 0 
5868 7766    0  -18
5878 7768    0   -8
5888 7771    0    2
5898 7808    0    8
5908 7809    0   14
5918 7808    0   18
5928 7811    0   21
5938 7811    0   23
5948 7811    0   24
5958 7811    0   26
5968 7812   93   29
5978 7807   93   29
5988 7671   93   29
5998 7608   93   29
6008 7549   93   29
6018 7479   93   30
6028 7150   93   34
6038 7127   93   40
6048 7234   93   48
6058 7114   93   58
6068 7147   60   69
6078 7043   26   80
6088 6889   26   92
6098 7002   26  104
6108 7087   26  116
6118 7254   26  128
6128 7268   26  137
6138 7663   26  148
6148 7703   26  158
6158 7706   25  168
6168 7710   10  177
6178 7713   10  187
6188 7714   10  195
6198 7757   10  204
6208 7765   10  211
6218 7765   10  218
6228 7769   10  224
6238 7807   10  229
6248 7805 -103  234
6258 7808 -103  239
6268 7770 -103  243
6278 7607 -103  244
6288 7594 -103  248
6298 7627 -103  250
6308 7667 -103  252
6318 7162 -103  252
6328 7421 -103  252
6338 7331 -103  252
6348 7334 -103  250
6358 7217 -103  238
6368 7228 -103  223
6378 7104 -103  208
6388 6919 -103  190
6398 6969 -103  172
6408 7040 -103  152
6418 7269 -103  132
6428 7273 -103  111
6438 7340 -103   88
6448 7411 -103   64
6458 7419 -103   40
6468 7432 -103   15
6478 7479 -103   -8
6488 7477   83  -18
6498 7430   83  -30
6508 7401   83  -44
6518 7411   83  -58
6528 7422   83  -72
6538 6936   83  -88
6548 6964   83 -102
6558 7115   83 -115
6568 7259   83 -122
6578 7199   49 -124
6588 7237    6 -124
6598 7049   10 -120
6608 7161   10 -107
6618 7068   10  -94
6628 7661   10  -82
6638 7670   10  -68
6648 7717   10  -55
6658 7757   10  -41
6668 7759   10  -28
6678 7762   10  -15
6688 7765   10   -3
99999 0 0 0 
6698 7765    0    8
6708 7768    0   16
6718 7804    0   22
6728 7805    0   27
6738 7808    0   30
6748 7805    0   33
6758 7808    0   35
6768 7811    0   36
6778 7809    0   40
6788 7809   93   39
6798 7812   93   39
6808 7760   93   39
6818 7577   93   39
6828 7504   93   40
6838 7423   93   41
6848 7390   93   44
6858 7050   93   48
6868 7116   93   55
6878 7141   93   62
6888 7143   93   71
6898 7006   82   81
6908 7029   49   92
6918 6899   26  103
6928 6912   26  115
6938 6986   26  128
6948 7133   26  140
6958 7311   26  153
6968 7327 -102  164
6978 7625 -102  176
6988 7620 -102  188
6998 7449 -102  199
7008 7479 -102  210
7018 7486 -102  219
7028 7521 -102  226
7038 6926 -102  232
7048 7177 -102  232
7058 7115 -102  232
7068 7161 -102  230
7078 6876 -102  218
7088 6896 -102  204
7098 6777 -102  188
7108 6805 -102  170
7118 6859 -102  152
7128 6997 -102  134
7138 7256 -102  114
7148 7256 -102   93
7158 7359 -102   71
7168 7397 -102   48
7178 7408 -102   24
7188 7427 -102    0
7198 7436   81  -15
7208 7417   81  -26
7218 7391   81  -40
7228 7359   81  -54
7238 7379   81  -68
7248 7354   81  -84
7258 6973   81 -100
7268 6994   81 -115
7278 7132   81 -128
7288 7250   81 -136
7298 7200   57 -137
7309 7247    0 -137
7319 7031   10 -135
7329 7134   10 -124
7339 7072   10 -113
7349 7661   10 -102
7359 7672   10  -90
7369 7716   10  -78
7379 7718   10  -66
7389 7722   10  -56
7399 7759   10  -44
99999 0 0 0 
7409 7759    0  -34
7419 7762    0  -24
7429 7763    0  -16
7439 7765    0   -8
7449 7768    0   -2
7459 7768    0    4
7469 7807    0    8
7479 7807    0   12
7489 7807    0   15
7499 7807    0   17
7509 7807   93   19
7519 7808   93   23
7529 7760   93   23
7539 7667   93   24
7549 7619   93   24
7559 7485   93   25
7569 7405   93   28
7579 7042   93   32
7589 7229   93   39
7599 7233   93   47
7609 7258   93   56
7619 7087   72   67
7629 7124   38   78
7639 7035   26   90
7649 6965   26  102
7659 7034   26  114
7669 7121   26  128
7679 7429   26  140
7689 7441   26  149
7699 7661   26  161
7709 7666 -102  172
7719 7669 -102  183
7729 7591 -102  192
7739 7471 -102  202
7749 7480 -102  211
7759 7527 -102  218
7769 7033 -102  224
7779 7013 -102  228
7789 7085 -102  228
7799 7228 -102  228
7809 7203 -102  224
7819 7130 -102  212
7829 6772 -102  197
7839 6830 -102  181
7849 6818 -102  164
7859 6972 -102  146
7869 6999 -102  128
7879 7150 -102  108
7889 7325 -102   87
7899 7323 -102   65
7909 7363 -102   42
7919 7377 -102   18
7929 7392 -102   -5
7939 7395   81  -16
7949 7390   81  -27
7959 7334   81  -40
7969 7324   81  -56
7979 7286   81  -69
7989 7331   81  -85
7999 7265   81 -100
8009 7263   81 -115
8019 7184   81 -126
8029 7204   81 -132
8039 7261   40 -132
8049 7251   10 -132
8059 7216   10 -128
8069 6977   10 -115
8079 7049   10 -102
8089 7047   10  -92
8099 7519   10  -79
8109 7533   10  -66
8119 7716   10  -53
8129 7718   10  -41
99999 0 0 0 
8139 7721    0  -28
8149 7759    0  -16
8159 7759    0   -3
8169 7763    0    8
8179 7765    0   17
8189 7766    0   24
8199 7768    0   30
8209 7804    0   34
8219 7804    0   36
8229 7805    0   38
8239 7805   93   38
8249 7805   93   39
8259 7805   93   39
8269 7731   93   40
8279 7661   93   40
8289 7619   93   40
8299 7563   93   40
8309 7140   93   40
8319 7085   93   44
8329 7165   93   51
8339 7056   93   60
8349 7080   83   69
8359 7049   60   80
8369 6914   38   91
8379 7013   26  102
8389 7049   26  114
8399 7162   26  126
8409 7181   26  137
8419 7583   26  146
8429 7659   26  156
8439 7663   26  166
8449 7703 -102  176
8459 7704 -102  184
8469 7548 -102  193
8479 7460 -102  200
8489 7476 -102  208
8499 7524 -102  214
8509 6928 -102  218
8519 7221 -102  221
8529 7148 -102  222
8539 7201 -102  222
8549 7191 -102  218
8559 7180 -102  206
8569 7028 -102  192
8579 6726 -102  176
8589 6785 -102  160
8599 6863 -102  143
8609 7140 -102  124
8619 7149 -102  106
8629 7251 -102   84
8639 7356 -102   63
8649 7363 -102   40
8659 7374 -102   16
8669 7391 -102   -6
8679 7397   82  -15
8689 7352   82  -25
8699 7349   82  -38
8709 7329   82  -53
8719 7368   82  -65
8729 7235   82  -80
8739 7272   82  -94
8749 7119   82 -108
8759 7279   82 -118
8769 7204   74 -122
8779 7230   23 -122
8789 7100   10 -121
8799 7240   10 -112
8809 7101   10  -99
8819 7072   10  -88
8829 7094   10  -74
8839 7636   10  -61
8849 7713   10  -48
8859 7717   10  -34
8869 7755   10  -20
99999 0 0 0 
8879 7757    0   -7
8889 7757    0    6
8899 7759    0   16
8909 7761    0   26
8919 7762    0   32
8929 7768    0   37
8939 7766    0   40
8949 7766    0   43
8959 7802    0   44
8969 7804    0   45
8979 7804   93   45
8989 7805   93   48
8999 7805   93   48
9009 7687   93   48
9019 7595   93   48
9029 7520   93   48
9039 7462   93   48
9049 7007   93   48
9059 7172   93   54
9069 7176   93   60
9079 7159   93   69
9089 7015   93   79
9099 7048   49   90
9109 6936   26  100
9119 6982   26  112
9129 7039   26  123
9139 7102   26  134
9149 7612   26  144
9159 7621   26  153
9169 7662   26  164
9179 7700   26  173
9189 7703 -102  182
9199 7706 -102  191
9209 7516 -102  198
9219 7472 -102  205
9229 7503 -102  212
9239 6907 -102  217
9249 6942 -102  220
9259 7064 -102  222
9269 7254 -102  222
9279 7183 -102  222
9289 7226 -102  215
9299 7015 -102  202
9309 7052 -102  188
9319 6929 -102  172
9329 6876 -102  155
9339 6915 -102  137
9349 7044 -102  118
9359 7266 -102   99
9369 7263 -102   78
9379 7367 -102   55
9389 7373 -102   32
9399 7384 -102    8
9409 7363   82  -12
9419 7390   82  -22
9429 7344   82  -34
9439 7347   82  -49
9449 7340   82  -64
9459 7381   82  -77
9469 7312   82  -93
9479 7096   82 -109
9489 7055   82 -124
9499 7143   82 -132
9509 7259   57 -136
9519 7231   23 -136
9529 7239   10 -135
9539 6886   10 -126
9549 6984   10 -113
9559 7016   10 -100
9569 7295   10  -89
9579 7312   10  -76
9589 7673   10  -63
9599 7714   10  -50
9609 7716   10  -37
9619 7720   10  -24
99999 0 0 0 
9629 7755    0  -12
9639 7758    0    0
9649 7758    0   12
9659 7761    0   20
9669 7762    0   26
9679 7799    0   31
9689 7765    0   34
9699 7765    0   36
9709 7765    0   38
9719 7804    0   39
9729 7802   93   40
9739 7802   93   41
9749 7683   93   41
9759 7623   93   41
9769 7579   93   41
9779 7113   93   41
9789 7047   93   44
9799 7118   93   50
9809 7153   93   57
9819 7172   93   66
9829 7132   83   76
9839 6965   49   86
9849 7005   37   96
9859 7017   27  108
9869 7127   26  118
9879 7156   26  129
9889 7247   26  140
9899 7544   26  150
9909 7552   26  159
9919 7628   26  169
9929 7667   26  178
9939 7669   25  187
9949 7703 -102  196
9959 7633 -102  204
9969 7496 -102  208
9979 7489 -102  214
9989 7527 -102  220
9999 7564 -102  224
10009 6997 -102  227
10019 7312 -102  228
10029 7234 -102  228
10039 7253 -102  228
10049 7256 -102  219
10059 7260 -102  207
10069 7118 -102  192
10079 6848 -102  176
10089 6895 -102  159
10099 6929 -102  141
10109 7164 -102  122
10119 7174 -102  102
10129 7280 -102   81
10139 7381 -102   59
10149 7386 -102   36
10159 7394 -102   12
10169 7404 -102   -8
10179 7400   82  -18
10189 7393   82  -30
10199 7357   82  -44
10209 7374   82  -56
10219 7339   82  -69
10229 6947   82  -83
10239 6969   82  -97
10249 7245   82 -109
10260 7301   82 -116
10270 7250   43 -117
10280 7283    0 -117
10290 7260   10 -114
10300 7332   10 -104
10310 7080   10  -94
10320 7593   10  -82
10330 7607   10  -70
10340 7713   10  -60
10350 7716   10  -48
10360 7718   10  -37
10370 7755   10  -26
10380 7757   10  -16
99999 0 0 0 
10390 7759    0   -6
10400 7761    0    2
10410 7761    0    8
10420 7763    0   13
10430 7765    0   17
10440 7765    0   20
10450 7766    0   23
10460 7802    0   24
10470 7802    0   26
10480 7804    0   28
10490 7805   93   29
10500 7734   93   29
10510 7629   93   29
10520 7563   93   29
10530 7499   93   30
10540 7475   93   32
10550 7147   93   36
10560 7260   93   42
10570 7284   93   48
10580 7246   93   57
10590 7180   93   66
10600 7206   60   76
10610 6978   49   86
10620 6951   37   97
10630 7012   26  108
10640 7118   26  119
10650 7217   26  131
10660 7227   26  141
10670 7588   26  150
10680 7665   26  160
10690 7666   26  170
10700 7669   26  179
10710 7670   25  188
10720 7672 -102  196
10730 7710 -102  203
10740 7548 -102  210
10750 7516 -102  216
10760 7534 -102  220
10770 7458 -102  225
10780 7486 -102  228
10790 7219 -102  230
10800 7305 -102  230
10810 7245 -102  230
10820 7387 -102  226
10830 7295 -102  215
10840 7331 -102  201
10850 6974 -102  186
10860 6927 -102  170
10870 6941 -102  153
10880 7098 -102  136
10890 7250 -102  118
10900 7257 -102   99
10910 7403 -102   79
10920 7442 -102   58
10930 7440 -102   36
10940 7403 -102   13
10950 7405 -102   -8
10960 7405   82  -17
10970 7426   82  -28
10980 7443   82  -41
10990 7403   82  -55
11000 7415   82  -68
11010 7223   82  -84
11020 7239   82  -96
11030 7070   82 -110
11040 7379   82 -124
11050 7378   82 -133
11060 7464   66 -137
11070 7444   23 -138
11080 7471    0 -138
11090 7204   10 -138
11100 7073   10 -132
11110 7079   10 -126
11120 7615   10 -120
11130 7689   10 -112
11140 7690   10 -105
11150 7727   10 -100
11160 7727   10  -94
11170 7728   10  -89
99999 0 0 0 
11180 7728    0  -84
11190 7763    0  -80
11200 7765    0  -76
11210 7768    0  -72
11220 7768    0  -68
11230 7766    0  -64
11240 7769    0  -59
11250 7769    0  -54
11260 7769    0  -50
11270 7807    0  -46
11280 7771   93  -44
11290 7769   93  -40
11300 7807   93  -36
11310 7741   93  -32
11320 7668   93  -28
11330 7664   93  -23
11340 7602   93  -16
11350 7616   93  -10
11360 7192   93   -4
11370 7438   93    1
11380 7450   93    8
11390 7564   93   16
11400 7586   93   25
11410 7575   93   36
11420 7586   93   48
11430 7316   26   60
11440 7328   26   73
11450 7158   26   84
11460 7154   26   96
11470 7171   26  108
11480 7318   26  119
11490 7642   26  129
11500 7643   26  138
11510 7679   26  148
11520 7680   26  157
11530 7680   26  166
11540 7713   26  174
11550 7717   26  182
11560 7717   26  190
11570 7757   26  198
11580 7718   10  204
11590 7717   10  210
11600 7718   10  215
11610 7718   10  220
11620 7724   10  225
11630 7765   10  230
11640 7731   10  234
11650 7731   10  237
11660 7768 -103  240
11670 7768 -103  243
11680 7768 -103  244
11690 7685 -103  247
11700 7635 -103  248
11710 7635 -103  248
11720 7683 -103  248
11730 7130 -103  248
11740 7145 -103  248
11750 7432 -103  248
11760 7487 -103  248
11770 7459 -103  239
11780 7455 -103  227
11790 7332 -103  212
11800 7348 -103  196
11810 7080 -103  180
11820 7052 -103  163
11830 7058 -103  144
11840 7241 -103  125
11850 7349 -103  106
11860 7353 -103   84
11870 7462 -103   63
11880 7467 -103   43
11890 7468 -103   21
11900 7474 -103   -2
11910 7479   82  -14
11920 7461   82  -24
11930 7475   82  -34
11940 7488   82  -44
11950 7498   82  -53
11960 7115   82  -64
11970 7190   82  -74
11980 7194   82  -84
11990 7481   75  -92
12000 7552   58  -97
12010 7554   32  -98
12020 7526    0  -98
12030 7283   10  -98
12040 7296   10  -98
12050 7305   10  -92
12060 7341   10  -86
12070 7341   10  -79
12080 7732   10  -72
12090 7732   10  -65
12100 7732   10  -58
12110 7732   10  -52
99999 0 0 0 
12120 7768    0  -46
12130 7769    0  -40
12140 7768    0  -34
12150 7768    0  -29
12160 7771    0  -23
12170 7771    0  -17
12180 7771    0  -12
12190 7772    0   -6
12200 7772    0   -1
12210 7772    0    3
12221 7772   93    8
12231 7772   93   10
12241 7811   93   12
12251 7731   93   14
12261 7710   93   15
12271 7711   93   16
12281 7718   93   16
12291 7301   93   18
12301 7410   93   18
12311 7399   93   19
12321 7525   93   23
12331 7566   93   29
12341 7580   93   38
12351 7378   93   48
12361 7207   49   56
12371 7214   60   66
12381 7004   60   75
12391 7050   49   84
12401 7055   60   94
12411 7239   42  104
12421 7277   26  113
12431 7286   29  122
12441 7468   32  131
12451 7541   27  139
12461 7540   33  146
12471 7677   49  154
12481 7683   45  161
12491 7681   40  169
12501 7675   32  176
12511 7706   29  182
12521 7713   47  188
12531 7717   26  193
12541 7638   26  198
12551 7638   26  203
12561 7717   26  208
12571 7684 -102  213
12581 7686 -102  218
12591 7689 -102  222
12601 7718 -102  226
12611 7661 -102  229
12621 7651 -102  230
12631 7654 -102  232
12641 7661 -102  235
12651 7136 -102  236
12661 7317 -102  236
12671 7320 -102  236
12681 7538 -102  236
12691 7608 -102  236
12701 7603 -102  227
12711 7419 -102  216
12721 7204 -102  203
12731 7208 -102  188
12741 6998 -102  172
12751 7072 -102  156
12761 7077 -102  139
12771 7292 -102  121
12781 7366 -102  102
12791 7368 -102   82
12801 7404 -102   61
12811 7441 -102   40
12821 7445 -102   20
12831 7413 -102   -3
12841 7451   82  -14
12851 7454   82  -24
12861 7489   82  -35
12871 7525   82  -48
12881 7491   82  -61
12891 7392   82  -74
12901 7295   82  -88
12911 7299   82 -100
12921 7164   82 -113
12931 7380   82 -126
12941 7384   82 -137
12951 7561   82 -142
12961 7599   32 -144
12971 7597    6 -144
12981 7171   10 -144
12991 7083   10 -141
13001 7089   10 -132
13011 7093   10 -126
13021 7095   10 -117
13031 7097   10 -109
13041 7700   10 -101
13051 7698   10  -93
13061 7700   10  -85
99999 0 0 0 
13071 7772    0  -78
13081 7738    0  -72
13091 7736    0  -66
13101 7736    0  -60
13111 7775    0  -54
13121 7775    0  -48
13131 7772    0  -43
13141 7773    0  -37
13151 7775    0  -32
13161 7773    0  -26
13172 7775   93  -20
13183 7776   93  -14
13193 7775   93   -9
13203 7721   93   -4
13213 7696   93    0
13223 7695   93    4
13233 7702   93    8
13243 7389   93   11
13253 7390   93   18
13263 7503   93   19
13273 7611   93   22
13283 7601   93   27
13293 7625   93   34
13303 7521   93   44
13313 7529   71   54
13323 7181   38   63
13333 7009   49   73
13343 7017   49   83
13353 7098   38   92
13363 7211   49  102
13373 7217   37  112
13383 7570   26  120
13393 7568   37  129
13403 7577   42  137
13413 7578   37  145
13423 7611   42  153
13433 7608   36  160
13443 7710   42  168
13453 7642   37  175
13463 7640   32  182
13473 7642   40  188
13483 7643   47  195
13493 7643   26  200
13503 7677   26  206
13513 7686   26  212
13523 7689 -102  216
13533 7656 -102  221
13543 7685 -102  225
13553 7671 -102  228
13563 7675 -102  231
13573 7682 -102  232
13583 7682 -102  234
13593 7334 -102  234
13603 7481 -102  234
13613 7482 -102  234
13623 7625 -102  234
13633 7591 -102  232
13643 7591 -102  222
13653 7200 -102  211
13663 7059 -102  199
13673 7061 -102  185
13683 7061 -102  171
13693 7167 -102  156
13703 7170 -102  140
13713 7347 -102  124
13723 7384 -102  106
13733 7385 -102   87
13743 7384 -102   68
13753 7385 -102   47
13763 7386 -102   26
13773 7422 -102    5
13783 7424   82  -12
13793 7422   82  -21
13803 7493   82  -32
13813 7471   82  -44
13823 7467   82  -55
13833 7370   82  -65
13843 7343   82  -78
13853 7345   82  -90
13863 7421   82 -103
13874 7496   82 -114
13884 7498   75 -122
13894 7602   57 -124
13904 7502    6 -124
13914 7504   10 -124
13924 7087   10 -124
13934 7061   10 -118
13944 7060   10 -113
13954 7524   10 -106
13964 7703   10  -99
13974 7701   10  -92
13984 7738   10  -85
13994 7738   10  -80
99999 0 0 0 
14004 7738    0  -73
14014 7738    0  -68
14024 7738    0  -61
14034 7740    0  -56
14044 7775    0  -50
14054 7776    0  -45
14064 7777    0  -40
14074 7776    0  -34
14084 7776    0  -29
14094 7776    0  -24
14105 7775   93  -18
14115 7777   93  -13
14125 7775   93   -9
14135 7749   93   -5
14145 7713   93   -1
14155 7707   93    2
14165 7709   93    5
14175 7254   93    8
14185 7258   93   13
14195 7509   93   15
14205 7584   93   17
14215 7585   93   21
14225 7656   93   26
14235 7614   93   34
14245 7607   93   43
14255 7254   93   52
14265 7078   60   62
14275 7085   49   72
14285 7059   38   80
14295 7065   60   90
14305 7072   60  100
14315 7285   28  108
14325 7531   45  117
14335 7533   50  126
14345 7534   33  135
14355 7502   27  144
14365 7500   26  152
14375 7611   28  160
14385 7615   33  168
14395 7619   27  176
14405 7623   26  183
14415 7691   29  190
14425 7690   36  196
14435 7724   45  202
14445 7684   25  207
14455 7686   25  212
14465 7690   25  216
14475 7690   25  220
14485 7691 -102  224
14495 7693 -102  227
14506 7728 -102  230
14516 7689 -102  232
14526 7676 -102  234
14536 7680 -102  235
14546 7685 -102  235
14556 7156 -102  235
14566 7339 -102  235
14576 7341 -102  235
14586 7556 -102  235
14597 7593 -102  234
14608 7523 -102  224
14618 7523 -102  213
14628 7347 -102  201
14638 7064 -102  188
14648 7064 -102  174
14658 7065 -102  158
14668 7244 -102  142
14678 7244 -102  125
14688 7350 -102  108
14698 7422 -102   89
14708 7422 -102   69
14718 7424 -102   49
14728 7424 -102   28
14738 7425 -102    8
14748 7425 -102   -8
14758 7462   82  -17
14768 7463   82  -27
14778 7498   82  -38
14788 7434   82  -50
14798 7438   82  -61
14808 7339   82  -72
14818 7133   82  -86
14828 7137   82  -97
14838 7354   82 -110
14848 7534   82 -120
14858 7536   75 -126
14868 7572   40 -128
14878 7296    6 -128
14888 7297   10 -128
14898 7130   10 -128
14908 7524   10 -122
14918 7524   10 -116
14928 7527   10 -110
14938 7736   10 -104
14948 7738   10  -97
14958 7739   10  -92
14968 7738   10  -86
14978 7739   10  -81
99999 0 0 0 
14988 7740    0  -77
14998 7776    0  -72
15008 7776    0  -68
15018 7776    0  -64
15028 7777    0  -59
15038 7776    0  -55
15048 7776    0  -51
15058 7777    0  -47
15068 7777    0  -43
15078 7776    0  -39
15088 7777   93  -35
15098 7777   93  -32
15108 7745   93  -28
15118 7716   93  -24
15128 7713   93  -20
15138 7716   93  -17
15148 7330   93  -13
15158 7333   93   -9
15168 7443   93   -2
15178 7624   93    3
15188 7625   93    9
15198 7626   93   16
15208 7594   93   25
15218 7594   93   34
15228 7417   93   44
15238 7059   93   53
15248 7055   49   63
15258 7017   49   73
15268 7193   38   84
15278 7207   26   95
15288 7283   26  106
15298 7289   26  117
15308 7296   26  127
15318 7582   26  136
15328 7621   26  144
15338 7621   33  154
15348 7691   26  162
15358 7693   26  171
15368 7691   26  180
15378 7727   26  187
15388 7728   26  194
15398 7728   37  200
15408 7727   45  205
15418 7718   26  211
15428 7713   26  215
15438 7721   26  220
15448 7656   26  224
15458 7657   26  228
15468 7656 -102  232
15478 7722 -102  235
15488 7690 -102  238
15498 7678 -102  240
15508 7682 -102  240
15518 7686 -102  242
15528 7228 -102  242
15538 7410 -102  243
15548 7413 -102  243
15558 7520 -102  243
15568 7629 -102  242
15578 7631 -102  236
15588 7560 -102  227
15598 7207 -102  216
15608 7205 -102  203
15618 7065 -102  190
15628 7100 -102  175
15638 7102 -102  159
15648 7173 -102  143
15658 7385 -102  126
15668 7385 -102  108
15678 7385 -102   88
15688 7422 -102   68
15698 7422 -102   47
15708 7388 -102   25
15718 7422 -102    4
15728 7424   82  -12
15738 7461   82  -21
15748 7530   82  -32
15758 7512   82  -44
15768 7511   82  -56
15778 7340   82  -66
15788 7344   82  -80
15798 7099   82  -92
15808 7421   82 -105
15818 7424   82 -116
15828 7533   82 -124
15838 7568   57 -126
15848 7567    6 -126
15858 7391   10 -126
15868 7083   10 -126
15878 7093   10 -116
15888 7096   10 -106
15898 7629   10  -99
15908 7632   10  -89
15918 7704   10  -80
15928 7704   10  -72
15938 7704   10  -62
15948 7740   10  -54
99999 0 0 0 
15958 7740    0  -46
15968 7739    0  -38
15978 7739    0  -32
15988 7742    0  -24
15998 7742    0  -17
16008 7742    0  -10
16018 7779    0   -4
16028 7777    0    1
16038 7777    0    6
16048 7780    0   10
16058 7779   93   13
16068 7777   93   15
16078 7766   93   16
16088 7729   93   18
16098 7720   93   22
16108 7719   93   22
16118 7717   93   22
16128 7322   93   22
16138 7536   93   23
16148 7543   93   26
16158 7620   93   32
16168 7519   93   38
16178 7523   93   46
16188 7382   93   54
16198 7067   83   62
16208 7067   83   70
16218 7032   83   77
16228 7105   93   85
16238 7106   93   94
16248 7212   73  103
16258 7285   49  112
16268 7287   42  121
16278 7252   37  131
16288 7222   26  140
16298 7229   26  150
16308 7303   26  159
16318 7518   26  167
16328 7518   26  175
16338 7660   28  182
16348 7695   36  190
16358 7695   31  196
16368 7693   40  203
16378 7691   46  209
16388 7687   26  214
16398 7684   26  219
16408 7691   26  223
16418 7691   26  227
16428 7657 -102  232
16438 7684 -102  235
16448 7653 -102  237
16458 7689 -102  239
16468 7659 -102  240
16478 7662 -102  242
16488 7204 -102  243
16498 7493 -102  243
16508 7493 -102  243
16518 7567 -102  243
16528 7604 -102  242
16538 7602 -102  233
16548 7462 -102  223
16558 7071 -102  211
16568 7072 -102  199
16578 7037 -102  185
16588 7146 -102  171
16598 7146 -102  156
16608 7255 -102  140
16618 7396 -102  124
16628 7396 -102  107
16638 7399 -102   88
16648 7398 -102   70
16658 7398 -102   50
16668 7361 -102   30
16678 7396 -102    9
16688 7398 -102   -8
16698 7432   82  -16
16708 7498   82  -26
16718 7482   82  -37
16728 7485   82  -46
16738 7351   82  -56
16748 7354   82  -68
16758 7180   82  -78
16768 7466   82  -88
16778 7468   75  -96
16788 7539   57 -101
16798 7539   32 -102
16808 7544    0 -102
16818 7332   10 -102
16828 7054   10 -102
16838 7059   10  -96
16848 7381   10  -90
16858 7598   10  -84
16868 7596   10  -78
16878 7705   10  -72
16888 7742   10  -65
16898 7740   10  -58
99999 0 0 0 
16908 7740    0  -52
16918 7740    0  -46
16928 7740    0  -40
16938 7740    0  -33
16948 7742    0  -27
16958 7742    0  -21
16968 7779    0  -14
16978 7779    0   -8
16988 7777    0   -2
16998 7779    0    4
17008 7779    0    9
17018 7779   93   13
17028 7780   93   17
17038 7740   93   20
17048 7726   93   22
17058 7724   93   23
17068 7195   93   23
17078 7197   93   23
17088 7377   93   27
17098 7557   93   27
17108 7560   93   27
17118 7594   93   30
17128 7587   93   36
17138 7585   93   44
17148 7372   93   52
17158 7023   83   61
17168 7026   73   70
17178 7031   60   79
17188 7105   60   88
17198 7109   60   98
17208 7181   41  107
17218 7328   36  117
17228 7330   29  126
17238 7475   26  136
17248 7550   26  144
17258 7551   26  153
17268 7553   32  161
17278 7623   28  169
17288 7623   33  176
17298 7695   41  183
17308 7689   49  190
17318 7686   45  196
17328 7683   53  201
17338 7648   73  206
17348 7645   80  212
17358 7676   66  216
17368 7636   26  222
17378 7646   26  227
17388 7585   26  232
17398 7409   26  238
17408 7412   26  243
17418 7625 -102  247
17428 7695 -102  251
17438 7695 -102  254
17448 7675 -102  258
17458 7655 -102  260
17468 7656 -102  263
17478 7696 -102  264
17488 7204 -102  264
17498 7207 -102  264
17508 7386 -102  264
17518 7567 -102  264
17528 7568 -102  264
17538 7604 -102  263
17548 7428 -102  254
17558 7430 -102  244
17568 7214 -102  232
17578 7036 -102  220
17588 7039 -102  207
17598 7076 -102  193
17608 7253 -102  178
17618 7255 -102  162
17628 7327 -102  146
17638 7362 -102  128
17648 7362 -102  110
17658 7361 -102   90
17668 7398 -102   70
17678 7396 -102   50
17688 7398 -102   29
17698 7434 -102    7
17708 7432   82  -10
17718 7469   82  -20
17728 7504   82  -30
17738 7484   82  -42
17748 7482   82  -53
17758 7381   82  -64
17768 7386   82  -76
17778 7073   82  -88
17788 7430   82 -100
17798 7432   82 -111
17808 7539   82 -118
17818 7572   49 -121
17828 7574   14 -121
17838 7398   10 -121
17848 7090   10 -121
17858 7096   10 -115
17868 7099   10 -108
17878 7633   10 -101
17888 7637   10  -93
17898 7670   10  -86
17908 7705   10  -78
17918 7707   10  -71
99999 0 0 0 
17928 7705    0  -64
17938 7740    0  -57
17948 7743    0  -50
17958 7742    0  -43
17968 7740    0  -36
17978 7745    0  -28
17988 7745    0  -21
17998 7779    0  -14
18008 7779    0   -8
18018 7780    0   -1
18029 7780   93    5
18039 7779   93   10
18049 7779   93   13
18059 7761   93   16
18069 7731   93   18
18079 7726   93   20
18089 7727   93   20
18099 7730   93   20
18109 7339   93   25
18119 7557   93   25
18129 7561   93   25
18139 7597   93   26
18149 7597   93   31
18159 7595   93   37
18169 7451   93   45
18179 7061   93   53
18189 7059   83   62
18199 7026   73   71
18209 7033   60   79
18219 7035   73   88
18229 7076   73   96
18239 7395   64  105
18249 7394   60  114
18259 7394   42  123
18269 7466   40  132
18279 7471   33  141
18289 7332   27  150
18299 7445   26  159
18309 7445   26  167
18319 7591   26  175
18329 7660   32  182
18339 7660   41  188
18349 7659   59  195
18359 7694   55  202
18369 7686   40  208
18379 7681   49  213
18389 7681   68  218
18399 7683   25  223
18409 7607   25  227
18419 7643   25  232
18429 7654   25  238
18439 7586   25  243
18449 7412   25  248
18459 7412 -102  252
18469 7695 -102  256
18479 7665 -102  260
18489 7658 -102  262
18499 7659 -102  264
18509 7132 -102  267
18519 7133 -102  268
18529 7244 -102  268
18539 7529 -102  268
18549 7531 -102  268
18559 7568 -102  268
18569 7498 -102  264
18579 7496 -102  255
18589 7250 -102  244
18599 7036 -102  234
18609 7039 -102  221
18619 7040 -102  208
18629 7181 -102  194
18639 7181 -102  179
18649 7289 -102  162
18659 7361 -102  144
18669 7359 -102  126
18679 7361 -102  108
18689 7361 -102   88
18699 7361 -102   67
18709 7395 -102   46
18719 7432 -102   24
18729 7431 -102    2
18739 7468   82  -12
18749 7503   82  -22
18759 7499   82  -33
18769 7519   82  -44
18779 7486   82  -56
18789 7492   82  -68
18799 7108   82  -80
18809 7323   82  -90
18819 7326   75 -101
18829 7543   82 -111
18839 7580   75 -116
18849 7578   32 -117
18860 7367    0 -117
18870 7157   10 -117
18880 7168   10 -114
18890 7169   10 -106
18900 7208   10 -100
18910 7209   10  -92
18920 7707   10  -84
18930 7707   10  -77
18940 7707   10  -70
18950 7742   10  -64
99999 0 0 0 
18960 7740    0  -56
18970 7742    0  -50
18980 7742    0  -44
18990 7742    0  -36
19000 7742    0  -30
19010 7742    0  -24
19020 7743    0  -16
19030 7745    0  -10
19040 7780    0   -4
19050 7780    0    1
19060 7780   93    6
19070 7780   93    9
19080 7780   93   12
19090 7741   93   14
19100 7727   93   16
19110 7726   93   17
19120 7729   93   17
19130 7378   93   22
19140 7486   93   22
19150 7489   93   22
19160 7597   93   22
19170 7631   93   26
19180 7626   93   32
19190 7377   93   40
19200 7204   93   48
19210 7205   83   57
19220 7029   73   65
19230 7032   73   74
19240 7035   73   82
19250 7143   73   91
19260 7253   73  100
19270 7253   50  109
19280 7287   46  118
19290 7365   41  128
19300 7368   26  138
19310 7334   26  147
19320 7479   26  156
19330 7482   26  164
19340 7625   28  172
19350 7591   36  180
19360 7591   31  188
19370 7662   28  195
19380 7695   36  201
19390 7694   54  207
19400 7728   62  212
19410 7687   69  216
19420 7683   80  221
19430 7680   80  226
19440 7675   26  230
19450 7684   26  235
19460 7586   26  240
19470 7446   26  244
19480 7448   26  248
19490 7662   26  252
19500 7663   10  256
19510 7662   10  260
19520 7703   10  263
19530 7703   10  266
19540 7704   10  268
19550 7707   10  271
19560 7777   10  272
19570 7777   10  274
19580 7777   10  275
19590 7777   10  276
19600 7777   10  276
19610 7777   10  276
19620 7776   10  276
19630 7777   10  276
19640 7777   10  276
19650 7777   10  276
19660 7777   10  276
19670 7777   10  276
19680 7779   10  276
19690 7776   10  276
19700 7777   10  276
19710 7813   10  276
19720 7813   10  275
19730 7779   10  274
19740 7777 -102  274
19750 7758 -102  272
19760 7713 -102  272
19770 7707 -102  271
19780 7713 -102  268
19790 7254 -102  267
19800 7298 -102  264
19810 7300 -102  260
19820 7516 -102  256
19830 7590 -102  250
19840 7593 -102  242
19850 7629 -102  232
19860 7523 -102  220
19870 7523 -102  206
19880 7203 -102  191
19890 7094 -102  175
19900 7094 -102  158
19910 7198 -102  140
19920 7306 -102  122
19930 7306 -102  103
19940 7414 -102   82
19950 7454 -102   61
19960 7454 -102   40
19970 7457 -102   18
19980 7457 -102   -4
19990 7458   82  -16
20000 7492   82  -25
20010 7472   82  -37
20020 7479   82  -48
20030 7486   82  -60
20040 7279   82  -72
20050 7282   82  -81
20060 7391   82  -92
20070 7463   82 -102
20080 7463   75 -108
20090 7571   40 -111
20100 7507   14 -111
20110 7514   10 -111
20120 7095   10 -111
20130 7242   10 -106
20140 7242   10 -100
20150 7667   10  -94
20160 7668   10  -88
20170 7670   10  -81
20180 7705   10  -75
20190 7740   10  -69
99999 0 0 0 
20200 7742    0  -63
20210 7742    0  -57
20220 7742    0  -52
20230 7743    0  -48
20240 7743    0  -44
20250 7779    0  -39
20260 7780    0  -34
20270 7780    0  -30
20280 7780    0  -26
20290 7780    0  -21
20300 7781   93  -16
20310 7780   93  -12
20320 7780   93   -7
20330 7744   93   -3
20340 7721   93    2
20350 7716   93    6
20360 7721   93    9
20370 7228   93   12
20380 7231   93   15
20390 7484   93   21
20400 7556   93   22
20410 7558   93   25
20420 7625   93   31
20430 7617   93   40
20440 7617   93   48
20450 7265   73   58
20460 7057   60   68
20470 7064   38   76
20480 7036   60   86
20490 7113   60   96
20500 7119   29  104
20510 7471   49  113
20520 7504   56  122
20530 7502   40  130
20540 7609   49  138
20550 7473   54  147
20560 7475   40  156
20570 7577   26  164
20580 7578   31  172
20590 7580   37  180
20600 7548   33  187
20610 7550   41  195
20620 7548   37  202
20630 7618   33  208
20640 7689   53  214
20650 7687   60  220
20660 7648   58  225
20670 7645   66  230
20680 7643   26  235
20690 7607   26  240
20700 7567   26  246
20710 7580   26  252
20720 7551   26  257
20730 7448   26  263
20740 7448 -102  268
20750 7659 -102  274
20760 7676 -102  279
20770 7655 -102  283
20780 7656 -102  286
20790 7659 -102  290
20800 7662 -102  293
20810 7275 -102  296
20820 7382 -102  297
20830 7380 -102  296
20840 7566 -102  296
20850 7564 -102  296
20860 7566 -102  292
20870 7177 -102  283
20880 7035 -102  274
20890 7036 -102  262
20900 6998 -102  250
20910 7072 -102  236
20920 7072 -102  222
20930 7248 -102  206
20940 7321 -102  190
20950 7323 -102  171
20960 7355 -102  152
20970 7357 -102  132
20980 7357 -102  112
20990 7392 -102   91
21000 7392 -102   69
21010 7391 -102   47
21020 7466 -102   24
21030 7500 -102    1
21040 7503   82  -15
21050 7500   82  -25
21060 7537   82  -36
21070 7515   82  -49
21080 7553   82  -61
21090 7454   82  -74
21100 7461   82  -88
21110 7144   82  -98
21120 7358   75 -112
21130 7359   82 -122
21140 7575   75 -129
21150 7575   49 -132
21160 7578   14 -132
21170 7260   10 -132
21180 7198   10 -132
21190 7205   10 -124
21200 7208   10 -116
21210 7172   10 -108
21220 7175   10 -100
21230 7707   10  -92
21240 7705   10  -85
21250 7707   10  -78
21260 7743   10  -72
99999 0 0 0 
21270 7742    0  -65
21280 7742    0  -58
21290 7743    0  -52
21300 7745    0  -46
21310 7745    0  -40
21320 7743    0  -34
21330 7780    0  -28
21340 7781    0  -22
21350 7779    0  -16
21360 7781    0  -11
21370 7781   93   -6
21380 7780   93   -1
21390 7754   93    3
21400 7730   93    6
21410 7724   93    9
21420 7727   93   12
21430 7730   93   14
21440 7414   93   18
21450 7520   93   19
21460 7522   93   21
21470 7591   93   25
21480 7628   93   31
21490 7628   93   38
21500 7452   93   47
21510 7239   83   56
21520 7239   60   64
21530 7031   73   73
21540 7076   73   82
21550 7078   60   90
21560 7182   73   99
21570 7255   63  108
21580 7256   47  116
21590 7398   55  125
21600 7359   51  134
21610 7364   33  143
21620 7473   29  152
21630 7406   26  161
21640 7409   26  170
21650 7554   26  178
21660 7554   26  186
21670 7555   32  192
21680 7701   51  199
21690 7697   59  206
21700 7687   45  212
21710 7681   54  216
21720 7720   80  222
21730 7718   80  227
21740 7567   68  232
21750 7566   76  236
21760 7566   26  243
21770 7568   26  248
21780 7283   26  256
21790 7294   26  263
21800 7267   26  270
21810 7269   26  277
21821 7270   11  284
21832 7660   11  292
21842 7664   11  299
21853 7703   11  304
21863 7704   11  306
21873 7707   11  308
21883 7740   11  309
21893 7740 -110  310
21903 7740 -110  310
21913 7714 -110  310
21923 7690 -110  310
21933 7689 -110  310
21943 7587 -110  310
21953 7588 -110  310
21963 7238 -110  310
21973 7489 -110  310
21983 7490 -110  308
21993 7563 -110  303
22003 7636 -110  296
22013 7638 -110  287
22023 7530 -110  276
22033 7141 -110  264
22043 7141 -110  252
22053 7035 -110  238
22063 7143 -110  223
22073 7143 -110  208
22083 7249 -110  190
22093 7355 -110  172
22103 7357 -110  153
22113 7392 -110  133
22123 7394 -110  112
22133 7394 -110   91
22143 7395 -110   69
22153 7430 -110   46
22163 7431 -110   24
22173 7502 -110    1
22183 7537   88  -13
22193 7539   88  -24
22203 7549   88  -36
22213 7553   88  -48
22223 7558   88  -59
22233 7067   88  -69
22243 7141   88  -81
22253 7144   88  -93
22263 7465   88 -104
22273 7539   88 -111
22283 7537   53 -114
22293 7396   16 -114
22303 7149   11 -114
22313 7160   11 -114
22323 7024   11 -107
22333 6992   11  -99
22343 6995   11  -92
22353 7634   11  -84
22363 7670   11  -76
22373 7670   11  -67
22383 7705   11  -59
22393 7705   11  -50
99999 0 0 0 
22403 7708    0  -42
22413 7740    0  -34
22423 7742    0  -26
22433 7743    0  -18
22443 7743    0  -10
22453 7745    0   -2
22463 7745    0    4
22473 7746    0   10
22483 7780    0   15
22493 7780   93   19
22503 7780   93   22
22513 7780   93   24
22523 7763   93   25
22533 7735   93   25
22543 7730   93   26
22553 7729   93   26
22563 7306   93   27
22573 7449   93   27
22583 7445   93   27
22593 7587   93   27
22603 7590   93   31
22613 7591   93   38
22623 7344   93   45
22633 7208   93   54
22643 7209   83   62
22653 7033   73   70
22663 7001   83   78
22673 7004   83   87
22683 7182   73   95
22693 7221   66  104
22703 7219   60  113
22713 7361   45  122
22723 7328   41  132
22733 7334   26  140
22743 7335   31  150
22753 7335   28  159
22763 7338   26  168
22773 7516   26  176
22783 7627   27  184
22793 7626   33  191
22803 7662   42  198
22813 7694   50  204
22823 7690   58  210
22833 7687   67  215
22843 7684   76  220
22853 7680   80  225
22863 7643   80  230
22873 7570   80  236
22883 7568   66  241
22893 7462   25  247
22903 7328   25  254
22913 7337   25  260
22923 7270   25  267
22933 7237   25  274
22943 7239   11  279
22953 7664   11  286
22963 7700   11  291
22973 7700   11  296
22983 7704   11  300
22993 7705   11  306
23003 7707   11  311
23013 7740   11  315
23023 7740   11  318
23033 7742   11  322
23043 7742   11  326
23053 7742   11  330
23063 7742   11  333
23073 7742   11  336
23083 7742   11  340
23093 7742   11  343
23103 7776   10  346
23113 7777   10  350
23123 7777   10  352
23133 7777   10  356
23143 7777   10  358
23153 7776   10  360
23163 7777   10  363
23173 7777   10  366
23183 7776   10  368
23193 7777   10  370
23203 7775   10  372
23213 7777   10  375
23223 7777   10  376
23233 7777   10  379
23243 7777   10  380
23253 7777   10  382
23263 7779   10  384
23273 7777   10  386
23283 7779   10  387
23293 7780   10  388
23303 7779   10  390
23313 7779   10  391
23323 7779   10  392
23333 7779   10  393
23343 7779   10  394
23353 7780   10  395
23363 7777   10  395
23373 7779   10  396
23383 7779   10  396
23393 7779   10  396
23403 7779   10  396
23413 7779   10  396
23423 7779   10  396
23433 7777   10  396
23443 7779   10  396
23453 7779   10  396
23463 7779   10  396
23473 7779   10  396
23483 7779   10  396
23493 7779   10  396
23503 7776   10  396
23513 7776   10  396
23523 7777   10  396
23533 7779   10  396
23543 7779   10  396
23553 7779   10  396
23563 7780   10  396
23573 7779   10  396
23583 7779   10  396
23593 7780   10  396
23603 7779   10  396
23613 7779   10  396
23623 7784   10  396
23633 7779   10  396
23643 7777   10  396
23653 7779   10  396
23663 7780 -102  396
23673 7777 -102  396
23683 7779 -102  396
23693 7745 -102  396
23703 7670 -102  396
23713 7663 -102  396
23723 7668 -102  396
23733 7141 -102  396
23743 7288 -102  396
23753 7301 -102  396
23763 7525 -102  396
23773 7571 -102  392
23783 7579 -102  383
23793 7475 -102  374
23803 7337 -102  363
23813 7340 -102  356
23823 7022 -102  351
23833 7095 -102  344
23843 7096 -102  338
23853 7239 -102  330
23863 7239 -102  320
23873 7241 -102  310
23883 7136 -102  299
23893 7100 -102  287
23903 7100 -102  274
23913 7171 -102  259
23923 7244 -102  244
23933 7244 -102  228
23943 7283 -102  209
23953 7314 -102  192
23963 7316 -102  172
23973 7353 -102  152
23983 7388 -102  131
23993 7388 -102  109
24003 7424 -102   87
24013 7461 -102   64
24023 7462 -102   41
24033 7496 -102   18
24043 7498 -102   -6
24053 7499   82  -29
24063 7534   82  -53
24073 7539   82  -77
24083 7543   82  -98
24093 7550   82 -122
24103 7595   82 -146
24113 7599   82 -168
24123 7140   82 -190
24133 7283   82 -209
24143 7287   82 -220
24153 7466   82 -224
24163 7219   23 -224
24173 7219   10 -224
24183 7015   10 -218
24193 6985   10 -208
24203 6989   10 -199
24213 7065   10 -188
24223 7599   10 -177
24233 7599   10 -168
24243 7707   10 -160
24253 7708   10 -152
99999 0 0 0 
24263 7708    0 -144
24273 7707    0 -137
24283 7742    0 -131
24293 7743    0 -125
24303 7745    0 -120
24313 7742    0 -114
24323 7745    0 -107
24333 7745    0 -102
24343 7745    0  -97
24353 7745    0  -93
24363 7780   93  -90
24373 7777   93  -86
24383 7780   93  -84
24393 7773   93  -80
24403 7726   93  -76
24413 7717   93  -73
24423 7721   93  -70
24433 7230   93  -67
24443 7234   93  -64
24453 7448   93  -58
24463 7522   93  -54
24473 7525   93  -49
24483 7629   93  -42
24493 7631   93  -33
24503 7632   93  -22
24513 7348   93  -10
24523 7139   93    2
24533 7139   93   15
24543 7069   93   28
24553 7141   93   40
24563 7141   93   52
24573 7320   26   64
24583 7355   26   78
24593 7358   26   91
24603 7334   26  103
24613 7307   26  116
24623 7305   26  125
24633 7627   26  136
24643 7663   26  148
24653 7663   26  158
24663 7697   26  168
24673 7698   26  177
24683 7700   26  186
24693 7698   26  194
24703 7697   26  202
24713 7698   26  208
24723 7698   45  216
24733 7697   41  222
24743 7689   38  227
24753 7721   67  232
24763 7710   76  238
24773 7703   26  243
24783 7628   26  248
24793 7530   26  255
24803 7544   26  262
24813 7372 -102  269
24823 7341 -102  276
24833 7338 -102  283
24843 7690 -102  288
24853 7658 -102  292
24863 7656 -102  299
24873 7656 -102  304
24883 7306 -102  308
24893 7310 -102  308
24903 7345 -102  308
24913 7458 -102  308
24923 7458 -102  308
24933 7564 -102  304
24943 7424 -102  296
24953 7424 -102  286
24963 7069 -102  275
24973 7033 -102  263
24983 7035 -102  250
24993 7140 -102  236
25003 7214 -102  220
25013 7212 -102  204
25023 7320 -102  187
25033 7321 -102  168
25043 7320 -102  148
25053 7357 -102  128
25063 7357 -102  108
25073 7357 -102   86
25083 7430 -102   64
25093 7430 -102   41
25103 7428 -102   18
25113 7499 -102   -5
25123 7502   82  -16
25133 7489   82  -26
25143 7517   82  -37
25153 7558   82  -46
25163 7566   82  -56
25173 7036   82  -68
25183 7252   82  -78
25193 7253   82  -88
25203 7506   75  -96
25213 7577   57 -101
25223 7580   32 -102
25233 7476    0 -102
25243 7233   10 -102
25253 7240   10 -102
25263 7314   10 -100
25273 7386   10  -94
25283 7386   10  -88
25293 7705   10  -84
25303 7707   10  -78
25313 7708   10  -73
25323 7707   10  -69
25333 7742   10  -64
99999 0 0 0 
25343 7742    0  -60
25353 7742    0  -56
25363 7743    0  -52
25373 7742    0  -48
25383 7743    0  -44
25393 7745    0  -40
25403 7745    0  -36
25413 7743    0  -32
25423 7780    0  -27
25433 7781   93  -22
25443 7780   93  -18
25453 7780   93  -14
25463 7738   93  -10
25473 7726   93   -5
25483 7727   93   -2
25493 7730   93    2
25503 7271   93    5
25513 7418   93   10
25523 7420   93   14
25533 7564   93   17
25543 7636   93   22
25553 7635   93   28
25563 7638   93   36
25573 7459   93   44
25583 7455   83   52
25593 7029   83   61
25603 7028   73   70
25613 7025   60   80
25623 7099   49   89
25633 7211   49   99
25643 7218   41  109
25653 7327   26  119
25663 7403   26  129
25673 7403   26  138
25683 7551   26  148
25693 7553   26  156
25703 7554   26  164
25713 7660   45  172
25723 7660   40  180
25733 7654   37  187
25743 7650   45  194
25753 7686   53  200
25763 7681   60  206
25773 7611   68  212
25783 7642   66  218
25793 7639   63  223
25803 7570   72  228
25813 7572   80  235
25823 7570   55  241
25833 7357   25  248
25843 7441   25  255
25853 7446   25  261
25863 7341   10  267
25873 7557   10  274
25883 7557   10  279
25893 7664   10  284
25904 7704   10  290
25914 7705   10  295
25924 7708   10  300
25934 7740   10  304
25944 7740   10  306
25954 7742   10  310
25965 7742   10  314
25975 7740   10  317
25985 7739   10  318
25995 7743   10  318
26005 7742   10  318
26015 7742   10  318
26025 7779 -103  318
26035 7744 -103  318
26045 7719 -103  318
26055 7717 -103  318
26065 7721 -103  318
26075 7195 -103  317
26085 7303 -103  312
26095 7310 -103  309
26105 7523 -103  305
26115 7595 -103  300
26125 7598 -103  292
26135 7598 -103  282
26145 7493 -103  271
26155 7493 -103  258
26165 7176 -103  245
26175 7071 -103  231
26185 7071 -103  215
26195 7177 -103  199
26205 7285 -103  181
26215 7283 -103  163
26225 7355 -103  143
26235 7391 -103  123
26245 7391 -103  100
26255 7391 -103   80
26265 7428 -103   57
26275 7428 -103   35
26285 7465 -103   12
26295 7502 -103  -10
26305 7499   82  -20
26315 7536   82  -30
26325 7547   82  -42
26335 7550   82  -56
26345 7522   82  -68
26355 7421   82  -80
26365 7422   82  -93
26375 7320   82 -106
26385 7428   82 -118
26395 7431   82 -126
26405 7571   57 -129
26415 7540   14 -129
26425 7543   10 -129
26435 7127   10 -129
26445 7099   10 -123
26455 7099   10 -114
26465 7349   10 -108
26475 7668   10 -100
26485 7670   10  -92
26495 7707   10  -84
26505 7705   10  -76
26515 7707   10  -69
99999 0 0 0 
26525 7742    0  -62
26535 7743    0  -56
26545 7743    0  -49
26555 7745    0  -44
26565 7745    0  -37
26575 7745    0  -31
26585 7745    0  -25
26595 7745    0  -19
26605 7745    0  -13
26615 7746    0   -8
26625 7780   94   -3
26635 7781   94    1
26645 7761   94    4
26655 7729   94    7
26665 7723   94    9
26675 7724   94   11
26685 7372   94   15
26695 7375   94   16
26705 7481   94   17
26715 7552   94   19
26725 7557   94   23
26735 7628   94   28
26745 7597   94   36
26755 7597   94   43
26765 7238   94   51
26775 7062   94   60
26785 7061   73   68
26795 7026   73   76
26805 7032   83   85
26815 7035   73   94
26825 7215   54  104
26835 7252   38  113
26845 7256   34  123
26855 7368   29  132
26865 7372   26  142
26875 7372   26  149
26885 7589   40  157
26895 7554   59  166
26905 7555   34  173
26915 7626   41  180
26925 7657   59  188
26935 7652   46  195
26945 7680   43  200
26955 7683   74  205
26965 7684   80  210
26975 7536   80  216
26985 7570   77  221
26995 7566   74  227
27005 7602   72  232
27015 7355   69  239
27025 7357   55  246
27035 7287   26  252
27045 7290   26  260
27055 7291   26  268
27065 7371   11  276
27075 7341   11  283
27085 7346   11  291
27095 7489   11  298
27105 7668   11  304
27115 7670   11  312
27125 7705   11  314
27135 7740   11  313
27145 7742 -110  313
27155 7738 -110  313
27165 7735 -110  313
27175 7697 -110  313
27185 7689 -110  313
27195 7692 -110  311
27205 7694 -110  308
27215 7201 -110  304
27225 7345 -110  299
27235 7347 -110  295
27245 7527 -110  289
27255 7599 -110  281
27265 7599 -110  271
27275 7530 -110  260
27285 7388 -110  247
27295 7389 -110  234
27305 7108 -110  219
27315 7106 -110  204
27325 7108 -110  187
27335 7249 -110  169
27345 7318 -110  150
27355 7318 -110  131
27365 7391 -110  110
27375 7427 -110   89
27385 7430 -110   67
27395 7428 -110   45
27405 7428 -110   23
27415 7428 -110    0
27425 7500   88  -18
27435 7500   88  -28
27445 7499   88  -40
27455 7517   88  -53
27465 7512   88  -66
27475 7519   88  -78
27485 7382   88  -92
27495 7103   88 -106
27505 7106   88 -120
27515 7357   88 -133
27525 7465   88 -141
27535 7468   61 -145
27545 7502   25 -145
27555 7287   11 -144
27565 7296   11 -144
27575 6986   11 -137
27585 6993   11 -128
27595 6995   11 -121
27605 7598   11 -112
27615 7634   11 -104
27625 7633   11  -95
27635 7670   11  -87
27645 7707   11  -78
99999 0 0 0 
27655 7705    0  -71
27665 7707    0  -63
27675 7708    0  -56
27685 7708    0  -49
27695 7743    0  -41
27705 7743    0  -34
27716 7745    0  -28
27726 7745    0  -22
27736 7745    0  -16
27748 7745   94  -11
27759 7746   94   -6
27769 7745   94   -2
27780 7721   94    2
27790 7699   94    5
27800 7729   94    8
27811 7730   94   10
27823 7309   94   14
27834 7309   94   16
27844 7525   94   19
27854 7590   94   22
27864 7587   94   27
27875 7625   94   35
27886 7486   94   44
27898 7135   89   55
27909 7136   69   64
27920 7033   69   74
27930 7039   70   83
27941 7042   60   92
27951 7150   70  101
27961 7434   60  111
27973 7399   37  121
27983 7399   38  130
27994 7400   46  140
28004 7439   34  150
28015 7442   26  160
28026 7445   26  169
28036 7553   29  178
28048 7627   27  187
28059 7626   29  195
28069 7659   46  202
28079 7698   49  208
28090 7690   60  215
28100 7650   65  220
28111 7681   73  225
28121 7680   80  230
28131 7605   80  235
28142 7567   80  241
28153 7530   74  248
28164 7533   25  255
28174 7358   25  262
28184 7264   25  269
28195 7270   25  276
28205 7273   11  284
28215 7521   11  290
28225 7521   11  296
28236 7668   11  303
28247 7670   11  310
28258 7705   11  316
28268 7705   11  321
28278 7740   11  324
28288 7742   11  330
28298 7740   11  336
28308 7740   11  340
28318 7742   11  346
28328 7742   11  351
28338 7740   11  356
28348 7740   11  360
28358 7742   11  364
28368 7740   10  369
28378 7742   10  373
28388 7742   10  377
28398 7776   10  382
28408 7745   10  386
28418 7742   10  390
28428 7742   10  394
28438 7779   10  398
28448 7777   10  402
28458 7777   10  405
28468 7777   10  408
28478 7779   10  411
28488 7777   10  414
28498 7779   10  416
28508 7777   10  418
28518 7777   10  420
28528 7779   10  422
28538 7779   10  423
28548 7779   10  424
28558 7777   10  424
28568 7779   10  425
28578 7779   10  425
28589 7779   10  425
28599 7779   10  425
28609 7779   10  425
28619 7779   10  425
28629 7777   10  425
28640 7776   10  425
28650 7780   10  425
28660 7779   10  425
28670 7777   10  425
28680 7779   10  425
28691 7777 -102  425
28701 7779 -102  425
28712 7777 -102  425
28723 7695 -102  425
28734 7689 -102  425
28744 7698 -102  425
28755 7352 -102  425
28765 7360 -102  425
28775 7397 -102  425
28785 7503 -102  422
28795 7501 -102  415
28806 7503 -102  406
28816 7331 -102  395
28826 7054 -102  384
28836 7057 -102  374
28846 7023 -102  362
28856 7025 -102  354
28867 7205 -102  348
28878 7277 -102  340
28888 7314 -102  331
28898 7314 -102  321
28908 7244 -102  311
28919 7068 -102  299
28929 7068 -102  286
28939 7105 -102  272
28950 7208 -102  256
28960 7212 -102  241
28970 7248 -102  223
28981 7317 -102  204
28991 7320 -102  185
29001 7318 -102  165
29011 7355 -102  145
29021 7355 -102  124
29031 7391 -102  102
29042 7425 -102   78
29053 7463 -102   52
29064 7463 -102   27
29075 7500 -102    1
29085 7503   82  -23
29095 7479   82  -45
29105 7513   82  -67
29115 7558   82  -89
29125 7564   82 -112
29135 6999   82 -135
29145 7253   82 -156
29155 7255   82 -173
29165 7362   82 -185
29175 7365   82 -192
29185 7367   49 -192
29195 7154   10 -192
29205 7054   10 -192
29215 7061   10 -185
29225 7030   10 -178
29235 7598   10 -170
29245 7599   10 -162
29255 7634   10 -154
29265 7672   10 -148
29276 7671   10 -141
99999 0 0 0 
29286 7707    0 -136
29296 7708    0 -132
29306 7708    0 -128
29316 7708    0 -124
29326 7743    0 -120
29336 7745    0 -117
29346 7746    0 -112
29356 7745    0 -110
29366 7745    0 -108
29376 7780    0 -105
29387 7745   94 -104
29399 7745   94 -104
29410 7743   94 -103
29421 7706   94 -102
29432 7693   94 -101
29443 7727   94 -100
29454 7730   94  -98
29465 7167   94  -98
29475 7452   94  -97
29485 7451   94  -94
29495 7522   94  -89
29505 7595   94  -81
29516 7598   94  -72
29526 7424   94  -62
29537 7035   94  -50
29548 7036   94  -37
29558 7036   94  -25
29569 7109   94  -12
29579 7180   94    2
29589 7181   94   17
29600 7323   94   32
29610 7289   94   45
29621 7291   26   61
29631 7293   26   73
29642 7341   26   87
29654 7344   26  101
29665 7346   26  112
29675 7630   26  122
29686 7666   26  132
29698 7668   26  143
29708 7666   29  152
29718 7666   28  160
29729 7700   38  169
29739 7698   43  177
29749 7694   41  185
29760 7693   40  192
29771 7690   55  198
29781 7689   80  204
29791 7653   80  210
29801 7636   73  216
29812 7631   69  224
29822 7631   53  231
29834 7282   38  240
29844 7286   32  248
29855 7399   26  256
29866 7369   26  264
29876 7373   26  271
29886 7517   10  278
29897 7625   10  284
29909 7666   10  292
29919 7668   10  296
29929 7705   10  301
29939 7742   10  306
29950 7742   10  311
29960 7740   10  315
29971 7742   10  320
29981 7743   10  324
29991 7743   10  327
30001 7743   10  331
30011 7742   10  334
30022 7742   10  338
30033 7743   10  341
30044 7742   10  344
30054 7743   10  348
30065 7743   10  350
30075 7743   10  353
30085 7743   10  356
30095 7776   10  358
30105 7743   10  360
30115 7742   10  362
30125 7779   10  364
30136 7779   10  365
30146 7780   10  367
30157 7779   10  368
30167 7779   10  370
30178 7779   10  371
30188 7776   10  372
30198 7779   10  373
30208 7779   10  374
30218 7779   10  375
30228 7779   10  376
30238 7779   10  376
30248 7779   10  377
30258 7777   10  378
30268 7780   10  378
30278 7779   10  379
30288 7780   10  379
30298 7777   10  379
30308 7779   10  379
30318 7779   10  379
30328 7777   10  379
30338 7777   10  379
30348 7777   10  379
30358 7779   10  379
30368 7779   10  379
30378 7777   10  379
30388 7779   10  379
30398 7779   10  379
30408 7779   10  379
30418 7779   10  379
30428 7779   10  379
30438 7779   10  379
30448 7777   10  379
30458 7779   10  379
30468 7779   10  379
30478 7779   10  379
30488 7780   10  379
30498 7779   10  379
30508 7783   10  379
30518 7780   10  379
30528 7779   10  379
30538 7780   10  379
30548 7779   10  379
30558 7779   10  379
30568 7779   10  379
30578 7779   10  379
30588 7779   10  379
30598 7779   10  379
30608 7780   10  379
30618 7780   10  379
30628 7777   10  379
30638 7780   10  379
30648 7780   10  379
30658 7776   10  379
30668 7780   10  379
30678 7780   10  379
30688 7779   10  379
30698 7779   10  379
30708 7780   10  379
30719 7779   10  379
30729 7779   10  379
30739 7779   10  379
30749 7780   10  379
30759 7780   10  379
30769 7779   10  379
30779 7780   10  379
30789 7779   10  379
30799 7780   10  379
30809 7779   10  379
30819 7779   10  379
30829 7780   10  379
30839 7780   10  379
30849 7780   10  379
30859 7779   10  379
30870 7779   10  379
30880 7780   10  379
30890 7779   10  379
30900 7780   10  379
30910 7776   10  379
30920 7780   10  379
30930 7780   10  379
30940 7779   10  379
30950 7779   10  379
30960 7779   10  379
30970 7779   10  379
30980 7780   10  379
30991 7777   10  379
31001 7780   10  379
31012 7779   10  379
31023 7779   10  379
31033 7780   10  379
31043 7780   10  379
31053 7780   10  379
31063 7779   10  379
31073 7779   10  379
31083 7779   10  379
31093 7779   10  379
31103 7777   10  379
31113 7781   10  379
31123 7779   10  379
31133 7779   10  379
31143 7816   10  379
31153 7781   10  379
31163 7780   10  379
31173 7780   10  379
31183 7779   10  379
31193 7780   10  379
31203 7780   10  379
31213 7780   10  379
31223 7780   10  379
31233 7780   10  379
31243 7779   10  379
31253 7780   10  379
31263 7779   10  379
31274 7779   10  379
31284 7780   10  379
31294 7780   10  379
31304 7780   10  379
31314 7779   10  379
31324 7779   10  379
31334 7780   10  379
31344 7779   10  379
31354 7780   10  379
31364 7780   10  379
31374 7780   10  379
31384 7779   10  379
31394 7779   10  379
31404 7780   10  379
31414 7779   10  379
31424 7779   10  379
31434 7781   10  379
31445 7780   10  379
31455 7780   10  379
31465 7780   10  379
31476 7780   10  379
31487 7780   10  379
31498 7780   10  379
31508 7779   10  379
31519 7779   10  379
31529 7780   10  379
31539 7779   10  379
31549 7779   10  379
31559 7783   10  379
31569 7779   10  379
31579 7780   10  379
31589 7779   10  379
31599 7779   10  379
31609 7780   10  379
31619 7779   10  379
31629 7780   10  379
31639 7781   10  379
31649 7780   10  379
31659 7780   10  379
31669 7780   10  379
31679 7780   10  379
31690 7779   10  379
31701 7780   10  379
31712 7781   10  379
31723 7780   10  379
31733 7779   10  379
31744 7779   10  379
31755 7779   10  379
31765 7780   10  379
31775 7780   10  379
31785 7779   10  379
31795 7779   10  379
31806 7780   10  379
31817 7780   10  379
31828 7777   10  379
31838 7781   10  379
31849 7780   10  379
31859 7780   10  379
31869 7779   10  379
31880 7779   10  379
31890 7779  -20  379
31900 7777  -20  379
31910 7772  -20  379
31920 7771  -20  379
31930 7769  -20  379
31941 7769  -20  379
31952 7768  -20  379
31963 7769  -20  379
31973 7769  -20  379
31983 7769  -20  379
31993 7771  -20  379
32003 7771  -20  379
32013 7769  -20  379
32024 7769  -20  379
32034 7771  -20  379
32044 7769  -20  379
32054 7768  -20  379
32064 7768  -20  379
32074 7768  -20  379
32084 7766  -20  379
32094 7768  -20  378
32104 7768    0  378
32114 7734    0  376
32124 7740    0  374
32134 7743    0  372
32144 7781    0  370
32154 7783    0  368
32164 7781    0  365
32175 7781    0  363
32186 7783    0  360
32197 7781   10  359
32207 7781   10  357
32218 7781   10  355
32228 7783   10  353
32238 7781   10  352
32249 7780   10  350
32259 7780   10  348
32269 7780   10  348
32279 7779   10  346
32289 7777   10  344
32299 7780   10  344
32309 7780   10  342
32319 7780   10  341
32330 7780   10  340
32341 7780   10  339
32351 7779   10  337
32362 7780   10  336
32373 7780   10  335
32384 7783   10  334
32394 7780   10  332
32404 7780   10  331
32414 7783   10  330
32425 7780   10  328
32435 7781   10  327
32445 7779   10  325
32455 7780   10  324
32465 7780   10  322
32475 7780   10  320
32485 7780   10  319
32496 7781   10  317
32506 7780   10  316
32516 7780   10  314
32527 7780   10  311
32538 7816   10  308
32548 7780   10  306
32558 7777   10  304
32568 7780   10  302
32578 7780   10  299
32588 7780   10  296
32598 7780   10  295
32608 7780   10  292
32618 7779   10  290
32628 7779   10  288
32638 7779   10  287
32648 7779   10  285
32658 7779   10  284
32668 7780   10  282
32678 7779   10  280
32688 7780   10  280
32698 7780   10  278
32708 7780   10  277
32718 7781   10  276
32728 7780   10  275
32738 7780   10  274
32748 7781   10  272
32758 7780   10  272
32768 7781   10  271
32778 7780   10  271
32788 7779   10  270
32798 7780   10  269
32808 7780   10  268
32818 7780   10  268
32828 7780   10  268
32838 7780   10  267
32848 7781   10  267
32858 7779   10  267
32868 7780   10  267
32878 7780   10  267
32888 7780   10  267
32898 7781   10  267
32908 7781   10  267
32918 7781   10  267
32928 7780   10  267
32938 7781   10  267
32948 7780   10  267
32958 7781   10  267
32968 7781   10  267
32978 7781   10  267
32988 7780   10  267
32998 7781   10  267
33008 7780   10  267
33018 7780   10  267
33028 7779   10  267
33038 7780   10  267
33048 7780   10  267
33058 7780   10  267
33068 7780   10  267
33078 7780   10  267
33088 7780   10  267
33098 7781   10  267
33108 7781   10  267
33118 7780   10  267
33128 7779   10  267
33138 7779   10  267
33148 7780   10  267
33158 7781   10  267
33168 7780   10  267
33178 7780   10  267
33188 7781   10  267
33198 7780   10  267
33208 7780   10  267
33218 7781   10  267
33228 7817   10  267
33238 7781   10  267
33248 7781   10  267
33258 7780   10  267
33268 7780   10  267
33278 7780   10  267
33288 7780   10  267
33298 7783   10  267
33308 7780   10  267
33318 7780   10  267
33328 7781   10  267
33338 7781   10  267
33348 7779   10  267
33358 7780   10  267
33368 7779   10  267
33378 7780   10  267
33388 7780   10  267
33398 7779   10  267
33408 7780   10  267
33418 7777   10  267
33428 7780   10  267
33438 7780   10  267
33448 7780   10  267
33458 7780   10  267
33468 7780   10  267
33478 7780   10  267
33488 7780   10  267
33498 7780   10  267
33508 7779   10  267
33518 7780   10  267
33528 7780   10  267
33538 7780   10  267
33548 7780   10  267
33558 7781   10  267
33568 7781   10  267
33578 7780   10  267
33588 7780   10  267
33598 7783   10  267
33608 7780   10  267
33618 7781   10  267
33628 7781   10  267
33638 7781   10  267
33648 7779   10  267
33658 7780   10  267
33668 7780   10  267
33678 7780   10  267
33688 7780   10  267
33698 7781   10  267
33708 7780   10  267
33718 7780   10  267
33729 7780   10  267
33739 7781   10  267
33749 7780   10  267
33759 7781   10  267
33769 7779   10  267
33780 7781   10  267
33790 7775   10  267
33800 7812   10  267
33810 7779   10  267
33820 7780   10  267
33830 7781   10  267
33840 7779   10  267
33850 7780   10  267
33860 7780   10  267
33870 7779   10  267
33880 7780   10  267
33890 7784   10  267
33900 7780   10  267
33911 7779   10  267
33921 7780   10  267
33931 7817   10  267
33941 7816   10  267
33952 7780   10  267
33963 7781   10  267
33973 7780   10  267
33983 7780   10  267
33993 7780   10  267
34003 7783   10  267
34013 7780   10  267
34023 7780   10  267
34033 7780   10  267
34043 7781   10  267
34053 7780   10  267
34063 7780   10  267
34073 7780   10  267
34083 7781   10  267
34093 7784   10  267
34103 7780   10  267
34113 7781   10  267
34123 7781   10  267
34133 7780   10  267
34143 7781   10  267
34153 7780   10  267
34163 7781   10  267
34173 7780   10  267
34183 7781   10  267
34193 7780   10  267
34203 7781  -20  267
34213 7816  -20  267
34223 7813  -20  267
34233 7773  -20  267
34243 7773  -20  266
34253 7771    0  266
34263 7771    0  264
34274 7772    0  263
34284 7779    0  262
34294 7781    0  259
34305 7783    0  256
34315 7784    0  254
34325 7783    0  250
34336 7784    0  245
34348 7781   80  240
34358 7783   80  234
34368 7724   80  228
34378 7650   80  223
34388 7633   80  218
34398 7599   80  214
34408 7054   80  213
34418 7027   80  213
34428 7191   80  214
34438 7044   80  217
34449 7054   80  226
34459 6912   78  236
34469 6910   26  245
34479 6938   26  256
34490 7024   26  267
34502 7186   11  280
34514 7329   11  295
34524 7344   11  304
34534 7398   11  315
34544 7689   11  326
34554 7694   11  336
34564 7697   11  348
34574 7734   11  359
34585 7735   11  370
34595 7736   11  380
34605 7736   11  391
34615 7735   11  401
34625 7773   11  411
34635 7773   11  421
34645 7773   11  430
34655 7776   11  439
34665 7776   10  447
34675 7777   10  454
34686 7779   10  460
34696 7777   10  465
34706 7777   10  469
34717 7779   10  473
34727 7777   10  476
34738 7779   10  480
34749 7777   10  482
34759 7779   10  483
34769 7779   10  484
34779 7777   10  484
34790 7780   10  484
34800 7779   10  484
34810 7779   10  484
34821 7777   10  484
34831 7780   10  484
34841 7779   10  484
34851 7779   10  484
34862 7779   10  484
34873 7779   10  484
34883 7779   10  484
34893 7777   10  484
34903 7777   10  484
34913 7779   10  484
34923 7777   10  484
34933 7779   10  483
34943 7779   10  483
34953 7779   10  483
34963 7780   10  483
34973 7779   10  483
34983 7777   10  483
34993 7780   10  483
35003 7780   10  483
35013 7777   10  483
35023 7779   10  483
35033 7779   10  483
35043 7779   10  483
35053 7780   10  483
35063 7779   10  483
35073 7780   10  483
35083 7779   10  483
35093 7780   10  483
35103 7780   10  483
35113 7779   10  483
35123 7776   10  483
35133 7777   10  483
35143 7779   10  483
35153 7779   10  483
35163 7780   10  483
35174 7780   10  483
35184 7779   10  483
35194 7779   10  483
35204 7780   10  483
35214 7779   10  483
35224 7780   10  483
35234 7781   10  483
35244 7779   10  483
35254 7777   10  483
35264 7777   10  483
35274 7779   10  483
35284 7779   10  483
35294 7779   10  483
35304 7779   10  483
35314 7779   10  483
35324 7777   10  483
35334 7780   10  483
35344 7780   10  483
35354 7780   10  483
35364 7777   10  483
35374 7779   10  483
35384 7779   10  483
35394 7779   10  483
35404 7779   10  483
35414 7779   10  483
35424 7779   10  483
35434 7777   10  483
35445 7779   10  483
35455 7779   10  483
35465 7780 -102  483
35475 7779 -102  483
35486 7649 -102  483
35496 7586 -102  483
35506 7598 -102  482
35518 7107 -102  481
35528 7138 -102  480
35538 7332 -102  476
35549 7515 -102  472
35559 7423 -102  465
35569 7365 -102  454
35579 7265 -102  441
35589 7280 -102  427
35599 7152 -102  412
35609 6955 -102  397
35620 6999 -102  380
35631 7052 -102  362
35641 7224 -102  350
35653 7255 -102  338
35663 7202 -102  324
35673 7179 -102  309
35684 7158 -102  293
35695 7199 -102  274
35705 7092 -102  255
35716 7119 -102  235
35728 7239 -102  210
35738 7246 -102  188
35748 7320 -102  165
35759 7398 -102  140
35769 7412 -102  114
35779 7422 -102   90
35789 7466 -102   66
35799 7473 -102   39
35809 7512 -102   12
35820 7552   82  -15
35830 7551   82  -42
35841 7514   82  -70
35851 7384   82  -96
35861 7361   82 -120
35871 7398   82 -149
35882 6812   82 -176
35893 6859   82 -202
35903 6799   82 -218
35913 7077   82 -224
35923 7065   40 -224
35933 7116   10 -224
35943 6871   10 -209
35953 6985   10 -194
35963 7036   10 -177
35973 7486   10 -164
35983 7499   10 -148
35993 7506   10 -133
36003 7689   10 -118
36013 7690   10 -105
36023 7689   10  -92
99999 0 0 0 
36033 7730    0  -81
36043 7731    0  -70
36053 7734    0  -62
36063 7734    0  -54
36073 7735    0  -48
36083 7738    0  -41
36093 7773    0  -36
36103 7773    0  -30
36113 7773    0  -24
36123 7773    0  -17
36133 7775   93  -10
36144 7777   93   -4
36154 7651   93    2
36164 7611   93    8
36174 7601   93   15
36184 7253   93   21
36194 7206   93   28
36204 7168   93   36
36214 7325   93   44
36224 7369   93   53
36234 7397   73   64
36244 7353   39   75
36254 7317   26   88
36264 7401   26  100
36275 7165   26  114
36286 7121   26  126
36296 7132   26  136
36306 7598   26  148
36316 7673   26  159
36328 7676   26  170
36339 7677   26  180
36350 7681   26  190
36361 7716   26  200
36371 7717   26  209
36381 7717   26  216
36391 7720   29  223
36401 7716   49  229
36411 7713   58  235
36422 7688   66  242
36433 7672   59  248
36443 7634   63  255
36453 7554   53  262
36463 7532   32  268
36473 7551   25  276
36483 7433   25  284
36493 7553   25  292
36503 7564   10  300
36513 7677   10  307
36523 7683   10  314
36533 7690   10  320
36543 7730   10  328
36553 7732   10  335
36563 7734   10  342
36573 7769   10  348
36583 7772   10  355
36593 7772   10  361
36603 7772   10  368
36613 7773   10  374
36623 7772   10  380
36633 7772   10  386
36643 7773   10  392
36653 7773   10  398
36663 7773   10  404
36673 7775   10  409
36683 7773   10  415
36693 7772   10  420
36703 7776   10  426
36713 7773   10  431
36723 7775   10  436
36733 7773   10  440
36743 7772   10  445
36753 7775   10  449
36763 7773   10  453
36773 7775   10  456
36783 7775   10  460
36793 7773   10  462
36803 7775   10  464
36813 7776   10  466
36823 7775   10  468
36833 7776   10  468
36843 7773   10  469
36853 7775   10  469
36863 7775   10  469
36873 7775   10  469
36883 7775   10  469
36893 7776   10  469
36903 7775   10  469
36913 7775   10  469
36923 7776   10  469
36933 7775   10  468
36943 7776   10  468
36953 7776   10  468
36963 7775   10  468
36973 7775   10  464
36983 7776   10  462
36993 7775   10  460
37003 7775   10  456
37013 7775   10  454
37023 7812   10  451
37033 7776   10  448
37043 7775   10  446
37053 7776   10  444
37063 7776   10  442
37073 7776   10  440
37083 7775   10  440
37094 7775   10  438
37104 7776   10  437
37114 7775   10  436
37124 7775   10  436
37134 7776   10  436
37144 7776   10  436
37154 7776   10  436
37164 7775   10  436
37174 7776   10  436
37184 7776   10  436
37194 7775   10  436
37204 7775   10  436
37214 7775   10  436
37224 7775   10  436
37234 7776   10  436
37244 7775   10  436
37254 7775   10  436
37264 7776   10  436
37274 7776   10  436
37284 7776   10  436
37295 7775   10  436
37306 7776   10  436
37316 7776   10  436
37326 7776   10  436
37336 7776   10  436
37346 7776   10  436
37356 7777   10  436
37366 7776   10  436
37376 7777   10  436
37386 7776   10  436
37396 7776   10  436
37408 7776   10  436
37418 7777   10  436
37428 7777   10  436
37438 7777   10  436
37448 7777   10  436
37458 7776   10  436
37468 7777   10  436
37478 7776   10  436
37488 7776   10  436
37498 7777   10  436
37508 7776   10  436
37518 7776   10  436
37528 7813   10  436
37538 7812   10  436
37549 7776   10  436
37560 7777   10  436
37570 7777   10  436
37580 7777   10  436
37591 7777   10  436
37601 7777   10  436
37611 7776   10  436
37621 7777   10  436
37633 7777   10  436
37643 7776   10  436
37653 7777   10  436
37663 7776   10  436
37673 7779   10  436
37683 7812   10  436
37693 7777   10  436
37703 7779   10  436
37713 7776   10  436
37723 7777   10  436
37733 7777   10  436
37743 7777   10  436
37753 7777   10  436
37763 7775   10  436
37773 7776   10  436
37783 7779   10  436
37793 7777   10  436
37804 7813   10  436
37814 7776   10  436
37824 7776   10  436
37834 7776   10  436
37844 7777   10  436
37854 7777   10  436
37864 7777   10  436
37874 7777   10  436
37884 7777   10  436
37894 7777   10  436
37904 7779   10  436
37914 7777   10  436
37925 7777   10  436
37936 7777   10  436
37946 7776   10  436
37956 7776   10  436
37967 7775   10  436
37978 7776   10  436
37988 7776   10  436
37999 7777   10  436
38010 7777   10  436
38020 7777   10  436
38031 7777   10  436
38041 7779   10  436
38051 7777   10  436
38061 7775   10  436
38071 7777   10  436
38081 7776   10  436
38092 7776   10  436
38103 7777   10  436
38113 7777   10  436
38123 7779   10  436
38133 7777   10  436
38143 7777   10  436
38153 7777   10  436
38163 7776   10  436
38173 7777   10  436
38183 7779   10  436
38193 7777   10  436
38203 7779   10  436
38213 7779   10  436
38223 7776   10  436
38233 7777   10  436
38243 7776   10  436
38253 7776   10  436
38263 7776   10  436
38273 7777   10  436
38283 7779   10  436
38293 7777   10  436
38303 7777   10  436
38313 7777   10  436
38323 7815   10  436
38333 7813   10  436
38343 7777   10  436
38353 7779   10  436
38363 7777   10  436
38373 7777   10  436
38383 7777   10  436
38393 7777   10  436
38403 7777   10  436
38413 7779   10  436
38423 7777   10  436
38433 7777   10  436
38443 7813   10  436
38453 7813   10  436
38463 7779   10  436
38473 7777   10  436
38483 7779   10  436
38493 7777   10  436
38503 7777   10  436
38513 7779  -20  436
38523 7777  -20  436
38533 7812  -20  436
38543 7809  -20  436
38553 7768  -20  436
38563 7804  -20  436
38573 7802  -20  436
38583 7765  -20  436
38593 7768  -20  436
38603 7768  -20  436
38613 7766  -20  436
38623 7769  -20  436
38633 7769  -20  436
38643 7768  -20  436
38653 7768  -20  436
38663 7769  -20  436
38673 7771  -20  436
38683 7769  -20  436
38694 7766  -20  436
38705 7768  -20  436
38715 7802  -20  435
38725 7801    0  432
38736 7763    0  430
38746 7773    0  427
38756 7777    0  424
38767 7779    0  420
38777 7780    0  418
38789 7817    0  414
38800 7816    0  412
38810 7816    0  410
38821 7816   10  407
38833 7816   10  404
38844 7815   10  401
38854 7815   10  399
38864 7815   10  396
38875 7816   10  394
38885 7779   10  392
38896 7779   10  391
38906 7776   10  390
38916 7779   10  388
38927 7777   10  387
38938 7777   10  386
38948 7777   10  385
38958 7777   10  384
38968 7779   10  384
38978 7777   10  384
38988 7811   10  384
38998 7779   10  384
39008 7779   10  384
39018 7777   10  384
39028 7815   10  384
39038 7815   10  384
39048 7815   10  384
39058 7779   10  384
39068 7777   10  384
39078 7777   10  384
39088 7777   10  384
39098 7777   10  384
39108 7779   10  384
39118 7779   10  384
39128 7777   10  384
39138 7777   10  384
39148 7779   10  384
39158 7779   10  384
39168 7777   10  384
39178 7777   10  384
39188 7777   10  384
39198 7777   10  384
39208 7779   10  384
39218 7779   10  384
39228 7815   10  384
39238 7777   10  384
39248 7777   10  384
39258 7816   10  384
39268 7815   10  384
39278 7813   10  384
39288 7812   10  384
39298 7815   10  384
39308 7815   10  384
39318 7813   10  384
39328 7779   10  384
39338 7779   10  384
39348 7815   10  384
39358 7815   10  384
39368 7815   10  384
39379 7815   10  384
39389 7813   10  384
39400 7815   10  384
39410 7815   10  384
39420 7779   10  384
39430 7777   10  384
39440 7777   10  384
39451 7777   10  384
39461 7779   10  384
39471 7776   10  384
39481 7815   10  384
39491 7779   10  384
39501 7779   10  384
39511 7813   10  384
39521 7815   10  384
39531 7813   10  384
39542 7815   10  384
39554 7813   10  384
39565 7815   10  384
39575 7815   10  384
39585 7817   10  384
39595 7813   10  384
39605 7815   10  384
39615 7777   10  384
39625 7779   10  385
39635 7815   10  385
39645 7779   10  385
39655 7779   10  385
39665 7779   10  385
39675 7815   10  385
39685 7815   10  385
39695 7815   10  385
39705 7815   10  385
39715 7815   10  385
39725 7813   10  385
39735 7815   10  385
39745 7813   10  385
39755 7815   10  385
39765 7777   10  385
39776 7779   10  385
39787 7813   10  385
39798 7815   10  385
39808 7813   10  385
39818 7813   10  385
39829 7816   10  385
39840 7815   10  385
39850 7815   10  385
39861 7815   10  385
39872 7815   10  385
39883 7815   10  385
39893 7815   10  385
39903 7779   10  385
39913 7816   10  385
39923 7815   10  385
39934 7812   10  385
39945 7815   10  385
39955 7815   10  385
39965 7816   10  385
39975 7815   10  385
39985 7815   10  385
39995 7815   10  385
40006 7815   10  385
40016 7815   10  385
40027 7816   10  385
40038 7815   10  385
40048 7815   10  385
40058 7815   10  385
40068 7816   10  385
40078 7815   10  385
40088 7815   10  385
40098 7817   10  385
40108 7815   10  385
40118 7815   10  385
40128 7815   10  385
40138 7816   10  385
40148 7815   10  385
40158 7813   10  385
40168 7816   10  385
40178 7813   10  385
40188 7815   10  385
40198 7815   10  385
40208 7815   10  385
40218 7815   10  385
40228 7815   10  385
40238 7815   10  385
40248 7815   10  385
40258 7815   10  385
40269 7815   10  385
40279 7815   10  385
40289 7777   10  385
40299 7779   10  385
40310 7815   10  385
40321 7815   10  385
40331 7815   10  385
40342 7816   10  385
40353 7815   10  385
40363 7816   10  385
40373 7815   10  385
40383 7815   10  385
40393 7813   10  385
40403 7815   10  385
40413 7812   10  385
40423 7813   10  385
40433 7815   10  385
40443 7816   10  385
40453 7816   10  385
40463 7815   10  385
40473 7813   10  385
40483 7779   10  385
40493 7779   10  385
40503 7816   10  385
40513 7779   10  385
40523 7779   10  385
40533 7811   10  385
40543 7816   10  385
40553 7815   10  385
40563 7815   10  385
40573 7779   10  385
40583 7777   10  385
40593 7815   10  385
40603 7815   10  385
40613 7816   10  385
40623 7815   10  385
40634 7815   10  385
40644 7815   10  385
40654 7816   10  385
40664 7815   10  385
40674 7815   10  385
40684 7816   10  385
40694 7815   10  385
40704 7815   10  385
40715 7816   10  385
40725 7815   10  385
40735 7816   10  385
40746 7815   10  385
40756 7815   10  385
40766 7816   10  385
40777 7815   10  385
40787 7815   10  385
40799 7816   10  385
40810 7815   10  385
40820 7816  -20  385
40830 7815  -20  385
40840 7815  -20  385
40850 7811  -20  385
40860 7807  -20  385
40870 7805  -20  385
40880 7802  -20  385
40890 7768  -20  385
40900 7769  -20  385
40910 7769  -20  385
40920 7769  -20  385
40930 7769  -20  385
40940 7769  -20  385
40950 7766  -20  385
40960 7766  -20  385
40970 7763  -20  385
40980 7763  -20  385
40990 7762  -20  385
41000 7763  -20  385
41010 7765  -20  384
41020 7765    0  384
41031 7768    0  384
