goto reselect
L: in lcd_mode_selection
L: t_push=  3554
in loop, waiting for press
L: in lcd_mode_selection
L: t_push=    50
L: in lcd_bat_adj
L: t_push=    85
%Initializing ...
% batt1   = 7.92v
% batt2   = 8.25v
% mode    = 6   
% time    = 165925   
% Wheel_L =    0   
% Wheel_R =   -6   
% Bat     =    0   
% Intaker =    0   
% Gryo    =   -1   
SSS vs= 0.99  t=  186
%P VOLT1   = 7919
%P VOLT2   = 8258
%P S2_SC   =  0.99
%P L_ANG_MAX = 186
B   0 805    0    0
B  11 8054   59    0
B  21 8054   59    0
B  31 8036   59    0
B  41 7947   59    0
B  51 7945   59    0
B  61 7959   59    0
B  71 7688   59    0
B  81 7680   59    0
B  91 7725   59    4
B 101 7696   59   10
B 111 7676   59   18
B 121 7597   59   25
B 131 7530   59   33
B 141 7540   59   41
B 151 7584   59   49
B 161 7659   57   57
B 171 7662   57   66
B 181 7665   49   74
B 191 7704   49   84
B 201 7725   40   93
B 211 7701   32  102
B 221 7707   28  112
B 231 7721   19  121
B 241 7815   19  131
*** dt = 8 , A = 140 , rpm = 157 
B 251 7833   19  140
pull out 147
B 261 7845  -99  149
B 271 7887  -99  157
B 281 7965  -99  164
B 291 7746  -99  171
B 301 7748  -99  178
B 311 7785  -99  184
B 321 7840  -99  190
B 331 7201  -99  193
B 341 7466  -99  195
B 351 7331  -99  195
B 361 7391  -99  195
*** amax = 195  vhit = 100
B 371 7353  -99  186
B 381 7361  -99  171
B 391 7244  -99  156
B 401 6998  -99  139
B 411 7064  -99  121
B 421 7107  -99  103
B 431 7405  -99   83
B 441 7403  -99   61
B 451 7505  -99   38
B 461 7580  -99   16
B 471 7593  -99   -8
push -11 -10
push out at target
B 481 7606   79  -25
B 491 7593   79  -36
B 501 7523   79  -50
B 511 7512   79  -64
B 521 7561   79  -77
B 531 7614   79  -92
B 541 7549   79 -108
B 551 7502   79 -122
B 561 7399   79 -132
B 571 7421   72 -136
B 581 7481   22 -136
B 591 7524    9 -136
B 601 7542    9 -127
B 611 7270    9 -113
B 621 7315    9 -102
B 631 7302    9  -88
B 641 7917    9  -73
B 651 7920    9  -60
B 661 7960    9  -45
B 671 7964    9  -32
pb end 
B 681 7964   10  -18
B 691 8002   10   -5
B 701 8004   10    6
B 711 8006   10   15
B 721 8004   10   20
B 731 8005   10   25
B 741 8004   10   28
B 751 8006   10   30
B 761 8006   10   31
B 771 8006   10   31
SSS vs= 0.99  t=  205
%P VOLT1   = 7860
%P VOLT2   = 8227
%P S2_SC   =  1.00
%P L_ANG_MAX = 205
B 781 8006   59   34
B 791 8008   59   34
B 801 8004   59   34
B 811 7945   59   34
B 821 7885   59   34
B 831 7841   59   34
B 841 7815   59   34
B 851 7692   59   34
B 861 7682   59   36
B 871 7651   59   41
B 881 7626   59   46
B 891 7638   59   52
B 901 7583   59   59
B 911 7597   59   66
B 921 7608   59   73
B 931 7543   59   80
B 941 7577   59   88
B 951 7576   59   96
B 961 7608   55  105
B 971 7617   39  114
B 981 7628   20  124
B 991 7694   19  134
B 1001 7719   19  144
B 1011 7749   19  154
*** dt = 8 , A = 157 , rpm = 166 
pull out 164
B 1021 7765    9  164
B 1031 7914    9  172
B 1041 7917    9  180
B 1051 7958    9  188
B 1061 7965    9  196
B 1071 7967    9  203
B 1081 8004    9  208
B 1091 8005    9  214
B 1101 8005    9  218
B 1111 8004    9  222
B 1121 8006    9  226
B 1131 8008    9  228
B 1141 8006    9  230
B 1151 8006    9  232
B 1161 8008    9  232
B 1171 8008    9  233
B 1181 8008    9  234
B 1191 8009  -99  234
B 1201 8043  -99  234
B 1211 8010  -99  234
B 1221 7940  -99  234
B 1231 7831  -99  234
B 1241 7798  -99  234
B 1251 7834  -99  234
*** amax = 234  vhit = 100
B 1261 7913  -99  230
B 1271 7555  -99  224
B 1281 7569  -99  218
B 1291 7676  -99  210
B 1301 7673  -99  199
B 1311 7576  -99  185
B 1321 7539  -99  168
B 1331 7356  -99  149
B 1341 7417  -99  129
B 1351 7371  -99  109
B 1361 7388  -99   88
B 1371 7411  -99   66
B 1381 7489  -99   42
B 1391 7629  -99   18
B 1401 7625  -99   -6
push -12 -10
push out at target
B 1411 7659   79  -23
B 1421 7588   79  -33
B 1431 7536   79  -44
B 1441 7584   79  -52
B 1451 7429   79  -64
B 1461 7474   79  -76
B 1471 7286   79  -86
B 1481 7538   79  -94
B 1491 7434   55  -98
B 1501 7474   22  -98
B 1511 7521    9  -98
B 1521 7641    9  -90
B 1531 7532    9  -77
B 1541 7499    9  -67
B 1551 7515    9  -53
B 1561 7881    9  -40
B 1571 7955    9  -26
B 1581 7958    9  -12
B 1591 7960    9    2
B 1601 7998    9   14
pb end 
B 1611 7999   10   24
B 1621 8002   10   34
B 1631 8001   10   40
B 1641 8004   10   45
B 1651 8002   10   48
B 1661 8004   10   50
B 1671 8004   10   51
B 1681 8004   10   51
B 1691 8004   10   51
SSS vs= 1.00  t=  205
%P VOLT1   = 7860
%P VOLT2   = 8223
%P S2_SC   =  1.00
%P L_ANG_MAX = 205
B 1701 8004   10   51
B 1711 8004   59   51
B 1721 8005   59   51
B 1731 7921   59   51
B 1741 7875   59   51
B 1751 7851   59   51
B 1761 7820   59   51
B 1771 7609   59   51
B 1781 7633   59   51
B 1791 7635   59   51
B 1801 7642   59   52
B 1811 7581   59   59
B 1821 7605   59   66
B 1831 7592   59   73
B 1841 7536   59   80
B 1851 7543   59   88
B 1861 7543   59   96
B 1871 7611   55  105
B 1881 7611   38  114
B 1891 7620   20  124
B 1901 7663   19  134
B 1911 7712   19  144
B 1921 7705   19  154
*** dt = 8 , A = 157 , rpm = 166 
B 1931 7760   18  164
pull out 166
B 1941 7767  -99  172
B 1951 7914  -99  180
B 1961 7813  -99  189
B 1971 7697  -99  196
B 1981 7713  -99  204
B 1991 7695  -99  210
B 2001 7746  -99  214
B 2011 7268  -99  216
B 2021 7475  -99  216
B 2031 7372  -99  216
*** amax = 216  vhit = 100
B 2041 7433  -99  209
B 2051 7140  -99  196
B 2061 7184  -99  181
B 2071 7044  -99  164
B 2081 7042  -99  147
B 2091 7089  -99  129
B 2101 7219  -99  109
B 2111 7471  -99   88
B 2121 7464  -99   66
B 2131 7569  -99   44
B 2141 7582  -99   20
B 2151 7601  -99   -5
push -12 -10
push out at target
B 2161 7618   79  -24
B 2171 7639   79  -35
B 2181 7512   79  -48
B 2191 7526   79  -60
B 2201 7578   79  -72
B 2211 7630   79  -85
B 2221 7201   79  -98
B 2231 7481   79 -110
B 2241 7375   79 -118
B 2251 7408   55 -120
B 2261 7450    6 -120
B 2271 7525    9 -120
B 2281 7410    9 -108
B 2291 7248    9  -93
B 2301 7299    9  -80
B 2311 7642    9  -68
B 2321 7906    9  -53
B 2331 7912    9  -38
B 2341 7950    9  -24
B 2351 7955    9   -9
pb end 
B 2361 7955   10    4
B 2371 7957   10   17
B 2381 7960   10   28
B 2391 7960   10   35
B 2401 7996   10   40
B 2411 7998   10   44
B 2421 7998   10   46
B 2431 7999   10   47
B 2441 7999   10   48
B 2451 7999   10   48
SSS vs= 1.00  t=  205
%P VOLT1   = 7860
%P VOLT2   = 8209
%P S2_SC   =  1.00
%P L_ANG_MAX = 205
B 2461 7999   60   48
B 2471 7999   60   48
B 2481 7973   60   48
B 2491 7903   60   48
B 2501 7872   60   48
B 2511 7846   60   48
B 2521 7670   60   48
B 2531 7613   60   48
B 2541 7601   60   49
B 2551 7567   60   55
B 2561 7583   60   61
B 2571 7597   60   68
B 2581 7510   60   75
B 2591 7559   60   83
B 2601 7565   60   91
B 2611 7529   58   99
B 2621 7565   54  108
B 2631 7573   36  117
B 2641 7658   20  127
B 2651 7678   20  137
B 2661 7705   20  147
B 2671 7755   20  156
*** dt = 10 , A = 157 , rpm = 157 
B 2681 7905   19  164
pull out 164
B 2691 7909 -100  172
B 2701 7949 -100  181
B 2711 7950 -100  188
B 2721 7735 -100  195
B 2731 7690 -100  202
B 2741 7730 -100  207
B 2751 7781 -100  211
B 2761 7325 -100  214
B 2771 7466 -100  214
B 2781 7343 -100  214
B 2791 7429 -100  214
*** amax = 214  vhit = 100
B 2801 7319 -100  201
B 2811 7330 -100  187
B 2821 7034 -100  171
B 2831 7001 -100  154
B 2841 7061 -100  136
B 2851 7246 -100  117
B 2861 7405 -100   96
B 2871 7405 -100   75
B 2881 7541 -100   52
B 2891 7543 -100   28
B 2901 7556 -100    4
push -10 -10
push out at target
B 2911 7607   80  -19
B 2921 7610   80  -30
B 2931 7538   80  -42
B 2941 7504   80  -56
B 2951 7619   80  -66
B 2961 7673   80  -80
B 2971 7183   80  -94
B 2981 7404   80 -108
B 2991 7308   80 -118
B 3001 7456   73 -122
B 3011 7437   23 -122
B 3021 7485   10 -122
B 3031 7354   10 -116
B 3041 7259   10 -102
B 3051 7302   10  -92
B 3061 7822   10  -80
B 3071 7867   10  -66
B 3081 7873   10  -53
B 3091 7913   10  -40
B 3101 7950   10  -26
pb end 
B 3111 7953   10  -12
B 3121 7954   10    0
B 3131 7957   10   11
B 3141 7957   10   20
B 3151 7958   10   26
B 3161 7995   10   31
B 3171 7995   10   34
B 3181 7994   10   36
B 3191 7998   10   37
B 3201 7995   10   38
SSS vs= 1.00  t=  200
%P VOLT1   = 7860
%P VOLT2   = 8202
%P S2_SC   =  1.00
%P L_ANG_MAX = 200
B 3211 7995   60   38
B 3221 7996   60   39
B 3231 7996   60   39
B 3241 7939   60   39
B 3251 7889   60   39
B 3261 7862   60   39
B 3271 7826   60   39
B 3281 7654   60   39
B 3291 7640   60   39
B 3301 7636   60   41
B 3311 7602   60   47
B 3321 7609   60   53
B 3331 7554   60   60
B 3341 7578   60   67
B 3351 7594   60   74
B 3361 7532   60   82
B 3371 7498   60   90
B 3381 7495   58   98
B 3391 7563   53  107
B 3401 7570   35  117
B 3411 7577   20  127
B 3421 7684   20  137
B 3431 7675   20  148
*** dt = 5 , A = 152 , rpm = 174 
pull out 157
B 3441 7705 -100  158
B 3451 7754 -100  168
B 3461 7868 -100  176
B 3471 7781 -100  184
B 3481 7698 -100  192
B 3491 7701 -100  200
B 3501 7749 -100  207
B 3511 7163 -100  212
B 3521 7380 -100  216
B 3531 7291 -100  216
B 3541 7417 -100  216
B 3551 7369 -100  213
*** amax = 216  vhit = 100
B 3561 7349 -100  200
B 3571 7049 -100  186
B 3581 6908 -100  170
B 3591 6978 -100  152
B 3601 7072 -100  134
B 3611 7248 -100  115
B 3621 7257 -100   95
B 3631 7464 -100   73
B 3641 7531 -100   50
B 3651 7539 -100   27
B 3661 7553 -100    3
push -12 -10
push out at target
B 3671 7570   80  -20
B 3681 7574   80  -31
B 3691 7515   80  -44
B 3701 7504   80  -56
B 3711 7554   80  -68
B 3721 7360   80  -81
B 3731 7224   80  -94
B 3741 7208   80 -106
B 3751 7420   80 -115
B 3761 7442   64 -118
B 3771 7403   14 -118
B 3781 7367   10 -118
B 3791 7196   10 -108
B 3801 7339   10  -94
B 3811 7307   10  -81
B 3821 7485   10  -69
B 3831 7504   10  -54
B 3841 7905   10  -40
B 3851 7908   10  -25
B 3861 7912   10  -10
pb end 
B 3871 7949   10    4
B 3881 7950   10   16
B 3891 7950   10   27
B 3901 7988   10   35
B 3911 7951   10   41
B 3921 7954   10   45
B 3931 7954   10   48
B 3941 7955   10   50
B 3951 7955   10   51
B 3961 7992   10   52
*** 3975
SSS vs= 1.00  t=  205
%P VOLT1   = 7860
%P VOLT2   = 8223
%P S2_SC   =  1.00
%P L_ANG_MAX = 205
B   0 800    0    1
B  10 8006   59    1
B  20 7962   59    1
B  30 7900   59    1
B  40 7900   59    1
B  50 7903   59    2
B  60 7927   59    1
B  70 7693   59    1
B  80 7668   59    6
B  90 7674   59   13
B 100 7561   59   20
B 110 7580   59   28
B 120 7604   59   36
B 130 7547   59   44
B 140 7550   59   52
B 150 7543   57   60
B 160 7644   57   69
B 170 7644   49   78
B 180 7615   40   88
B 190 7679   32   97
B 200 7700   29  107
B 210 7726   19  116
B 220 7778   19  126
B 230 7784   19  135
B 240 7899   19  144
B 250 7912   19  152
*** dt = 17 , A = 157 , rpm = 140 
B 260 7913   19  159
B 270 7916   19  167
pull out 170
B 280 7953  -99  175
B 290 7862  -99  181
B 300 7705  -99  184
B 310 7708  -99  190
B 320 7751  -99  194
B 330 7131  -99  197
B 340 7343  -99  199
B 350 7299  -99  199
B 360 7456  -99  199
B 370 7465  -99  198
*** amax = 199  vhit = 100
B 380 7428  -99  186
B 390 7265  -99  171
B 400 7147  -99  155
B 410 7224  -99  137
B 420 7102  -99  120
B 430 7217  -99  100
B 440 7229  -99   80
B 450 7440  -99   59
B 460 7508  -99   35
B 470 7511  -99   12
push -10 -10
push out at target
B 480 7557   79  -11
B 490 7565   79  -27
B 500 7546   79  -38
B 510 7484   79  -52
B 520 7518   79  -66
B 530 7565   79  -78
B 540 7545   79  -93
B 550 7193   79 -108
B 560 7156   79 -120
B 570 7398   79 -129
B 580 7435   64 -132
B 590 7400   14 -132
B 600 7438    9 -132
B 610 7273    9 -120
B 620 7415    9 -105
B 630 7239    9  -93
B 640 7418    9  -80
B 650 7435    9  -65
B 660 7905    9  -51
B 670 7910    9  -36
B 680 7914    9  -22
pb end 
B 690 7950   10   -8
B 700 7953   10    5
B 710 7954   10   16
B 720 7954   10   24
B 730 7954   10   31
B 740 7955   10   34
B 750 7958   10   37
B 760 7957   10   39
B 770 7957   10   40
B 780 7995   10   40
SSS vs= 1.00  t=  224
%P VOLT1   = 7860
%P VOLT2   = 8195
%P S2_SC   =  1.00
%P L_ANG_MAX = 224
B 790 7995   60   40
B 800 7995   60   42
B 810 7988   60   42
B 820 7910   60   42
B 830 7872   60   42
B 840 7834   60   42
B 850 7660   60   42
B 860 7643   60   42
B 870 7599   60   44
B 880 7563   60   49
B 890 7567   60   55
B 900 7550   60   62
B 910 7498   60   68
B 920 7521   60   76
B 930 7528   60   83
B 940 7495   60   91
B 950 7491   60  100
B 960 7559   46  108
B 970 7596   40  117
B 980 7603   34  128
B 990 7615   20  138
B 1000 7663   20  148
B 1010 7691   20  159
B 1020 7712   20  169
*** dt = 4 , A = 178 , rpm = 174 
B 1030 7864   20  178
pull out 180
B 1040 7868   10  187
B 1050 7872   10  196
B 1060 7943   10  203
B 1070 7953   10  211
B 1080 7954   10  216
B 1090 7954   10  223
B 1100 7955   10  228
B 1110 7957   10  233
B 1120 7994 -101  237
B 1130 7994 -101  241
B 1140 7819 -101  244
B 1150 7745 -101  246
B 1160 7771 -101  248
B 1170 7819 -101  249
B 1180 7329 -101  250
B 1190 7347 -101  250
B 1200 7467 -101  250
B 1210 7563 -101  250
*** amax = 250  vhit = 100
B 1220 7477 -101  238
B 1230 7453 -101  224
B 1240 7166 -101  208
B 1250 7235 -101  190
B 1260 7156 -101  172
B 1270 7239 -101  153
B 1280 7265 -101  132
B 1290 7380 -101  110
B 1300 7519 -101   88
B 1310 7518 -101   64
B 1320 7557 -101   40
B 1330 7607 -101   14
B 1340 7620 -101  -11
push -12 -10
push out at target
B 1350 7634   81  -28
B 1360 7543   81  -40
B 1370 7541   81  -50
B 1380 7560   81  -61
B 1390 7053   81  -73
B 1400 7099   81  -85
B 1410 7235   81  -96
B 1420 7450   81 -102
B 1430 7362   40 -104
B 1440 7452    6 -104
B 1450 7473   10 -102
B 1460 7553   10  -91
B 1470 7373   10  -82
B 1480 7889   10  -70
B 1490 7900   10  -58
B 1500 7906   10  -46
B 1510 7909   10  -33
B 1520 7912   10  -21
B 1530 7950   10   -9
B 1540 7950   10    1
pb end 
B 1550 7953   10   11
B 1560 7955   10   18
B 1570 7954   10   23
B 1580 7955   10   26
B 1590 7955   10   28
B 1600 7955   10   30
B 1610 7955   10   31
B 1620 7955   10   31
B 1630 7992   10   31
B 1640 7992   10   31
SSS vs= 1.02  t=  219
%P VOLT1   = 7860
%P VOLT2   = 8195
%P S2_SC   =  1.00
%P L_ANG_MAX = 219
B 1650 7992   60   31
B 1660 7992   60   31
B 1670 7992   60   31
B 1680 7904   60   31
B 1690 7844   60   31
B 1700 7796   60   31
B 1710 7768   60   31
B 1720 7581   60   31
B 1730 7580   60   31
B 1740 7550   60   34
B 1750 7569   60   39
B 1760 7591   60   44
B 1770 7535   60   50
B 1780 7576   60   57
B 1790 7582   60   64
B 1800 7551   60   72
B 1810 7521   60   80
B 1820 7522   58   88
B 1830 7559   58   97
B 1840 7565   48  106
B 1850 7570   31  116
B 1860 7628   20  126
B 1870 7679   20  136
B 1880 7721   20  147
B 1890 7706   20  157
B 1900 7788   20  167
*** dt = 7 , A = 172 , rpm = 166 
B 1910 7795   20  175
pull out 178
B 1920 7905 -100  183
B 1930 7939 -100  192
B 1940 7941 -100  199
B 1950 7753 -100  206
B 1960 7681 -100  212
B 1970 7707 -100  216
B 1980 7761 -100  222
B 1990 7240 -100  224
B 2000 7237 -100  226
B 2010 7317 -100  226
B 2020 7444 -100  226
*** amax = 226  vhit = 100
B 2030 7409 -100  219
B 2040 7324 -100  206
B 2050 7051 -100  190
B 2060 7120 -100  174
B 2070 7044 -100  157
B 2080 7157 -100  138
B 2090 7175 -100  119
B 2100 7283 -100   98
B 2110 7490 -100   76
B 2120 7490 -100   53
B 2130 7535 -100   30
B 2140 7557 -100    5
push -12 -10
push out at target
B 2150 7571   80  -18
B 2160 7552   80  -30
B 2170 7480   80  -41
B 2180 7498   80  -52
B 2190 7553   80  -63
B 2200 7074   80  -76
B 2210 7113   80  -86
B 2220 7265   80  -97
B 2230 7447   80 -104
B 2240 7362   48 -104
B 2250 7437   10 -104
B 2260 7467   10 -101
B 2270 7547   10  -89
B 2280 7405   10  -80
B 2290 7851   10  -68
B 2300 7862   10  -56
B 2310 7868   10  -42
B 2320 7906   10  -29
B 2330 7910   10  -16
pb end 
B 2340 7910   10   -4
B 2350 7947   10    7
B 2360 7949   10   17
B 2370 7950   10   25
B 2380 7951   10   31
B 2390 7951   10   35
B 2400 7953   10   37
B 2410 7953   10   39
B 2420 7954   10   40
B 2430 7954   10   40
SSS vs= 1.00  t=  214
%P VOLT1   = 7801
%P VOLT2   = 8185
%P S2_SC   =  1.01
%P L_ANG_MAX = 214
B 2440 7954   60   40
B 2450 7953   60   40
B 2460 7955   60   40
B 2470 7911   60   40
B 2480 7855   60   40
B 2490 7862   60   40
B 2500 7807   60   40
B 2510 7771   60   40
B 2520 7575   60   40
B 2530 7599   60   40
B 2540 7596   60   43
B 2550 7568   60   49
B 2560 7509   60   56
B 2570 7531   60   64
B 2580 7549   60   71
B 2590 7454   60   79
B 2600 7458   60   87
B 2610 7529   58   96
B 2620 7594   49  104
B 2630 7608   42  114
B 2640 7631   24  124
B 2650 7653   20  134
B 2660 7667   20  144
B 2670 7657   20  154
B 2680 7780   20  164
*** dt = 7 , A = 167 , rpm = 166 
pull out 173
B 2690 7790 -100  173
B 2700 7803 -100  182
B 2710 7667 -100  188
B 2720 7649 -100  196
B 2730 7725 -100  202
B 2740 7107 -100  208
B 2750 7138 -100  212
B 2760 7264 -100  213
B 2770 7424 -100  213
B 2780 7348 -100  213
*** amax = 213  vhit = 100
B 2790 7390 -100  203
B 2800 7115 -100  188
B 2810 7168 -100  173
B 2820 7059 -100  156
B 2830 7052 -100  138
B 2840 7090 -100  121
B 2850 7212 -100  101
B 2860 7425 -100   80
B 2870 7416 -100   58
B 2880 7490 -100   35
B 2890 7538 -100   12
push -10 -10
push out at target
B 2900 7557   80  -13
B 2910 7567   80  -27
B 2920 7496   80  -38
B 2930 7450   80  -51
B 2940 7532   80  -61
B 2950 7551   80  -74
B 2960 7596   80  -86
B 2970 7187   80  -98
B 2980 7431   80 -108
B 2990 7325   73 -112
B 3000 7379   23 -112
B 3010 7463   10 -112
B 3020 7584   10 -106
B 3030 7442   10  -94
B 3040 7265   10  -84
B 3050 7283   10  -72
B 3060 7790   10  -59
B 3070 7902   10  -46
B 3080 7905   10  -33
B 3090 7906   10  -20
pb end 
B 3100 7943   10   -8
B 3110 7944   10    4
B 3120 7946   10   15
B 3130 7949   10   23
B 3140 7947   10   29
B 3150 7949   10   34
B 3160 7950   10   36
B 3170 7950   10   39
B 3180 7950   10   40
B 3190 7951   10   40
SSS vs= 1.01  t=  219
%P VOLT1   = 7801
%P VOLT2   = 8178
%P S2_SC   =  1.01
%P L_ANG_MAX = 219
B 3200 7951   60   40
B 3210 7951   60   41
B 3220 7953   60   41
B 3230 7888   60   41
B 3240 7844   60   41
B 3250 7824   60   41
B 3260 7813   60   41
B 3270 7641   60   41
B 3280 7615   60   41
B 3290 7604   60   42
B 3300 7591   60   48
B 3310 7526   60   54
B 3320 7545   60   61
B 3330 7569   60   68
B 3340 7519   60   76
B 3350 7526   60   83
B 3360 7529   60   92
B 3370 7560   58  100
B 3380 7555   46  109
B 3390 7563   38  118
B 3400 7604   23  128
B 3410 7660   20  139
B 3420 7653   20  149
B 3430 7706   20  159
B 3440 7714   20  167
*** dt = 12 , A = 172 , rpm = 149 
B 3450 7861   19  176
pull out 182
B 3460 7935 -100  184
B 3470 7937 -100  192
B 3480 7903 -100  199
B 3490 7940 -100  206
B 3500 7721 -100  211
B 3510 7675 -100  216
B 3520 7709 -100  220
B 3530 7763 -100  224
B 3540 7135 -100  226
B 3550 7451 -100  227
B 3560 7359 -100  227
B 3570 7355 -100  227
*** amax = 227  vhit = 100
B 3580 7375 -100  216
B 3590 7378 -100  203
B 3600 7244 -100  188
B 3610 6990 -100  171
B 3620 7047 -100  153
B 3630 7051 -100  134
B 3640 7314 -100  115
B 3650 7316 -100   94
B 3660 7453 -100   72
B 3670 7529 -100   48
B 3680 7539 -100   24
B 3690 7559 -100    0
push -12 -10
push out at target
B 3700 7610   80  -22
B 3710 7540   80  -32
B 3720 7442   80  -44
B 3730 7545   80  -54
B 3740 7598   80  -65
B 3750 7614   80  -77
B 3760 7325   80  -89
B 3770 7278   80  -99
B 3780 7353   73 -104
B 3790 7424   31 -104
B 3800 7455   10 -104
B 3810 7586   10 -100
B 3820 7275   10  -88
B 3830 7325   10  -76
B 3840 7278   10  -65
B 3850 7782   10  -52
B 3860 7792   10  -38
B 3870 7902   10  -25
B 3880 7905   10  -12
B 3890 7905   10    1
pb end 
B 3900 7908   10   13
B 3910 7944   10   24
B 3920 7944   10   32
B 3930 7947   10   38
B 3940 7947   10   43
B 3950 7949   10   46
B 3960 7949   10   48
B 3970 7949   10   49
B 3980 7950   10   49
B 3990 7950   10   49
*** 4001
SSS vs= 1.01  t=  214
%P VOLT1   = 7860
%P VOLT2   = 8199
%P S2_SC   =  1.00
%P L_ANG_MAX = 214
B   0 799    0   -3
B  10 7996   60   -3
B  20 7899   60   -3
B  30 7886   60   -4
B  40 7897   60   -3
B  50 7656   60   -4
B  60 7649   60   -3
B  70 7656   60    2
B  80 7668   60    8
B  90 7641   60   16
B 100 7564   60   24
B 110 7467   60   32
B 120 7487   60   39
B 130 7536   60   47
B 140 7576   60   56
B 150 7570   50   64
B 160 7603   50   73
B 170 7639   50   83
B 180 7659   33   92
B 190 7639   33  102
B 200 7671   26  112
B 210 7689   20  122
B 220 7737   20  132
B 230 7855   20  141
B 240 7862   20  149
B 250 7903   20  157
B 260 7905   20  165
*** dt = 20 , A = 166 , rpm = 132 
B 270 7906   19  172
B 280 7944   19  180
pull out 180
B 290 7943 -100  187
B 300 7904 -100  192
B 310 7709 -100  196
B 320 7697 -100  199
B 330 7740 -100  203
B 340 7792 -100  206
B 350 7404 -100  207
B 360 7394 -100  208
B 370 7440 -100  208
B 380 7503 -100  208
*** amax = 208  vhit = 100
B 390 7447 -100  198
B 400 7402 -100  184
B 410 7129 -100  167
B 420 7199 -100  150
B 430 7086 -100  132
B 440 7202 -100  113
B 450 7227 -100   93
B 460 7369 -100   72
B 470 7505 -100   49
B 480 7507 -100   26
B 490 7548 -100    1
push -12 -10
push out at target
B 500 7559   80  -20
B 510 7557   80  -30
B 520 7498   80  -43
B 530 7500   80  -56
B 540 7546   80  -67
B 550 7597   80  -80
B 560 7180   80  -94
B 570 7179   80 -106
B 580 7432   80 -116
B 590 7414   73 -120
B 600 7366   23 -120
B 610 7366   10 -120
B 620 7178   10 -112
B 630 7320   10  -98
B 640 7170   10  -84
B 650 7362   10  -72
B 660 7384   10  -58
B 670 7857   10  -44
B 680 7865   10  -28
B 690 7868   10  -14
pb end 
B 700 7905   10    0
B 710 7908   10   13
B 720 7910   10   24
B 730 7949   10   33
B 740 7947   10   40
B 750 7949   10   44
B 760 7950   10   48
B 770 7950   10   50
B 780 7951   10   51
B 790 7951   10   52
B 800 7951   10   52
SSS vs= 1.00  t=  233
%P VOLT1   = 7801
%P VOLT2   = 8181
%P S2_SC   =  1.01
%P L_ANG_MAX = 233
B 810 7951   60   54
B 820 7953   60   54
B 830 7880   60   54
B 840 7839   60   54
B 850 7819   60   54
B 860 7725   60   54
B 870 7695   60   54
B 880 7601   60   55
B 890 7523   60   60
B 900 7528   60   65
B 910 7571   60   72
B 920 7518   60   79
B 930 7543   60   86
B 940 7487   60   94
B 950 7529   60  101
B 960 7529   60  110
B 970 7529   48  119
B 980 7598   26  128
B 990 7643   20  138
B 1000 7680   20  148
B 1010 7702   20  158
B 1020 7712   20  167
B 1030 7858   20  175
B 1040 7899   20  183
*** dt = 19 , A = 186 , rpm = 132 
B 1050 7899   20  191
B 1060 7900   20  198
pull out 199
B 1070 7903 -100  204
B 1080 7903 -100  210
B 1090 7940 -100  216
B 1100 7721 -100  220
B 1110 7681 -100  223
B 1120 7719 -100  226
B 1130 7700 -100  228
B 1140 7743 -100  230
B 1150 7438 -100  230
B 1160 7470 -100  230
*** amax = 230  vhit = 100
B 1170 7347 -100  229
B 1180 7422 -100  220
B 1190 7336 -100  206
B 1200 7375 -100  191
B 1210 7086 -100  173
B 1220 7079 -100  155
B 1230 7127 -100  136
B 1240 7297 -100  116
B 1250 7405 -100   95
B 1260 7401 -100   72
B 1270 7538 -100   48
B 1280 7545 -100   24
B 1290 7566 -100    0
push -10 -10
push out at target
B 1300 7580   80  -22
B 1310 7606   80  -32
B 1320 7556   80  -45
B 1330 7549   80  -60
B 1340 7549   80  -75
B 1350 7598   80  -89
B 1360 7463   80 -105
B 1370 7173   80 -120
B 1380 7123   80 -135
B 1390 7371   80 -144
B 1400 7372   64 -146
B 1410 7337    6 -147
B 1420 7339    0 -146
B 1430 7114   10 -136
B 1440 7240   10 -122
B 1450 7182   10 -109
B 1460 7473   10  -98
B 1470 7491   10  -84
B 1480 7855   10  -70
B 1490 7898   10  -56
B 1500 7900   10  -43
B 1510 7903   10  -29
pb end 
B 1520 7900   10  -16
B 1530 7906   10   -4
B 1540 7943   10    7
B 1550 7943   10   15
B 1560 7946   10   21
B 1570 7947   10   25
B 1580 7947   10   28
B 1590 7947   10   30
B 1600 7949   10   32
B 1610 7947   10   32
SSS vs= 1.01  t=  228
%P VOLT1   = 7801
%P VOLT2   = 8171
%P S2_SC   =  1.01
%P L_ANG_MAX = 228
B 1620 7949   60   33
B 1630 7950   60   34
B 1640 7894   60   34
B 1650 7856   60   34
B 1660 7823   60   34
B 1670 7713   60   34
B 1680 7683   60   34
B 1690 7636   60   38
B 1700 7558   60   43
B 1710 7558   60   49
B 1720 7569   60   56
B 1730 7521   60   63
B 1740 7546   60   70
B 1750 7489   60   78
B 1760 7529   60   86
B 1770 7529   58   94
B 1780 7522   57  104
B 1790 7592   35  112
B 1800 7632   29  122
B 1810 7663   21  132
B 1820 7685   20  142
B 1830 7698   20  152
B 1840 7815   20  160
B 1850 7858   20  168
B 1860 7861   20  176
*** dt = 19 , A = 181 , rpm = 132 
B 1870 7898   19  184
B 1880 7899   19  191
pull out 195
B 1890 7899   10  198
B 1900 7902   10  204
B 1910 7941   10  210
B 1920 7944   10  214
B 1930 7947   10  219
B 1940 7947   10  222
B 1950 7947   10  224
B 1960 7949   10  227
B 1970 7947 -101  228
B 1980 7949 -101  229
B 1990 7950 -101  230
B 2000 7761 -101  230
B 2010 7727 -101  230
B 2020 7757 -101  230
B 2030 7661 -101  230
B 2040 7694 -101  230
B 2050 7529 -101  230
B 2060 7579 -101  228
*** amax = 230  vhit = 100
B 2070 7470 -101  219
B 2080 7484 -101  206
B 2090 7422 -101  190
B 2100 7462 -101  174
B 2110 7245 -101  155
B 2120 7209 -101  133
B 2130 7256 -101  116
B 2140 7352 -101   94
B 2150 7431 -101   71
B 2160 7423 -101   48
B 2170 7559 -101   26
B 2180 7596 -101    0
push -10 -10
push out at target
B 2190 7603   81  -21
B 2200 7593   81  -31
B 2210 7514   81  -44
B 2220 7462   81  -57
B 2230 7571   81  -68
B 2240 7551   81  -83
B 2250 7594   81  -96
B 2260 7316   81 -110
B 2270 7360   81 -121
B 2280 7262   81 -125
B 2290 7388   23 -125
B 2300 7447   10 -125
B 2310 7589   10 -118
B 2320 7211   10 -106
B 2330 7257   10  -96
B 2340 7277   10  -82
B 2350 7819   10  -69
B 2360 7896   10  -56
B 2370 7900   10  -43
B 2380 7902   10  -29
pb end 
B 2390 7903   10  -16
B 2400 7905   10   -4
B 2410 7943   10    8
B 2420 7943   10   16
B 2430 7943   10   24
B 2440 7946   10   28
B 2450 7946   10   32
B 2460 7946   10   34
B 2470 7946   10   35
B 2480 7947   10   36
SSS vs= 1.01  t=  228
%P VOLT1   = 7801
%P VOLT2   = 8167
%P S2_SC   =  1.01
%P L_ANG_MAX = 228
B 2491 7947   60   36
B 2501 7949   60   38
B 2511 7946   60   38
B 2521 7884   60   38
B 2531 7845   60   38
B 2541 7816   60   38
B 2551 7783   60   37
B 2561 7612   60   38
B 2571 7598   60   38
B 2581 7595   60   42
B 2591 7558   60   48
B 2601 7563   60   54
B 2611 7591   60   61
B 2621 7541   60   68
B 2631 7555   60   76
B 2641 7563   60   84
B 2651 7526   58   92
B 2661 7521   58  100
B 2671 7521   53  110
B 2681 7597   31  119
B 2691 7570   20  129
B 2701 7625   20  140
B 2711 7689   20  150
B 2721 7705   20  160
B 2731 7712   20  168
B 2741 7892   20  176
*** dt = 19 , A = 181 , rpm = 132 
B 2751 7895   20  184
B 2761 7896   20  192
pull out 196
B 2771 7898   10  200
B 2781 7899   10  206
B 2791 7899   10  212
B 2801 7900   10  219
B 2811 7941   10  224
B 2821 7944   10  228
B 2831 7946   10  232
B 2841 7947   10  235
B 2851 7947 -101  238
B 2861 7949 -101  240
B 2871 7949 -101  242
B 2881 7777 -101  243
B 2891 7729 -101  243
B 2901 7758 -101  243
B 2911 7796 -101  243
B 2921 7300 -101  243
B 2931 7486 -101  243
B 2941 7428 -101  243
*** amax = 243  vhit = 100
B 2951 7520 -101  238
B 2961 7465 -101  226
B 2971 7449 -101  211
B 2981 7348 -101  195
B 2991 7238 -101  177
B 3001 7301 -101  158
B 3011 7207 -101  138
B 3021 7308 -101  118
B 3031 7312 -101   96
B 3041 7487 -101   72
B 3051 7515 -101   48
B 3061 7516 -101   24
B 3071 7603 -101    0
push -10 -10
push out at target
B 3081 7612   81  -22
B 3091 7559   81  -32
B 3101 7479   81  -45
B 3111 7536   81  -56
B 3121 7588   81  -66
B 3131 7178   81  -80
B 3141 7211   81  -91
B 3151 7178   81 -101
B 3161 7350   73 -107
B 3171 7379   40 -108
B 3181 7389    0 -108
B 3191 7478   10 -104
B 3201 7316   10  -92
B 3211 7379   10  -78
B 3221 7515   10  -68
B 3231 7708   10  -54
B 3241 7714   10  -40
B 3251 7898   10  -26
B 3261 7900   10  -12
B 3271 7902   10    1
pb end 
B 3281 7903   10   14
B 3291 7908   10   24
B 3301 7906   10   34
B 3311 7943   10   41
B 3321 7943   10   46
B 3331 7943   10   50
B 3341 7944   10   52
B 3351 7944   10   53
B 3361 7944   10   54
B 3371 7947   10   54
SSS vs= 1.01  t=  223
%P VOLT1   = 7801
%P VOLT2   = 8160
%P S2_SC   =  1.01
%P L_ANG_MAX = 223
B 3381 7946   10   54
B 3391 7946   60   55
B 3401 7947   60   55
B 3411 7951   60   55
B 3421 7863   60   55
B 3431 7824   60   55
B 3441 7807   60   55
B 3451 7783   60   55
B 3461 7542   60   55
B 3471 7561   60   55
B 3481 7557   60   55
B 3491 7531   60   60
B 3501 7473   60   67
B 3511 7490   60   74
B 3521 7502   60   80
B 3531 7440   60   88
B 3541 7447   60   96
B 3551 7515   57  104
B 3561 7552   50  113
B 3571 7555   35  123
B 3581 7608   20  133
B 3591 7622   20  144
B 3601 7667   20  154
B 3611 7657   20  164
B 3621 7741   20  174
*** dt = 8 , A = 175 , rpm = 166 
pull out 181
B 3631 7746 -100  182
B 3641 7891 -100  190
B 3651 7773 -100  198
B 3661 7649 -100  205
B 3671 7661 -100  212
B 3681 7319 -100  218
B 3691 7368 -100  222
B 3701 7192 -100  225
B 3711 7414 -100  226
B 3721 7307 -100  226
*** amax = 226  vhit = 100
B 3731 7367 -100  221
B 3741 7178 -100  208
B 3751 7215 -100  194
B 3761 7065 -100  178
B 3771 6985 -100  160
B 3781 7031 -100  142
B 3791 7128 -100  124
B 3801 7382 -100  103
B 3811 7379 -100   81
B 3821 7484 -100   58
B 3831 7527 -100   35
B 3841 7545 -100   11
push -12 -10
push out at target
B 3851 7562   80  -14
B 3861 7570   80  -28
B 3871 7543   80  -38
B 3881 7514   80  -52
B 3891 7530   80  -68
B 3901 7564   80  -80
B 3911 7507   80  -97
B 3921 7161   80 -112
B 3931 7162   80 -128
B 3941 7281   80 -140
B 3951 7400   80 -145
B 3961 7350   31 -146
B 3971 7393    0 -146
B 3981 7232   10 -141
B 3991 7320   10 -130
B 4001 7251   10 -120
B 4011 7803   10 -108
B 4021 7814   10  -96
B 4031 7857   10  -85
B 4041 7895   10  -73
B 4051 7896   10  -62
B 4061 7900   10  -52
pb end 
B 4071 7900   10  -41
B 4081 7902   10  -32
B 4091 7903   10  -23
B 4101 7939   10  -16
B 4111 7941   10  -10
B 4121 7943   10   -5
B 4131 7941   10    0
B 4141 7943   10    3
B 4151 7941   10    6
B 4161 7941   10    8
*** 4184
SSS vs= 1.01  t=  223
%P VOLT1   = 7860
%P VOLT2   = 8185
%P S2_SC   =  1.00
%P L_ANG_MAX = 223
B   0 799    0   11
B  10 7990   60   11
B  20 7946   60   11
B  30 7880   60   11
B  40 7878   60   12
B  50 7878   60   12
B  60 7857   60   12
B  70 7631   60   12
B  80 7611   60   12
B  90 7603   60   19
B 100 7532   60   26
B 110 7541   60   34
B 120 7442   60   42
B 130 7483   60   49
B 140 7484   60   57
B 150 7521   60   66
B 160 7592   50   75
B 170 7597   41   84
B 180 7606   41   93
B 190 7611   41  103
B 200 7626   26  113
B 210 7670   20  123
B 220 7793   20  132
B 230 7805   20  141
B 240 7817   20  150
B 250 7823   20  159
B 260 7826   20  167
B 270 7899   20  174
*** dt = 35 , A = 175 , rpm = 124 
B 280 7903   19  181
B 290 7902   19  188
B 300 7939   19  194
pull out 196
B 310 7939   10  199
B 320 7939   10  204
B 330 7943   10  208
B 340 7946   10  212
B 350 7947   10  216
B 360 7950   10  218
B 371 7950   10  220
B 381 7949   10  221
B 391 7950   10  222
B 401 7950   10  223
B 411 7949   10  223
B 421 7950   10  223
B 431 7949   10  223
B 441 7950   10  223
B 451 7950   10  223
B 462 7949   10  223
B 473 7951   10  222
B 483 7950   10  222
B 493 7950   10  222
B 503 7951   10  220
B 513 7954   10  219
B 523 7950   10  218
B 533 7951   10  217
B 543 7951   10  216
B 553 7950   10  216
B 563 7950   10  215
B 573 7951   10  214
B 583 7951   10  214
B 593 7951   10  212
B 603 7950   10  212
B 613 7950   10  211
B 623 7951   10  210
B 633 7950   10  210
B 643 7951   10  209
B 653 7951   10  208
B 663 7951   10  208
B 673 7951   10  208
B 685 7987   10  208
B 696 7987   10  207
B 706 7985   10  207
B 716 7951   10  207
B 726 7951   10  207
B 736 7987   10  206
B 747 7951   10  206
B 759 7953   10  206
B 769 7951   10  206
B 779 7951   10  206
B 789 7950 -100  206
B 799 7951 -100  206
B 809 7988 -100  206
B 819 7768 -100  206
*** amax = 206  vhit = 100
B 829 7736 -100  205
B 839 7801 -100  204
B 849 7276 -100  203
B 859 7310 -100  199
B 869 7472 -100  194
B 879 7649 -100  189
B 889 7551 -100  181
B 899 7512 -100  169
B 909 7468 -100  154
B 919 7489 -100  137
B 929 7446 -100  120
B 939 7225 -100  100
B 949 7277 -100   80
B 959 7272 -100   61
B 969 7419 -100   39
B 979 7412 -100   17
B 989 7510 -100   -6
push -10 -10
push out at target
B 999 7542   80  -24
B 1009 7515   80  -34
B 1019 7452   80  -47
B 1029 7522   80  -58
B 1039 7571   80  -69
B 1049 7085   80  -82
B 1059 7290   80  -96
B 1069 7242   80 -105
B 1079 7418   64 -112
B 1089 7483   48 -112
B 1099 7495   10 -112
B 1109 7376   10 -110
B 1119 7409   10  -98
B 1129 7480   10  -87
B 1139 7586   10  -77
B 1149 7673   10  -64
B 1159 7681   10  -52
B 1169 7899   10  -40
B 1179 7903   10  -26
pb end 
B 1189 7903   10  -13
B 1199 7941   10   -1
B 1209 7943   10   10
B 1219 7941   10   20
B 1229 7943   10   28
B 1239 7947   10   34
B 1249 7946   10   38
B 1259 7947   10   41
B 1269 7947   10   43
B 1279 7947   10   44
SSS vs= 1.00  t=  242
%P VOLT1   = 7801
%P VOLT2   = 8167
%P S2_SC   =  1.01
%P L_ANG_MAX = 242
B 1289 7947   60   44
B 1299 7949   60   44
B 1309 7949   60   44
B 1319 7909   60   44
B 1329 7875   60   44
B 1339 7848   60   44
B 1349 7825   60   44
B 1360 7635   60   44
B 1370 7617   60   44
B 1380 7656   60   44
B 1390 7567   60   49
B 1400 7561   60   55
B 1410 7568   60   62
B 1420 7515   60   70
B 1430 7539   60   78
B 1440 7485   58   85
B 1450 7494   60   94
B 1460 7492   58  102
B 1470 7528   45  111
B 1480 7600   40  121
B 1490 7607   20  131
B 1500 7634   20  141
B 1510 7656   20  152
B 1520 7686   20  163
B 1530 7703   20  172
B 1540 7819   20  182
B 1550 7822   20  190
*** dt = 11 , A = 196 , rpm = 149 
B 1560 7896   20  198
pull out 204
B 1570 7896 -100  206
B 1580 7898 -100  212
B 1590 7900 -100  219
B 1600 7935 -100  226
B 1610 7727 -100  231
B 1620 7636 -100  235
B 1630 7704 -100  239
B 1640 7754 -100  242
B 1650 7202 -100  244
B 1660 7394 -100  245
*** amax = 245  vhit = 100
B 1670 7336 -100  244
B 1680 7425 -100  244
B 1690 7424 -100  239
B 1700 7401 -100  225
B 1710 7143 -100  210
B 1720 7066 -100  194
B 1730 7135 -100  176
B 1740 7114 -100  157
B 1750 7248 -100  137
B 1760 7258 -100  116
B 1770 7433 -100   94
B 1780 7501 -100   70
B 1790 7504 -100   45
B 1800 7553 -100   20
B 1810 7569 -100   -3
push -10 -10
push out at target
B 1820 7577   80  -23
B 1830 7601   80  -34
B 1840 7546   80  -47
B 1850 7501   80  -61
B 1860 7578   80  -73
B 1870 7554   80  -88
B 1880 7594   80 -102
B 1890 7308   80 -116
B 1900 7390   80 -126
B 1911 7289   73 -130
B 1921 7396   20 -130
B 1931 7460   10 -130
B 1941 7584   10 -122
B 1951 7263   10 -109
B 1961 7224   10 -100
B 1971 7245   10  -87
B 1981 7818   10  -74
B 1991 7861   10  -61
B 2001 7862   10  -48
B 2011 7899   10  -36
pb end 
B 2021 7902   10  -24
B 2031 7903   10  -12
B 2041 7903   10    0
B 2051 7941   10    8
B 2061 7943   10   15
B 2071 7941   10   20
B 2081 7943   10   24
B 2091 7943   10   26
B 2101 7944   10   27
B 2111 7943   10   28
SSS vs= 1.01  t=  237
%P VOLT1   = 7801
%P VOLT2   = 8160
%P S2_SC   =  1.01
%P L_ANG_MAX = 237
B 2121 7944   60   28
B 2131 7946   60   30
B 2141 7944   60   30
B 2151 7884   60   30
B 2161 7838   60   30
B 2171 7813   60   30
B 2181 7777   60   30
B 2191 7571   60   30
B 2201 7631   60   33
B 2211 7622   60   38
B 2221 7595   60   44
B 2231 7571   60   50
B 2241 7585   60   57
B 2251 7534   60   64
B 2261 7480   60   71
B 2271 7488   60   79
B 2281 7522   60   87
B 2291 7521   58   95
B 2301 7515   57  104
B 2311 7555   44  113
B 2321 7560   30  124
B 2331 7611   20  133
B 2341 7637   20  144
B 2351 7695   20  154
B 2361 7705   20  163
B 2371 7854   20  171
B 2381 7892   20  179
B 2391 7891   20  187
*** dt = 19 , A = 190 , rpm = 132 
B 2401 7894   20  194
B 2411 7896   20  200
pull out 203
B 2421 7896 -100  208
B 2431 7857 -100  214
B 2441 7663 -100  216
B 2451 7646 -100  220
B 2461 7688 -100  224
B 2471 7351 -100  227
B 2481 7389 -100  227
*** amax = 228  vhit = 100
B 2491 7390 -100  227
B 2501 7438 -100  227
B 2511 7322 -100  227
B 2521 7408 -100  217
B 2531 7295 -100  203
B 2541 7342 -100  187
B 2551 7090 -100  170
B 2561 7044 -100  152
B 2571 7089 -100  132
B 2581 7289 -100  112
B 2591 7398 -100   91
B 2601 7393 -100   69
B 2611 7498 -100   45
B 2621 7538 -100   21
B 2631 7556 -100   -3
push -10 -10
push out at target
B 2641 7566   80  -23
B 2651 7557   80  -33
B 2661 7507   80  -46
B 2671 7494   80  -61
B 2681 7508   80  -76
B 2691 7557   80  -90
B 2701 7463   80 -106
B 2711 7170   80 -121
B 2721 7102   80 -135
B 2731 7357   80 -143
B 2741 7364   56 -144
B 2751 7336    0 -144
B 2761 7298   10 -144
B 2771 7119   10 -132
B 2781 7243   10 -118
B 2791 7195   10 -106
B 2801 7546   10  -93
B 2811 7560   10  -80
B 2821 7853   10  -66
B 2831 7857   10  -53
B 2841 7858   10  -40
pb end 
B 2851 7898   10  -26
B 2861 7900   10  -13
B 2871 7902   10   -1
B 2881 7902   10    9
B 2891 7903   10   17
B 2901 7903   10   23
B 2911 7905   10   27
B 2921 7940   10   30
B 2931 7940   10   32
B 2941 7941   10   33
SSS vs= 1.01  t=  237
%P VOLT1   = 7801
%P VOLT2   = 8146
%P S2_SC   =  1.01
%P L_ANG_MAX = 237
B 2951 7940   60   34
B 2961 7941   60   36
B 2971 7932   60   36
B 2981 7881   60   36
B 2991 7845   60   36
B 3001 7819   60   36
B 3011 7644   60   36
B 3021 7610   60   36
B 3031 7632   60   40
B 3041 7592   60   44
B 3051 7595   60   51
B 3061 7536   60   58
B 3071 7559   60   65
B 3081 7579   60   72
B 3091 7446   60   80
B 3101 7522   60   88
B 3111 7519   58   96
B 3121 7516   56  106
B 3131 7552   35  115
B 3141 7599   20  124
B 3151 7662   23  135
B 3161 7654   20  144
B 3171 7665   20  153
B 3181 7815   20  161
B 3191 7853   20  169
B 3201 7854   20  177
B 3211 7891   20  184
*** dt = 23 , A = 190 , rpm = 124 
B 3221 7892   20  192
B 3231 7895   20  198
pull out 204
B 3241 7895 -100  204
B 3251 7895 -100  210
B 3261 7797 -100  214
B 3271 7654 -100  216
B 3281 7658 -100  218
B 3291 7700 -100  220
B 3301 7114 -100  222
B 3311 7288 -100  223
B 3321 7281 -100  223
B 3331 7479 -100  223
*** amax = 223  vhit = 100
B 3341 7469 -100  222
B 3351 7420 -100  208
B 3361 7342 -100  194
B 3371 7215 -100  178
B 3381 7279 -100  160
B 3391 7089 -100  142
B 3401 7166 -100  122
B 3411 7189 -100  102
B 3421 7402 -100   81
B 3431 7466 -100   58
B 3441 7461 -100   35
B 3451 7542 -100   11
push -10 -10
push out at target
B 3461 7555   80  -13
B 3471 7570   80  -28
B 3481 7537   80  -39
B 3491 7510   80  -53
B 3501 7449   80  -68
B 3511 7552   80  -81
B 3521 7458   80  -97
B 3531 7504   80 -114
B 3541 7230   80 -129
B 3551 7317   80 -142
B 3561 7220   80 -149
B 3571 7351   48 -150
B 3581 7372    0 -150
B 3591 7572   10 -146
B 3601 7239   10 -136
B 3611 7209   10 -127
B 3621 7231   10 -114
B 3631 7845   10 -102
B 3641 7853   10  -91
B 3651 7857   10  -80
B 3661 7895   10  -68
B 3671 7896   10  -58
pb end 
B 3681 7896   10  -48
B 3691 7898   10  -38
B 3701 7900   10  -30
B 3711 7902   10  -23
B 3721 7903   10  -16
B 3731 7902   10  -10
B 3741 7903   10   -5
B 3751 7939   10   -1
B 3761 7939   10    2
B 3771 7939   10    5
SSS vs= 1.01  t=  242
%P VOLT1   = 7801
%P VOLT2   = 8150
%P S2_SC   =  1.01
%P L_ANG_MAX = 242
B 3781 7939   60    8
B 3791 7939   60   10
B 3801 7918   60   14
B 3811 7880   60   15
B 3821 7859   60   16
B 3831 7833   60   17
B 3841 7658   60   18
B 3851 7619   60   21
B 3861 7602   60   24
B 3871 7628   60   29
B 3881 7633   60   36
B 3891 7645   60   42
B 3901 7592   60   50
B 3911 7572   60   58
B 3921 7584   58   66
B 3931 7484   58   74
B 3941 7484   58   82
B 3951 7488   58   91
B 3961 7522   50  100
B 3971 7562   37  110
B 3981 7581   24  120
B 3991 7648   20  130
B 4001 7672   20  140
B 4011 7688   20  150
B 4021 7770   20  160
B 4031 7812   20  168
B 4041 7817   20  176
B 4051 7854   20  184
B 4061 7892   20  192
*** dt = 18 , A = 196 , rpm = 132 
B 4071 7892   20  199
B 4081 7892   20  206
pull out 208
B 4091 7894 -100  212
B 4101 7894 -100  217
B 4111 7708 -100  222
B 4121 7652 -100  223
B 4131 7677 -100  226
B 4141 7724 -100  228
B 4151 7131 -100  231
B 4161 7150 -100  231
B 4171 7460 -100  231
B 4181 7448 -100  231
*** amax = 231  vhit = 100
B 4191 7362 -100  226
B 4201 7404 -100  212
B 4211 7282 -100  198
B 4221 7340 -100  180
B 4231 7085 -100  163
B 4241 7102 -100  144
B 4251 7142 -100  124
B 4261 7329 -100  104
B 4271 7396 -100   82
B 4281 7391 -100   59
B 4291 7532 -100   36
B 4301 7545 -100   10
push -12 -10
push out at target
B 4311 7559   80  -13
B 4321 7532   80  -27
B 4331 7432   80  -38
B 4341 7449   80  -48
B 4351 7533   80  -57
B 4361 7340   80  -68
B 4371 7380   80  -79
B 4381 7346   80  -88
B 4391 7366   65  -95
B 4401 7274   48  -96
B 4411 7442    0  -96
B 4421 7502   10  -95
B 4431 7573   10  -83
B 4441 7258   10  -70
B 4451 7363   10  -60
B 4461 7380   10  -46
B 4471 7814   10  -33
B 4481 7855   10  -19
B 4491 7857   10   -5
B 4501 7895   10    8
B 4511 7898   10   20
pb end 
B 4521 7898   10   30
B 4531 7902   10   40
B 4541 7900   10   46
B 4551 7900   10   51
B 4561 7900   10   55
B 4571 7900   10   57
B 4581 7900   10   58
B 4591 7939   10   59
B 4601 7899   10   59
B 4611 7903   10   59
*** 4620
SSS vs= 1.01  t=  237
%P VOLT1   = 7860
%P VOLT2   = 8178
%P S2_SC   =  1.00
%P L_ANG_MAX = 237
B   0 798    0   -5
B  10 7985   60   -5
B  20 7950   60   -5
B  30 7888   60   -5
B  40 7842   60   -5
B  50 7847   60   -5
B  60 7892   60   -5
B  70 7888   60   -4
B  80 7618   60    0
B  90 7652   60    6
B 100 7622   60   13
B 110 7582   60   21
B 120 7459   60   28
B 130 7481   60   36
B 140 7499   60   44
B 150 7535   60   52
B 160 7529   58   60
B 170 7557   58   69
B 180 7631   50   78
B 190 7647   41   88
B 200 7631   33   98
B 210 7649   23  107
B 220 7664   24  117
B 230 7647   20  126
B 240 7733   20  136
B 250 7741   20  145
B 260 7817   20  153
B 270 7892   20  161
B 280 7895   20  168
B 290 7895   24  176
B 300 7898   20  183
*** dt = 35 , A = 189 , rpm = 124 
B 310 7896   20  189
B 320 7896   20  195
B 330 7898   20  200
B 340 7896   20  204
pull out 206
B 350 7896 -100  208
B 360 7898 -100  212
B 370 7821 -100  216
B 380 7715 -100  217
B 390 7681 -100  219
B 400 7719 -100  220
B 410 7805 -100  222
B 420 7408 -100  222
B 430 7394 -100  222
B 440 7445 -100  222
*** amax = 222  vhit = 100
B 450 7474 -100  218
B 461 7413 -100  204
B 471 7449 -100  188
B 481 7189 -100  171
B 491 7256 -100  154
B 501 7173 -100  135
B 511 7253 -100  114
B 521 7268 -100   95
B 531 7338 -100   73
B 541 7508 -100   49
B 551 7505 -100   27
B 561 7548 -100    2
push -10 -10
push out at target
B 571 7562   80  -21
B 581 7557   80  -32
B 591 7467   80  -44
B 601 7495   80  -56
B 611 7541   80  -66
B 621 7559   80  -80
B 631 7138   80  -93
B 641 7125   80 -105
B 651 7380   80 -113
B 662 7403   56 -116
B 673 7324   12 -116
B 683 7405   10 -116
B 693 7291   10 -104
B 703 7228   10  -91
B 713 7280   10  -79
B 723 7552   10  -66
B 733 7848   10  -52
B 743 7854   10  -38
B 753 7894   10  -24
B 763 7895   10   -9
pb end 
B 773 7898   10    4
B 783 7900   10   16
B 793 7902   10   26
B 803 7900   10   34
B 813 7902   10   40
B 823 7937   10   44
B 833 7940   10   47
B 843 7940   10   48
B 853 7940   10   49
B 863 7941   10   50
SSS vs= 1.00  t=  251
%P VOLT1   = 7801
%P VOLT2   = 8153
%P S2_SC   =  1.01
%P L_ANG_MAX = 251
B 873 7943   60   50
B 883 7941   60   51
B 893 7912   60   51
B 903 7858   60   51
B 913 7825   60   51
B 923 7810   60   51
B 933 7580   60   51
B 943 7581   60   51
B 953 7564   60   53
B 963 7557   60   58
B 973 7527   60   64
B 983 7538   60   71
B 993 7518   60   78
B 1003 7502   60   85
B 1013 7518   60   93
B 1023 7519   60  101
B 1033 7556   55  110
B 1043 7553   42  119
B 1053 7562   29  128
B 1063 7613   24  138
B 1073 7637   20  148
B 1083 7655   20  158
B 1093 7808   20  167
B 1103 7812   20  175
B 1113 7853   20  183
B 1123 7889   20  190
B 1133 7889   20  197
*** dt = 28 , A = 203 , rpm = 116 
B 1143 7892   19  203
B 1153 7894   19  211
B 1163 7894   19  216
pull out 220
B 1173 7895 -100  221
B 1183 7896 -100  225
B 1193 7895 -100  229
B 1203 7724 -100  232
*** amax = 233  vhit = 100
B 1213 7670 -100  233
B 1223 7694 -100  235
B 1233 7740 -100  237
B 1243 7390 -100  238
B 1253 7406 -100  238
B 1263 7502 -100  238
B 1273 7530 -100  238
B 1283 7444 -100  232
B 1293 7412 -100  218
B 1303 7151 -100  202
B 1313 7204 -100  186
B 1323 7088 -100  168
B 1333 7179 -100  148
B 1343 7212 -100  128
B 1353 7332 -100  108
B 1363 7508 -100   85
B 1373 7504 -100   62
B 1383 7538 -100   38
B 1393 7549 -100   12
push -11 -10
push out at target
B 1403 7565   80  -12
B 1413 7604   80  -27
B 1423 7617   80  -39
B 1433 7537   80  -52
B 1443 7532   80  -68
B 1453 7467   80  -81
B 1463 7513   80  -96
B 1473 7129   80 -112
B 1483 7439   80 -126
B 1493 7334   80 -137
B 1503 7357   80 -141
B 1513 7350   23 -141
B 1523 7408   10 -141
B 1533 7337   10 -133
B 1543 7205   10 -120
B 1553 7247   10 -109
B 1563 7729   10  -97
B 1573 7850   10  -84
B 1583 7854   10  -71
B 1593 7892   10  -58
B 1603 7894   10  -44
pb end 
B 1613 7896   10  -32
B 1623 7896   10  -20
B 1633 7896   10   -8
B 1643 7899   10    2
B 1653 7899   10    9
B 1663 7900   10   15
B 1673 7900   10   19
B 1683 7937   10   22
B 1693 7937   10   24
B 1703 7939   10   26
SSS vs= 1.01  t=  246
%P VOLT1   = 7801
%P VOLT2   = 8150
%P S2_SC   =  1.01
%P L_ANG_MAX = 246
B 1713 7940   60   27
B 1723 7939   60   28
B 1733 7940   60   29
B 1743 7893   60   29
B 1753 7851   60   29
B 1763 7817   60   29
B 1773 7779   60   29
B 1783 7606   60   30
B 1793 7594   60   34
B 1803 7621   60   38
B 1813 7558   60   44
B 1823 7569   60   51
B 1833 7547   60   58
B 1843 7531   60   65
B 1853 7546   60   73
B 1863 7481   60   81
B 1873 7518   58   89
B 1883 7519   58   98
B 1893 7521   48  107
B 1903 7570   34  117
B 1913 7584   20  127
B 1923 7652   20  136
B 1933 7704   20  147
B 1943 7723   20  156
B 1953 7771   20  166
B 1963 7812   20  175
B 1973 7812   20  182
B 1983 7889   20  190
B 1993 7892   20  197
*** dt = 24 , A = 198 , rpm = 124 
B 2003 7891   20  204
B 2013 7892   20  210
pull out 214
B 2023 7892 -100  216
B 2033 7892 -100  220
B 2043 7849 -100  225
B 2053 7671 -100  228
B 2063 7661 -100  230
B 2073 7700 -100  232
B 2083 7250 -100  235
B 2093 7288 -100  235
B 2103 7431 -100  235
B 2113 7558 -100  235
B 2123 7444 -100  235
*** amax = 235  vhit = 100
B 2133 7450 -100  225
B 2143 7190 -100  210
B 2153 7226 -100  195
B 2163 7117 -100  178
B 2173 7115 -100  159
B 2183 7155 -100  141
B 2193 7253 -100  120
B 2203 7440 -100  100
B 2213 7433 -100   77
B 2223 7498 -100   53
B 2233 7537 -100   30
B 2243 7549 -100    5
push -10 -10
push out at target
B 2253 7565   80  -19
B 2263 7600   80  -29
B 2273 7561   80  -42
B 2283 7501   80  -56
B 2293 7508   80  -70
B 2303 7555   80  -84
B 2313 7459   80  -98
B 2323 7383   80 -114
B 2333 7329   80 -127
B 2343 7372   80 -135
B 2353 7413   56 -137
B 2363 7381    6 -137
B 2373 7342   10 -136
B 2383 7047   10 -123
B 2393 7169   10 -109
B 2403 7195   10  -97
B 2413 7507   10  -84
B 2423 7521   10  -69
B 2433 7847   10  -55
B 2443 7853   10  -40
B 2453 7855   10  -26
pb end 
B 2463 7892   10  -12
B 2473 7892   10    0
B 2483 7896   10   12
B 2493 7898   10   21
B 2503 7895   10   28
B 2513 7899   10   33
B 2523 7899   10   37
B 2533 7898   10   40
B 2543 7900   10   41
B 2553 7902   10   42
B 2563 7937   10   45
SSS vs= 1.01  t=  241
%P VOLT1   = 7801
%P VOLT2   = 8139
%P S2_SC   =  1.01
%P L_ANG_MAX = 241
B 2573 7937   60   46
B 2583 7900   60   46
B 2593 7939   60   46
B 2603 7899   60   46
B 2613 7837   60   46
B 2623 7802   60   46
B 2633 7771   60   46
B 2643 7568   60   47
B 2653 7560   60   50
B 2663 7557   60   54
B 2673 7527   60   59
B 2683 7503   60   65
B 2693 7520   60   71
B 2703 7500   60   78
B 2713 7470   60   85
B 2723 7474   60   93
B 2733 7471   60  101
B 2743 7507   54  110
B 2753 7510   41  119
B 2763 7563   27  128
B 2773 7613   21  138
B 2783 7636   20  148
B 2793 7653   20  157
B 2803 7805   20  166
B 2813 7809   20  174
B 2823 7848   20  182
B 2833 7886   20  190
*** dt = 19 , A = 194 , rpm = 132 
B 2843 7888   20  196
B 2853 7888   20  203
pull out 206
B 2863 7891 -100  210
B 2873 7786 -100  215
B 2883 7650 -100  218
B 2893 7656 -100  221
B 2903 7699 -100  224
B 2913 7110 -100  227
B 2923 7424 -100  227
B 2933 7409 -100  227
B 2943 7412 -100  227
B 2953 7407 -100  226
*** amax = 227  vhit = 100
B 2963 7365 -100  214
B 2973 7266 -100  199
B 2983 7003 -100  182
B 2993 7064 -100  166
B 3003 7051 -100  148
B 3013 7269 -100  128
B 3023 7289 -100  108
B 3033 7393 -100   87
B 3043 7494 -100   63
B 3053 7493 -100   40
B 3063 7535 -100   16
B 3073 7552 -100   -9
push -10 -10
push out at target
B 3083 7563   80  -25
B 3093 7546   80  -36
B 3103 7563   80  -50
B 3113 7489   80  -65
B 3123 7513   80  -78
B 3133 7419   80  -94
B 3143 7464   80 -110
B 3153 7199   80 -125
B 3163 7437   80 -138
B 3173 7343   80 -145
B 3183 7359   48 -146
B 3193 7160    0 -146
B 3203 7272   10 -143
B 3213 7137   10 -132
B 3223 7200   10 -118
B 3233 7242   10 -108
B 3243 7548   10  -95
B 3253 7843   10  -81
B 3263 7847   10  -69
B 3273 7853   10  -56
B 3283 7888   10  -43
pb end 
B 3293 7891   10  -30
B 3303 7894   10  -18
B 3313 7894   10   -6
B 3323 7894   10    4
B 3333 7896   10   12
B 3343 7896   10   17
B 3353 7898   10   22
B 3363 7898   10   25
B 3373 7898   10   28
B 3383 7899   10   29
SSS vs= 1.01  t=  241
%P VOLT1   = 7742
%P VOLT2   = 8132
%P S2_SC   =  1.01
%P L_ANG_MAX = 241
B 3394 7899   60   30
B 3404 7896   60   33
B 3414 7868   60   33
B 3424 7855   60   33
B 3434 7825   60   33
B 3444 7810   60   33
B 3454 7583   60   34
B 3464 7623   60   36
B 3474 7601   60   40
B 3484 7590   60   44
B 3494 7557   60   51
B 3504 7572   60   58
B 3514 7556   60   65
B 3524 7502   60   73
B 3534 7516   60   81
B 3544 7484   58   89
B 3554 7519   58   98
B 3564 7521   48  107
B 3574 7522   33  116
B 3584 7562   28  126
B 3594 7593   20  136
B 3604 7662   20  147
B 3614 7645   20  157
B 3624 7658   20  167
B 3634 7809   20  175
B 3644 7847   20  184
B 3654 7848   20  192
*** dt = 18 , A = 192 , rpm = 140 
B 3664 7848   19  199
pull out 205
B 3674 7885 -101  206
B 3684 7886 -101  212
B 3694 7888 -101  219
B 3704 7719 -101  224
B 3714 7640 -101  227
B 3724 7661 -101  230
B 3734 7037 -101  233
B 3744 7083 -101  235
B 3754 7284 -101  236
B 3764 7529 -101  236
B 3774 7411 -101  236
*** amax = 236  vhit = 100
B 3784 7399 -101  232
B 3794 7268 -101  219
B 3804 7284 -101  204
B 3814 7127 -101  187
B 3824 7047 -101  170
B 3834 7099 -101  151
B 3844 7166 -101  131
B 3854 7393 -101  110
B 3864 7393 -101   88
B 3874 7459 -101   66
B 3884 7529 -101   42
B 3894 7539 -101   18
B 3904 7555 -101   -7
push -10 -10
push out at target
B 3914 7600   81  -24
B 3924 7583   81  -36
B 3934 7510   81  -49
B 3944 7491   81  -64
B 3954 7529   81  -76
B 3964 7542   81  -90
B 3974 7230   81 -105
B 3984 7227   81 -120
B 3994 7307   81 -130
B 4004 7398   73 -136
B 4014 7354   40 -136
B 4024 7406   10 -136
B 4034 7209   10 -128
B 4044 7280   10 -114
B 4054 7210   10 -104
B 4064 7797   10  -91
B 4074 7807   10  -77
B 4084 7847   10  -64
B 4094 7851   10  -52
B 4104 7854   10  -39
B 4114 7855   10  -26
pb end 
B 4124 7892   10  -14
B 4134 7894   10   -4
B 4144 7894   10    5
B 4154 7895   10   12
B 4164 7895   10   16
B 4174 7896   10   20
B 4184 7898   10   23
B 4194 7896   10   24
B 4204 7898   10   26
B 4214 7898   10   27
*** 4217
SSS vs= 1.01  t=  241
%P VOLT1   = 7801
%P VOLT2   = 8157
%P S2_SC   =  1.01
%P L_ANG_MAX = 241
B   0 794    0    9
B  10 7944   60    9
B  20 7890   60    9
B  30 7837   60    9
B  40 7871   60    9
B  50 7879   60    9
B  60 7794   60   10
B  70 7634   60   10
B  80 7619   60   11
B  90 7605   60   17
B 100 7456   60   24
B 110 7459   60   32
B 120 7429   60   40
B 130 7473   60   48
B 140 7475   58   56
B 150 7515   58   64
B 160 7556   58   74
B 170 7560   41   83
B 180 7598   33   92
B 190 7603   41  102
B 200 7621   27  112
B 210 7612   20  122
B 220 7675   20  132
B 230 7692   20  142
B 240 7702   20  152
B 250 7850   20  159
B 260 7853   20  168
B 270 7889   20  176
B 280 7889   20  184
B 290 7891   20  190
*** dt = 39 , A = 194 , rpm = 115 
B 300 7894   20  197
B 310 7889   20  204
B 320 7886   20  209
B 330 7889   20  214
pull out 215
B 340 7895   10  218
B 350 7891   10  222
B 360 7892   10  226
B 370 7899   10  229
B 380 7899   10  232
B 390 7902   10  233
B 400 7939   10  234
B 410 7939   10  235
B 420 7939   10  236
B 430 7939   10  236
B 440 7939   10  236
B 450 7939   10  236
B 460 7940   10  236
B 470 7940   10  236
B 480 7940   10  236
B 490 7939   10  236
B 500 7940   10  236
B 510 7939   10  236
B 520 7940   10  236
B 530 7940   10  236
B 540 7939   10  234
B 550 7940   10  234
B 560 7940   10  232
B 570 7940   10  232
B 580 7941   10  232
B 590 7940   10  232
B 600 7940   10  231
B 610 7941   10  231
B 620 7940   10  230
B 630 7940   10  230
B 640 7940   10  229
B 650 7940   10  228
B 660 7941   10  228
B 670 7940   10  228
B 680 7941   10  228
B 690 7940   10  228
B 700 7941   10  228
B 710 7940   10  228
B 720 7941   10  228
B 730 7943   10  228
B 740 7941 -100  228
B 750 7941 -100  228
B 760 7807 -100  228
*** amax = 228  vhit = 100
B 770 7729 -100  227
B 780 7744 -100  226
B 790 7677 -100  224
B 800 7713 -100  223
B 810 7527 -100  216
B 820 7624 -100  212
B 830 7548 -100  206
B 840 7540 -100  196
B 850 7468 -100  182
B 860 7463 -100  166
B 870 7265 -100  148
B 880 7227 -100  129
B 890 7286 -100  110
B 900 7295 -100   90
B 910 7383 -100   69
B 920 7383 -100   47
B 930 7512 -100   24
B 940 7542 -100    1
push -10 -10
push out at target
B 950 7542   80  -21
B 960 7537   80  -32
B 970 7542   80  -45
B 980 7454   80  -59
B 990 7516   80  -72
B 1000 7458   80  -86
B 1010 7501   80 -100
B 1020 7344   80 -115
B 1030 7383   80 -128
B 1040 7285   80 -134
B 1050 7407   39 -135
B 1060 7345    0 -135
B 1070 7478   10 -131
B 1080 7142   10 -118
B 1090 7217   10 -104
B 1100 7251   10  -93
B 1110 7695   10  -79
B 1120 7847   10  -65
B 1130 7850   10  -51
B 1140 7892   10  -37
B 1150 7894   10  -23
pb end 
B 1160 7892   10   -9
B 1170 7895   10    3
B 1180 7894   10   14
B 1190 7896   10   22
B 1200 7899   10   28
B 1210 7899   10   33
B 1220 7900   10   36
B 1230 7935   10   39
B 1240 7936   10   40
B 1250 7937   10   41
SSS vs= 1.01  t=  260
%P VOLT1   = 7801
%P VOLT2   = 8143
%P S2_SC   =  1.01
%P L_ANG_MAX = 260
B 1260 7937   60   42
B 1270 7937   60   44
B 1280 7911   60   44
B 1290 7853   60   44
B 1300 7823   60   44
B 1310 7795   60   44
B 1320 7585   60   44
B 1330 7602   60   46
B 1340 7595   60   50
B 1350 7526   60   55
B 1360 7568   60   61
B 1370 7579   60   68
B 1380 7523   60   75
B 1390 7539   60   83
B 1400 7545   60   90
B 1410 7512   60   99
B 1420 7481   56  108
B 1430 7478   35  116
B 1440 7557   40  126
B 1450 7597   26  136
B 1460 7618   20  146
B 1470 7641   20  156
B 1480 7764   20  166
B 1490 7771   20  175
B 1500 7847   20  183
B 1510 7850   20  191
B 1520 7851   20  198
B 1530 7886   20  204
*** dt = 34 , A = 212 , rpm = 107 
B 1540 7888   19  212
B 1550 7882   19  218
B 1560 7872   19  223
B 1570 7878   19  228
pull out 230
B 1580 7886 -100  232
B 1590 7853 -100  237
B 1600 7885 -100  241
B 1610 7708 -100  244
B 1620 7680 -100  246
B 1630 7710 -100  248
B 1640 7754 -100  251
B 1650 7394 -100  252
B 1660 7494 -100  252
B 1670 7400 -100  252
B 1680 7462 -100  252
*** amax = 252  vhit = 100
B 1690 7408 -100  242
B 1700 7392 -100  228
B 1710 7115 -100  212
B 1720 7041 -100  196
B 1730 7105 -100  178
B 1740 7151 -100  160
B 1750 7318 -100  139
B 1760 7326 -100  118
B 1770 7463 -100   96
B 1780 7494 -100   72
B 1790 7497 -100   48
B 1800 7543 -100   24
B 1810 7565 -100   -2
push -11 -10
push out at target
B 1820 7571   80  -23
B 1830 7596   80  -33
B 1840 7521   80  -46
B 1850 7490   80  -60
B 1860 7535   80  -72
B 1870 7337   80  -86
B 1880 7375   80 -100
B 1890 7406   80 -113
B 1900 7377   80 -124
B 1910 7295   80 -128
B 1920 7393   23 -128
B 1930 7389   10 -127
B 1940 7502   10 -120
B 1950 7215   10 -107
B 1960 7285   10  -97
B 1970 7304   10  -84
B 1980 7845   10  -72
B 1990 7850   10  -59
B 2000 7853   10  -46
B 2010 7891   10  -33
B 2020 7892   10  -21
pb end 
B 2030 7894   10   -9
B 2040 7892   10    2
B 2050 7895   10   11
B 2060 7896   10   18
B 2070 7896   10   23
B 2080 7896   10   26
B 2090 7899   10   29
B 2100 7898   10   31
B 2110 7899   10   32
SSS vs= 1.01  t=  255
%P VOLT1   = 7742
%P VOLT2   = 8136
%P S2_SC   =  1.01
%P L_ANG_MAX = 255
B 2120 7898   60   32
B 2130 7898   60   35
B 2140 7935   60   35
B 2150 7875   60   35
B 2160 7838   60   35
B 2170 7810   60   35
B 2180 7778   60   35
B 2190 7605   60   35
B 2200 7592   60   38
B 2210 7588   60   42
B 2220 7554   60   48
B 2230 7526   60   54
B 2240 7542   60   61
B 2250 7456   60   68
B 2260 7501   60   76
B 2270 7512   60   84
B 2280 7477   58   92
B 2290 7519   58  101
B 2300 7518   46  111
B 2310 7559   25  120
B 2320 7567   20  131
B 2330 7612   20  140
B 2340 7672   20  151
B 2350 7654   20  161
B 2360 7662   20  168
B 2370 7844   20  177
B 2380 7847   20  186
B 2390 7850   20  193
B 2400 7885   20  200
B 2410 7884   25  207
*** dt = 27 , A = 208 , rpm = 116 
B 2420 7886   19  212
B 2430 7888   19  219
B 2440 7889   19  224
pull out 224
B 2450 7886 -101  228
B 2460 7886 -101  232
B 2470 7747 -101  236
B 2480 7667 -101  236
B 2490 7681 -101  239
B 2500 7727 -101  240
B 2510 7768 -101  242
B 2520 7437 -101  242
B 2530 7511 -101  242
B 2540 7406 -101  242
*** amax = 242  vhit = 100
B 2550 7452 -101  238
B 2560 7413 -101  224
B 2570 7422 -101  210
B 2580 7119 -101  193
B 2590 7080 -101  175
B 2600 7133 -101  156
B 2610 7201 -101  137
B 2620 7325 -101  116
B 2630 7326 -101   94
B 2640 7498 -101   72
B 2650 7532 -101   48
B 2660 7535 -101   24
B 2670 7553 -101   -1
push -11 -10
push out at target
B 2680 7597   81  -22
B 2690 7592   81  -33
B 2700 7568   81  -45
B 2710 7490   81  -60
B 2720 7523   81  -72
B 2730 7499   81  -87
B 2740 7118   81 -101
B 2750 7126   81 -116
B 2760 7362   81 -128
B 2770 7367   81 -133
B 2780 7321   31 -133
B 2790 7296   10 -133
B 2800 7090   10 -128
B 2810 7180   10 -114
B 2820 7115   10 -100
B 2830 7147   10  -88
B 2840 7181   10  -74
B 2850 7798   10  -60
B 2860 7805   10  -45
B 2870 7809   10  -32
pb end 
B 2880 7850   10  -17
B 2890 7853   10   -4
B 2900 7854   10    9
B 2910 7889   10   19
B 2920 7891   10   27
B 2930 7892   10   32
B 2940 7894   10   36
B 2950 7894   10   39
B 2960 7895   10   40
B 2970 7894   10   42
B 2980 7896   10   42
SSS vs= 1.01  t=  250
%P VOLT1   = 7742
%P VOLT2   = 8129
%P S2_SC   =  1.01
%P L_ANG_MAX = 250
B 2990 7896   60   44
B 3000 7932   60   44
B 3010 7847   60   44
B 3020 7797   60   44
B 3030 7772   60   44
B 3040 7741   60   44
B 3050 7710   60   44
B 3060 7591   60   47
B 3070 7553   60   52
B 3080 7557   60   57
B 3090 7500   60   63
B 3100 7479   60   70
B 3110 7496   60   77
B 3120 7471   60   84
B 3130 7475   60   92
B 3140 7469   60  100
B 3150 7474   55  109
B 3160 7545   42  118
B 3170 7563   28  128
B 3180 7594   20  138
B 3190 7625   20  148
B 3200 7647   20  158
B 3210 7764   20  167
B 3220 7768   20  175
B 3230 7771   20  183
B 3240 7844   20  190
B 3250 7847   20  198
*** dt = 23 , A = 203 , rpm = 124 
B 3260 7850   20  204
B 3270 7884   20  210
B 3280 7885   20  216
pull out 218
B 3290 7886 -101  222
B 3300 7885 -101  226
B 3310 7882 -101  230
B 3320 7692 -101  233
B 3330 7663 -101  234
B 3340 7696 -101  236
B 3350 7741 -101  238
B 3360 7279 -101  239
B 3370 7433 -101  239
B 3380 7375 -101  239
*** amax = 239  vhit = 100
B 3390 7476 -101  238
B 3400 7433 -101  231
B 3410 7404 -101  218
B 3420 7219 -101  202
B 3430 7100 -101  185
B 3440 7162 -101  168
B 3450 7141 -101  148
B 3460 7244 -101  128
B 3470 7257 -101  108
B 3480 7436 -101   84
B 3490 7497 -101   62
B 3500 7496 -101   38
B 3510 7539 -101   14
push -11 -10
push out at target
B 3520 7555   81  -12
B 3530 7563   81  -26
B 3540 7578   81  -37
B 3550 7516   81  -50
B 3560 7500   81  -64
B 3570 7506   81  -76
B 3580 7480   81  -92
B 3590 7518   81 -105
B 3600 7346   81 -120
B 3610 7354   81 -128
B 3620 7271   56 -131
B 3630 7377   14 -132
B 3640 7362    0 -131
B 3650 7478   10 -121
B 3660 7185   10 -109
B 3670 7255   10  -98
B 3680 7267   10  -87
B 3690 7840   10  -74
B 3700 7845   10  -61
B 3710 7850   10  -49
B 3720 7850   10  -37
B 3730 7888   10  -25
pb end 
B 3740 7889   10  -14
B 3750 7889   10   -5
B 3760 7891   10    3
B 3770 7894   10    8
B 3780 7892   10   12
B 3790 7894   10   16
B 3800 7894   10   18
B 3810 7895   10   20
B 3820 7894   10   22
B 3830 7894   10   23
SSS vs= 1.01  t=  250
%P VOLT1   = 7742
%P VOLT2   = 8122
%P S2_SC   =  1.01
%P L_ANG_MAX = 250
B 3840 7896   60   25
B 3850 7896   60   25
B 3860 7894   60   25
B 3870 7878   60   25
B 3880 7789   60   25
B 3890 7745   60   25
B 3900 7720   60   26
B 3910 7524   60   28
B 3920 7519   60   32
B 3930 7551   60   36
B 3940 7524   60   40
B 3950 7544   60   46
B 3960 7484   60   52
B 3970 7527   60   59
B 3980 7531   60   66
B 3990 7498   60   73
B 4000 7500   60   81
B 4010 7501   60   89
B 4020 7505   58   98
B 4030 7510   48  107
B 4040 7516   34  116
B 4050 7566   29  126
B 4060 7574   20  136
B 4070 7596   20  146
B 4080 7650   20  156
B 4090 7800   20  164
B 4100 7805   20  172
B 4110 7843   20  180
B 4120 7844   20  188
B 4130 7843   20  195
B 4140 7880   20  202
*** dt = 28 , A = 202 , rpm = 116 
B 4150 7882   20  208
B 4160 7882   20  214
pull out 219
B 4170 7882 -101  219
B 4180 7884 -101  224
B 4190 7884 -101  227
B 4200 7716 -101  231
B 4210 7657 -101  231
B 4220 7681 -101  234
B 4230 7370 -101  235
B 4240 7234 -101  236
B 4250 7257 -101  236
B 4260 7505 -101  236
B 4270 7509 -101  236
*** amax = 236  vhit = 100
B 4280 7413 -101  231
B 4290 7379 -101  218
B 4300 7249 -101  202
B 4310 7301 -101  186
B 4320 7043 -101  168
B 4330 7099 -101  148
B 4340 7131 -101  129
B 4350 7326 -101  109
B 4360 7432 -101   87
B 4370 7429 -101   64
B 4380 7494 -101   40
B 4390 7535 -101   16
B 4400 7549 -101   -8
push -11 -10
push out at target
B 4410 7562   81  -24
B 4420 7538   81  -36
B 4430 7461   81  -48
B 4440 7495   81  -64
B 4450 7533   81  -76
B 4460 7574   81  -90
B 4470 7117   81 -105
B 4480 7322   81 -120
B 4490 7226   81 -130
B 4500 7357   74 -134
B 4510 7388   23 -134
B 4520 7448   10 -134
B 4530 7264   10 -125
B 4540 7198   10 -112
B 4550 7239   10 -101
B 4560 7756   10  -88
B 4570 7766   10  -74
B 4580 7773   10  -61
B 4590 7845   10  -48
B 4600 7850   10  -34
pb end 
B 4610 7850   10  -20
B 4620 7884   10   -8
B 4630 7888   10    3
B 4640 7889   10   12
B 4650 7891   10   20
B 4660 7892   10   24
B 4670 7891   10   28
B 4680 7892   10   32
B 4690 7892   10   34
B 4700 7891   10   35
*** 4716
SSS vs= 1.01  t=  250
%P VOLT1   = 7801
%P VOLT2   = 8157
%P S2_SC   =  1.01
%P L_ANG_MAX = 250
B   0 793    0    5
B  10 7943   60    5
B  20 7943   60    5
B  30 7858   60    5
B  40 7833   60    5
B  50 7833   60    5
B  60 7827   60    5
B  70 7601   60    6
B  80 7590   60    6
B  90 7609   60   10
B 100 7559   60   18
B 110 7556   60   26
B 120 7497   60   34
B 130 7434   60   41
B 140 7446   60   50
B 150 7519   58   58
B 160 7555   50   67
B 170 7565   50   76
B 180 7621   41   86
B 190 7626   33   95
B 200 7634   31  104
B 210 7659   35  114
B 220 7708   22  124
B 230 7725   20  132
B 240 7732   21  141
B 250 7847   26  150
B 260 7847   20  157
B 270 7843   27  165
B 280 7882   31  172
B 290 7888   27  180
B 300 7880   24  186
B 310 7839   30  192
B 320 7839   43  197
B 330 7867   49  202
*** dt = 60 , A = 203 , rpm = 83 
B 340 7813   20  207
B 350 7817   20  212
B 360 7872   20  218
B 370 7809   20  222
B 380 7812   20  227
B 390 7814   20  230
pull out 230
B 400 7886 -100  232
B 410 7888 -100  236
B 420 7843 -100  239
B 430 7678 -100  240
B 440 7666 -100  240
B 450 7705 -100  242
B 460 7180 -100  242
B 470 7217 -100  242
B 480 7475 -100  242
B 490 7514 -100  242
*** amax = 242  vhit = 100
B 500 7390 -100  238
B 510 7459 -100  226
B 520 7337 -100  211
B 530 7384 -100  194
B 540 7167 -100  176
B 550 7151 -100  158
B 560 7201 -100  137
B 570 7294 -100  118
B 580 7406 -100   96
B 590 7401 -100   73
B 600 7502 -100   49
B 610 7541 -100   25
B 620 7551 -100    0
push -11 -10
push out at target
B 630 7597   80  -22
B 640 7593   80  -32
B 650 7551   80  -45
B 660 7497   80  -60
B 670 7505   80  -74
B 680 7550   80  -89
B 690 7455   80 -105
B 700 7167   80 -120
B 710 7103   80 -134
B 720 7315   80 -142
B 730 7362   56 -144
B 740 7331    6 -144
B 750 7295   10 -144
B 760 7149   10 -133
B 770 7270   10 -120
B 780 7226   10 -108
B 790 7538   10  -96
B 800 7555   10  -82
B 810 7845   10  -69
B 820 7848   10  -56
B 830 7851   10  -42
B 840 7889   10  -29
pb end 
B 850 7892   10  -16
B 860 7894   10   -4
B 870 7892   10    6
B 880 7894   10   14
B 890 7895   10   20
B 900 7895   10   25
B 910 7896   10   28
B 920 7896   10   31
B 930 7896   10   32
B 940 7898   10   34
SSS vs= 1.01  t=  259
%P VOLT1   = 7742
%P VOLT2   = 8132
%P S2_SC   =  1.01
%P L_ANG_MAX = 259
B 950 7898   60   35
B 960 7891   60   37
B 970 7838   60   37
B 980 7798   60   37
B 990 7780   60   37
B 1000 7616   60   37
B 1010 7582   60   38
B 1020 7598   60   42
B 1030 7588   60   46
B 1040 7588   60   52
B 1050 7533   60   59
B 1060 7545   60   66
B 1070 7564   60   74
B 1080 7505   60   82
B 1090 7475   58   90
B 1100 7477   58   98
B 1110 7516   57  107
B 1120 7516   44  116
B 1130 7521   30  126
B 1140 7607   20  136
B 1150 7615   20  147
B 1160 7640   20  157
B 1170 7655   20  167
B 1180 7804   20  176
B 1190 7808   20  184
B 1200 7845   20  192
B 1210 7848   20  200
B 1220 7847   20  207
*** dt = 24 , A = 211 , rpm = 124 
B 1230 7884   19  212
B 1240 7885   19  219
B 1250 7885   19  225
pull out 226
B 1260 7886 -101  231
B 1270 7750 -101  235
B 1280 7649 -101  236
B 1290 7661 -101  239
B 1300 7708 -101  242
B 1310 7752 -101  243
B 1320 7319 -101  243
B 1331 7440 -101  243
B 1341 7338 -101  243
*** amax = 243  vhit = 100
B 1351 7452 -101  240
B 1361 7367 -101  228
B 1371 7372 -101  214
B 1381 7144 -101  196
B 1391 7072 -101  179
B 1401 7120 -101  162
B 1411 7161 -101  142
B 1421 7285 -101  121
B 1431 7287 -101   98
B 1441 7460 -101   77
B 1451 7491 -101   52
B 1461 7498 -101   28
B 1471 7546 -101    5
push -13 -10
push out at target
B 1481 7562   81  -20
B 1491 7559   81  -32
B 1501 7575   81  -45
B 1511 7479   81  -60
B 1521 7508   81  -72
B 1531 7555   81  -88
B 1541 7139   81 -103
B 1551 7156   81 -117
B 1561 7288   81 -129
B 1571 7301   81 -136
B 1581 7252   48 -136
B 1591 7407   10 -136
B 1601 7422   10 -129
B 1611 7493   10 -116
B 1621 7210   10 -106
B 1631 7653   10  -93
B 1641 7661   10  -80
B 1651 7845   10  -67
B 1661 7845   10  -54
B 1671 7851   10  -41
pb end 
B 1681 7851   10  -29
B 1691 7889   10  -17
B 1701 7891   10   -6
B 1711 7891   10    3
B 1721 7891   10    9
B 1731 7894   10   15
B 1741 7892   10   18
B 1751 7894   10   21
B 1761 7894   10   24
B 1771 7894   10   25
SSS vs= 1.01  t=  254
%P VOLT1   = 7742
%P VOLT2   = 8125
%P S2_SC   =  1.01
%P L_ANG_MAX = 254
B 1782 7895   60   27
B 1793 7895   60   29
B 1803 7895   60   29
B 1813 7824   60   29
B 1823 7782   60   29
B 1833 7750   60   29
B 1843 7717   60   29
B 1853 7591   60   31
B 1863 7581   60   34
B 1873 7587   60   38
B 1883 7527   60   44
B 1893 7527   60   49
B 1903 7536   60   56
B 1913 7477   60   63
B 1923 7494   60   70
B 1933 7470   60   78
B 1943 7510   60   86
B 1953 7508   58   94
B 1963 7504   58  103
B 1973 7543   46  112
B 1983 7549   31  122
B 1993 7579   20  132
B 2003 7597   20  142
B 2013 7632   20  152
B 2023 7648   20  162
B 2033 7727   20  171
B 2043 7733   20  179
B 2053 7843   20  187
B 2063 7845   20  195
B 2073 7845   20  202
*** dt = 23 , A = 207 , rpm = 124 
B 2083 7845   20  208
B 2093 7882   20  215
pull out 221
B 2103 7884 -101  221
B 2113 7884 -101  226
B 2123 7882 -101  231
B 2133 7776 -101  235
B 2143 7656 -101  236
B 2153 7661 -101  239
B 2163 7702 -101  241
B 2173 7750 -101  243
B 2183 7390 -101  243
B 2193 7378 -101  243
B 2203 7432 -101  243
B 2213 7461 -101  243
*** amax = 243  vhit = 100
B 2223 7406 -101  230
B 2233 7365 -101  215
B 2243 7094 -101  199
B 2253 7161 -101  182
B 2263 7077 -101  164
B 2273 7191 -101  144
B 2283 7213 -101  124
B 2293 7322 -101  102
B 2303 7459 -101   80
B 2313 7456 -101   56
B 2323 7496 -101   32
B 2333 7545 -101    8
push -10 -10
push out at target
B 2343 7556   81  -17
B 2353 7562   81  -28
B 2363 7565   81  -41
B 2373 7456   81  -54
B 2383 7515   81  -68
B 2393 7489   81  -81
B 2403 7531   81  -95
B 2413 7306   81 -109
B 2423 7380   81 -121
B 2433 7279   81 -128
B 2443 7356   48 -129
B 2453 7334    0 -129
B 2463 7448   10 -126
B 2473 7069   10 -114
B 2483 7160   10 -101
B 2493 7202   10  -90
B 2503 7614   10  -77
B 2513 7800   10  -64
B 2523 7807   10  -50
B 2533 7845   10  -36
B 2543 7847   10  -22
pb end 
B 2553 7850   10   -9
B 2563 7886   10    3
B 2573 7886   10   14
B 2583 7889   10   23
B 2593 7889   10   29
B 2603 7889   10   34
B 2613 7891   10   37
B 2623 7891   10   40
B 2633 7892   10   40
B 2643 7894   10   41
SSS vs= 1.01  t=  254
%P VOLT1   = 7742
%P VOLT2   = 8122
%P S2_SC   =  1.01
%P L_ANG_MAX = 254
B 2653 7894   60   41
B 2663 7892   60   44
B 2673 7866   60   44
B 2683 7821   60   44
B 2693 7786   60   44
B 2703 7765   60   44
B 2713 7561   60   44
B 2723 7601   60   44
B 2733 7588   60   47
B 2743 7512   60   52
B 2753 7516   60   58
B 2763 7528   60   65
B 2773 7477   60   72
B 2783 7497   60   80
B 2793 7505   60   87
B 2803 7473   60   95
B 2813 7473   60  104
B 2823 7470   45  112
B 2833 7541   41  122
B 2843 7514   28  132
B 2853 7544   20  142
B 2863 7618   20  152
B 2873 7640   20  163
B 2883 7651   20  172
B 2893 7658   20  180
B 2903 7840   20  190
B 2913 7841   20  198
B 2923 7843   20  204
*** dt = 28 , A = 207 , rpm = 115 
B 2933 7844   20  212
B 2943 7845   20  218
B 2953 7845   20  224
pull out 224
B 2963 7881 -101  230
B 2973 7882 -101  235
B 2983 7698 -101  239
B 2993 7642 -101  240
B 3003 7668 -101  243
B 3013 7146 -101  246
B 3023 7227 -101  247
B 3033 7248 -101  247
B 3043 7494 -101  247
B 3053 7459 -101  247
*** amax = 247  vhit = 100
B 3063 7365 -101  242
B 3073 7327 -101  229
B 3083 7165 -101  214
B 3093 7221 -101  198
B 3103 7002 -101  180
B 3113 7095 -101  162
B 3123 7131 -101  143
B 3133 7355 -101  122
B 3143 7428 -101  100
B 3153 7420 -101   78
B 3163 7491 -101   54
B 3173 7535 -101   29
B 3183 7549 -101    5
push -10 -10
push out at target
B 3193 7562   81  -19
B 3203 7560   81  -30
B 3213 7472   81  -42
B 3223 7483   81  -56
B 3233 7519   81  -66
B 3243 7564   81  -80
B 3253 7076   81  -94
B 3263 7338   81 -108
B 3273 7254   81 -118
B 3283 7373   74 -122
B 3293 7391   23 -123
B 3303 7459    0 -123
B 3313 7305   10 -117
B 3323 7200   10 -105
B 3333 7237   10  -95
B 3343 7718   10  -83
B 3353 7764   10  -70
B 3363 7768   10  -58
B 3373 7844   10  -45
B 3383 7847   10  -32
B 3393 7850   10  -20
pb end 
B 3403 7850   10   -8
B 3413 7885   10    3
B 3423 7888   10   12
B 3433 7888   10   20
B 3443 7889   10   24
B 3453 7889   10   28
B 3463 7889   10   31
B 3473 7891   10   32
B 3483 7891   10   33
B 3493 7891   10   34
B 3503 7892   10   34
SSS vs= 1.01  t=  249
%P VOLT1   = 7742
%P VOLT2   = 8115
%P S2_SC   =  1.01
%P L_ANG_MAX = 249
B 3513 7891   60   36
B 3523 7891   60   36
B 3533 7892   60   36
B 3543 7812   60   36
B 3553 7775   60   36
B 3563 7738   60   36
B 3573 7709   60   36
B 3583 7555   60   36
B 3593 7539   60   38
B 3603 7544   60   42
B 3613 7517   60   47
B 3623 7490   60   53
B 3633 7503   60   60
B 3643 7520   60   67
B 3653 7497   60   74
B 3663 7505   60   82
B 3673 7471   60   89
B 3683 7467   60   98
B 3693 7464   56  107
B 3703 7504   35  116
B 3713 7543   29  126
B 3723 7588   20  136
B 3733 7581   20  146
B 3743 7641   20  156
B 3753 7653   20  165
B 3763 7763   20  172
B 3773 7840   20  182
B 3783 7840   20  190
B 3793 7841   20  197
*** dt = 25 , A = 200 , rpm = 124 
B 3803 7841   19  203
B 3813 7844   19  210
pull out 216
B 3823 7845   10  216
B 3833 7880   10  222
B 3843 7884   10  226
B 3853 7853   10  230
B 3863 7888   10  234
B 3873 7889   10  236
B 3883 7889   10  239
B 3893 7891   10  242
B 3903 7891   10  242
B 3913 7892   10  243
B 3923 7892   10  244
B 3933 7891   10  244
B 3943 7891   10  244
B 3953 7892   10  244
B 3963 7894   10  244
B 3973 7892   10  244
B 3983 7895   10  244
B 3993 7892   10  244
B 4004 7892   10  244
B 4015 7892   10  244
B 4025 7894   10  244
B 4036 7894   10  243
B 4046 7892   10  242
B 4056 7892   10  240
B 4067 7894   10  240
B 4078 7894   10  239
B 4088 7894   10  238
B 4098 7894   10  238
B 4108 7894   10  236
B 4118 7894   10  236
B 4128 7891   10  235
B 4138 7895   10  235
B 4148 7894   10  234
B 4158 7892   10  233
B 4168 7894   10  232
B 4178 7894   10  232
B 4188 7894   10  232
B 4198 7894   10  232
B 4208 7895   10  232
B 4218 7895   10  232
B 4228 7895   10  232
B 4238 7895   10  232
B 4248 7896   10  232
B 4258 7896   10  232
B 4268 7895   10  232
B 4278 7895   10  232
B 4288 7895   10  232
B 4298 7895   10  232
B 4308 7895   10  232
B 4318 7895   10  232
B 4328 7895   10  232
B 4338 7895   10  232
B 4348 7895   10  232
B 4358 7895   10  232
B 4368 7895   10  232
B 4378 7895   10  232
B 4388 7895   10  232
B 4398 7895   10  232
B 4408 7895   10  232
B 4418 7895   10  232
B 4428 7896   10  232
B 4438 7895   10  232
B 4448 7933   10  232
B 4458 7932   10  232
B 4468 7896   10  232
B 4478 7896   10  232
B 4488 7896   10  232
B 4498 7896   10  232
B 4508 7899   10  232
B 4518 7896   10  232
B 4528 7932   10  232
B 4538 7896   10  232
B 4548 7896   10  232
B 4558 7932   10  232
B 4568 7930   10  232
B 4578 7932   10  232
B 4588 7932   10  232
B 4598 7930   10  232
B 4608 7932   10  232
B 4618 7932   10  232
B 4628 7896   10  232
B 4638 7896   10  232
B 4648 7932   10  232
B 4658 7932   10  232
B 4668 7932   10  232
B 4678 7896   10  232
B 4688 7932   10  232
B 4698 7932   10  232
B 4708 7933   10  232
B 4718 7932   10  232
B 4728 7932   10  232
B 4738 7932   10  232
B 4750 7932   10  232
B 4760 7932   10  232
B 4770 7932   10  232
B 4780 7935   10  232
B 4790 7932   10  232
B 4800 7932   10  232
B 4810 7933   10  232
B 4820 7933   10  232
B 4830 7932   10  232
B 4840 7933   10  232
B 4850 7933   10  232
B 4861 7935   10  232
B 4872 7895   10  232
B 4884 7932   10  232
B 4894 7933   10  232
B 4904 7933   10  232
B 4914 7932   10  232
B 4924 7932   10  232
B 4934 7933   10  232
B 4945 7932   10  232
B 4955 7932   10  232
B 4966 7933   10  232
B 4976 7932   10  232
B 4986 7933   10  232
B 4996 7933   10  232
B 5006 7932   10  232
B 5016 7933   10  232
B 5027 7933   10  232
B 5037 7933   10  232
B 5048 7933   10  232
B 5058 7933   10  232
B 5068 7932   10  232
B 5079 7929   10  232
B 5089 7933   10  232
B 5099 7933   10  232
B 5109 7933   10  232
B 5119 7933   10  232
B 5129 7932   10  232
B 5139 7933   10  232
B 5149 7932   10  232
B 5160 7933   10  232
B 5170 7933   10  232
B 5180 7933   10  232
B 5190 7933   10  232
B 5200 7933   10  232
B 5210 7933   10  232
B 5220 7935   10  232
B 5230 7933   10  232
B 5240 7933   10  232
B 5250 7933   10  232
B 5260 7936   10  232
B 5271 7933   10  232
B 5281 7933   10  232
B 5291 7935   10  232
B 5301 7933   10  232
B 5311 7935   10  232
B 5321 7935   10  232
B 5331 7935   10  232
B 5342 7935   10  232
B 5352 7935   10  232
B 5363 7935   10  232
B 5373 7933   10  232
B 5383 7935   10  232
B 5393 7935   10  232
B 5403 7932   10  232
B 5413 7930   10  232
B 5423 7935   10  232
B 5433 7933   10  232
B 5444 7933   10  232
B 5454 7935   10  232
B 5464 7933   10  232
B 5474 7932   10  232
B 5484 7935   10  232
B 5494 7935   10  232
B 5505 7933   10  232
B 5515 7933   10  232
B 5525 7935   10  232
B 5535 7935   10  232
B 5545 7933   10  232
B 5555 7935   10  232
B 5565 7935   10  232
B 5575 7933   10  232
B 5585 7935   10  232
B 5595 7935   10  232
B 5605 7935   10  232
B 5615 7935   10  232
B 5625 7935   10  232
B 5635 7933   10  232
B 5646 7935   10  232
B 5656 7935   10  232
B 5666 7935   10  232
B 5676 7933   10  232
B 5686 7935   10  232
B 5697 7935   10  232
B 5708 7935   10  232
B 5719 7933   10  232
B 5729 7935   10  232
B 5740 7936   10  232
B 5750 7935   10  232
B 5761 7933   10  232
B 5772 7935   10  232
B 5783 7936   10  232
B 5793 7935   10  232
B 5803 7935   10  232
B 5813 7935   10  232
B 5823 7935   10  232
B 5833 7935  -20  232
B 5843 7933  -20  232
B 5853 7926  -20  232
B 5863 7923  -20  232
B 5873 7925  -20  231
reset done 
B 5883 7925   10  230
B 5893 7888   10  228
B 5903 7888   10  226
B 5913 7892   10  223
B 5923 7894   10  220
B 5933 7896   10  216
B 5943 7898   10  212
B 5953 7898   10  207
B 5963 7935   10  201
SSS vs= 1.01  t=  249
%P VOLT1   = 7801
%P VOLT2   = 8136
%P S2_SC   =  1.01
%P L_ANG_MAX = 249
B 5973 7939   60  195
B 5983 7936   60  190
B 5993 7935   60  183
B 6003 7881   60  178
B 6013 7809   60  173
B 6023 7763   60  171
B 6033 7733   60  170
B 6043 7405   60  170
B 6053 7411   60  170
B 6063 7414   60  170
B 6073 7388   60  173
B 6083 7367   60  179
B 6093 7382   60  185
B 6103 7391   46  191
B 6113 7446   43  199
*** dt = 31 , A = 200 , rpm = 115 
B 6123 7460   20  205
B 6133 7547   20  212
B 6143 7594   20  220
pull out 224
B 6153 7633   10  228
B 6163 7757   10  235
B 6173 7764   10  240
B 6183 7774   10  246
B 6193 7851   10  251
B 6203 7855   10  256
B 6213 7857   10  260
B 6223 7894   10  264
B 6233 7895   10  268
B 6243 7895   10  272
B 6253 7895   10  274
B 6263 7896   10  276
B 6273 7898   10  278
B 6283 7894   10  280
B 6293 7896   10  280
B 6303 7898   10  281
B 6313 7896   10  282
B 6323 7933   10  282
B 6333 7932   10  282
B 6343 7899   10  283
B 6353 7898   10  283
B 6363 7898   10  283
B 6373 7898   10  283
B 6383 7898   10  283
B 6393 7898   10  282
B 6403 7933   10  282
B 6414 7935   10  282
B 6424 7933   10  282
B 6434 7933   10  282
B 6444 7936   10  282
B 6454 7935   10  282
B 6464 7932   10  282
B 6474 7933   10  282
B 6484 7935   10  282
B 6494 7935   10  282
B 6504 7898   10  282
B 6514 7899   10  282
B 6524 7935   10  282
B 6534 7935   10  282
B 6544 7935   10  282
B 6554 7935   10  282
B 6564 7935   10  282
B 6574 7935   10  282
B 6584 7935   10  282
B 6594 7935   10  282
B 6604 7935   10  282
B 6614 7935   10  282
B 6624 7935   10  282
B 6634 7935   10  282
B 6645 7935   10  282
B 6656 7935   10  282
B 6666 7935   10  282
B 6676 7936   10  282
B 6686 7937   10  282
B 6696 7933   10  282
B 6706 7935   10  282
B 6716 7932   10  282
B 6726 7933   10  282
B 6737 7936   10  282
B 6747 7935   10  282
B 6758 7936   10  282
B 6768 7936   10  282
B 6779 7935   10  282
B 6789 7936   10  282
B 6799 7935   10  282
B 6809 7935   10  282
B 6819 7936   10  282
B 6830 7932   10  282
B 6840 7936   10  282
B 6850 7936   10  282
B 6860 7937   10  282
B 6870 7936   10  282
B 6880 7935   10  282
B 6891 7936   10  282
B 6902 7937   10  282
B 6912 7935   10  282
B 6923 7936   10  282
B 6933 7936   10  282
B 6943 7932   10  282
B 6953 7932   10  282
B 6963 7935   10  282
B 6973 7936   10  282
B 6983 7936   10  282
B 6993 7936   10  282
B 7003 7935   10  282
B 7013 7937   10  282
B 7023 7935   10  282
B 7033 7936   10  282
B 7043 7937   10  282
B 7053 7936   10  282
B 7063 7936   10  282
B 7073 7936   10  282
B 7083 7937   10  282
B 7093 7936   10  282
B 7103 7937   10  282
B 7113 7935   10  282
B 7123 7936   10  282
B 7133 7936   10  282
B 7143 7936   10  282
B 7153 7937   10  282
B 7163 7936   10  282
B 7173 7936   10  282
B 7183 7937   10  282
B 7193 7936   10  282
B 7203 7936   10  282
B 7213 7937   10  282
B 7223 7936   10  282
B 7233 7936   10  282
B 7243 7935   10  282
B 7253 7936   10  282
B 7263 7937   10  282
B 7273 7936   10  282
B 7283 7936   10  282
B 7293 7937   10  282
B 7303 7935   10  282
B 7313 7937   10  282
B 7323 7936   10  282
B 7333 7936   10  282
B 7343 7937   10  282
B 7353 7936   10  282
B 7363 7936   10  282
B 7373 7937   10  282
B 7383 7937   10  282
B 7393 7937   10  282
B 7403 7935   10  282
B 7413 7936   10  282
B 7423 7936   10  282
B 7433 7936   10  282
B 7443 7937   10  282
B 7453 7936   10  282
B 7463 7936   10  282
B 7473 7937   10  282
B 7483 7937   10  282
B 7493 7936   10  282
B 7503 7937   10  282
B 7513 7936   10  282
B 7523 7937   10  282
B 7533 7936   10  282
B 7543 7937   10  282
B 7553 7937   10  282
B 7563 7936   10  282
B 7573 7936   10  282
B 7583 7936   10  282
B 7593 7936   10  282
B 7603 7937   10  282
B 7613 7937   10  282
B 7623 7937   10  282
B 7633 7936   10  282
B 7643 7939   10  282
B 7653 7936   10  282
B 7663 7936   10  282
B 7673 7936   10  282
B 7683 7939   10  282
B 7693 7936   10  282
B 7703 7936   10  282
B 7713 7939   10  282
B 7723 7936   10  282
B 7733 7936   10  282
B 7743 7937   10  282
B 7753 7937   10  282
B 7763 7936   10  282
B 7773 7936   10  282
B 7783 7937   10  282
B 7793 7937   10  282
B 7803 7936   10  282
B 7813 7937   10  282
B 7823 7937   10  282
B 7833 7937   10  282
B 7843 7937   10  282
B 7853 7937   10  282
B 7863 7937   10  282
B 7873 7936   10  282
B 7883 7939   10  282
B 7893 7936   10  282
B 7903 7936   10  282
B 7914 7937   10  282
B 7924 7937   10  282
B 7935 7936   10  282
B 7945 7935   10  282
B 7955 7937   10  282
B 7965 7937   10  282
B 7975 7937   10  282
B 7985 7936   10  282
B 7995 7939   10  282
B 8005 7937   10  282
B 8015 7937   10  282
B 8025 7935   10  282
B 8035 7937   10  282
B 8045 7939   10  282
B 8055 7937   10  282
B 8065 7937   10  282
B 8075 7937   10  282
B 8085 7937   10  282
B 8095 7937   10  282
B 8105 7939   10  282
B 8115 7937   10  282
B 8125 7936   10  282
B 8135 7937   10  282
B 8145 7937   10  282
B 8155 7939  -20  282
B 8165 7930  -20  282
B 8175 7926  -20  282
B 8185 7926  -20  282
B 8195 7927  -20  282
B 8205 7891  -20  282
B 8216 7891  -20  282
B 8226 7891  -20  280
reset done 
B 8236 7892   10  280
B 8246 7892   10  278
B 8256 7895   10  276
B 8266 7899   10  273
B 8276 7935   10  270
B 8286 7936   10  267
B 8296 7937   10  264
B 8306 7937   10  260
B 8316 7937   10  255
B 8326 7936   10  251
SSS vs= 1.01  t=  249
%P VOLT1   = 7801
%P VOLT2   = 8143
%P S2_SC   =  1.01
%P L_ANG_MAX = 249
pull out 249 249
B 8336 7936   10  245
B 8346 7937   10  239
B 8357 7937   10  234
B 8368 7939   10  227
B 8378 7939   10  220
B 8388 7937   10  215
B 8399 7936   10  210
B 8410 7935   10  207
B 8420 7937   10  204
B 8431 7936   10  203
B 8442 7937   10  202
B 8453 7937   10  201
B 8463 7936   10  200
B 8474 7937   10  199
B 8485 7939   10  198
B 8495 7936   10  196
B 8505 7937   10  195
B 8515 7940   10  194
B 8525 7937   10  192
B 8535 7936   10  191
B 8545 7939   10  191
B 8555 7937   10  190
B 8565 7936   10  190
B 8575 7937   10  189
B 8585 7937   10  188
B 8595 7939   10  188
B 8605 7936   10  188
B 8615 7937   10  187
B 8625 7939   10  187
B 8636 7937   10  187
B 8648 7940   10  187
B 8658 7936   10  187
B 8668 7937   10  187
B 8678 7939   10  187
B 8688 7939   10  187
B 8698 7937   10  187
B 8709 7937   10  187
B 8719 7937   10  187
B 8729 7935   10  187
B 8739 7937   10  187
B 8749 7939   10  187
B 8759 7937   10  187
B 8769 7940   10  187
B 8779 7939   10  187
B 8789 7937   10  187
B 8799 7936   10  187
B 8809 7937   10  187
B 8819 7937   10  187
B 8829 7939   10  187
B 8839 7937   10  187
B 8849 7937   10  187
B 8859 7939   10  187
B 8869 7937   10  187
B 8879 7937   10  187
B 8889 7939   10  187
B 8899 7937   10  187
B 8909 7937   10  187
B 8919 7937   10  187
B 8929 7937   10  187
B 8939 7939   10  187
B 8949 7939   10  187
B 8959 7939   10  187
B 8969 7939   10  187
B 8979 7937   10  187
B 8989 7937   10  187
B 8999 7939   10  187
B 9009 7939   10  187
B 9019 7937   10  187
B 9029 7939   10  187
B 9039 7939   10  187
B 9049 7939   10  187
B 9059 7937   10  187
B 9069 7937   10  187
B 9079 7939   10  187
B 9089 7937   10  187
B 9099 7939   10  187
B 9109 7939   10  187
B 9119 7937   10  187
B 9129 7939   10  187
B 9139 7939   10  187
B 9149 7939   10  187
B 9159 7937   10  187
B 9169 7939   10  187
B 9179 7939   10  187
B 9189 7937   10  187
B 9199 7939   10  187
B 9209 7937   10  187
B 9219 7939   10  187
B 9229 7939   10  187
B 9239 7939   10  187
B 9249 7940   10  187
B 9259 7939   10  187
B 9270 7939   10  187
B 9280 7937   10  187
B 9290 7940   10  187
B 9301 7939   10  187
B 9312 7939   10  187
B 9324 7939   10  187
B 9334 7939   10  187
B 9344 7937   10  187
B 9354 7939   10  187
B 9364 7939   10  187
B 9375 7939   10  187
B 9385 7939   10  187
B 9395 7937   10  187
B 9405 7937   10  187
B 9415 7937   10  187
B 9425 7939   10  187
B 9435 7937   10  187
B 9445 7939   10  187
B 9455 7939   10  187
B 9466 7937   10  187
B 9477 7939   10  187
B 9488 7940   10  187
B 9498 7939   10  187
B 9508 7939   10  187
B 9518 7939   10  187
B 9528 7937   10  187
B 9538 7940   10  187
B 9548 7939   10  187
B 9558 7939   10  187
B 9568 7939   10  187
B 9579 7939   10  187
B 9589 7937   10  187
B 9599 7939   10  187
B 9609 7939   10  187
B 9619 7937   10  187
B 9630 7937   10  187
B 9640 7939   10  187
B 9650 7939   10  187
B 9660 7939   10  187
B 9670 7937   10  187
B 9680 7937   10  187
B 9690 7937   10  187
B 9700 7939   10  187
B 9710 7939   10  187
B 9720 7939   10  187
B 9731 7939   10  187
B 9741 7939   10  187
B 9751 7939   10  187
B 9761 7937   10  187
B 9771 7939   10  187
B 9782 7939   10  187
B 9793 7939   10  187
B 9803 7940   10  187
B 9813 7939   10  187
B 9823 7939   10  187
B 9833 7940   10  187
B 9843 7939   10  187
B 9853 7939   10  187
B 9863 7940   10  187
B 9873 7940   10  187
B 9883 7940   10  187
B 9893 7939   10  187
B 9903 7939   10  187
B 9913 7939   10  187
B 9923 7939   10  187
B 9934 7940   10  187
B 9944 7939   10  187
B 9954 7939   10  187
B 9964 7940   10  187
B 9975 7939   10  187
B 9985 7939   10  187
B 9995 7937   10  187
B 10005 7940   10  187
B 10015 7974   10  187
B 10025 7976   10  187
B 10035 7940   10  187
B 10045 7940   10  187
B 10055 7940   10  187
B 10065 7939   10  187
B 10075 7939   10  187
B 10085 7940   10  187
B 10095 7939   10  187
B 10105 7939   10  187
B 10115 7940   10  187
B 10125 7937   10  187
B 10135 7940   10  187
B 10146 7939   10  187
B 10156 7939   10  187
B 10166 7939   10  187
B 10176 7940   10  187
B 10186 7940   10  187
B 10196 7939   10  187
B 10206 7940   10  187
B 10216 7940   10  187
B 10226 7939   10  187
B 10236 7939   10  187
B 10247 7940   10  187
B 10257 7939   10  187
B 10268 7939   10  187
B 10278 7939   10  187
B 10288 7939   10  187
B 10298 7940   10  187
B 10308 7939   10  187
B 10318 7939   10  187
B 10328 7939   10  187
B 10338 7939  -20  187
B 10348 7940  -20  187
B 10358 7936  -20  187
B 10368 7932  -20  187
B 10378 7930  -20  187
B 10388 7929  -20  186
reset done 
*** 10396
B 10398 7927    0  185
B 10408 7894    0  184
B 10418 7936    0  181
B 10429 7939    0  179
B 10440 7940    0  176
B 10450 7941    0  172
B 10460 7941    0  168
B 10471 7941    0  163
B 10482 7941    0  158
SSS vs= 1.01  t=  249
%P VOLT1   = 7801
%P VOLT2   = 8153
%P S2_SC   =  1.01
%P L_ANG_MAX = 249
B 10494 7944   60  152
B 10504 7859   60  146
B 10514 7820   60  140
B 10524 7821   60  135
B 10534 7802   60  131
B 10545 7438   60  130
B 10555 7522   60  130
B 10566 7513   60  130
B 10577 7512   60  132
B 10587 7380   60  139
B 10599 7406   60  148
B 10609 7433   42  156
B 10620 7448   30  166
B 10630 7519   20  175
B 10640 7548   20  183
B 10650 7680   20  192
B 10661 7661   20  200
*** dt = 18 , A = 202 , rpm = 134 
B 10671 7665   20  207
pull out 214
B 10682 7811 -100  215
B 10692 7885 -100  221
B 10703 7730 -100  228
B 10713 7649 -100  232
B 10724 7671 -100  238
B 10734 7086 -100  242
B 10744 7126 -100  244
B 10754 7281 -100  245
B 10764 7423 -100  245
B 10775 7320 -100  245
*** amax = 245  vhit = 100
B 10786 7349 -100  232
B 10797 7113 -100  216
B 10808 7003 -100  200
B 10818 7069 -100  184
B 10829 7023 -100  164
B 10840 7199 -100  142
B 10851 7205 -100  120
B 10861 7414 -100   97
B 10872 7482 -100   74
B 10883 7487 -100   47
B 10893 7505 -100   22
B 10903 7521 -100   -3
push -11 -10
push out at target
B 10913 7569   80  -28
B 10923 7574   80  -52
B 10933 7538   80  -74
B 10944 7475   80  -92
B 10954 7483   80 -110
B 10965 7540   80 -132
B 10975 7035   80 -152
B 10986 7038   80 -171
B 10996 7121   80 -185
B 11006 7304   80 -192
B 11016 7268   48 -192
B 11027 7255   10 -192
B 11038 6876   10 -180
B 11048 7029   10 -165
B 11058 7126   10 -151
B 11068 7202   10 -138
B 11078 7723   10 -122
B 11088 7732   10 -108
B 11098 7844   10  -94
B 11108 7850   10  -80
pb end 
B 11118 7851   10  -67
B 11128 7884   10  -53
B 11138 7891   10  -41
B 11148 7889   10  -31
B 11158 7892   10  -21
B 11168 7892   10  -14
B 11178 7894   10   -8
B 11188 7895   10   -3
B 11198 7895   10    2
B 11208 7894   10    6
