  0 836   57    0
 11 8365   57    0
 21 8366   57    0
 31 8290   57    0
 42 8256   57    0
 53 8270   57    0
 64 8286   57    0
 74 8045   57    0
 86 8161   57    0
 96 8155   57    1
107 8082   57    9
117 7856   57   17
128 7841   57   25
138 7874   57   31
148 7847   57   39
160 7927   57   47
170 7927   57   54
181 8032   57   61
192 7998   57   69
202 8001   57   77
213 8001   57   85
223 7933   57   94
233 7933   53  101
244 7959  -95  110
255 8009  -95  120
265 7888  -95  129
275 7830  -95  134
286 8045  -95  143
297 7472  -95  150
308 7509  -95  156
319 7648  -95  159
329 7819  -95  159
341 7776  -95  159
352 7751  -95  145
362 7392  -95  129
373 7263  -95  111
383 7337  -95   94
393 7401  -95   74
403 7570  -95   55
413 7577  -95   33
424 7823  -95    9
434 7891   76  -14
445 7895   76  -31
455 7867   76  -41
465 7783   76  -55
475 7855   76  -68
486 7915   76  -82
496 7861   76  -97
507 7880   76 -112
518 7796   76 -124
528 7752   76 -129
538 7842   30 -129
548 7848    9 -129
558 7908    9 -124
569 7643    9 -111
580 7669    9  -96
590 7688    9  -85
600 8160    9  -72
610 8310    9  -57
621 8313    9  -43
631 8314    9  -29
99999 0 0 0 
  0 836   57    0
 11 8366   57    0
 21 8272   57    0
 31 8260   57    0
 41 8272   57    1
 51 8000   57    1
 61 8012   57    1
 71 8087   57    1
 81 8161   57    1
 91 8144   57    1
101 8065   57    8
111 7920   57   16
122 7905   57   24
132 7875   57   32
142 7852   57   39
152 7861   57   45
163 7935   57   53
174 8003   57   61
185 7999   57   69
196 7999   57   77
207 7999   57   87
217 7929   52   94
227 7931  -95  102
238 7982  -95  111
249 7895  -95  121
259 7802  -95  129
269 7830  -95  135
279 7929  -95  144
289 7597  -95  151
299 7616  -95  156
309 7704  -95  159
319 7812  -95  158
329 7746  -95  158
339 7717  -95  147
351 7351  -95  130
361 7417  -95  114
371 7285  -95   97
382 7392  -95   76
392 7430  -95   56
402 7615  -95   33
412 7862  -95   11
424 7893  -95  -15
434 7892   76  -30
444 7867   76  -41
455 7784   76  -55
465 7831   76  -68
476 7925   76  -83
487 7582   76  -98
497 7589   76 -112
507 7782   76 -123
517 7755   76 -127
527 7842   22 -127
537 7893    9 -127
548 7872    9 -120
559 7605    9 -105
570 7641    9  -94
580 7906    9  -80
591 8269    9  -67
601 8274    9  -52
612 8313    9  -39
622 8313    9  -24
99999 0 0 0 
  0 836   57    1
 11 8363   57    1
 22 8362   57    1
 33 8271   57    1
 43 8257   57    1
 55 8272   57    1
 65 8284   57    1
 75 8080   57    1
 85 8124   57    2
 95 8120   57    2
105 8100   57    3
115 8023   57   10
125 7985   57   19
135 7827   57   27
146 7872   57   35
156 7888   57   43
166 7866   57   50
176 7978   57   57
186 7975   57   65
196 8009   57   73
206 8006   55   81
217 8008   55   90
227 7976   54   99
237 7947  -95  108
247 7795  -95  117
257 7800  -95  123
267 7849  -95  131
277 7916  -95  139
287 7434  -95  145
297 7661  -95  150
307 7533  -95  151
317 7733  -95  151
327 7723  -95  149
337 7704  -95  137
347 7482  -95  121
357 7172  -95  105
367 7254  -95   88
377 7358  -95   69
387 7644  -95   50
397 7651  -95   27
408 7783  -95    5
419 7882   76  -21
430 7841   76  -34
441 7788   76  -47
452 7789   76  -61
462 7840   76  -72
472 7902   76  -88
483 7589   76 -103
493 7781   76 -116
503 7687   76 -125
513 7809   61 -128
524 7835   13 -128
535 7665    9 -128
545 7775    9 -117
555 7692    9 -104
566 8214    9  -92
576 8227    9  -79
587 8269    9  -66
597 8273    9  -52
608 8276    9  -39
618 8308    9  -26
99999 0 0 0 
  0 836   57    2
 10 8362   57    2
 20 8295   57    2
 31 8219   57    2
 41 8264   57    2
 52 7993   57    2
 62 8005   57    2
 73 8089   57    3
 83 8164   57    3
 93 8147   57    3
103 8027   57   10
114 7879   57   19
125 7866   57   27
135 7838   57   35
145 7818   57   42
155 7829   57   50
165 7935   57   57
176 8006   57   65
188 8003   57   75
198 8003   57   83
209 7970   52   92
219 7944   54  101
229 7955   28  109
240 7988  -95  119
251 7913  -95  129
263 7786  -95  139
273 7820  -95  147
283 7914  -95  155
294 7557  -95  163
305 7566  -95  169
316 7615  -95  169
327 7769  -95  169
337 7723  -95  168
347 7712  -95  153
357 7238  -95  138
367 7199  -95  122
377 7287  -95  105
387 7389  -95   86
398 7610  -95   65
408 7617  -95   44
418 7824  -95   21
428 7891  -95   -3
438 7896   76  -24
448 7843   76  -35
458 7736   76  -47
468 7776   76  -57
478 7902   76  -67
488 7461   76  -81
498 7490   76  -92
508 7803   76 -103
518 7804   76 -108
529 7724   30 -109
539 7878    0 -108
549 7929    9 -104
559 8001    9  -93
569 7674    9  -84
579 8186    9  -71
589 8195    9  -60
600 8272    9  -47
610 8274    9  -34
622 8310    9  -20
632 8313    9   -8
99999 0 0 0 
  0 832   57    0
 10 8327   57    0
 20 8325   57    0
 30 8324   57    0
 40 8230   57    0
 50 8220   57    0
 60 8233   57    0
 70 8244   57    0
 80 8255   57    1
 90 8118   57    1
100 8120   57    1
110 8095   57    1
120 8005   57    8
130 7895   57   16
140 7893   57   24
150 7804   57   32
160 7856   57   40
170 7866   57   48
180 7938   55   55
190 7968   57   62
200 7962   57   69
210 7995   57   77
220 7961   57   84
230 7965   57   92
240 7931   57  100
250 7897    9  108
260 7900    9  118
270 8018  -96  127
280 8064  -96  136
290 8083  -96  145
300 8095  -96  152
310 8066  -96  160
320 8031  -96  168
330 8107  -96  175
340 7557  -96  180
350 7556  -96  184
360 7664  -96  184
370 7787  -96  184
380 7735  -96  179
390 7612  -96  166
400 7218  -96  150
410 7295  -96  134
420 7231  -96  116
430 7504  -96   98
440 7538  -96   78
450 7685  -96   57
460 7862  -96   34
470 7858  -96   11
480 7866   76  -14
490 7876   76  -29
500 7848   76  -41
510 7746   76  -54
520 7859   76  -66
530 7914   76  -79
540 7890   76  -93
550 7772   76 -106
560 7701   76 -117
570 7740   76 -124
580 7822   46 -124
590 7810    9 -124
600 7822    9 -121
610 7554    9 -109
620 7632    9  -95
630 7600    9  -84
640 7972    9  -69
650 7981    9  -56
660 8269    9  -41
670 8273    9  -26
99999 0 0 0 
680 8273   10  -12
690 8274   10    1
700 8310   10   12
710 8313   10   22
720 8276   10   28
730 8278   10   32
740 8277   10   35
750 8278   10   35
760 8280   10   35
770 8278   10   35
780 8281   57   35
790 8314   57   35
800 8317   57   35
810 8261   57   32
820 8209   57   28
830 8187   57   26
840 8156   57   24
850 7914   57   25
860 7902   57   25
870 7895   57   25
880 7859   57   28
890 7864   57   35
900 7817   57   42
910 7874   57   49
920 7890   57   56
930 7826   57   63
940 7927   57   69
950 7920   57   76
960 7915   57   84
970 7954   57   91
980 7954   57   99
990 7924   44  108
1000 7926   19  116
1010 7933   17  125
1020 7970  -96  134
1030 7998  -96  144
1040 7994  -96  154
1050 7841  -96  161
1060 7943  -96  170
1070 7990  -96  179
1080 7482  -96  185
1090 7669  -96  190
1100 7568  -96  192
1110 7723  -96  192
1120 7700  -96  192
1130 7679  -96  179
1140 7385  -96  164
1150 7206  -96  147
1160 7281  -96  130
1170 7344  -96  112
1180 7488  -96   92
1190 7497  -96   71
1200 7779  -96   48
1210 7885  -96   24
1220 7893  -96    1
1230 7906   77  -22
1240 7874   77  -34
1250 7837   77  -46
1260 7822   77  -61
1270 7825   77  -76
1280 7878   77  -90
1290 7757   77 -106
1300 7544   77 -121
1310 7498   77 -136
1320 7738   77 -145
1330 7736   62 -148
1340 7702   14 -148
1350 7668    9 -148
1360 7441    9 -136
1370 7570    9 -123
1380 7552    9 -109
1390 7842    9  -97
1400 7859    9  -82
1410 8222    9  -68
1420 8227    9  -54
1430 8230    9  -40
99999 0 0 0 
1440 8267   10  -25
1450 8270   10  -12
1460 8270   10    0
1470 8272   10   10
1480 8272   10   17
1490 8273   10   22
1500 8273   10   24
1510 8274   10   26
1520 8274   10   26
1530 8274   10   26
1540 8274   58   26
1550 8274   58   26
1560 8274   58   26
1570 8199   58   26
1580 8154   58   25
1590 8112   58   24
1600 8009   58   24
1610 7996   58   24
1620 7918   58   25
1630 7846   58   25
1640 7847   58   31
1650 7833   58   38
1660 7786   58   44
1670 7807   58   51
1680 7847   58   57
1690 7878   58   64
1700 7874   58   70
1710 7871   58   77
1720 7905   58   84
1730 7909   58   92
1740 7878   58  100
1750 7880   46  108
1760 7889   20  116
1770 7951   19  126
1780 7943   19  135
1790 7981  -96  145
1800 8103  -96  154
1810 8111  -96  162
1820 7921  -96  169
1830 7958  -96  177
1840 7994  -96  184
1850 8048  -96  190
1860 7529  -96  194
1870 7665  -96  196
1880 7521  -96  196
1890 7719  -96  196
1900 7646  -96  187
1910 7656  -96  172
1920 7289  -96  156
1930 7223  -96  139
1940 7288  -96  121
1950 7443  -96  102
1960 7604  -96   81
1970 7606  -96   60
1980 7817  -96   36
1990 7855  -96   12
2000 7868   77  -12
2010 7883   77  -29
2020 7731   77  -40
2030 7728   77  -52
2040 7858   77  -60
2050 7668   77  -72
2060 7714   77  -84
2070 7754   77  -93
2080 7768   62 -101
2090 7677   54 -103
2100 7769    6 -102
2110 7922    9 -102
2120 8013    9  -92
2130 7659    9  -83
2140 7714    9  -71
2150 7724    9  -59
2160 8224    9  -46
2170 8228    9  -34
2180 8231    9  -22
2190 8267    9  -10
99999 0 0 0 
2200 8269   10    0
2210 8269   10    9
2220 8269   10   16
2230 8272   10   20
2240 8270   10   22
2250 8272   10   23
2260 8272   10   23
2270 8272   10   23
2280 8272   10   23
2290 8273   10   23
2300 8273   58   23
2310 8273   58   23
2320 8236   58   20
2330 8157   58   16
2340 8111   58   14
2350 8009   58   14
2360 7995   58   14
2370 7880   58   15
2380 7914   58   15
2390 7914   58   16
2400 7857   58   22
2410 7882   58   28
2420 7903   58   35
2430 7808   58   42
2440 7806   58   48
2450 7800   58   55
2460 7830   58   62
2470 7865   58   68
2480 7869   58   76
2490 7905   58   84
2500 7876   56   92
2510 7876   56  100
2520 7882   42  108
2530 7924   27  117
2540 7933   19  126
2550 7935   19  136
2560 8030  -96  147
2570 8024  -96  156
2580 7803  -96  164
2590 7978  -96  172
2600 8024  -96  181
2610 8080  -96  188
2620 7663  -96  193
2630 7560  -96  195
2640 7573  -96  195
2650 7693  -96  195
2660 7676  -96  183
2670 7522  -96  168
2680 7197  -96  152
2690 7273  -96  134
2700 7300  -96  116
2710 7516  -96   96
2720 7529  -96   76
2730 7671  -96   52
2740 7848  -96   30
2750 7854  -96    6
2760 7871   77  -19
2770 7879   77  -32
2780 7847   77  -44
2790 7790   77  -59
2800 7824   77  -74
2810 7877   77  -86
2820 7789   77 -103
2830 7543   77 -118
2840 7499   77 -132
2850 7749   77 -141
2860 7743   62 -144
2870 7709   14 -144
2880 7669    9 -144
2890 7472    9 -132
2900 7603    9 -118
2910 7549    9 -105
2920 7836    9  -92
2930 7854    9  -77
2940 8217    9  -63
2950 8223    9  -48
2960 8224    9  -34
99999 0 0 0 
2970 8226   10  -20
2980 8264   10   -7
2990 8264   10    5
3000 8266   10   14
3010 8267   10   21
3020 8267   10   24
3030 8267   10   27
3040 8269   10   28
3050 8267   10   28
3060 8269   10   28
3071 8269   58   28
3081 8270   58   28
3091 8264   58   28
3101 8180   58   28
3111 8144   58   27
3121 8108   58   26
3131 7936   58   26
3141 7924   58   26
3151 7884   58   26
3161 7845   58   27
3171 7851   58   33
3181 7802   58   40
3191 7858   58   46
3201 7875   58   53
3211 7807   58   59
3221 7875   58   66
3231 7869   58   72
3241 7868   58   80
3251 7871   58   88
3261 7874   56   96
3271 7876   53  104
3281 7852   40  112
3291 7869   24  121
3301 7963   19  131
3311 7953   17  140
3321 7978  -96  150
3331 8101  -96  159
3341 8108  -96  167
3351 7897  -96  174
3361 7958  -96  181
3371 7995  -96  188
3381 8052  -96  194
3391 7489  -96  197
3401 7655  -96  199
3411 7524  -96  199
3421 7686  -96  199
3431 7653  -96  190
3441 7663  -96  175
3451 7291  -96  160
3461 7226  -96  142
3471 7284  -96  124
3481 7434  -96  105
3491 7593  -96   84
3501 7597  -96   62
3511 7807  -96   39
3521 7848  -96   16
3531 7865  -96   -9
3541 7869   77  -28
3551 7713   77  -38
3561 7721   77  -49
3571 7819   77  -58
3581 7487   77  -69
3591 7530   77  -80
3601 7716   77  -89
3611 7774   77  -96
3621 7680   46  -97
3631 7806    0  -97
3641 7944    9  -97
3651 8018    9  -86
3661 7625    9  -77
3671 8031    9  -65
3681 8039    9  -53
3691 8220    9  -41
3701 8223    9  -29
3711 8224    9  -17
3721 8226    9   -6
99999 0 0 0 
3731 8227   10    4
3741 8228   10   12
3751 8264   10   18
3761 8264   10   22
3771 8264   10   24
3781 8266   10   24
3791 8266   10   24
3801 8267   10   24
3811 8269   10   24
3821 8267   10   24
  0 828    0    0
 10 8278   57    0
 20 8303   57    0
 30 8182   57    0
 40 8175   57    0
 50 8189   57    0
 60 8200   57    0
 70 8210   57    0
 80 8075   57    0
 90 8077   57    0
100 8059   57    3
110 7986   57   10
120 7847   57   18
130 7825   57   26
140 7755   57   33
150 7835   57   41
160 7849   57   48
170 7855   57   56
180 7964   57   62
190 7961   57   70
200 7958   57   77
210 7920   57   85
220 7920   57   93
230 7921   56  102
240 7858   37  110
250 7859   22  120
260 7959   19  129
270 7980   18  138
280 8012   18  148
290 8032  -96  158
300 8146  -96  166
310 8053  -96  174
320 7968  -96  182
330 7974  -96  188
340 8023  -96  195
350 7759  -96  199
360 7554  -96  202
370 7449  -96  203
380 7646  -96  203
390 7700  -96  199
400 7689  -96  186
410 7474  -96  170
420 7293  -96  155
430 7369  -96  136
440 7351  -96  117
450 7522  -96   98
460 7530  -96   76
470 7779  -96   54
480 7819  -96   30
490 7827  -96    6
500 7878   77  -19
510 7892   77  -32
520 7855   77  -45
530 7790   77  -60
540 7838   77  -73
550 7887   77  -88
560 7834   77 -104
570 7510   77 -118
581 7451   77 -133
591 7695   77 -141
601 7736   54 -143
611 7704    6 -143
621 7741    9 -142
631 7563    9 -129
641 7687    9 -116
651 7605    9 -104
661 7917    9  -89
671 7931    9  -75
681 8220    9  -61
691 8224    9  -46
701 8226    9  -32
99999 0 0 0 
711 8227   10  -18
721 8228   10   -5
731 8230   10    6
741 8267   10   14
751 8267   10   20
761 8267   10   24
771 8269   10   25
781 8269   10   26
791 8269   10   26
801 8269   10   26
811 8269   58   26
821 8267   58   26
831 8259   58   26
841 8180   58   26
851 8139   58   24
861 8101   58   23
871 8076   58   23
881 8063   58   24
891 7881   58   24
901 7845   58   24
911 7847   58   31
921 7833   58   38
931 7790   58   44
941 7806   58   51
951 7847   58   58
961 7807   58   65
971 7803   58   72
981 7838   58   80
991 7875   58   88
1001 7876   56   97
1011 7848   45  106
1021 7892   29  114
1031 7916   28  124
1041 7953   19  134
1051 7970   19  144
1061 7981   19  153
1071 8135   18  162
1081 8179  -96  170
1091 8183  -96  177
1101 8144  -96  184
1111 7963  -96  190
1121 7952  -96  196
1131 8002  -96  200
1141 8056  -96  204
1151 8098  -96  206
1161 7669  -96  206
1171 7685  -96  206
1181 7588  -96  206
1191 7691  -96  192
1201 7565  -96  178
1211 7630  -96  162
1221 7315  -96  144
1231 7308  -96  125
1241 7346  -96  106
1251 7604  -96   85
1261 7709  -96   62
1271 7706  -96   39
1281 7854  -96   15
1291 7872   77  -12
1301 7888   77  -28
1311 7872   77  -39
1321 7771   77  -52
1331 7752   77  -66
1341 7873   77  -78
1351 7464   77  -93
1361 7504   77 -107
1372 7622   77 -122
1382 7686   77 -131
1393 7778   62 -133
1403 7747    4 -133
1413 7762    9 -133
1423 7380    9 -121
1433 7526    9 -108
1443 7596    9  -95
1453 7804    9  -82
1463 7819    9  -68
1473 8181    9  -53
1483 8220    9  -40
1493 8222    9  -24
1503 8224    9  -11
99999 0 0 0 
1513 8227   10    1
1523 8227   10   12
1533 8228   10   20
1543 8266   10   26
1553 8264   10   29
1563 8264   10   31
1573 8267   10   31
1583 8266   10   31
1593 8266   10   31
1603 8266   10   31
1613 8266   58   31
1623 8266   58   31
1633 8266   58   31
1643 8210   58   28
1653 8137   58   26
1663 8095   58   24
1673 8074   58   24
1683 7818   58   25
1693 7846   58   25
1703 7842   58   25
1713 7849   58   26
1723 7797   58   32
1733 7819   58   38
1743 7864   58   44
1753 7796   58   50
1763 7792   58   56
1773 7824   58   62
1783 7821   58   69
1793 7828   58   76
1803 7866   58   84
1813 7872   58   92
1823 7874   56  100
1833 7842   51  108
1843 7889   43  117
1853 7893   28  127
1863 7920   19  136
1873 7972   19  147
1883 8007   19  157
1893 8064  -96  167
1903 8105  -96  176
1913 8009  -96  183
1923 7958  -96  191
1933 7968  -96  198
1943 8016  -96  204
1953 7435  -96  208
1963 7653  -96  212
1973 7555  -96  212
1983 7685  -96  212
1993 7667  -96  208
2003 7646  -96  195
2013 7324  -96  180
2023 7221  -96  163
2033 7295  -96  145
2043 7352  -96  126
2053 7566  -96  106
2063 7569  -96   85
2073 7814  -96   63
2083 7850  -96   38
2093 7858  -96   14
2103 7841   77  -11
2113 7890   77  -29
2123 7874   77  -40
2133 7795   77  -54
2143 7835   77  -68
2153 7883   77  -80
2163 7685   77  -95
2173 7574   77 -109
2183 7538   77 -122
2193 7723   77 -131
2203 7747   62 -133
2213 7716    6 -133
2223 7653    9 -133
2233 7448    9 -122
2243 7590    9 -109
2253 7661    9  -96
2263 7767    9  -84
2273 7779    9  -69
2283 8213    9  -56
2293 8219    9  -41
2303 8219    9  -27
99999 0 0 0 
2313 8222   10  -13
2323 8224   10    0
2333 8224   10   11
2343 8224   10   20
2353 8226   10   25
2363 8226   10   29
2373 8226   10   31
2383 8227   10   31
2393 8224   10   31
2403 8263   10   31
2413 8227   10   31
2423 8226   58   31
2433 8263   58   31
2443 8260   58   30
2453 8216   58   27
2463 8137   58   24
2473 8090   58   23
2483 8073   58   23
2493 7779   58   24
2503 7843   58   24
2513 7839   58   24
2523 7810   58   26
2533 7796   58   32
2543 7817   58   37
2553 7830   58   43
2563 7797   58   49
2573 7796   58   56
2583 7828   58   62
2593 7825   58   68
2603 7827   58   76
2613 7828   58   83
2623 7869   58   91
2633 7872   58   99
2643 7839   52  107
2653 7882   45  116
2663 7889   29  125
2673 7914   19  135
2683 7931   19  145
2693 7968   19  155
2703 8056   18  164
2713 8066  -97  174
2723 7967  -97  180
2733 7957  -97  188
2743 7966  -97  195
2753 8014  -97  202
2763 7431  -97  206
2773 7653  -97  209
2783 7557  -97  210
2793 7689  -97  210
2803 7666  -97  205
2813 7646  -97  192
2823 7291  -97  178
2833 7221  -97  161
2843 7292  -97  144
2853 7385  -97  125
2863 7559  -97  105
2873 7566  -97   84
2883 7778  -97   62
2893 7811  -97   38
2903 7820  -97   14
2913 7837   77  -12
2923 7885   77  -28
2933 7864   77  -40
2943 7790   77  -54
2953 7834   77  -68
2963 7883   77  -81
2973 7647   77  -96
2983 7574   77 -109
2993 7533   77 -124
3003 7716   77 -132
3013 7740   54 -134
3023 7711    6 -134
3033 7673    9 -134
3043 7523    9 -122
3053 7646    9 -109
3063 7705    9  -96
3073 7839    9  -84
3083 7849    9  -69
3093 8213    9  -56
3103 8217    9  -41
3113 8217    9  -28
99999 0 0 0 
3123 8219   10  -14
3133 8220   10   -1
3143 8222   10   10
3153 8223   10   19
3163 8224   10   24
3173 8223   10   28
3183 8223   10   29
3193 8226   10   30
3203 8224   10   30
3213 8224   10   30
3223 8226   10   30
3233 8223   58   30
3243 8226   58   30
3253 8226   58   29
3263 8171   58   26
3273 8092   58   24
3283 8054   58   23
3293 8036   58   23
3303 7813   58   23
3313 7845   58   23
3323 7845   58   23
3333 7818   58   24
3343 7795   58   30
3353 7810   58   36
3363 7821   58   42
3373 7821   58   48
3383 7823   58   55
3393 7857   58   61
3403 7823   58   68
3413 7825   58   75
3423 7830   58   83
3433 7868   58   91
3443 7869   56   99
3453 7872   53  107
3463 7880   46  116
3473 7888   31  125
3483 7910   19  135
3493 7928   19  145
3503 7964   19  155
3513 8052   19  164
3523 8099   19  173
3533 8103  -97  180
3543 8176  -97  188
3553 8052  -97  195
3563 7942  -97  202
3573 7963  -97  207
3583 8019  -97  212
3593 8072  -97  215
3603 7653  -97  217
3613 7713  -97  217
3623 7587  -97  217
3633 7636  -97  211
3643 7490  -97  196
3653 7531  -97  181
3663 7245  -97  164
3673 7274  -97  146
3683 7322  -97  127
3693 7596  -97  107
3703 7705  -97   85
3713 7702  -97   62
3723 7846  -97   38
3733 7855  -97   14
3743 7875   77  -12
3753 7888   77  -28
3763 7869   77  -40
3773 7740   77  -53
3783 7794   77  -66
3793 7847   77  -79
3803 7898   77  -93
3813 7609   77 -107
3823 7748   77 -120
3833 7630   77 -128
3843 7739   54 -129
3853 7711    0 -129
3863 7800    9 -129
3873 7474    9 -117
3883 7553    9 -104
3893 7604    9  -92
3903 7876    9  -79
3913 8169    9  -65
3923 8178    9  -52
3933 8216    9  -37
3943 8219    9  -23
99999 0 0 0 
3953 8217   10  -10
3963 8220   10    3
3973 8222   10   13
3983 8220   10   21
3993 8222   10   26
4003 8224   10   29
4013 8222   10   31
4023 8223   10   31
4033 8224   10   31
4043 8223   10   31
  0 827    0   -4
 10 8273   58   -4
 20 8245   58   -4
 30 8171   58   -4
 40 8169   58   -4
 50 8182   58   -4
 60 7911   58   -4
 70 7919   58   -4
 80 8071   58   -4
 90 8109   58   -4
100 8085   58    2
110 7938   58    9
120 7830   58   17
130 7813   58   25
140 7817   58   33
150 7794   58   40
160 7806   58   48
170 7880   58   55
180 7876   58   63
190 7876   58   70
200 7913   58   79
210 7876   56   87
220 7883   48   96
230 7855   47  104
240 7908   41  113
250 7924   33  122
260 7939   19  132
270 7983   19  141
280 8017   19  151
290 8101   19  160
300 8108   19  168
310 8110   19  176
320 8217  -96  183
330 8219  -96  190
340 8220  -96  196
350 8006  -96  200
360 7956  -96  205
370 7995  -96  209
380 8051  -96  212
390 7457  -96  214
400 7452  -96  214
410 7713  -96  214
420 7730  -96  214
430 7673  -96  204
440 7591  -96  189
450 7462  -96  172
460 7539  -96  155
470 7360  -96  136
480 7451  -96  117
490 7476  -96   96
500 7727  -96   74
510 7796  -96   50
520 7794  -96   26
530 7835  -96    1
540 7886   77  -23
550 7886   77  -34
560 7819   77  -48
570 7779   77  -62
580 7821   77  -74
590 7873   77  -89
600 7458   77 -103
610 7468   77 -117
620 7703   77 -128
630 7708   77 -134
640 7657   38 -134
650 7743    9 -134
660 7730    9 -129
670 7818    9 -116
680 7599    9 -103
690 7946    9  -92
700 7960    9  -78
710 8179    9  -64
720 8219    9  -50
730 8222    9  -36
740 8223    9  -23
99999 0 0 0 
750 8223   10  -10
760 8224   10    2
770 8220   10   12
780 8224   10   19
790 8227   10   24
800 8227   10   26
810 8227   10   27
820 8227   10   28
830 8263   10   27
840 8227   10   28
850 8227   58   27
860 8227   58   27
870 8208   58   27
880 8158   58   27
890 8126   58   25
900 8090   58   25
910 8066   58   25
920 7878   58   25
930 7839   58   25
940 7837   58   28
950 7812   58   35
960 7836   58   41
970 7857   58   48
980 7835   58   55
990 7801   58   61
1000 7801   58   68
1010 7868   58   76
1020 7828   58   83
1030 7831   58   91
1040 7869   58  100
1050 7838   45  108
1060 7845   39  116
1070 7872   41  126
1080 7920   19  136
1090 7963   19  146
1100 7981   19  156
1110 8062   19  164
1120 8069   19  171
1130 8210   18  179
1140 8214   18  187
1150 8217   18  193
1160 8216  -97  199
1170 8216  -97  204
1180 8219  -97  211
1190 8164  -97  215
1200 7970  -97  216
1210 7964  -97  219
1220 8012  -97  221
1230 7499  -97  222
1240 7539  -97  223
1250 7748  -97  223
1260 7765  -97  223
1270 7637  -97  220
1280 7714  -97  208
1290 7637  -97  192
1300 7692  -97  175
1310 7413  -97  157
1320 7411  -97  138
1330 7457  -97  117
1340 7624  -97   96
1350 7733  -97   74
1360 7727  -97   50
1370 7871  -97   26
1380 7879  -97    0
1390 7886   77  -24
1400 7885   77  -36
1410 7807   77  -49
1420 7776   77  -64
1430 7858   77  -75
1440 7874   77  -89
1450 7917   77 -104
1460 7635   77 -117
1470 7710   77 -128
1480 7617   77 -132
1490 7716   22 -132
1500 7789    9 -132
1510 7913    9 -124
1520 7583    9 -112
1530 7584    9 -101
1540 7601    9  -88
1550 8140    9  -76
1560 8216    9  -62
1570 8219    9  -49
1580 8219    9  -36
99999 0 0 0 
1590 8217   10  -24
1600 8222   10  -12
1610 8223   10   -1
1620 8223   10    8
1630 8223   10   13
1640 8223   10   17
1650 8224   10   20
1660 8224   10   20
1670 8223   10   20
1680 8224   10   20
1690 8224   58   20
1700 8226   58   20
1710 8226   58   20
1720 8144   58   20
1730 8107   58   20
1740 8079   58   20
1750 8048   58   20
1760 7887   58   20
1770 7918   58   20
1780 7914   58   20
1790 7846   58   26
1800 7819   58   33
1810 7844   58   40
1820 7831   58   47
1830 7767   58   53
1840 7769   58   60
1850 7834   58   67
1860 7827   58   74
1870 7827   58   81
1880 7828   58   89
1890 7868   58   97
1900 7874   54  106
1910 7845   40  114
1920 7892   34  124
1930 7914   19  133
1940 7942   19  143
1950 8000   19  152
1960 8018   19  162
1970 8132   19  171
1980 8137   18  177
1990 8140  -97  185
2000 8160  -97  192
2010 7964  -97  198
2020 7958  -97  204
2030 8008  -97  208
2040 7494  -97  212
2050 7520  -97  214
2060 7678  -97  214
2070 7659  -97  214
2080 7578  -97  210
2090 7619  -97  198
2100 7461  -97  182
2110 7530  -97  166
2120 7248  -97  148
2130 7346  -97  129
2140 7383  -97  110
2150 7642  -97   89
2160 7742  -97   66
2170 7739  -97   43
2180 7852  -97   19
2190 7866  -97   -6
2200 7878   77  -27
2210 7835   77  -38
2220 7767   77  -51
2230 7749   77  -65
2240 7869   77  -77
2250 7813   77  -92
2260 7851   77 -105
2270 7661   77 -119
2280 7736   77 -129
2290 7648   71 -132
2300 7712   14 -132
2310 7795    9 -132
2320 7923    9 -124
2330 7556    9 -112
2340 7587    9 -100
2350 7598    9  -88
2360 8172    9  -76
2370 8178    9  -63
2380 8181    9  -50
2390 8217    9  -37
99999 0 0 0 
2400 8219   10  -25
2410 8220   10  -14
2420 8219   10   -3
2430 8222   10    5
2440 8222   10   11
2450 8222   10   14
2460 8222   10   16
2470 8222   10   17
2480 8222   10   17
2490 8223   10   17
2500 8222   58   17
2510 8222   58   17
2520 8223   58   17
2530 8140   58   17
2540 8101   58   17
2550 8069   58   17
2560 8041   58   17
2570 7849   58   17
2580 7915   58   17
2590 7911   58   18
2600 7847   58   24
2610 7832   58   31
2620 7852   58   38
2630 7830   58   44
2640 7798   58   51
2650 7800   58   58
2660 7828   58   64
2670 7824   58   72
2680 7824   58   79
2690 7830   58   87
2700 7868   58   94
2710 7871   58  103
2720 7807   50  112
2730 7876   28  120
2740 7906   30  130
2750 7948   19  140
2760 7959   19  149
2770 7970   19  159
2780 8126   19  167
2790 8132   19  175
2800 8137   19  183
2810 8138  -97  190
2820 8209  -97  196
2830 8092  -97  202
2840 7954  -97  206
2850 7967  -97  210
2860 8017  -97  214
2870 7361  -97  216
2880 7599  -97  216
2890 7555  -97  216
2900 7718  -97  216
2910 7694  -97  212
2920 7655  -97  199
2930 7503  -97  184
2940 7395  -97  167
2950 7469  -97  148
2960 7348  -97  129
2970 7497  -97  109
2980 7508  -97   88
2990 7751  -97   66
3000 7783  -97   42
3010 7789  -97   17
3020 7838  -97   -8
3030 7849   77  -28
3040 7833   77  -38
3050 7752   77  -51
3060 7794   77  -64
3070 7843   77  -76
3080 7824   77  -90
3090 7496   77 -104
3100 7479   77 -116
3110 7696   77 -125
3120 7720   62 -128
3130 7679   14 -128
3140 7692    9 -128
3150 7556    9 -117
3160 7699    9 -104
3170 7552    9  -92
3180 7796    9  -80
3190 7810    9  -65
3200 8172    9  -51
3210 8176    9  -37
3220 8178    9  -22
99999 0 0 0 
3230 8214   10   -9
3240 8216   10    4
3250 8219   10   15
3260 8216   10   23
3270 8223   10   29
3280 8219   10   32
3290 8219   10   34
3300 8220   10   34
3310 8219   10   34
3320 8220   10   34
3330 8220   58   34
3340 8220   58   34
3350 8203   58   34
3360 8130   58   33
3370 8100   58   30
3380 8076   58   28
3390 7834   58   28
3400 7813   58   28
3410 7805   58   28
3420 7836   58   28
3430 7833   58   35
3440 7744   58   42
3450 7802   58   49
3460 7823   58   56
3470 7800   58   63
3480 7837   58   69
3490 7833   58   76
3500 7865   58   84
3510 7861   58   92
3520 7862   56  100
3530 7872   51  109
3540 7847   38  118
3550 7867   23  128
3560 7932   19  138
3570 7956   19  147
3580 7974   19  156
3590 8090   19  166
3600 8096   19  172
3610 8100   18  180
3620 8171   18  188
3630 8169  -97  194
3640 8056  -97  200
3650 7919  -97  204
3660 7966  -97  209
3670 8016  -97  212
3680 7358  -97  215
3690 7561  -97  216
3700 7512  -97  216
3710 7704  -97  216
3720 7692  -97  211
3730 7666  -97  198
3740 7514  -97  182
3750 7366  -97  165
3760 7435  -97  147
3770 7382  -97  128
3780 7494  -97  108
3790 7502  -97   86
3800 7748  -97   64
3810 7817  -97   39
3820 7823  -97   16
3830 7835   77  -11
3840 7845   77  -28
3850 7828   77  -40
3860 7745   77  -54
3870 7789   77  -68
3880 7836   77  -80
3890 7816   77  -94
3900 7461   77 -109
3912 7768   77 -124
3922 7658   77 -132
3932 7698   54 -133
3942 7636    0 -133
3952 7725    9 -133
3962 7591    9 -120
3972 7482    9 -107
3982 7532    9  -96
3992 7872    9  -82
4002 8167    9  -68
4012 8172    9  -55
4022 8173    9  -41
4032 8213    9  -27
99999 0 0 0 
4042 8213   10  -14
4052 8213   10   -1
4062 8216   10    9
4072 8217   10   18
4082 8219   10   23
4092 8217   10   26
4102 8217   10   28
4112 8217   10   28
4122 8217   10   28
4132 8219   10   28
  0 826    0   -3
 10 8267   58   -3
 20 8267   58   -3
 30 8175   58   -3
 40 8158   58   -3
 50 8171   58   -3
 60 7899   58   -3
 70 7912   58   -2
 80 7994   58   -2
 90 8066   58   -2
100 8052   58    1
110 7947   58    8
120 7837   58   16
130 7813   58   24
140 7737   58   31
150 7743   58   39
160 7759   58   46
170 7804   58   53
180 7916   58   60
190 7915   58   68
200 7909   58   76
210 7871   56   83
220 7872   58   92
230 7878   56  100
240 7885   44  108
250 7886   46  118
260 7869   23  128
270 7961   19  137
280 7993   19  147
290 7981   19  156
300 8097   19  166
310 8101   19  172
320 8140   19  180
330 8213   19  188
340 8212   19  195
350 8213  -96  202
360 8214  -96  207
370 8027  -96  211
380 7947  -96  215
390 7975  -96  218
400 8027  -96  221
410 7869  -96  222
420 7710  -96  222
430 7648  -96  222
440 7663  -96  222
450 7686  -96  214
460 7669  -96  199
470 7600  -96  183
480 7317  -96  166
490 7386  -96  147
500 7402  -96  127
510 7611  -96  106
520 7614  -96   84
530 7717  -96   62
540 7861  -96   37
550 7869  -96   12
560 7885   77  -12
570 7890   77  -28
580 7860   77  -40
590 7739   77  -53
600 7842   77  -65
610 7894   77  -77
620 7905   77  -91
630 7612   77 -104
640 7551   77 -116
650 7623   77 -122
660 7740   38 -124
670 7732    6 -124
680 7860    9 -121
690 7552    9 -109
700 7623    9  -96
710 7619    9  -85
720 8059    9  -72
730 8066    9  -58
740 8178    9  -45
750 8216    9  -31
760 8217    9  -17
99999 0 0 0 
770 8219   10   -4
780 8220   10    7
790 8219   10   16
800 8220   10   24
810 8222   10   28
820 8222   10   31
830 8222   10   32
840 8220   10   32
850 8222   10   32
860 8223   10   32
870 8223   58   32
880 8223   58   32
890 8223   58   32
900 8222   58   28
910 8144   58   24
920 8083   58   22
930 8044   58   20
940 8028   58   20
950 7954   58   21
960 7809   58   21
970 7805   58   21
980 7840   58   24
990 7792   58   30
1000 7811   58   36
1010 7824   58   42
1020 7830   58   48
1030 7827   58   55
1040 7823   58   62
1050 7860   58   69
1060 7864   58   76
1070 7828   58   84
1080 7831   58   92
1090 7834   56  100
1100 7835   52  109
1110 7842   39  118
1120 7851   25  128
1130 7922   19  137
1140 7948   19  147
1150 7967   19  156
1160 8015   19  167
1170 8096   19  175
1180 8100   19  182
1190 8172   19  189
1200 8175   19  196
1210 8175  -97  202
1220 8212  -97  208
1230 8125  -97  214
1240 7953  -97  216
1250 7953  -97  220
1260 7999  -97  223
1270 8059  -97  226
1280 7424  -97  226
1290 7769  -97  226
1300 7659  -97  226
1310 7654  -97  224
1320 7673  -97  212
1330 7677  -97  196
1340 7596  -97  180
1350 7277  -97  162
1360 7340  -97  143
1370 7380  -97  123
1380 7645  -97  102
1390 7644  -97   80
1400 7745  -97   56
1410 7821  -97   32
1420 7834  -97    7
1430 7847   77  -18
1440 7885   77  -32
1450 7754   77  -44
1460 7739   77  -56
1470 7828   77  -66
1480 7877   77  -80
1490 7703   77  -92
1500 7708   77 -104
1510 7626   77 -112
1520 7638   54 -116
1530 7733   22 -116
1540 7855    9 -116
1550 7882    9 -108
1560 7555    9  -96
1570 7583    9  -88
1580 7774    9  -74
1590 8171    9  -62
1600 8175    9  -49
1610 8178    9  -37
1620 8213    9  -24
99999 0 0 0 
1630 8212   10  -12
1640 8216   10   -1
1650 8216   10    9
1660 8216   10   16
1670 8217   10   21
1680 8216   10   24
1690 8219   10   26
1700 8219   10   26
1710 8219   10   26
1720 8219   10   26
1730 8220   58   26
1740 8220   58   26
1750 8212   58   26
1760 8130   58   25
1770 8103   58   22
1780 8090   58   20
1790 8078   58   19
1800 7908   58   20
1810 7888   58   20
1820 7843   58   20
1830 7802   58   24
1840 7806   58   31
1850 7823   58   38
1860 7779   58   44
1870 7800   58   52
1880 7842   58   58
1890 7838   58   64
1900 7830   58   72
1910 7858   58   79
1920 7857   58   87
1930 7861   58   94
1940 7831   58  103
1950 7837   51  112
1960 7838   28  120
1970 7876   31  130
1980 7913   19  140
1990 7935   19  149
2000 7981   19  158
2010 8130   19  164
2020 8132   19  174
2030 8171   18  180
2040 8172   18  188
2050 8172  -97  194
2060 8021  -97  199
2070 7912  -97  204
2080 7933  -97  208
2090 7982  -97  211
2100 7433  -97  212
2110 7448  -97  212
2120 7556  -97  212
2130 7715  -97  212
2140 7649  -97  204
2150 7618  -97  190
2160 7373  -97  174
2170 7450  -97  156
2180 7378  -97  138
2190 7434  -97  119
2200 7462  -97   99
2210 7611  -97   78
2220 7789  -97   54
2230 7783  -97   31
2240 7823  -97    7
2250 7835   77  -18
2260 7842   77  -32
2270 7809   77  -44
2280 7781   77  -58
2290 7805   77  -72
2300 7853   77  -85
2310 7403   77  -99
2320 7428   77 -113
2331 7572   77 -126
2341 7720   77 -133
2352 7695   46 -134
2362 7685    0 -134
2372 7653    9 -131
2382 7524    9 -118
2392 7607    9 -105
2402 7822    9  -93
2412 7981    9  -80
2422 7990    9  -66
2432 8171    9  -52
2442 8173    9  -38
2452 8175    9  -24
99999 0 0 0 
2462 8176   10  -12
2472 8176   10    1
2482 8178   10   11
2492 8214   10   19
2502 8181   10   24
2512 8182   10   26
2522 8216   10   28
2532 8219   10   28
2542 8217   10   28
2552 8217   10   28
2562 8219   10   28
2572 8216   58   28
2582 8216   58   28
2592 8216   58   26
2602 8140   58   24
2612 8083   58   21
2622 8051   58   20
2632 8030   58   20
2642 7808   58   21
2652 7806   58   21
2662 7805   58   21
2672 7782   58   24
2682 7728   58   31
2692 7741   58   36
2702 7749   58   43
2712 7749   58   49
2722 7746   58   55
2732 7783   58   62
2742 7819   58   68
2752 7820   58   76
2762 7824   58   82
2772 7825   58   90
2782 7827   58   98
2792 7831   54  106
2802 7838   48  115
2812 7844   35  124
2822 7899   20  133
2832 7888   19  143
2842 7921   19  152
2852 8008   19  162
2862 8018   19  171
2872 8022   19  178
2882 8131   18  184
2892 8171   18  192
2902 8171  -97  198
2912 8172  -97  204
2922 8077  -97  209
2932 7920  -97  213
2942 7922  -97  216
2952 7973  -97  220
2962 8025  -97  222
2972 7595  -97  222
2982 7707  -97  222
2992 7595  -97  222
3002 7674  -97  218
3012 7636  -97  204
3022 7654  -97  189
3032 7397  -97  172
3042 7323  -97  154
3052 7375  -97  135
3062 7480  -97  114
3072 7639  -97   94
3082 7638  -97   71
3092 7782  -97   47
3102 7821  -97   22
3112 7835  -97   -2
3122 7848   77  -25
3132 7841   77  -37
3142 7723   77  -49
3152 7783   77  -64
3162 7829   77  -74
3172 7879   77  -89
3182 7455   77 -102
3192 7689   77 -116
3202 7592   77 -125
3212 7686   62 -128
3222 7714   14 -128
3232 7852    9 -128
3242 7711    9 -120
3252 7553    9 -108
3262 7581    9  -97
3272 8126    9  -86
3282 8167    9  -73
3292 8171    9  -61
3302 8173    9  -49
3312 8175    9  -37
99999 0 0 0 
3322 8176   10  -25
3332 8176   10  -14
3342 8176   10   -4
3352 8178   10    4
3362 8213   10   10
3372 8179   10   14
3382 8179   10   16
3392 8214   10   17
3402 8216   10   17
3412 8217   10   17
3422 8181   58   17
3432 8217   58   17
3442 8208   58   17
3452 8133   58   17
3462 8101   58   16
3472 8072   58   16
3482 7820   58   16
3492 7880   58   17
3502 7874   58   17
3512 7836   58   17
3522 7837   58   23
3532 7854   58   29
3542 7805   58   36
3552 7787   58   42
3562 7794   58   48
3572 7827   58   55
3582 7786   58   61
3592 7782   58   68
3602 7816   58   75
3612 7819   58   82
3622 7823   58   90
3632 7792   58   98
3642 7830   55  106
3652 7830   48  114
3662 7841   43  123
3672 7885   29  133
3682 7921   19  142
3692 7948   19  152
3702 7970   19  162
3712 7981   19  171
3722 8127   19  177
3732 8128   18  185
3742 8131   18  192
3752 8168  -97  199
3762 8168  -97  205
3772 8171  -97  210
3782 8169  -97  216
3792 7957  -97  219
3802 7906  -97  222
3812 7943  -97  224
3822 7892  -97  226
3832 7936  -97  227
3842 7711  -97  227
3852 7761  -97  227
3862 7634  -97  227
3872 7695  -97  216
3882 7602  -97  202
3892 7640  -97  186
3902 7391  -97  168
3912 7350  -97  149
3922 7401  -97  130
3932 7538  -97  110
3942 7682  -97   88
3952 7676  -97   64
3962 7817  -97   40
3972 7825  -97   16
3982 7839  -97  -10
3992 7847   78  -28
4002 7775   78  -40
4012 7684   78  -53
4022 7790   78  -64
4032 7878   78  -76
4042 7929   78  -89
4052 7601   78 -102
4062 7689   78 -113
4072 7591   78 -119
4082 7706   38 -120
4093 7786    0 -120
4103 7884    9 -116
4113 7541    9 -104
4123 7560    9  -91
4133 7583    9  -81
4143 8021    9  -68
4153 8167    9  -54
4163 8171    9  -41
4173 8172    9  -28
4183 8173    9  -14
99999 0 0 0 
4193 8176   10   -2
4203 8176   10    8
4213 8175   10   17
4223 8176   10   23
4233 8178   10   26
4243 8213   10   28
4253 8212   10   28
4263 8212   10   28
4273 8176   10   28
4283 8178   10   28
  0 822    0   -2
 10 8226   58   -2
 20 8226   58   -2
 30 8138   58   -2
 40 8120   58   -2
 50 8130   58   -1
 60 8143   58   -1
 70 7870   58   -1
 80 7878   58   -1
 90 8055   58   -1
100 8013   58    1
110 7976   58    8
120 7835   58   16
130 7741   58   23
140 7731   58   31
150 7739   58   38
160 7784   58   45
170 7796   58   52
180 7872   58   60
190 7907   58   66
200 7905   58   74
210 7901   58   82
220 7830   56   90
230 7831   56   98
240 7837   53  107
250 7811   39  116
260 7831   25  124
270 7891   27  134
280 7952   19  144
290 7971   19  153
300 8053   19  162
310 8096   19  170
320 8099   19  176
330 8173   19  184
340 8172   19  191
350 8173  -97  196
360 8209  -97  203
370 8010  -97  208
380 7916  -97  210
390 7940  -97  213
400 7996  -97  216
410 8039  -97  216
420 7605  -97  216
430 7699  -97  216
440 7573  -97  216
450 7691  -97  210
460 7656  -97  196
470 7694  -97  180
480 7443  -97  163
490 7372  -97  144
500 7428  -97  124
510 7495  -97  104
520 7649  -97   82
530 7645  -97   60
540 7786  -97   36
550 7824  -97   12
560 7837   77  -14
570 7845   77  -31
580 7827   77  -44
590 7698   77  -58
600 7794   77  -71
610 7880   77  -84
620 7926   77 -100
630 7459   77 -114
640 7648   77 -127
650 7548   77 -134
660 7665   46 -136
670 7723    6 -136
680 7906    9 -133
690 7674    9 -122
700 7572    9 -112
710 7590    9 -100
720 8167    9  -88
730 8171    9  -76
740 8173    9  -64
750 8176    9  -52
760 8176    9  -40
99999 0 0 0 
770 8178   10  -28
780 8213   10  -18
790 8214   10   -9
800 8214   10   -3
810 8214   10    2
820 8216   10    5
830 8216   10    8
840 8216   10    9
850 8216   10    9
860 8217   10    9
870 8220   10   10
880 8216   58   10
890 8180   58   10
900 8121   58   10
910 8089   58   10
920 8056   58   10
930 7888   58   10
940 7874   58   10
950 7873   58   12
960 7842   58   18
970 7820   58   24
980 7838   58   30
990 7783   58   36
1000 7755   58   42
1010 7751   58   48
1020 7780   58   55
1030 7814   58   61
1040 7811   58   68
1050 7816   58   74
1060 7816   58   81
1070 7819   58   88
1080 7820   58   96
1090 7787   58  104
1100 7792   50  112
1110 7831   45  121
1120 7837   33  130
1130 7884   19  140
1140 7911   19  150
1150 7973   19  159
1160 7981   19  168
1170 8093   19  175
1180 8131   19  183
1190 8132   19  191
1200 8169   19  197
1210 8171   19  203
1220 8169  -97  208
1230 8115  -97  214
1240 7925  -97  216
1250 7912  -97  220
1260 7957  -97  222
1270 7906  -97  224
1280 7943  -97  224
1290 7663  -97  224
1300 7712  -97  224
1310 7590  -97  222
1320 7680  -97  210
1330 7615  -97  194
1340 7668  -97  178
1350 7380  -97  160
1360 7367  -97  140
1370 7407  -97  120
1380 7570  -97   99
1390 7675  -97   76
1400 7671  -97   53
1410 7819  -97   29
1420 7865  -97    4
1430 7876   77  -21
1440 7879   77  -32
1450 7759   77  -44
1460 7743   77  -56
1470 7828   77  -65
1480 7878   77  -79
1490 7917   77  -92
1500 7602   77 -103
1510 7693   77 -112
1520 7602   62 -116
1530 7698   22 -116
1540 7842    9 -116
1550 7946    9 -109
1560 7617    9  -97
1570 7577    9  -88
1580 7591    9  -76
1590 8096    9  -64
1600 8169    9  -50
1610 8173    9  -38
1620 8173    9  -25
99999 0 0 0 
1630 8175   10  -13
1640 8176   10   -2
1650 8175   10    8
1660 8178   10   15
1670 8179   10   20
1680 8178   10   24
1690 8178   10   25
1700 8178   10   25
1710 8213   10   25
1720 8214   10   25
1730 8213   58   25
1740 8214   58   25
1750 8213   58   25
1760 8126   58   23
1770 8093   58   20
1780 8083   58   17
1790 8065   58   17
1800 7859   58   17
1810 7880   58   18
1820 7867   58   18
1830 7801   58   21
1840 7808   58   28
1850 7827   58   36
1860 7782   58   42
1870 7828   58   49
1880 7831   58   56
1890 7825   58   62
1900 7819   58   69
1910 7817   58   77
1920 7854   58   85
1930 7789   56   92
1940 7790   58  100
1950 7833   58  109
1960 7835   39  118
1970 7859   24  128
1980 7884   19  137
1990 7946   19  147
2000 7966   19  156
2010 8048   19  165
2020 8089   19  172
2030 8093   19  180
2040 8165   18  187
2050 8167   18  193
2060 8168  -97  199
2070 8168  -97  205
2080 7995  -97  210
2090 7908  -97  212
2100 7934  -97  216
2110 7983  -97  218
2120 8037  -97  219
2130 7564  -97  219
2140 7665  -97  219
2150 7543  -97  219
2160 7697  -97  212
2170 7669  -97  198
2180 7695  -97  182
2190 7440  -97  164
2200 7367  -97  146
2210 7419  -97  127
2220 7458  -97  106
2230 7610  -97   84
2240 7606  -97   62
2250 7783  -97   38
2260 7823  -97   14
2270 7834   77  -11
2280 7844   77  -29
2290 7824   77  -40
2300 7704   77  -53
2310 7762   77  -66
2320 7845   77  -78
2330 7891   77  -92
2340 7459   77 -105
2350 7630   77 -117
2360 7511   77 -125
2370 7665   54 -126
2380 7708    0 -126
2390 7712    9 -125
2400 7489    9 -113
2410 7506    9 -100
2420 7576    9  -88
2430 7608    9  -74
2440 7551    9  -60
2450 7561    9  -46
2460 8167    9  -32
2470 8169    9  -18
2480 8171    9   -5
99999 0 0 0 
2490 8173   10    7
2500 8172   10   17
2510 8173   10   24
2520 8175   10   29
2530 8173   10   32
2540 8175   10   32
2550 8175   10   32
2560 8175   10   32
2570 8176   10   32
2580 8176   10   32
2590 8176   58   32
2600 8130   58   32
2610 8071   58   27
2620 8083   58   24
2630 8056   58   23
2640 7850   58   23
2650 7837   58   24
2660 7835   58   24
2670 7795   58   25
2680 7796   58   32
2690 7815   58   40
2700 7806   58   46
2710 7752   58   53
2720 7759   58   60
2730 7789   58   66
2740 7784   58   73
2750 7779   58   80
2760 7814   58   88
2770 7819   58   96
2780 7824   55  104
2790 7864   49  113
2800 7839   38  122
2810 7847   23  131
2820 7880   19  141
2830 7932   19  150
2840 7962   19  160
2850 7974   19  169
2860 8087   19  176
2870 8090   18  184
2880 8164   18  191
2890 8165  -97  198
2900 8167  -97  204
2910 8168  -97  210
2920 8144  -97  215
2930 7936  -97  218
2940 7913  -97  221
2950 7954  -97  224
2960 8007  -97  226
2970 7410  -97  226
2980 7629  -97  226
2990 7548  -97  226
3000 7669  -97  226
3010 7680  -97  214
3020 7677  -97  199
3030 7515  -97  183
3040 7406  -97  164
3050 7466  -97  146
3060 7402  -97  126
3070 7499  -97  105
3080 7497  -97   83
3090 7742  -97   60
3100 7779  -97   36
3110 7789  -97   11
3120 7839   78  -14
3130 7845   78  -30
3140 7749   78  -42
3150 7721   78  -56
3160 7801   78  -65
3170 7846   78  -78
3180 7433   78  -92
3190 7527   78 -104
3200 7461   78 -116
3210 7650   78 -120
3220 7698   22 -121
3230 7762    0 -121
3240 7779    9 -117
3250 7637    9 -105
3260 7673    9  -96
3270 7939    9  -84
3280 8090    9  -72
3290 8094    9  -60
3300 8167    9  -47
3310 8169    9  -34
3320 8171    9  -22
99999 0 0 0 
3330 8171   10  -11
3340 8171   10    0
3350 8173   10    8
3360 8172   10   15
3370 8173   10   18
3380 8173   10   20
3390 8175   10   21
3400 8175   10   21
3410 8175   10   21
3420 8173   10   21
3430 8175   58   21
3440 8173   58   21
3450 8175   58   21
3460 8176   58   19
3470 8080   58   15
3480 8031   58   13
3490 8006   58   12
3500 7990   58   12
3510 7805   58   12
3520 7836   58   13
3530 7835   58   13
3540 7840   58   18
3550 7752   58   24
3560 7773   58   30
3570 7821   58   36
3580 7787   58   43
3590 7783   58   49
3600 7779   58   56
3610 7814   58   63
3620 7817   58   70
3630 7787   58   78
3640 7825   58   85
3650 7825   58   92
3660 7790   58  100
3670 7792   58  108
3680 7794   46  117
3690 7834   32  127
3700 7858   19  136
3710 7875   19  146
3720 7948   19  156
3730 8004   19  166
3740 8012   19  175
3750 8052   19  182
3760 8159  -97  190
3770 8038  -97  196
3780 7908  -97  203
3790 7919  -97  209
3800 7968  -97  214
3810 8020  -97  217
3820 7644  -97  220
3830 7565  -97  220
3840 7586  -97  220
3850 7635  -97  214
3860 7622  -97  201
3870 7479  -97  186
3880 7194  -97  170
3890 7256  -97  152
3900 7308  -97  134
3910 7546  -97  114
3920 7553  -97   93
3930 7650  -97   71
3940 7792  -97   48
3950 7799  -97   24
3960 7819  -97   -1
3970 7834   78  -24
3980 7833   78  -36
3990 7735   78  -49
4000 7769   78  -61
4010 7817   78  -72
4020 7865   78  -86
4030 7550   78  -99
4040 7542   78 -112
4050 7590   78 -120
4060 7720   54 -124
4070 7675   22 -124
4080 7744    9 -124
4090 7410    9 -114
4100 7533    9 -101
4110 7552    9  -89
4120 7895    9  -77
4130 7908    9  -64
4140 8124    9  -50
4150 8165    9  -36
4160 8168    9  -22
99999 0 0 0 
4170 8169   10   -9
4180 8169   10    4
4190 8173   10   14
4200 8171   10   22
4210 8171   10   28
4220 8171   10   31
4230 8172   10   32
4240 8173   10   32
4250 8173   10   32
4260 8172   10   32
  0 822    0   -2
 10 8223   58   -2
 20 8222   58   -2
 30 8138   58   -2
 40 8117   58   -2
 50 8126   58   -2
 60 8139   58   -2
 70 7936   58   -2
 80 7945   58   -2
 90 8022   58   -1
100 8013   58   -1
110 7974   58    5
120 7893   58   12
130 7725   58   21
140 7731   58   29
150 7782   58   36
160 7796   58   44
170 7806   58   51
180 7838   58   58
190 7903   58   66
200 7901   58   74
210 7865   56   82
220 7902   56   90
230 7905   56   98
240 7801   52  107
250 7845   37  116
260 7863   24  125
270 7925   19  135
280 7986   19  145
290 8004   19  154
300 8017   19  163
310 8130   19  171
320 8131   18  178
330 8134   18  185
340 8172  -97  192
350 8171  -97  198
360 8173  -97  204
370 8023  -97  208
380 7913  -97  212
390 7934  -97  215
400 7808  -97  217
410 7857  -97  219
421 7499  -97  219
431 7766  -97  219
441 7639  -97  219
451 7692  -97  212
461 7557  -97  198
471 7585  -97  181
481 7510  -97  164
491 7335  -97  145
501 7389  -97  126
511 7426  -97  106
521 7683  -97   84
531 7678  -97   61
541 7746  -97   37
551 7823  -97   12
561 7834   77  -12
571 7845   77  -30
581 7855   77  -41
591 7735   77  -55
601 7794   77  -68
611 7809   77  -80
621 7857   77  -94
631 7462   77 -108
641 7692   77 -120
651 7591   77 -128
661 7628   54 -129
671 7692    0 -129
681 7877    9 -128
691 7854    9 -117
701 7569    9 -108
711 7586    9  -96
721 8090    9  -84
731 8168    9  -73
741 8169    9  -61
751 8172    9  -50
761 8175    9  -40
99999 0 0 0 
771 8175   10  -28
781 8175   10  -19
791 8178   10  -11
801 8178   10   -5
811 8178   10    0
821 8178   10    3
831 8178   10    5
841 8213   10    6
851 8214   10    7
861 8214   10    7
871 8179   58    9
881 8214   58    9
891 8171   58    9
901 8114   58    9
911 8075   58    9
921 8037   58    9
931 8017   58    9
941 7869   58    9
951 7862   58   11
961 7863   58   16
971 7802   58   21
981 7822   58   27
991 7841   58   33
1001 7749   58   40
1011 7748   58   45
1021 7743   58   52
1031 7778   58   58
1041 7776   58   64
1051 7810   58   71
1061 7813   58   78
1071 7817   58   85
1081 7786   58   93
1091 7789   58  100
1101 7790   58  109
1111 7830   46  118
1121 7837   25  127
1131 7837   19  137
1141 7859   19  147
1151 7909   19  157
1161 7933   19  167
1171 7978   19  176
1181 8124   19  184
1191 8127  -97  192
1201 8164  -97  200
1211 8157  -97  207
1221 7937  -97  213
1231 7911  -97  219
1241 7950  -97  223
1251 8004  -97  227
1261 7403  -97  228
1271 7640  -97  229
1281 7511  -97  229
1291 7579  -97  228
1301 7553  -97  215
1311 7568  -97  200
1321 7451  -97  184
1331 7238  -97  167
1341 7296  -97  148
1351 7365  -97  129
1361 7624  -97  108
1371 7620  -97   86
1381 7725  -97   63
1391 7800  -97   39
1401 7819  -97   14
1411 7803   78  -12
1421 7847   78  -30
1431 7753   78  -42
1441 7714   78  -55
1451 7789   78  -65
1461 7842   78  -78
1471 7891   78  -92
1481 7631   78 -104
1491 7565   78 -115
1501 7608   78 -120
1511 7730   30 -121
1521 7799    0 -121
1531 7834    9 -117
1541 7518    9 -105
1551 7563    9  -93
1561 7549    9  -84
1571 8053    9  -70
1581 8058    9  -57
1591 8168    9  -45
1601 8169    9  -32
1611 8172    9  -20
99999 0 0 0 
1621 8171   10   -8
1631 8171   10    4
1641 8173   10   12
1651 8172   10   18
1661 8173   10   22
1671 8176   10   24
1681 8175   10   25
1691 8175   10   25
1701 8173   10   25
1711 8176   10   25
1721 8175   58   25
1731 8176   58   25
1741 8210   58   25
1751 8173   58   22
1761 8083   58   18
1771 8045   58   16
1781 8009   58   15
1791 7987   58   15
1801 7765   58   16
1811 7833   58   16
1821 7829   58   16
1831 7774   58   20
1841 7759   58   26
1851 7775   58   32
1861 7784   58   39
1871 7712   58   45
1881 7703   58   51
1891 7738   58   58
1901 7809   58   64
1911 7811   58   71
1921 7850   58   78
1931 7817   58   86
1941 7820   58   93
1951 7784   58  101
1961 7821   58  109
1971 7825   46  118
1981 7797   33  128
1991 7855   19  137
2001 7875   19  148
2011 7911   19  158
2021 7932   19  167
2031 7940   19  176
2041 8052   19  183
2051 8161  -97  191
2061 8035  -97  198
2071 7906  -97  204
2081 7915  -97  211
2091 7965  -97  216
2101 8018  -97  219
2111 7607  -97  221
2121 7523  -97  221
2131 7545  -97  221
2141 7631  -97  216
2151 7618  -97  203
2161 7517  -97  188
2171 7195  -97  171
2181 7263  -97  153
2191 7273  -97  134
2201 7508  -97  115
2211 7514  -97   93
2221 7650  -97   71
2231 7758  -97   48
2241 7766  -97   23
2251 7821  -97   -1
2261 7803   78  -25
2271 7800   78  -36
2281 7698   78  -49
2291 7734   78  -62
2301 7785   78  -73
2311 7868   78  -88
2321 7519   78 -100
2331 7503   78 -113
2341 7584   78 -121
2351 7683   54 -124
2361 7641   14 -124
2371 7751    9 -124
2381 7495    9 -114
2391 7608    9 -101
2401 7518    9  -89
2411 7825    9  -77
2421 7836    9  -63
2431 8126    9  -49
2441 8164    9  -36
2451 8168    9  -21
2461 8167    9   -8
99999 0 0 0 
2471 8169   10    4
2481 8171   10   15
2491 8171   10   22
2501 8171   10   28
2511 8171   10   31
2521 8171   10   32
2531 8172   10   32
2541 8173   10   32
2551 8173   10   32
2561 8172   10   32
2571 8173   58   32
2581 8148   58   32
2591 8083   58   28
2601 8053   58   25
2611 8032   58   23
2621 7826   58   23
2631 7806   58   24
2641 7799   58   24
2651 7796   58   24
2661 7795   58   30
2671 7769   58   37
2681 7721   58   44
2691 7739   58   51
2701 7789   58   57
2711 7752   58   64
2721 7751   58   71
2731 7814   58   78
2741 7814   58   86
2751 7816   58   94
2761 7821   56  102
2771 7825   51  111
2781 7837   37  120
2791 7812   22  129
2801 7877   19  139
2811 7895   19  148
2821 7921   19  158
2831 7970   19  167
2841 7978   19  175
2851 8087   19  182
2861 8126  -97  190
2871 8126  -97  196
2881 8126  -97  202
2891 7990  -97  207
2901 7902  -97  211
2911 7925  -97  215
2921 7975  -97  218
2931 8029  -97  220
2941 7445  -97  220
2951 7703  -97  220
2961 7580  -97  220
2971 7609  -97  214
2981 7550  -97  200
2991 7583  -97  184
3001 7475  -97  167
3011 7295  -97  149
3021 7348  -97  130
3031 7417  -97  110
3041 7674  -97   88
3051 7666  -97   66
3061 7735  -97   42
3071 7778  -97   18
3081 7793  -97   -8
3091 7839   78  -27
3101 7827   78  -38
3111 7765   78  -52
3121 7736   78  -68
3131 7714   78  -84
3141 7760   78  -98
3151 7742   78 -116
3161 7427   78 -133
3171 7398   78 -149
3181 7509   78 -160
3191 7654   78 -164
3201 7616   22 -164
3211 7702    9 -164
3221 7484    9 -155
3231 7561    9 -141
3241 7562    9 -131
3251 8112    9 -117
3261 8120    9 -104
3271 8124    9  -92
3281 8128    9  -78
3291 8130    9  -66
99999 0 0 0 
3301 8131   10  -54
3311 8167   10  -42
3321 8168   10  -32
3331 8168   10  -23
3341 8169   10  -16
3351 8168   10  -10
3361 8169   10   -5
3371 8171   10   -1
3381 8171   10    1
3391 8171   10    4
3401 8209   10    5
3411 8206   58    8
3421 8172   58    8
3431 8122   58    8
3441 8071   58    8
3451 8035   58    8
3461 8006   58    8
3471 7983   58    9
3481 7831   58   12
3491 7863   58   16
3501 7874   58   22
3511 7851   58   28
3521 7723   58   33
3531 7732   58   39
3541 7780   58   45
3551 7741   58   51
3561 7739   58   56
3571 7775   58   63
3581 7809   58   68
3591 7807   58   75
3601 7773   58   82
3611 7776   58   88
3621 7779   58   96
3631 7779   58  104
3641 7787   50  112
3651 7789   44  120
3661 7837   38  129
3671 7832   25  139
3681 7857   19  148
3691 7913   19  157
3701 8035   19  166
3711 8044   19  174
3721 8048   18  181
3731 8083   18  188
3741 8087  -97  195
3751 8062  -97  200
3761 7876  -97  206
3771 7865  -97  210
3781 7913  -97  214
3791 7329  -97  216
3801 7363  -97  217
3811 7524  -97  218
3821 7709  -97  218
3831 7605  -97  216
3841 7635  -97  203
3851 7434  -97  188
3861 7490  -97  172
3871 7377  -97  154
3881 7327  -97  136
3891 7366  -97  116
3901 7450  -97   96
3911 7695  -97   72
3921 7689  -97   50
3931 7766  -97   26
3941 7779  -97    1
3951 7794   77  -23
3961 7796   77  -34
3971 7753   77  -46
3981 7734   77  -59
3991 7776   77  -69
4001 7755   77  -83
4011 7796   77  -96
4021 7445   77 -108
4032 7672   77 -119
4043 7688   71 -122
4053 7650   12 -122
4063 7625    9 -122
4073 7473    9 -114
4083 7634    9 -101
4093 7531    9  -88
4103 7637    9  -77
4113 7651    9  -64
4123 8120    9  -49
4133 8124    9  -35
4143 8126    9  -21
99999 0 0 0 
4153 8162   10   -8
4163 8165   10    4
4173 8165   10   15
4183 8167   10   23
4193 8165   10   28
4203 8167   10   32
4213 8168   10   32
4223 8167   10   33
4233 8168   10   33
4243 8168   10   33
4253 8169   10   33
