  0 766   73    0
 11 7662   73    0
 21 7662   73    0
 32 7569   73    0
 42 7505   73    0
 52 7522   73    0
 64 7163   73    0
 74 7177   73    0
 84 7263   73    3
 94 7216   73   10
104 7175   73   18
114 7043   73   27
124 6890   73   35
134 6890   56   44
144 6931   47   53
154 7082   47   61
164 7152   56   71
174 7217   38   80
184 7304   33   89
194 7330   29   98
204 7418   26  105
214 7432   39  113
224 7440   28  120
234 7500   33  127
244 7498   31  133
254 7502   36  139
264 7539   34  146
274 7510   16  152
284 7518   16  159
294 7530   16  164
304 7567   16  170
314 7571   16  175
325 7607   16  179
336 7608   16  183
346 7610 -104  186
356 7610 -104  189
366 7611 -104  191
376 7426 -104  192
386 7382 -104  192
396 7411 -104  192
407 7464 -104  192
417 6936 -104  192
427 7198 -113  191
437 7163 -113  191
447 7151 -113  187
458 7182 -113  175
469 7109 -113  159
479 7148 -113  142
490 6944 -113  123
500 6902 -113  104
510 6954 -113   84
521 7013 -113   63
531 7118 -113   41
542 7110 -113   17
552 7212 -113   -6
562 7246   83  -20
572 7138   83  -31
582 7131   83  -43
592 7187   83  -53
602 7240   83  -65
612 6756   83  -76
622 6942   83  -87
632 6839   83  -97
643 7014   76  -98
654 7031    0  -98
665 7043   10  -97
675 7145   10  -85
686 6944   10  -75
696 7500   10  -62
706 7515   10  -50
716 7556   10  -37
726 7560   10  -25
736 7563   10  -12
746 7565   10    0
99999 0 0 0 
  0 762   73    7
 11 7622   73    7
 21 7496   73    7
 33 7466   73    7
 44 7489   73    7
 54 7554   73    7
 64 7290   73    7
 74 7293   73    7
 85 7312   73    8
 96 7115   73   17
106 7063   73   27
116 6991   73   36
126 6915   47   45
136 6948   47   54
146 7002   47   63
156 7215   47   73
168 7228   27   84
178 7246   29   93
188 7418   27  102
198 7432   24  110
208 7434   29  117
218 7514   34  125
229 7552   23  132
239 7542   34  139
249 7541   26  145
259 7549   31  151
270 7548   20  157
280 7505   20  163
290 7552   20  169
301 7559   20  174
311 7563   20  179
321 7563   20  183
331 7565   20  187
341 7565 -104  191
351 7601 -104  194
361 7398 -104  196
371 7341 -104  197
382 7400 -104  197
393 7060 -104  197
403 7101 -104  197
413 7159 -104  197
423 7259 -104  197
433 7161 -111  196
443 7155 -111  187
454 7108 -111  171
464 7137 -111  155
474 6916 -111  138
484 6843 -111  120
494 6900 -111  100
504 6999 -111   80
514 7078 -111   58
524 7073 -111   38
534 7210 -111   15
545 7249   83  -11
556 7245   83  -24
566 7210   83  -37
577 7151   83  -52
588 7115   83  -68
599 7174   83  -83
610 7159   83  -99
620 7002   83 -115
630 6922   83 -126
640 6981   83 -133
650 7062   50 -133
661 7033   10 -133
671 7056   10 -127
682 6732   10 -113
694 6802   10  -97
705 6846   10  -82
716 7289   10  -67
726 7512   10  -53
738 7553   10  -35
748 7556   10  -21
99999 0 0 0 
  0 762   73    0
 11 7620   73    0
 21 7621   73    0
 31 7520   73    0
 41 7463   73    0
 51 7475   73    0
 61 7503   73    0
 71 7171   73    0
 82 7241   73    3
 93 7193   73    9
103 7178   73   18
113 7047   73   27
123 7031   73   35
134 6887   56   44
144 6928   54   53
154 7024   47   64
164 7062   30   72
174 7166   46   82
184 7228   23   91
194 7225   28  101
204 7333   15  110
214 7378   19  119
224 7436   15  127
234 7339   21  136
246 7555   10  144
257 7555   10  151
268 7565   10  159
278 7569   10  166
289 7571   10  173
300 7574   10  178
310 7608   10  182
322 7610   10  187
333 7610 -105  191
344 7610 -105  194
355 7460 -105  195
366 7372 -105  196
376 7398 -105  196
387 7091 -105  196
398 6996 -105  196
409 7013 -120  195
420 7135 -120  195
430 7156 -120  188
441 7126 -120  173
452 7116 -120  158
462 6962 -120  140
473 6931 -120  121
484 6998 -120   99
494 6963 -120   81
504 7049 -120   59
516 7182 -120   34
526 7176 -120   10
536 7212   84  -13
547 7239   84  -24
558 7190   84  -38
569 7112   84  -53
579 7132   84  -69
589 7182   84  -82
599 7167   84  -99
610 6744   84 -115
622 6910   84 -130
632 6794   84 -138
642 7015   58 -139
653 6981    0 -139
663 7182   10 -135
673 6874   10 -123
683 6824   10 -113
694 6852   10  -98
705 7505   10  -85
715 7511   10  -71
727 7553   10  -57
737 7556   10  -45
748 7559   10  -33
99999 0 0 0 
  0 762   73    6
 10 7618   73    6
 20 7498   73    6
 30 7460   73    7
 40 7470   73    7
 50 7082   73    7
 60 7062   73    7
 70 7148   73    7
 82 7090   73   15
 92 7071   73   24
102 6993   73   33
112 6884   47   42
122 6891   47   51
132 7072   47   60
142 7173   47   70
152 7190   38   79
162 7202   33   87
172 7388   38   96
182 7402   26  104
192 7375   31  112
202 7419   28  120
212 7425   25  127
222 7467   29  135
232 7541   17  142
242 7539   24  149
252 7510   12  155
262 7519   12  162
272 7526   12  167
282 7495   12  173
292 7533   12  178
302 7536   12  182
312 7570   12  186
322 7610   12  189
333 7607   10  191
343 7608   10  193
353 7607   10  195
363 7608   10  196
373 7610   10  196
383 7610   10  196
393 7610   10  196
403 7611   10  196
413 7610   10  196
423 7611   10  196
433 7610   10  195
443 7611   10  195
453 7612   10  195
463 7610   10  195
473 7610   10  195
483 7612   10  195
493 7612   10  195
503 7612   10  195
513 7612   10  195
523 7612   10  195
533 7612   10  194
543 7612   10  194
553 7612   10  193
563 7614   10  193
573 7612   10  192
583 7612   10  192
594 7612   10  192
604 7615   10  192
615 7612   10  192
626 7612   10  192
637 7615   10  192
647 7614   10  192
657 7614   10  192
667 7614   10  192
677 7615   10  192
687 7612   10  192
697 7614   10  192
707 7614   10  192
717 7614   10  192
727 7614   10  192
737 7614   10  192
747 7614   10  192
757 7614   10  192
767 7614   10  192
777 7614   10  192
787 7615   10  192
797 7614   10  192
807 7614   10  192
817 7615   10  192
827 7612   10  192
837 7618   10  192
847 7614   10  192
857 7614   10  192
867 7614   10  192
877 7615   10  192
887 7614   10  192
897 7614   10  192
907 7614   10  192
917 7614   10  192
927 7614   10  192
937 7615   10  192
947 7614   10  192
957 7614   10  192
967 7615   10  192
977 7614   10  192
988 7614   10  192
998 7615   10  192
1008 7614   10  192
1018 7614   10  192
1029 7614   10  192
1040 7614   10  192
1050 7614   10  192
1060 7615   10  192
1070 7617   10  192
1080 7614   10  192
1090 7614   10  192
1102 7614   10  192
1112 7614   10  192
1123 7617   10  192
1133 7617   10  192
1143 7615   10  192
1153 7615   10  192
1163 7614   10  192
1173 7615   10  192
1183 7615   10  192
1193 7614   10  192
1203 7614   10  192
1213 7614   10  192
1224 7617   10  192
1234 7614   10  192
1244 7614   10  192
1254 7614   10  192
1264 7614   10  192
1274 7614   10  192
1285 7615   10  192
1295 7617   10  192
1305 7614   10  192
1315 7543   10  192
1325 7544   10  192
1335 7580   10  192
1345 7615   10  192
1355 7615   10  192
1365 7614   10  192
1375 7615   10  192
1385 7615   10  192
1395 7614   10  192
1405 7615   10  192
1415 7615   10  192
1426 7615   10  192
1436 7615   10  192
1447 7614   10  192
1457 7615   10  192
1468 7614   10  192
1479 7614   10  192
1489 7617   10  192
1500 7617   10  192
1511 7615   10  192
1522 7615   10  192
1532 7615   10  192
1542 7615   10  192
1552 7615   10  192
1562 7614   10  192
1572 7614   10  192
1582 7617   10  192
1592 7615   10  192
1602 7615   10  192
1612 7615   10  192
1622 7615   10  192
1632 7615   10  192
1642 7617   10  192
1652 7615   10  192
1662 7615   10  192
1672 7615   10  192
1682 7614   10  192
1692 7615   10  192
1702 7617   10  192
1712 7615   10  192
1722 7615   10  192
1732 7615   10  192
1742 7615   10  192
1752 7615   10  192
1762 7615   10  192
1772 7614   10  192
1782 7615   10  192
1792 7614   10  192
1802 7615   10  192
1812 7617   10  192
1822 7615   10  192
1832 7615   10  192
1842 7617   10  192
1852 7615 -105  192
1862 7615 -123  191
1872 7615 -123  192
1882 7615 -123  192
1892 7481 -123  191
1902 7406 -123  191
1912 7422 -123  190
1922 7466 -123  189
1932 7003 -123  187
1942 7238 -123  182
1952 7231 -123  178
1962 7241 -123  171
1972 7201 -123  161
1982 7136 -123  147
1992 7166 -123  133
2002 6935 -123  115
2012 6999 -123   99
2022 6950 -123   80
2032 6994 -123   59
2042 7010 -123   39
2052 7077 -123   19
2063 7210 -123   -6
2073 7198   84  -20
2084 7160   84  -32
2094 7095   84  -45
2104 7130   84  -57
2114 7217   84  -69
2124 6741   84  -83
2135 6756   84  -97
2146 6871   84 -107
2156 7045   68 -112
2167 7056   33 -112
2177 7093   10 -112
2188 6966   10 -102
2198 6810   10  -87
2209 6866   10  -74
2219 7389   10  -60
2230 7437   10  -45
2240 7444   10  -29
2251 7555   10  -13
2261 7556   10    1
99999 0 0 0 
  0 761   73   -4
 11 7621   73   -4
 21 7620   73   -4
 31 7598   73   -4
 41 7474   73   -4
 52 7467   73   -4
 62 7491   73   -4
 72 7165   73   -4
 83 7177   73   -1
 93 7285   73    5
103 7249   73   13
113 7184   73   22
123 6919   73   31
133 6906   73   41
143 6938   38   50
153 6918   47   59
163 7111   47   69
173 7142   38   79
183 7222   25   89
193 7236   19   99
204 7256   15  108
215 7381   27  118
225 7391   15  127
236 7511   12  135
246 7521   24  143
256 7526   14  151
266 7565   10  157
276 7566   10  163
286 7567   10  169
296 7608   10  174
306 7607   10  178
316 7573   10  183
326 7608   10  186
336 7608 -105  189
347 7610 -105  192
358 7517 -105  194
368 7376 -105  195
378 7384 -105  195
388 7431 -105  195
401 6917 -105  195
411 6939 -120  194
421 7232 -120  194
431 7274 -120  190
441 7162 -120  179
451 7108 -120  165
462 7030 -120  147
472 7099 -120  129
483 6888 -120  111
493 6909 -120   90
503 6936 -120   71
513 7081 -120   48
523 7214 -120   28
533 7209 -120    3
543 7209   84  -15
553 7234   84  -27
563 7188   84  -41
574 7109   84  -57
585 7123   84  -73
596 7080   84  -90
606 7134   84 -106
616 6988   84 -122
626 6978   84 -135
636 6863   84 -143
646 6902   58 -145
656 6912    6 -145
666 7068   10 -141
677 6969   10 -129
687 6818   10 -116
698 6849   10 -102
709 7147   10  -88
719 7510   10  -73
729 7514   10  -61
739 7553   10  -48
750 7556   10  -35
99999 0 0 0 
  0 761   73    7
 10 7620   73    7
 20 7618   73    7
 30 7482   73    7
 40 7462   73    7
 50 7477   73    7
 60 7485   73    7
 70 7175   73    7
 81 7148   73   10
 91 7157   73   18
101 6996   73   27
113 6884   73   37
123 6888   53   47
134 6966   38   56
144 7008   54   67
154 7053   30   76
165 7155   34   87
176 7187   19   99
186 7212   10  108
196 7348   19  118
206 7430   10  127
216 7439   12  135
226 7519   17  143
236 7562   14  151
246 7563   10  158
257 7566   10  165
268 7566   10  172
278 7570   10  178
289 7571   10  183
300 7607   10  187
310 7610   10  191
321 7607 -105  195
332 7608 -105  198
342 7608 -105  200
353 7440 -105  201
363 7386 -105  201
373 7415 -105  201
383 7351 -105  201
393 7387 -105  201
403 7156 -105  201
413 7267 -117  200
423 7168 -117  194
434 7157 -117  181
444 7120 -117  166
454 7150 -117  149
464 6933 -117  131
474 6891 -117  113
484 6941 -117   93
494 7008 -117   72
504 7082 -117   51
514 7076 -117   27
524 7213 -117    6
534 7248   84  -15
544 7246   84  -25
554 7324   84  -37
564 7315   84  -51
575 7224   84  -63
585 7344   84  -77
595 7413   84  -90
605 7430   84 -104
615 6947   84 -115
625 6975   84 -121
635 6912   41 -121
645 6998   10 -121
656 7014   10 -114
666 7171   10 -101
676 6814   10  -89
687 6883   10  -74
698 7504   10  -58
709 7511   10  -44
720 7518   10  -29
730 7555   10  -15
99999 0 0 0 
  0 761   73    3
 10 7618   73    3
 20 7617   73    3
 30 7496   73    3
 40 7459   73    3
 50 7478   73    3
 60 7508   73    3
 70 7245   73    3
 80 7316   73    3
 90 7284   73   10
100 7127   73   17
112 6936   73   27
122 6915   73   36
133 6843   47   46
143 6924   47   55
153 6962   47   64
163 7123   47   74
173 7217   26   84
184 7231   22   94
194 7443   26  103
204 7389   23  112
214 7395   19  119
224 7464   33  127
234 7498   21  135
244 7505   17  142
254 7512   24  149
264 7514   12  155
274 7514   12  163
284 7557   12  168
294 7565   12  174
304 7566   12  179
314 7567   12  183
324 7570   12  187
334 7571   12  190
344 7607 -105  193
355 7570 -105  195
365 7556 -105  197
376 7362 -105  197
387 7384 -105  197
397 7282 -105  197
407 7330 -105  197
417 7004 -105  197
427 7294 -105  197
437 7220 -119  195
447 7177 -119  185
457 7096 -119  172
467 7071 -119  157
477 6983 -119  140
487 6811 -119  122
497 6875 -119  103
507 6958 -119   83
517 7125 -119   62
527 7121 -119   42
538 7179 -119   17
548 7208 -119   -6
558 7206   84  -19
568 7213   84  -31
578 7146   84  -45
588 7078   84  -59
598 7136   84  -73
608 7021   84  -89
618 7073   84 -103
628 6738   84 -119
638 7039   84 -131
648 6931   84 -138
658 6936   50 -139
668 6840    0 -139
678 7022   10 -135
688 6901   10 -123
698 6818   10 -113
708 6844   10  -99
718 7464   10  -85
728 7508   10  -73
739 7510   10  -59
750 7518   10  -46
760 7555   10  -34
99999 0 0 0 
  0 761   73    6
 10 7614   73    6
 22 7615   73    6
 32 7500   73    6
 42 7460   73    6
 52 7471   73    6
 62 7477   73    6
 72 7062   73    6
 82 7184   73    9
 92 7161   73   17
102 7075   73   25
113 6956   73   34
123 6953   54   43
134 6894   47   53
145 7111   47   63
156 7142   47   74
166 7157   27   83
176 7381   32   91
186 7388   37  100
196 7409   25  107
206 7381   38  115
216 7412   27  123
226 7418   24  131
236 7500   21  138
246 7478   26  145
256 7480   12  151
266 7549   12  158
276 7514   12  164
286 7524   12  169
296 7565   12  175
306 7567   12  179
316 7567   12  183
326 7567   12  187
336 7569   12  190
346 7570 -105  192
356 7569 -105  194
366 7603 -105  195
376 7414 -105  195
386 7352 -105  195
396 7417 -105  195
407 7467 -105  195
418 7041 -105  195
429 7188 -105  195
439 7124 -120  191
449 7187 -120  182
459 7136 -120  169
469 6986 -120  152
480 7031 -120  135
490 6955 -120  117
502 6918 -120   93
513 6960 -120   72
524 7006 -120   49
535 7142 -120   24
546 7209 -120   -2
556 7206   84  -17
566 7220   84  -29
576 7162   84  -41
586 7092   84  -57
596 7073   84  -72
606 7059   84  -86
617 7120   84 -103
628 6734   84 -121
639 6904   84 -135
649 6790   84 -143
659 6979   58 -145
669 6985    6 -145
679 7153   10 -140
689 6860   10 -128
700 6816   10 -116
712 7486   10 -101
722 7501   10  -86
732 7508   10  -73
742 7512   10  -60
753 7516   10  -47
763 7555   10  -34
99999 0 0 0 
  0 761   73    5
 10 7615   73    5
 20 7522   73    5
 30 7460   73    5
 40 7472   73    5
 50 7485   73    5
 60 7468   73    5
 70 7151   73    6
 80 7168   73   13
 90 7149   73   22
100 6962   73   31
110 6885   73   39
120 6885   56   48
130 6962   47   57
140 7033   47   67
150 7105   38   77
160 7173   25   87
170 7188   21   97
180 7212   16  107
190 7384   12  116
200 7436   17  124
210 7446   23  133
220 7519   10  139
230 7556   33  147
240 7562   12  153
250 7562   12  159
260 7565   12  166
270 7566   12  171
280 7566   12  175
290 7567   12  179
300 7567   12  183
310 7567   12  187
321 7604   12  190
331 7604   12  191
342 7603   12  193
353 7569 -105  194
363 7418 -105  194
374 7393 -105  194
385 7422 -105  194
395 6930 -105  194
405 6965 -130  193
415 7197 -130  193
425 7274 -130  190
435 7180 -130  182
445 7177 -130  171
455 7119 -130  155
465 7131 -130  140
475 6943 -130  123
486 6915 -130  103
496 6971 -130   83
506 6972 -130   61
516 7088 -130   39
526 7081 -130   19
536 7178 -130   -3
546 7238   84  -18
556 7204   84  -30
566 7094   84  -43
576 7130   84  -53
587 7192   84  -67
597 6777   84  -79
608 6856   84  -93
618 6755   84 -101
628 6965   58 -105
638 7020   24 -105
650 6960   10 -105
660 7082   10  -94
670 6939   10  -81
680 7230   10  -70
690 7248   10  -57
700 7436   10  -45
710 7512   10  -29
720 7516   10  -17
730 7552   10   -2
99999 0 0 0 
  0 761    0   -1
 10 7617   73   -1
 20 7614   73   -1
 30 7480   73   -1
 40 7464   73   -1
 50 7482   73    0
 60 7082   73    0
 71 7092   73   -1
 82 7271   73    3
 92 7249   73   11
102 7182   73   19
112 6941   73   29
122 6892   73   39
132 6926   38   47
142 6956   56   57
152 7060   38   67
162 7078   38   76
172 7219   34   86
182 7209   21   97
194 7329   10  107
204 7344   27  117
214 7473   10  125
224 7487   23  132
234 7488   28  139
244 7555   25  146
254 7589   12  152
264 7586   12  159
275 7552   12  166
286 7559   12  172
296 7565   12  177
307 7530   12  182
317 7566   12  185
329 7569   12  189
339 7567   12  191
349 7566   12  194
359 7569   12  195
369 7569 -105  195
379 7569 -105  196
389 7393 -105  196
399 7348 -105  196
409 7410 -105  196
419 6963 -129  195
429 6997 -129  195
439 7192 -129  195
449 7280 -129  190
459 7186 -129  182
469 7182 -129  170
479 7120 -129  155
489 7127 -129  139
499 6909 -129  121
509 6912 -129  103
519 6968 -129   85
529 7010 -129   63
539 7094 -129   41
549 7090 -129   21
559 7219 -129   -1
569 7205   84  -19
579 7185   84  -29
589 7087   84  -42
599 7154   84  -53
609 7212   84  -66
620 6700   84  -79
630 6934   84  -92
640 6849   84 -101
650 7017   67 -106
660 7029   33 -106
671 7047   10 -106
681 6961   10  -99
692 6804   10  -85
702 6863   10  -71
713 7384   10  -58
723 7433   10  -43
735 7510   10  -27
745 7514   10  -12
755 7516   10    2
99999 0 0 0 
