  0 809   59    0
 10 8091   59    0
 20 8090   59    0
 30 8001   59    0
 41 7985   59    0
 53 7998   59    0
 63 8009   59    0
 74 7769   59    0
 85 7887   59    0
 97 7879   59    1
107 7842   59    7
118 7689   59   14
128 7623   59   22
138 7616   59   30
148 7592   59   37
159 7643   59   44
170 7650   59   51
181 7681   59   59
191 7711   59   65
203 7703   59   73
213 7703   59   81
224 7630   59   88
234 7636   59   96
244 7636   59  103
254 7605   50  111
264 7644   34  120
275 7658   19  130
285 7734   19  140
295 7727  -98  148
307 7794  -98  160
318 7804  -98  168
329 7936  -98  176
339 7788  -98  183
349 7779  -98  191
359 7827  -98  197
369 7314  -98  200
380 7326  -98  203
391 7468  -98  203
402 7447  -98  203
413 7387  -98  197
423 7381  -98  182
433 7222  -98  166
444 6983  -98  148
455 7058  -98  127
465 7140  -98  107
476 7438  -98   87
488 7545  -98   60
498 7545  -98   36
508 7660  -98   11
518 7644   79  -14
528 7652   79  -28
539 7653   79  -41
549 7549   79  -55
560 7555   79  -69
570 7648   79  -83
580 7589   79  -98
590 7627   79 -114
600 7427   79 -127
610 7452   79 -135
620 7381   55 -137
630 7491    6 -137
641 7457    9 -133
653 7190    9 -117
663 7313    9 -101
674 7300    9  -87
685 7644    9  -70
695 7655    9  -54
705 7981    9  -39
715 8021    9  -23
727 8025    9   -6
99999 0 0 0 
  0 808    0    0
 10 8089   59    0
 20 8089   59    0
 30 7995   59    0
 40 7977   59    0
 50 7989   59    0
 60 7826   59    0
 70 7799   59    0
 80 7811   59    0
 90 7884   59    2
100 7900   59    8
110 7860   59   14
120 7675   59   22
130 7585   59   30
140 7586   59   38
150 7599   59   46
160 7575   57   53
170 7579   59   60
180 7682   59   68
190 7678   59   75
200 7677   59   83
210 7674   59   90
220 7638   59   98
230 7640   55  106
240 7647   37  114
250 7657   21  123
260 7692   17  132
270 7761   17  141
280 7825   17  150
290 7839  -98  158
300 7987  -98  164
310 7986  -98  172
320 7772  -98  179
330 7782  -98  185
340 7827  -98  190
350 7880  -98  194
360 7365  -98  197
370 7494  -98  197
380 7361  -98  197
390 7467  -98  193
400 7342  -98  180
410 7376  -98  165
420 7092  -98  148
430 7063  -98  130
440 7120  -98  112
450 7290  -98   92
460 7441  -98   71
470 7439  -98   49
480 7616  -98   26
490 7623  -98    1
500 7636   79  -18
510 7596   79  -30
520 7519   79  -42
530 7555   79  -52
540 7651   79  -66
550 7169   79  -79
560 7196   79  -91
570 7486   79 -102
580 7482   79 -107
590 7419   31 -108
600 7541    0 -108
610 7558    9 -103
620 7634    9  -92
630 7346    9  -82
640 7895    9  -70
650 7905    9  -58
660 7979    9  -46
670 7987    9  -34
680 7989    9  -21
690 8025    9   -9
99999 0 0 0 
700 8027   10    2
710 8030   10   10
720 8031   10   17
730 8030   10   21
740 8031   10   23
750 8032   10   24
760 8032   10   24
770 8034   10   24
780 8035   10   24
790 8035   10   24
801 8035   59   24
811 8036   59   24
821 7957   59   23
831 7904   59   21
841 7860   59   20
851 7836   59   20
861 7821   59   20
871 7675   59   21
881 7603   59   21
891 7609   59   24
901 7622   59   30
911 7575   59   37
921 7592   59   43
931 7565   59   49
941 7593   59   55
951 7583   59   61
961 7578   59   68
971 7610   59   74
981 7613   59   80
991 7582   59   86
1001 7585   59   93
1011 7585   59  100
1021 7586   59  108
1031 7589   51  115
1041 7593   43  123
1051 7650   34  132
1061 7683   19  142
1071 7716   17  150
1081 7742   17  160
1091 7863  -99  168
1101 7872  -99  174
1111 7776  -99  182
1121 7740  -99  189
1131 7777  -99  194
1141 7829  -99  200
1151 7256  -99  202
1161 7191  -99  203
1171 7444  -99  203
1181 7437  -99  202
1191 7407  -99  191
1201 7241  -99  176
1211 7094  -99  160
1221 7172  -99  142
1231 7092  -99  124
1241 7206  -99  104
1251 7223  -99   83
1261 7509  -99   61
1271 7579  -99   37
1281 7585  -99   13
1291 7634   79  -11
1301 7599   79  -22
1311 7560   79  -34
1321 7555   79  -48
1331 7531   79  -63
1341 7581   79  -76
1351 7527   79  -92
1361 7182   79 -108
1371 7152   79 -122
1381 7425   79 -132
1391 7409   72 -136
1401 7368   22 -136
1411 7481    9 -136
1421 7438    9 -126
1431 7515    9 -114
1441 7303    9 -102
1451 7853    9  -90
1461 7863    9  -76
1471 7975    9  -63
1482 7979    9  -49
1493 7983    9  -34
99999 0 0 0 
1503 7984   10  -22
1513 7986   10  -10
1523 8021   10    0
1533 8022   10    8
1543 8025   10   14
1553 8025   10   18
1563 8027   10   20
1573 8025   10   21
1583 8028   10   22
1593 8028   10   22
1603 8028   59   22
1613 8031   59   22
1623 8031   59   22
1633 7942   59   22
1643 7887   59   22
1653 7841   59   22
1663 7821   59   22
1673 7633   59   22
1683 7630   59   22
1693 7627   59   25
1703 7563   59   31
1713 7590   59   37
1723 7612   59   43
1733 7515   59   48
1743 7513   59   54
1753 7540   59   59
1763 7602   59   65
1773 7606   59   70
1783 7608   59   76
1793 7578   59   82
1803 7577   59   88
1813 7540   59   95
1823 7544   59  102
1833 7545   59  109
1843 7588   59  117
1853 7591   43  125
1863 7619   27  134
1873 7675   19  143
1883 7680   19  152
1893 7704   18  161
1903 7787  -99  169
1913 7936  -99  176
1923 7940  -99  183
1933 7873  -99  190
1943 7735  -99  196
1953 7744  -99  201
1963 7791  -99  206
1973 7275  -99  208
1983 7280  -99  210
1993 7371  -99  210
2003 7486  -99  210
2013 7423  -99  204
2023 7407  -99  190
2033 7056  -99  174
2043 7132  -99  158
2053 7060  -99  139
2063 7221  -99  120
2073 7250  -99  100
2083 7365  -99   78
2093 7541  -99   54
2103 7541  -99   31
2113 7591  -99    7
2123 7640   79  -15
2133 7530   79  -26
2143 7458   79  -37
2153 7576   79  -46
2163 7636   79  -58
2173 7441   79  -69
2183 7434   79  -80
2193 7380   79  -88
2203 7408   55  -93
2213 7482   31  -93
2223 7552    9  -93
2233 7595    9  -86
2243 7249    9  -73
2253 7294    9  -61
2263 7494    9  -49
2273 7932    9  -35
2283 7936    9  -21
2293 7942    9   -7
2303 7979    9    6
99999 0 0 0 
2313 7980   10   19
2323 7981   10   30
2333 7983   10   38
2343 7983   10   45
2353 7987   10   48
2363 8022   10   50
2373 8022   10   50
2383 7987   10   50
2393 8025   10   50
2403 8024   10   50
2413 8025   59   50
2423 8025   59   46
2433 8027   59   39
2443 7939   59   33
2453 7902   59   27
2463 7876   59   23
2473 7844   59   22
2483 7609   59   22
2493 7601   59   22
2503 7557   59   23
2513 7556   59   28
2523 7564   59   36
2533 7551   59   44
2543 7506   59   51
2553 7523   59   58
2563 7564   59   65
2573 7630   59   72
2583 7622   59   79
2593 7654   59   86
2603 7620   59   94
2613 7623   59  102
2623 7627   50  110
2633 7599   41  119
2643 7616   24  128
2653 7630   19  137
2663 7686   19  146
2673 7716   19  156
2683 7775   19  165
2693 7856  -99  174
2703 7863  -99  181
2713 7690  -99  188
2723 7726  -99  194
2733 7763  -99  201
2743 7818  -99  206
2753 7392  -99  209
2763 7347  -99  210
2773 7356  -99  210
2783 7439  -99  210
2793 7405  -99  200
2803 7304  -99  185
2813 6977  -99  169
2823 7052  -99  152
2833 7046  -99  134
2843 7235  -99  114
2853 7249  -99   94
2863 7427  -99   72
2873 7569  -99   49
2883 7574  -99   25
2893 7585  -99    0
2903 7602   79  -18
2913 7588   79  -29
2923 7509   79  -42
2933 7526   79  -57
2943 7571   79  -68
2953 7622   79  -84
2963 7244   79  -98
2973 7242   79 -112
2983 7391   79 -123
2993 7474   79 -128
3003 7423   31 -128
3013 7441    9 -128
3023 7085    9 -118
3033 7199    9 -104
3043 7202    9  -90
3053 7268    9  -76
3063 7300    9  -62
3073 7530    9  -46
3083 7926    9  -30
3093 7932    9  -15
99999 0 0 0 
3103 7936   10   -1
3113 7975   10   13
3123 7976   10   25
3133 7981   10   34
3143 7977   10   39
3153 7979   10   42
3163 7981   10   43
3173 7983   10   43
3183 7984   10   43
3193 7984   10   43
3203 7984   10   43
3213 7986   60   43
3223 7984   60   42
3233 7940   60   37
3243 7878   60   34
3253 7832   60   32
3263 7563   60   32
3273 7548   60   33
3283 7545   60   33
3293 7509   60   33
3303 7516   60   38
3313 7496   60   44
3323 7487   60   50
3333 7506   60   57
3343 7544   60   62
3353 7577   60   68
3363 7563   60   74
3373 7560   60   80
3383 7560   60   87
3393 7565   60   94
3403 7536   60  101
3413 7538   60  109
3423 7545   53  117
3433 7582   39  125
3443 7556   31  134
3453 7598   20  143
3463 7656   20  153
3473 7677   20  162
3483 7694 -100  172
3493 7850 -100  180
3503 7705 -100  186
3513 7642 -100  194
3523 7711 -100  200
3533 7200 -100  206
3543 7242 -100  209
3553 7291 -100  212
3563 7455 -100  212
3573 7350 -100  212
3583 7409 -100  206
3593 7194 -100  192
3603 7237 -100  176
3613 7061 -100  159
3623 7023 -100  141
3633 7072 -100  122
3643 7242 -100  102
3653 7458 -100   81
3663 7459 -100   58
3673 7567 -100   34
3683 7579 -100   10
3693 7596   80  -13
3703 7593   80  -24
3713 7582   80  -36
3723 7485   80  -50
3733 7559   80  -62
3743 7506   80  -76
3753 7552   80  -91
3763 7176   80 -104
3773 7474   80 -116
3783 7369   80 -122
3793 7381   39 -122
3803 7367   10 -122
3813 7521   10 -118
3823 7364   10 -104
3833 7225   10  -90
3843 7260   10  -79
3853 7772   10  -66
3863 7924   10  -51
3873 7926   10  -37
3883 7932   10  -23
3893 7972   10   -9
99999 0 0 0 
3903 7972   10    5
3913 7976   10   17
3923 7976   10   26
3933 7977   10   34
3943 7983   10   38
3953 7981   10   40
3963 7981   10   41
3973 7980   10   41
3983 7981   10   41
  0 803    0    2
 10 8032   59    2
 20 8030   59    2
 30 7985   59    2
 40 7928   59    2
 50 7930   59    2
 60 7944   59    2
 70 7777   59    2
 80 7787   59    2
 90 7797   59    2
100 7829   59    4
110 7803   59    9
120 7713   59   17
130 7596   59   25
140 7587   59   32
150 7530   59   40
160 7555   59   47
170 7570   59   54
180 7605   59   62
190 7627   59   69
200 7622   59   75
210 7654   59   83
220 7620   59   91
230 7622   57   98
240 7589   59  106
250 7559   55  114
260 7564   39  123
270 7603   22  132
281 7652   19  142
292 7692   19  153
302 7718   18  162
312 7740   18  172
322 7894  -99  181
332 7898  -99  187
342 7685  -99  195
352 7716  -99  202
362 7752  -99  208
372 7809  -99  213
382 7351  -99  216
392 7306  -99  217
402 7363  -99  217
412 7450  -99  217
422 7416  -99  205
432 7318  -99  190
442 6989  -99  174
452 7062  -99  158
462 6982  -99  140
472 7272  -99  121
482 7284  -99  100
492 7419  -99   79
502 7555  -99   56
512 7564  -99   32
522 7577  -99    7
532 7600   79  -15
542 7596   79  -26
552 7553   79  -38
562 7529   79  -52
572 7572   79  -64
582 7623   79  -78
592 7206   79  -93
602 7209   79 -106
612 7354   79 -118
622 7471   79 -122
632 7421   22 -122
642 7443    9 -122
652 7121    9 -115
662 7240    9 -102
672 7202    9  -87
682 7268    9  -76
692 7297    9  -62
702 7527    9  -46
712 7925    9  -32
722 7929    9  -17
99999 0 0 0 
732 7932   10   -2
742 7936   10   11
752 7936   10   22
762 7975   10   32
772 7976   10   38
782 7977   10   42
792 7979   10   43
802 7980   10   43
812 7980   10   43
822 7980   10   43
832 7983   10   43
842 7983   60   43
852 7981   60   42
862 7907   60   38
872 7854   60   34
882 7814   60   31
892 7567   60   31
902 7550   60   31
912 7543   60   31
922 7545   60   31
932 7543   60   36
942 7519   60   43
952 7510   60   50
962 7531   60   56
972 7547   60   62
982 7547   60   68
992 7538   60   74
1002 7531   60   80
1012 7563   60   87
1022 7567   60   94
1032 7537   60  102
1042 7506   60  109
1052 7511   56  117
1062 7551   51  126
1072 7589   27  135
1082 7606   20  144
1092 7628   20  154
1102 7669   20  163
1112 7690   20  173
1122 7775   19  182
1132 7887 -100  189
1142 7891 -100  197
1152 7718 -100  204
1162 7682 -100  210
1172 7718 -100  215
1182 7771 -100  220
1192 7346 -100  222
1202 7313 -100  223
1212 7363 -100  223
1222 7409 -100  223
1232 7372 -100  211
1242 7308 -100  197
1252 6981 -100  180
1262 7054 -100  162
1272 7047 -100  144
1282 7269 -100  124
1292 7287 -100  104
1302 7429 -100   82
1312 7571 -100   58
1322 7577 -100   34
1332 7589 -100   10
1342 7602   80  -14
1352 7600   80  -26
1362 7646   80  -38
1372 7741   80  -52
1382 7661   80  -67
1392 7643   80  -80
1402 7767   80  -96
1412 7796   80 -111
1422 7503   80 -126
1432 7439   80 -138
1442 7350   80 -142
1452 7370   23 -142
1462 7282   10 -142
1472 7412   10 -137
1482 7340   10 -124
1492 7228   10 -111
1502 7260   10  -99
1512 7524   10  -86
1522 7922   10  -72
1532 7926   10  -59
1542 7931   10  -46
1552 7931   10  -34
99999 0 0 0 
1562 7935   10  -21
1572 7936   10   -9
1582 7973   10    2
1592 7975   10   10
1602 7976   10   16
1612 7976   10   20
1622 7976   10   23
1632 7977   10   24
1642 7980   10   25
1653 7980   60   25
1663 7980   60   26
1673 7935   60   26
1683 7896   60   26
1693 7861   60   26
1703 7695   60   26
1713 7654   60   26
1723 7630   60   26
1733 7622   60   29
1743 7615   60   35
1753 7545   60   42
1763 7494   60   48
1773 7522   60   55
1783 7541   60   62
1793 7473   60   68
1803 7470   60   74
1813 7534   60   82
1823 7568   60   89
1833 7565   60   96
1843 7571   60  104
1853 7541   59  112
1863 7545   45  121
1873 7583   30  130
1883 7603   20  139
1893 7647   20  148
1903 7640   20  158
1913 7694   20  168
1923 7705   20  175
1933 7853 -100  183
1943 7716 -100  190
1953 7682 -100  198
1963 7718 -100  204
1973 7235 -100  209
1983 7273 -100  211
1993 7265 -100  213
2003 7421 -100  213
2013 7329 -100  213
2023 7399 -100  202
2033 7161 -100  189
2043 7218 -100  173
2053 7081 -100  156
2063 7002 -100  138
2073 7045 -100  119
2083 7236 -100   99
2093 7449 -100   78
2103 7446 -100   54
2113 7558 -100   31
2123 7572 -100    7
2133 7591   80  -15
2143 7589   80  -26
2153 7559   80  -38
2163 7479   80  -52
2173 7554   80  -64
2183 7499   80  -79
2193 7545   80  -94
2203 7166   80 -107
2213 7463   80 -119
2223 7361   80 -124
2233 7377   31 -124
2243 7396   10 -124
2253 7553   10 -118
2263 7355   10 -105
2273 7235   10  -91
2283 7262   10  -80
2293 7807   10  -66
2303 7920   10  -52
2313 7925   10  -38
2323 7928   10  -24
99999 0 0 0 
2333 7929   10  -11
2343 7932   10    2
2353 7934   10   14
2363 7935   10   23
2373 7936   10   30
2383 7973   10   34
2393 7973   10   35
2403 7975   10   36
2413 7976   10   36
2423 7976   10   36
2433 7977   60   36
2443 7977   60   36
2453 7977   60   36
2463 7915   60   32
2473 7860   60   28
2483 7826   60   26
2493 7790   60   26
2503 7698   60   26
2513 7583   60   26
2523 7577   60   26
2533 7536   60   30
2543 7513   60   37
2553 7539   60   44
2563 7493   60   50
2573 7507   60   57
2583 7506   60   64
2593 7537   60   70
2603 7531   60   78
2613 7533   60   86
2623 7569   58   93
2633 7538   60  101
2643 7542   60  109
2653 7544   47  118
2663 7599   33  126
2673 7613   26  135
2683 7652   20  145
2693 7743   20  154
2703 7758   20  163
2713 7734   19  171
2723 7847   19  178
2733 7853 -100  186
2743 7890 -100  193
2753 7721 -100  198
2763 7666 -100  203
2773 7700 -100  208
2783 7188 -100  212
2793 7236 -100  213
2803 7273 -100  214
2813 7507 -100  214
2823 7381 -100  214
2833 7425 -100  206
2843 7268 -100  192
2853 7314 -100  176
2863 7030 -100  159
2873 7028 -100  141
2883 7079 -100  122
2893 7209 -100  102
2903 7460 -100   81
2913 7456 -100   58
2923 7527 -100   34
2933 7574 -100   10
2943 7588   80  -14
2953 7589   80  -24
2963 7562   80  -36
2973 7476   80  -50
2983 7514   80  -62
2993 7529   80  -76
3003 7581   80  -90
3013 7169   80 -104
3023 7437   80 -115
3033 7337   80 -120
3043 7378   31 -120
3053 7360   10 -120
3063 7512   10 -115
3073 7388   10 -102
3083 7232   10  -89
3093 7260   10  -78
3103 7807   10  -64
3113 7918   10  -50
3123 7924   10  -36
3133 7926   10  -22
99999 0 0 0 
3143 7929   10   -9
3153 7932   10    4
3163 7932   10   15
3173 7934   10   24
3183 7936   10   31
3193 7970   10   35
3203 7972   10   37
3213 7973   10   38
3223 7975   10   38
3233 7975   10   38
3243 7975   60   38
3253 7977   60   38
3263 7976   60   38
3273 7912   60   38
3283 7856   60   37
3293 7837   60   34
3303 7807   60   33
3313 7705   60   33
3323 7583   60   34
3333 7573   60   34
3343 7536   60   35
3353 7505   60   42
3363 7530   60   50
3373 7489   60   56
3383 7544   60   62
3393 7548   60   70
3403 7544   60   76
3413 7536   60   83
3423 7531   60   90
3433 7567   60   98
3443 7533   60  106
3453 7540   50  114
3463 7578   42  122
3473 7607   38  131
3483 7623   23  140
3493 7649   20  150
3503 7735   20  158
3513 7761   20  168
3523 7772   20  176
3533 7849 -100  184
3543 7852 -100  190
3553 7924 -100  197
3563 7721 -100  202
3573 7668 -100  206
3583 7702 -100  211
3593 7219 -100  214
3603 7269 -100  216
3613 7274 -100  217
3623 7509 -100  217
3633 7382 -100  217
3643 7390 -100  209
3653 7268 -100  194
3663 7312 -100  178
3673 7174 -100  161
3683 7064 -100  143
3693 7115 -100  124
3703 7215 -100  103
3713 7468 -100   82
3723 7462 -100   59
3733 7534 -100   35
3743 7577 -100   11
3753 7589   80  -13
3763 7589   80  -24
3773 7532   80  -36
3783 7441   80  -51
3793 7547   80  -62
3803 7529   80  -77
3813 7575   80  -90
3823 7169   80 -104
3833 7443   80 -116
3843 7331   80 -122
3853 7380   39 -122
3863 7390   10 -122
3873 7528   10 -116
3883 7367   10 -103
3893 7222   10  -90
3903 7253   10  -79
3913 7731   10  -65
3923 7881   10  -51
3933 7885   10  -38
3943 7924   10  -23
99999 0 0 0 
3953 7928   10   -9
3963 7928   10    4
3973 7929   10   15
3983 7931   10   25
3993 7932   10   32
4003 7934   10   36
4013 7936   10   39
4023 7935   10   40
4033 7972   10   41
4043 7973   10   40
  0 799    0    8
 10 7990   60    8
 21 7990   60    8
 31 7898   60    8
 41 7879   60    8
 51 7891   60    8
 61 7905   60    8
 71 7631   60    8
 81 7781   60    8
 91 7785   60    8
101 7769   60   11
111 7620   60   18
121 7575   60   26
131 7555   60   34
141 7448   60   42
151 7459   60   49
161 7511   60   56
171 7556   60   64
181 7559   60   71
191 7627   60   78
201 7586   60   86
211 7581   60   94
221 7579   58  102
231 7581   51  110
241 7589   44  119
251 7570   31  127
261 7635   23  137
271 7663   20  146
281 7681   20  155
291 7839   20  164
301 7847   19  172
311 7890   19  178
321 7928 -100  186
331 7860 -100  193
341 7686 -100  198
351 7683 -100  202
361 7728 -100  206
371 7637 -100  209
381 7459 -100  210
391 7424 -100  210
401 7434 -100  210
411 7451 -100  209
421 7416 -100  196
431 7286 -100  182
441 6996 -100  165
451 7062 -100  147
461 7055 -100  129
471 7306 -100  110
481 7323 -100   89
491 7425 -100   67
501 7564 -100   44
511 7572 -100   19
521 7582 -100   -6
531 7593   80  -20
541 7568   80  -32
551 7469   80  -46
561 7533   80  -60
571 7576   80  -72
581 7558   80  -87
591 7378   80 -102
601 7345   80 -115
611 7373   80 -124
621 7442   64 -126
631 7404    6 -126
641 7406   10 -126
651 6993   10 -114
661 7132   10  -99
671 7213   10  -86
681 7499   10  -73
691 7517   10  -58
701 7880   10  -43
711 7922   10  -28
721 7925   10  -14
731 7926   10    1
99999 0 0 0 
741 7926   10   14
751 7932   10   25
761 7967   10   33
771 7935   10   38
781 7934   10   42
791 7972   10   44
801 7973   10   44
811 7972   10   44
821 7973   10   44
831 7976   10   44
841 7976   60   44
851 7975   60   44
861 7975   60   41
871 7940   60   38
881 7840   60   34
891 7800   60   33
901 7775   60   33
911 7691   60   33
921 7508   60   33
931 7507   60   33
941 7509   60   34
951 7454   60   39
961 7475   60   45
971 7528   60   50
981 7531   60   56
991 7527   60   62
1001 7526   60   69
1011 7524   60   76
1021 7528   60   82
1031 7534   60   90
1041 7534   60   97
1051 7534   60  104
1061 7499   60  112
1071 7538   54  121
1081 7542   32  130
1091 7592   20  138
1101 7568   21  148
1111 7617   20  158
1121 7680   20  168
1131 7731   20  177
1141 7738   19  184
1151 7884 -100  193
1161 7922 -100  200
1171 7924 -100  206
1181 7752 -100  213
1191 7665 -100  218
1201 7688 -100  222
1211 7742 -100  226
1221 7294 -100  228
1231 7301 -100  229
1241 7400 -100  229
1251 7489 -100  229
1261 7430 -100  221
1271 7350 -100  206
1281 7005 -100  190
1291 7072 -100  174
1301 7032 -100  156
1311 7221 -100  136
1321 7246 -100  116
1331 7390 -100   95
1341 7524 -100   70
1351 7526 -100   49
1361 7571 -100   24
1371 7592 -100   -2
1381 7603   80  -18
1391 7583   80  -30
1401 7593   80  -44
1411 7524   80  -60
1421 7491   80  -76
1431 7399   80  -91
1441 7455   80 -108
1451 7429   80 -125
1461 7393   80 -142
1471 7291   80 -152
1481 7316   73 -156
1491 7349   23 -156
1501 7380   10 -156
1511 7380   10 -146
1521 7185   10 -132
1531 7235   10 -121
1541 7223   10 -107
1551 7839   10  -92
1561 7846   10  -79
1571 7884   10  -66
1581 7924   10  -52
99999 0 0 0 
1591 7925   10  -39
1601 7926   10  -26
1611 7931   10  -14
1621 7929   10   -5
1631 7929   10    3
1641 7932   10    9
1651 7932   10   14
1661 7934   10   17
1671 7970   10   18
1681 7970   10   20
1691 7972   60   20
1701 7975   60   22
1711 7970   60   22
1721 7913   60   22
1731 7856   60   22
1741 7818   60   22
1751 7713   60   22
1761 7590   60   22
1771 7576   60   22
1781 7536   60   27
1791 7548   60   32
1801 7556   60   38
1811 7468   60   44
1821 7519   60   50
1831 7524   60   55
1841 7489   60   61
1851 7524   60   67
1861 7520   60   73
1871 7519   60   78
1881 7520   60   85
1891 7520   60   91
1901 7523   60   98
1911 7489   60  106
1921 7490   58  112
1931 7530   60  120
1941 7537   57  129
1951 7542   25  138
1961 7551   20  146
1971 7589   20  157
1981 7631   20  166
1991 7686   20  176
2001 7697 -100  184
2011 7701 -100  192
2021 7880 -100  199
2031 7696 -100  206
2041 7674 -100  213
2051 7711 -100  218
2061 7129 -100  222
2071 7155 -100  224
2081 7427 -100  225
2091 7407 -100  225
2101 7329 -100  225
2111 7264 -100  211
2121 7148 -100  196
2131 7205 -100  180
2141 6991 -100  162
2151 7084 -100  143
2161 7118 -100  125
2171 7380 -100  104
2181 7449 -100   82
2191 7446 -100   59
2201 7558 -100   35
2211 7578 -100   10
2221 7592   80  -13
2231 7592   80  -23
2241 7521   80  -35
2251 7482   80  -47
2261 7565   80  -56
2271 7541   80  -70
2281 7586   80  -83
2291 7419   80  -95
2301 7439   80 -105
2311 7337   73 -109
2321 7426   23 -109
2331 7462   10 -109
2341 7598   10 -102
2351 7240   10  -90
2361 7244   10  -79
2371 7263   10  -66
2381 7840   10  -53
2391 7879   10  -40
2401 7885   10  -26
2411 7922   10  -13
99999 0 0 0 
2421 7925   10    0
2431 7925   10   11
2441 7926   10   22
2451 7931   10   29
2461 7929   10   34
2471 7966   10   38
2481 7932   10   39
2491 7932   10   39
2501 7934   10   39
2511 7935   10   39
2522 7935   60   39
2532 7935   60   39
2542 7970   60   38
2552 7884   60   33
2562 7845   60   29
2572 7822   60   26
2582 7793   60   26
2592 7557   60   26
2602 7548   60   26
2612 7542   60   26
2622 7539   60   31
2632 7515   60   38
2642 7537   60   46
2652 7492   60   53
2662 7468   60   59
2672 7466   60   66
2682 7531   60   72
2693 7524   60   79
2703 7524   60   86
2713 7524   60   94
2723 7530   60  102
2733 7534   52  110
2743 7503   47  118
2753 7541   40  126
2763 7565   32  135
2773 7627   20  144
2783 7652   20  154
2793 7669   20  164
2803 7791   19  172
2813 7802 -100  180
2823 7808 -100  188
2833 7761 -100  194
2843 7675 -100  200
2853 7672 -100  206
2863 7718 -100  210
2873 7133 -100  214
2883 7164 -100  216
2893 7401 -100  216
2903 7424 -100  216
2913 7333 -100  214
2923 7334 -100  202
2933 7209 -100  187
2943 7274 -100  170
2953 7027 -100  153
2963 7049 -100  135
2973 7085 -100  116
2983 7347 -100   94
2993 7451 -100   74
3003 7449 -100   50
3013 7526 -100   27
3023 7538 -100    2
3033 7552   80  -16
3043 7575   80  -27
3053 7461   80  -40
3063 7447   80  -54
3073 7566   80  -64
3083 7546   80  -78
3093 7585   80  -91
3103 7360   80 -104
3113 7404   80 -114
3123 7315   73 -116
3133 7405    6 -116
3143 7479   10 -116
3153 7600   10 -107
3163 7227   10  -96
3173 7252   10  -86
3183 7266   10  -74
3193 7876   10  -62
3203 7881   10  -50
3213 7884   10  -38
3223 7921   10  -26
99999 0 0 0 
3233 7922   10  -14
3243 7925   10   -3
3253 7925   10    6
3263 7928   10   13
3273 7928   10   18
3283 7929   10   21
3293 7932   10   23
3303 7931   10   23
3313 7932   10   23
3323 7934   10   23
3334 7935   60   23
3344 7934   60   23
3354 7921   60   23
3364 7843   60   22
3374 7845   60   21
3384 7818   60   20
3394 7781   60   20
3404 7556   60   20
3414 7543   60   21
3424 7538   60   21
3434 7509   60   26
3444 7495   60   32
3454 7523   60   38
3464 7536   60   45
3474 7501   60   50
3484 7492   60   57
3494 7483   60   62
3504 7516   60   69
3514 7517   60   74
3524 7520   60   81
3534 7523   60   88
3544 7526   60   94
3554 7492   60  102
3564 7493   60  109
3574 7496   55  117
3584 7537   50  125
3594 7551   37  134
3604 7559   23  142
3614 7597   20  152
3624 7685   20  162
3634 7711   20  170
3644 7722   19  179
3654 7802 -100  186
3664 7805 -100  193
3674 7880 -100  200
3684 7698 -100  205
3694 7633 -100  210
3704 7696 -100  214
3714 7178 -100  218
3724 7225 -100  220
3734 7301 -100  221
3744 7468 -100  221
3754 7348 -100  221
3764 7393 -100  212
3774 7230 -100  198
3784 7273 -100  182
3794 7166 -100  166
3804 7059 -100  147
3814 7109 -100  128
3824 7211 -100  108
3834 7465 -100   86
3844 7463 -100   64
3854 7528 -100   40
3864 7575 -100   16
3874 7585 -100   -9
3884 7592   80  -23
3894 7549   80  -35
3904 7433   80  -50
3914 7502   80  -61
3924 7518   80  -75
3934 7565   80  -90
3944 7128   80 -103
3954 7409   80 -115
3964 7305   80 -122
3974 7351   48 -122
3984 7363   10 -122
3994 7364   10 -118
4004 7230   10 -106
4014 7137   10  -91
4024 7208   10  -80
4034 7244   10  -66
4044 7826   10  -51
4054 7835   10  -36
4064 7876   10  -22
99999 0 0 0 
4074 7880   10   -7
4084 7883   10    6
4094 7881   10   18
4104 7922   10   29
4114 7924   10   36
4124 7922   10   40
4134 7925   10   43
4144 7928   10   44
4154 7928   10   44
4164 7928   10   44
  0 797    0   -1
 10 7977   60   -1
 20 7977   60   -1
 30 7979   60   -1
 40 7888   60   -1
 50 7868   60   -1
 60 7879   60   -1
 70 7895   60   -1
 80 7621   60   -1
 90 7769   60   -1
100 7774   60    0
110 7762   60    5
120 7724   60   11
130 7679   60   18
140 7512   60   26
150 7471   60   34
160 7486   60   42
170 7470   60   49
180 7515   60   56
190 7511   60   62
200 7577   60   70
210 7569   60   77
220 7568   60   84
230 7568   60   91
240 7533   60   99
250 7534   60  106
260 7500   57  114
270 7538   53  123
280 7542   30  132
290 7555   20  142
300 7597   20  151
310 7651   20  160
320 7645   20  170
330 7728   19  180
340 7734   19  186
350 7881 -100  194
360 7883 -100  202
370 7885 -100  209
380 7754 -100  214
390 7669 -100  219
400 7693 -100  224
410 7740 -100  227
420 7154 -100  229
430 7158 -100  230
440 7398 -100  230
450 7379 -100  230
460 7318 -100  220
470 7313 -100  206
480 7221 -100  190
490 7288 -100  174
500 7032 -100  155
510 7081 -100  135
520 7100 -100  116
530 7349 -100   94
540 7520 -100   71
550 7522 -100   48
560 7530 -100   22
570 7552 -100   -2
580 7561   80  -19
590 7567   80  -31
600 7468   80  -44
610 7489   80  -56
620 7576   80  -68
630 7097   80  -82
640 7128   80  -95
650 7258   80 -107
660 7438   80 -114
670 7365   48 -115
680 7407    0 -115
690 7238   10 -114
700 7325   10 -102
710 7233   10  -88
720 7629   10  -78
730 7649   10  -63
740 7625   10  -50
750 7877   10  -35
760 7881   10  -22
770 7885   10   -7
780 7921   10    6
99999 0 0 0 
790 7922   10   18
800 7925   10   28
810 7925   10   36
820 7926   10   42
830 7928   10   44
840 7928   10   46
850 7929   10   46
860 7928   10   46
870 7931   10   46
880 7931   10   46
890 7932   60   46
900 7931   60   46
910 7929   60   42
920 7852   60   38
930 7806   60   34
940 7764   60   33
950 7738   60   32
960 7512   60   33
970 7508   60   33
980 7507   60   33
990 7440   60   36
1000 7447   60   43
1010 7505   60   50
1020 7454   60   56
1030 7465   60   62
1040 7500   60   68
1050 7530   60   75
1060 7524   60   82
1070 7520   60   89
1081 7526   60   96
1092 7490   60  105
1102 7496   60  113
1112 7534   46  120
1122 7537   50  130
1132 7545   27  138
1142 7565   20  147
1152 7600   20  158
1162 7632   20  167
1172 7720   20  176
1182 7765   19  184
1192 7768   19  190
1202 7879 -100  198
1212 7881 -100  205
1222 7809 -100  210
1232 7642 -100  216
1242 7642 -100  220
1252 7687 -100  224
1262 7099 -100  226
1272 7343 -100  226
1282 7305 -100  226
1292 7471 -100  226
1302 7447 -100  222
1312 7419 -100  209
1322 7156 -100  194
1332 7044 -100  177
1342 7112 -100  158
1352 7126 -100  139
1362 7269 -100  120
1372 7282 -100   98
1382 7456 -100   76
1392 7524 -100   54
1402 7533 -100   30
1412 7581 -100    4
1422 7591   80  -16
1432 7583   80  -27
1442 7499   80  -40
1452 7513   80  -54
1462 7559   80  -65
1472 7292   80  -80
1482 7225   80  -94
1492 7215   80 -106
1502 7398   80 -116
1512 7413   73 -119
1522 7374   14 -119
1532 7276   10 -119
1542 7087   10 -110
1552 7238   10  -96
1562 7260   10  -83
1572 7304   10  -71
1582 7324   10  -56
1592 7832   10  -42
1602 7873   10  -27
1612 7876   10  -13
99999 0 0 0 
1622 7879   10    1
1632 7918   10   14
1642 7918   10   25
1652 7920   10   33
1662 7922   10   39
1672 7921   10   42
1682 7924   10   44
1692 7925   10   44
1702 7925   10   44
1712 7928   10   44
1722 7928   10   44
1732 7928   60   44
1742 7929   60   43
1752 7926   60   38
1762 7894   60   34
1772 7805   60   30
1782 7763   60   27
1792 7732   60   26
1802 7433   60   27
1812 7498   60   27
1822 7504   60   27
1832 7472   60   28
1842 7480   60   33
1852 7499   60   38
1862 7446   60   44
1872 7454   60   50
1882 7449   60   55
1892 7513   60   60
1902 7509   60   66
1912 7513   60   72
1922 7513   60   78
1932 7483   60   84
1942 7482   60   91
1952 7452   60   98
1962 7487   60  105
1972 7490   60  112
1982 7492   60  120
1992 7530   49  128
2002 7534   35  136
2012 7538   30  146
2022 7590   20  155
2032 7622   20  164
2042 7677   20  173
2052 7797   20  181
2062 7799 -100  188
2072 7875 -100  196
2082 7877 -100  202
2092 7680 -100  208
2102 7633 -100  213
2112 7663 -100  217
2122 7709 -100  221
2132 7260 -100  222
2142 7432 -100  222
2152 7344 -100  222
2162 7447 -100  222
2172 7354 -100  212
2182 7346 -100  198
2192 7073 -100  182
2202 7002 -100  164
2212 7066 -100  146
2222 7184 -100  127
2232 7353 -100  106
2242 7354 -100   85
2252 7495 -100   62
2262 7530 -100   38
2272 7538 -100   14
2282 7550 -100  -10
2292 7554   80  -23
2302 7489   80  -34
2312 7471   80  -48
2322 7543   80  -59
2332 7590   80  -73
2342 7103   80  -86
2352 7340   80 -100
2362 7262   80 -111
2372 7409   80 -116
2382 7385   31 -117
2392 7410    0 -117
2402 7301   10 -113
2412 7171   10 -100
2422 7222   10  -88
2432 7745   10  -77
2442 7724   10  -63
2452 7728   10  -50
2462 7875   10  -38
2472 7880   10  -23
2482 7880   10  -10
99999 0 0 0 
2492 7883   10    2
2502 7920   10   14
2512 7921   10   23
2522 7922   10   30
2532 7924   10   34
2542 7925   10   36
2552 7926   10   37
2562 7925   10   37
2572 7926   10   37
2582 7928   10   37
2592 7926   10   37
2602 7928   60   37
2612 7929   60   35
2622 7926   60   30
2632 7834   60   26
2642 7778   60   23
2652 7745   60   22
2662 7732   60   22
2672 7512   60   22
2682 7507   60   23
2692 7501   60   23
2702 7437   60   26
2712 7494   60   32
2722 7520   60   38
2732 7496   60   44
2742 7500   60   50
2752 7492   60   56
2762 7517   60   62
2772 7513   60   68
2782 7513   60   74
2792 7516   60   81
2802 7486   60   88
2812 7487   60   94
2822 7489   60  102
2832 7487   60  109
2842 7489   57  117
2852 7496   51  125
2862 7542   37  134
2872 7552   24  142
2882 7548   20  152
2892 7606   20  162
2902 7629   20  170
2912 7751   20  179
2922 7794   20  187
2932 7799 -100  194
2942 7875 -100  201
2952 7760 -100  206
2962 7634 -100  212
2972 7642 -100  216
2982 7688 -100  220
2992 7739 -100  222
3002 7377 -100  224
3012 7472 -100  224
3022 7353 -100  224
3032 7412 -100  218
3042 7275 -100  206
3052 7302 -100  190
3062 7012 -100  174
3072 7005 -100  155
3082 7055 -100  137
3092 7268 -100  117
3102 7384 -100   96
3112 7378 -100   74
3122 7522 -100   51
3132 7527 -100   26
3142 7541 -100    2
3152 7551   80  -17
3162 7610   80  -28
3172 7556   80  -40
3182 7529   80  -55
3192 7450   80  -71
3202 7493   80  -86
3212 7336   80 -102
3222 7133   80 -119
3232 7119   80 -135
3242 7340   80 -147
3252 7368   80 -152
3262 7325   31 -152
3272 7275   10 -152
3282 7005   10 -144
3292 7070   10 -131
3302 7124   10 -116
3312 7166   10 -104
3322 7201   10  -90
3332 7820   10  -75
3342 7831   10  -60
3352 7835   10  -46
99999 0 0 0 
3362 7875   10  -31
3372 7876   10  -18
3382 7879   10   -4
3392 7880   10    8
3402 7881   10   17
3412 7883   10   23
3422 7885   10   28
3432 7920   10   30
3442 7918   10   31
3452 7922   10   32
3462 7922   10   32
3472 7924   60   32
3482 7926   60   32
3492 7885   60   32
3502 7819   60   31
3512 7767   60   31
3522 7735   60   31
3532 7722   60   31
3542 7503   60   32
3552 7532   60   31
3562 7535   60   36
3572 7437   60   42
3582 7454   60   48
3592 7476   60   53
3602 7483   60   58
3612 7449   60   64
3622 7445   60   70
3632 7510   60   75
3642 7475   60   81
3652 7476   60   88
3662 7479   60   94
3672 7489   60  101
3682 7485   60  108
3692 7487   60  115
3702 7526   60  123
3712 7528   45  131
3722 7497   32  140
3732 7537   20  150
3742 7558   20  159
3752 7611   20  168
3762 7636   19  178
3772 7648 -100  186
3782 7832 -100  194
3792 7870 -100  201
3802 7685 -100  208
3812 7634 -100  214
3822 7663 -100  220
3832 7708 -100  224
3842 7255 -100  226
3852 7403 -100  228
3862 7295 -100  228
3872 7418 -100  228
3882 7312 -100  216
3892 7322 -100  202
3902 6985 -100  186
3912 6945 -100  169
3922 7001 -100  151
3932 7180 -100  132
3942 7337 -100  112
3952 7339 -100   91
3962 7473 -100   68
3972 7513 -100   44
3982 7524 -100   20
3992 7542 -100   -5
4002 7556   80  -20
4012 7498   80  -31
4022 7435   80  -44
4032 7535   80  -54
4042 7583   80  -67
4052 7096   80  -80
4062 7337   80  -92
4072 7287   80 -103
4082 7433   80 -110
4092 7404   48 -110
4102 7409   10 -110
4112 7290   10 -107
4122 7198   10  -95
4132 7272   10  -82
4142 7626   10  -72
4152 7609   10  -58
4162 7616   10  -45
4172 7872   10  -31
4182 7876   10  -18
99999 0 0 0 
4192 7877   10   -4
4202 7880   10    9
4212 7881   10   20
4222 7880   10   30
4232 7918   10   37
4242 7918   10   41
4252 7920   10   43
4262 7921   10   44
4272 7921   10   44
4282 7921   10   44
  0 797    0    0
 10 7976   60    0
 20 7976   60    0
 30 7912   60    0
 40 7865   60    0
 50 7873   60    0
 60 7887   60    0
 70 7899   60    0
 80 7693   60    0
 90 7773   60    0
100 7763   60    2
110 7728   60    8
120 7647   60   16
130 7617   60   24
140 7502   60   32
150 7446   60   40
160 7466   60   47
170 7514   60   54
180 7513   60   61
190 7504   60   68
200 7565   60   74
210 7561   60   82
220 7560   60   89
230 7530   60   97
240 7531   60  104
250 7537   59  112
260 7538   54  120
270 7541   40  129
280 7559   25  138
290 7625   20  147
300 7615   20  156
310 7639   20  166
320 7759   19  174
330 7802   19  182
340 7807 -100  189
350 7862 -100  196
360 7653 -100  201
370 7627 -100  207
380 7666 -100  212
390 7224 -100  216
400 7264 -100  217
410 7424 -100  218
420 7424 -100  218
430 7324 -100  217
440 7387 -100  206
450 7207 -100  191
460 7259 -100  176
470 6973 -100  158
480 7037 -100  139
490 7079 -100  122
500 7316 -100  102
510 7421 -100   79
520 7419 -100   58
530 7526 -100   34
540 7533 -100   10
550 7547   80  -15
560 7547   80  -26
570 7449   80  -38
580 7396   80  -51
590 7547   80  -62
600 7527   80  -77
610 7571   80  -90
620 7333   80 -103
630 7416   80 -114
642 7451   80 -118
652 7407   17 -118
662 7327   10 -118
672 6940   10 -109
682 7110   10  -95
692 7145   10  -82
702 7225   10  -70
712 7250   10  -55
722 7828   10  -42
732 7870   10  -26
742 7873   10  -12
99999 0 0 0 
752 7876   10    2
762 7879   10   14
772 7880   10   26
782 7920   10   34
792 7921   10   40
802 7921   10   44
812 7921   10   45
822 7924   10   45
832 7924   10   45
842 7925   10   45
852 7925   10   45
862 7926   60   45
872 7926   60   44
882 7925   60   38
892 7889   60   34
902 7802   60   30
912 7756   60   28
922 7732   60   27
932 7583   60   27
942 7467   60   28
952 7464   60   28
962 7503   60   29
972 7447   60   35
982 7468   60   41
992 7483   60   46
1002 7487   60   52
1012 7483   60   58
1022 7479   60   64
1032 7550   60   70
1042 7550   60   76
1052 7479   60   82
1062 7483   60   88
1072 7485   60   95
1082 7486   60  102
1092 7449   60  109
1102 7456   60  117
1112 7528   52  124
1122 7533   46  134
1132 7547   24  142
1142 7558   20  151
1152 7612   20  161
1162 7636   20  170
1172 7686   20  178
1182 7867   20  185
1192 7870   20  193
1202 7873 -100  200
1212 7877 -100  206
1222 7680 -100  210
1232 7631 -100  216
1242 7663 -100  220
1252 7712 -100  222
1262 7152 -100  224
1272 7504 -100  224
1282 7415 -100  224
1292 7375 -100  224
1302 7286 -100  212
1312 7284 -100  198
1322 7120 -100  181
1332 6977 -100  164
1342 7036 -100  146
1352 7115 -100  126
1362 7387 -100  106
1372 7384 -100   85
1382 7486 -100   62
1392 7523 -100   37
1402 7531 -100   14
1412 7545   80  -11
1422 7554   80  -22
1432 7486   80  -34
1442 7434   80  -48
1452 7504   80  -59
1462 7552   80  -73
1472 7136   80  -87
1482 7406   80 -100
1492 7332   80 -111
1502 7337   80 -117
1512 7384   39 -118
1522 7405    0 -118
1532 7422   10 -114
1542 7113   10 -100
1552 7176   10  -87
1562 7527   10  -77
1572 7826   10  -63
1582 7832   10  -50
1592 7873   10  -36
1602 7876   10  -22
1612 7877   10   -9
99999 0 0 0 
1622 7880   10    4
1632 7881   10   16
1642 7881   10   25
1652 7883   10   32
1662 7920   10   37
1672 7921   10   40
1682 7921   10   41
1692 7920   10   41
1702 7924   10   41
1712 7924   10   41
1722 7925   10   41
1732 7925   60   41
1742 7925   60   39
1752 7924   60   34
1762 7830   60   30
1772 7777   60   27
1782 7743   60   26
1792 7728   60   26
1802 7470   60   27
1812 7504   60   27
1822 7501   60   27
1832 7471   60   31
1842 7455   60   37
1852 7475   60   43
1862 7487   60   49
1872 7492   60   54
1882 7485   60   60
1892 7513   60   66
1902 7510   60   72
1912 7510   60   78
1922 7517   60   85
1932 7486   60   92
1942 7485   60   99
1952 7449   60  106
1962 7490   60  114
1972 7492   53  122
1982 7493   41  130
1992 7518   35  139
2002 7545   21  148
2012 7600   20  157
2022 7720   20  166
2032 7741   20  175
2042 7754   20  183
2052 7832   20  190
2062 7836 -100  198
2072 7872 -100  204
2082 7754 -100  209
2092 7637 -100  213
2102 7645 -100  217
2112 7122 -100  220
2122 7170 -100  222
2132 7270 -100  222
2142 7523 -100  222
2152 7418 -100  222
2162 7425 -100  218
2172 7282 -100  206
2182 7296 -100  190
2192 7140 -100  174
2202 6995 -100  155
2212 7049 -100  137
2222 7156 -100  117
2232 7425 -100   96
2242 7424 -100   74
2252 7490 -100   50
2262 7528 -100   26
2272 7540 -100    2
2282 7548   80  -18
2292 7572   80  -28
2302 7516   80  -41
2312 7494   80  -56
2322 7414   80  -72
2332 7453   80  -86
2342 7399   80 -103
2352 7163   80 -120
2362 7154   80 -136
2372 7276   80 -148
2382 7369   80 -154
2392 7321   39 -154
2402 7343   10 -154
2412 6932   10 -146
2422 6996   10 -134
2432 7124   10 -119
2442 7199   10 -106
2452 7232   10  -92
2462 7249   10  -78
2472 7828   10  -63
2482 7831   10  -49
99999 0 0 0 
2492 7870   10  -34
2502 7873   10  -20
2512 7875   10   -7
2522 7876   10    5
2532 7880   10   14
2542 7879   10   22
2552 7881   10   26
2562 7881   10   29
2572 7881   10   30
2582 7920   10   30
2592 7918   10   30
2602 7920   60   30
2612 7921   60   30
2622 7886   60   30
2632 7834   60   30
2642 7785   60   30
2652 7604   60   30
2662 7584   60   30
2672 7539   60   30
2682 7463   60   30
2692 7462   60   34
2702 7470   60   40
2712 7416   60   46
2722 7438   60   52
2732 7490   60   57
2742 7493   60   62
2752 7487   60   68
2762 7478   60   73
2772 7510   60   79
2782 7508   60   86
2792 7441   60   92
2802 7446   60   98
2812 7445   60  105
2822 7448   60  112
2832 7487   60  120
2842 7487   50  128
2852 7493   37  136
2862 7496   32  145
2872 7514   20  154
2882 7596   20  164
2892 7622   20  174
2902 7639   20  182
2912 7683 -101  190
2922 7831 -101  197
2932 7834 -101  204
2942 7853 -101  210
2952 7644 -101  216
2962 7624 -101  220
2972 7663 -101  225
2982 7110 -101  228
2992 7151 -101  229
3002 7310 -101  229
3012 7459 -101  229
3022 7360 -101  229
3032 7390 -101  217
3042 7122 -101  202
3052 7171 -101  186
3062 7059 -101  168
3072 7039 -101  150
3082 7075 -101  131
3092 7231 -101  111
3102 7446 -101   90
3112 7438 -101   68
3122 7513 -101   44
3132 7524 -101   19
3142 7541 -101   -6
3152 7552   80  -20
3162 7491   80  -32
3172 7427   80  -45
3182 7502   80  -54
3192 7090   80  -68
3202 7134   80  -81
3212 7189   80  -93
3222 7407   80 -103
3232 7310   73 -108
3242 7360   31 -108
3252 7387   10 -108
3262 7498   10 -104
3272 7322   10  -92
3282 7543   10  -80
3292 7566   10  -70
3302 7718   10  -58
3312 7832   10  -44
3322 7835   10  -32
3332 7873   10  -19
3342 7876   10   -6
99999 0 0 0 
3352 7876   10    6
3362 7877   10   16
3372 7879   10   25
3382 7880   10   31
3392 7880   10   36
3402 7883   10   38
3412 7883   10   39
3422 7884   10   39
3432 7920   10   39
3442 7921   60   39
3452 7920   60   39
3462 7921   60   39
3472 7843   60   39
3482 7806   60   35
3492 7792   60   32
3502 7782   60   30
3512 7540   60   30
3522 7553   60   31
3532 7543   60   31
3542 7538   60   31
3552 7503   60   38
3562 7513   60   46
3572 7464   60   53
3582 7487   60   60
3592 7499   60   66
3602 7462   60   72
3612 7528   60   79
3622 7522   60   86
3632 7520   60   94
3642 7486   60  101
3652 7487   60  108
3662 7495   60  116
3672 7497   52  125
3682 7506   29  133
3692 7558   24  142
3702 7552   20  152
3712 7581   20  161
3722 7635   20  170
3732 7785   19  178
3742 7793   19  185
3752 7831 -101  192
3762 7870 -101  198
3772 7814 -101  204
3782 7639 -101  209
3792 7633 -101  214
3802 7672 -101  217
3812 7721 -101  220
3822 7368 -101  221
3832 7347 -101  221
3842 7393 -101  221
3852 7401 -101  218
3862 7360 -101  206
3872 7296 -101  190
3882 6995 -101  174
3892 7059 -101  157
3902 7043 -101  138
3912 7260 -101  119
3922 7284 -101   98
3932 7387 -101   77
3942 7487 -101   54
3952 7492 -101   30
3962 7534 -101    6
3972 7548   80  -16
3982 7538   80  -26
3992 7426   80  -38
4002 7480   80  -51
4012 7527   80  -62
4022 7571   80  -75
4032 7256   80  -89
4042 7249   80 -102
4052 7300   80 -110
4062 7429   56 -114
4072 7382   23 -114
4082 7433   10 -114
4092 7136   10 -105
4102 7250   10  -92
4112 7206   10  -79
4122 7520   10  -67
4132 7536   10  -54
4142 7828   10  -40
4152 7866   10  -26
4162 7872   10  -12
99999 0 0 0 
4172 7872   10    1
4182 7875   10   14
4192 7875   10   24
4202 7877   10   33
4212 7881   10   39
4222 7879   10   42
4232 7881   10   44
4242 7881   10   44
4252 7881   10   44
4262 7883   10   44
4272 7918   10   44
  0 793    0    2
 10 7938   60    2
 21 7972   60    2
 31 7882   60    2
 41 7829   60    2
 51 7843   60    2
 61 7854   60    2
 71 7649   60    2
 81 7729   60    2
 91 7733   60    2
101 7757   60    6
111 7651   60   12
121 7604   60   20
131 7471   60   28
141 7475   60   36
151 7490   60   43
161 7474   60   50
171 7550   60   58
181 7540   60   65
191 7574   60   72
201 7568   60   79
211 7565   60   86
221 7567   60   94
231 7501   60  102
241 7501   53  110
251 7540   47  118
261 7552   41  126
271 7569   34  135
281 7590   20  144
291 7603   20  154
301 7629   20  163
311 7749   20  172
321 7797   20  180
331 7802   20  186
341 7876 -100  194
351 7746 -100  200
361 7637 -100  204
371 7651 -100  209
381 7697 -100  213
391 7743 -100  214
401 7378 -100  216
411 7467 -100  216
421 7351 -100  216
431 7412 -100  212
441 7313 -100  199
451 7335 -100  184
461 7042 -100  168
471 7036 -100  150
481 7092 -100  131
491 7232 -100  112
501 7387 -100   91
511 7383 -100   70
521 7522 -100   46
531 7527 -100   22
541 7537 -100   -2
551 7548   80  -18
561 7528   80  -30
571 7467   80  -43
581 7482   80  -58
591 7447   80  -74
601 7494   80  -88
611 7332   80 -106
621 7129   80 -123
631 7108   80 -139
641 7299   80 -151
651 7361   80 -156
661 7321   31 -156
671 7272   10 -156
681 7032   10 -148
691 7101   10 -135
701 7123   10 -120
711 7197   10 -108
721 7232   10  -94
731 7783   10  -79
741 7826   10  -66
751 7831   10  -51
99999 0 0 0 
761 7870   10  -37
771 7873   10  -23
781 7876   10  -10
791 7877   10    2
801 7879   10   13
811 7880   10   20
821 7881   10   24
831 7881   10   27
841 7883   10   29
851 7918   10   29
861 7918   10   29
871 7921   60   29
881 7920   60   29
891 7892   60   29
901 7841   60   29
911 7788   60   29
921 7748   60   29
931 7731   60   29
941 7540   60   29
951 7536   60   29
961 7535   60   33
971 7467   60   40
981 7448   60   46
991 7471   60   52
1001 7489   60   57
1011 7458   60   63
1021 7454   60   68
1031 7514   60   74
1041 7471   60   80
1051 7473   60   86
1061 7475   60   92
1071 7445   60   99
1081 7448   60  106
1091 7451   60  113
1101 7524   60  121
1111 7524   51  129
1121 7493   38  137
1131 7531   33  146
1141 7552   20  155
1151 7592   20  165
1161 7621   20  174
1171 7638   20  184
1181 7790   20  191
1191 7795   20  198
1201 7797 -101  205
1211 7870 -101  212
1221 7872 -101  218
1231 7805 -101  222
1241 7635 -101  226
1251 7633 -101  230
1261 7669 -101  233
1271 7085 -101  235
1281 7302 -101  236
1291 7287 -101  235
1301 7443 -101  235
1311 7406 -101  233
1321 7356 -101  221
1331 7217 -101  206
1341 7096 -101  190
1351 7161 -101  173
1361 7078 -101  154
1371 7191 -101  134
1381 7209 -101  114
1391 7421 -101   93
1401 7487 -101   69
1411 7489 -101   46
1421 7533 -101   22
1431 7550 -101   -5
1441 7555   80  -20
1451 7571   80  -31
1461 7542   80  -46
1471 7468   80  -60
1481 7493   80  -74
1491 7434   80  -90
1501 7481   80 -106
1511 7288   80 -122
1521 7350   80 -134
1531 7246   80 -142
1541 7370   56 -143
1551 7311    0 -143
1561 7396   10 -142
1571 7073   10 -130
1581 7165   10 -115
1591 7216   10 -104
1601 7489   10  -91
1611 7787   10  -78
1621 7791   10  -65
1631 7867   10  -51
1641 7870   10  -38
1651 7872   10  -26
99999 0 0 0 
1661 7873   10  -12
1671 7876   10    0
1681 7876   10   10
1691 7877   10   18
1701 7877   10   23
1711 7880   10   27
1721 7881   10   30
1731 7917   10   30
1741 7920   10   31
1751 7920   10   31
1761 7921   60   31
1771 7900   60   31
1781 7838   60   31
1791 7808   60   31
1801 7788   60   31
1811 7580   60   31
1821 7590   60   31
1831 7580   60   31
1841 7542   60   31
1851 7471   60   38
1861 7477   60   44
1871 7459   60   50
1881 7410   60   57
1891 7418   60   63
1901 7451   60   69
1911 7481   60   75
1921 7478   60   82
1931 7478   60   88
1941 7513   60   95
1951 7517   60  102
1961 7485   60  109
1971 7489   60  117
1981 7492   53  125
1991 7531   40  133
2001 7496   35  142
2011 7531   21  151
2021 7587   20  161
2031 7624   20  170
2041 7638   20  179
2051 7754   20  186
2061 7829   20  194
2071 7831 -101  201
2081 7867 -101  207
2091 7869 -101  213
2101 7673 -101  218
2111 7621 -101  222
2121 7653 -101  225
2131 7699 -101  228
2141 7179 -101  229
2151 7373 -101  229
2161 7308 -101  229
2171 7436 -101  229
2181 7405 -101  219
2191 7395 -101  205
2201 7151 -101  189
2211 7035 -101  172
2221 7096 -101  154
2231 7104 -101  134
2241 7270 -101  114
2251 7276 -101   94
2261 7452 -101   71
2271 7522 -101   47
2281 7527 -101   23
2291 7541 -101   -2
2301 7552   80  -20
2311 7486   80  -32
2321 7425   80  -46
2331 7493   80  -56
2341 7538   80  -70
2351 7055   80  -83
2361 7255   80  -96
2371 7200   80 -107
2381 7351   80 -114
2391 7396   48 -114
2401 7404   10 -114
2411 7323   10 -111
2421 7163   10  -99
2431 7233   10  -86
2441 7553   10  -75
2451 7639   10  -62
2461 7648   10  -49
2471 7831   10  -35
2481 7869   10  -22
99999 0 0 0 
2491 7872   10   -8
2501 7873   10    5
2511 7875   10   16
2521 7876   10   26
2531 7877   10   33
2541 7877   10   38
2551 7879   10   40
2561 7880   10   41
2571 7880   10   41
2581 7881   10   41
2591 7881   60   41
2601 7917   60   41
2611 7918   60   41
2621 7861   60   38
2631 7777   60   32
2641 7751   60   28
2651 7753   60   26
2661 7519   60   26
2671 7505   60   27
2681 7500   60   27
2691 7464   60   30
2701 7462   60   37
2711 7439   60   44
2721 7428   60   52
2731 7449   60   58
2741 7460   60   65
2751 7530   60   71
2761 7524   60   78
2771 7517   60   85
2781 7550   60   92
2791 7553   60   99
2801 7485   60  106
2811 7493   60  114
2821 7493   53  122
2831 7534   40  131
2841 7499   26  140
2851 7520   20  150
2861 7598   20  159
2871 7626   20  169
2881 7639   20  177
2891 7785   19  184
2901 7826 -101  192
2911 7831 -101  198
2921 7858 -101  205
2931 7648 -101  211
2941 7631 -101  216
2951 7666 -101  220
2961 7183 -101  223
2971 7219 -101  224
2981 7378 -101  225
2991 7411 -101  225
3001 7320 -101  224
3011 7318 -101  211
3021 7220 -101  196
3031 7273 -101  181
3041 7017 -101  163
3051 7042 -101  144
3061 7077 -101  126
3071 7308 -101  106
3081 7413 -101   83
3091 7410 -101   60
3101 7517 -101   36
3111 7526 -101   13
3121 7540   81  -11
3131 7545   81  -23
3141 7483   81  -35
3151 7430   81  -48
3161 7506   81  -59
3171 7518   81  -72
3181 7558   81  -86
3191 7287   81  -98
3201 7388   81 -108
3211 7293   74 -113
3221 7382   31 -113
3231 7417   10 -113
3241 7527   10 -107
3251 7179   10  -95
3261 7184   10  -84
3271 7207   10  -74
3281 7679   10  -60
3291 7828   10  -48
3301 7831   10  -35
3311 7869   10  -22
3321 7872   10   -9
99999 0 0 0 
3331 7873   10    3
3341 7875   10   14
3351 7876   10   23
3361 7877   10   30
3371 7913   10   34
3381 7877   10   36
3391 7880   10   37
3401 7879   10   37
3411 7881   10   37
3421 7880   60   37
3431 7881   60   37
3441 7881   60   36
3451 7810   60   34
3461 7771   60   29
3471 7782   60   26
3481 7748   60   24
3491 7515   60   25
3501 7572   60   25
3511 7568   60   25
3521 7498   60   27
3531 7463   60   35
3541 7482   60   42
3551 7469   60   48
3561 7417   60   54
3571 7422   60   60
3581 7526   60   66
3591 7483   60   73
3601 7476   60   79
3611 7514   60   86
3621 7481   60   93
3631 7483   60  100
3641 7449   60  107
3651 7487   60  115
3661 7489   53  123
3671 7527   40  131
3681 7551   34  140
3691 7576   20  149
3701 7562   20  158
3711 7573   20  167
3721 7594   20  176
3731 7748   19  183
3741 7787   19  190
3751 7794 -101  197
3761 7834 -101  203
3771 7747 -101  208
3781 7630 -101  211
3791 7639 -101  215
3801 7684 -101  218
3811 7729 -101  221
3821 7336 -101  221
3831 7419 -101  221
3841 7323 -101  221
3851 7402 -101  217
3861 7362 -101  205
3871 7367 -101  190
3881 7102 -101  173
3891 7027 -101  155
3901 7080 -101  136
3911 7195 -101  117
3921 7322 -101   97
3931 7324 -101   75
3941 7493 -101   52
3951 7527 -101   28
3961 7531 -101    4
3971 7545   81  -17
3981 7537   81  -27
3991 7482   81  -40
4001 7462   81  -55
4011 7417   81  -71
4021 7453   81  -85
4031 7363   81 -102
4041 7227   81 -118
4051 7214   81 -134
4061 7302   81 -146
4071 7360   81 -151
4081 7322   31 -151
4091 7272   10 -151
4101 6858   10 -144
4111 6928   10 -131
4121 7085   10 -116
4131 7156   10 -104
4141 7191   10  -90
4151 7703   10  -75
4161 7821   10  -62
4171 7825   10  -47
99999 0 0 0 
4181 7826   10  -33
4191 7865   10  -19
4201 7867   10   -6
4211 7872   10    6
4221 7872   10   16
4231 7872   10   22
4241 7873   10   26
4251 7875   10   29
4261 7875   10   30
4271 7876   10   30
4281 7876   10   30
  0 793    0    5
 11 7932   60    5
 21 7931   60    5
 31 7857   60    5
 41 7829   60    5
 51 7834   60    5
 61 7847   60    5
 71 7644   60    5
 81 7651   60    5
 91 7727   60    5
101 7685   60    9
111 7654   60   15
121 7548   60   22
131 7482   60   30
141 7475   60   37
151 7405   60   44
161 7483   60   50
171 7490   60   56
181 7495   60   62
191 7567   60   69
201 7565   60   75
211 7524   60   82
221 7490   60   88
231 7487   60   95
241 7492   60  102
251 7490   60  110
261 7493   56  117
271 7533   51  125
281 7544   45  134
291 7554   22  142
301 7573   20  151
311 7624   20  161
321 7658   20  170
331 7676   20  178
341 7755   20  186
351 7759 -100  193
361 7835 -100  200
371 7750 -100  206
381 7637 -100  210
391 7647 -100  216
401 7055 -100  220
411 7099 -100  222
421 7264 -100  223
431 7499 -100  223
441 7384 -100  223
451 7374 -100  218
461 7207 -100  206
471 7231 -100  190
481 7080 -100  174
491 7003 -100  156
501 7053 -100  138
511 7192 -100  118
521 7418 -100   98
531 7415 -100   76
541 7483 -100   52
551 7523 -100   28
561 7536 -100    4
571 7547   80  -17
581 7575   80  -28
591 7526   80  -40
601 7465   80  -55
611 7420   80  -71
621 7459   80  -86
631 7402   80 -102
641 7163   80 -119
651 7154   80 -135
661 7275   80 -147
671 7372   80 -152
681 7327   31 -152
691 7313   10 -152
701 6925   10 -146
711 6992   10 -134
721 7119   10 -119
731 7193   10 -107
741 7228   10  -94
751 7457   10  -79
761 7822   10  -65
771 7826   10  -51
99999 0 0 0 
781 7831   10  -38
791 7867   10  -24
801 7872   10  -10
811 7872   10    2
821 7873   10   11
831 7876   10   18
841 7876   10   23
851 7877   10   26
861 7880   10   28
871 7877   10   28
881 7880   10   28
891 7880   60   28
901 7880   60   28
911 7851   60   28
921 7797   60   28
931 7760   60   27
941 7581   60   27
951 7556   60   27
961 7543   60   28
971 7503   60   28
981 7501   60   31
991 7505   60   38
1001 7416   60   44
1011 7435   60   50
1021 7449   60   56
1031 7490   60   62
1041 7482   60   67
1051 7478   60   73
1061 7509   60   79
1071 7509   60   85
1081 7475   60   91
1091 7442   60   98
1101 7442   60  104
1111 7446   60  111
1121 7485   60  119
1131 7487   51  126
1141 7527   47  134
1151 7493   41  143
1161 7510   20  152
1171 7578   20  162
1181 7607   20  172
1191 7631   20  181
1201 7643   19  188
1211 7825 -101  195
1221 7826 -101  202
1231 7808 -101  209
1241 7615 -101  214
1251 7596 -101  219
1261 7667 -101  223
1271 7112 -101  226
1281 7150 -101  228
1291 7339 -101  228
1301 7448 -101  228
1311 7351 -101  228
1321 7346 -101  214
1331 7078 -101  200
1341 7136 -101  184
1351 7022 -101  167
1361 7078 -101  148
1371 7110 -101  130
1381 7233 -101  110
1391 7448 -101   88
1401 7444 -101   65
1411 7481 -101   42
1421 7528 -101   16
1431 7541 -101   -8
1441 7552   81  -22
1451 7487   81  -34
1461 7428   81  -46
1471 7499   81  -56
1481 7087   81  -70
1491 7130   81  -82
1501 7182   81  -95
1511 7399   81 -104
1521 7300   65 -109
1531 7355   31 -110
1541 7356    0 -110
1551 7459   10 -104
1561 7287   10  -92
1571 7508   10  -80
1581 7527   10  -70
1591 7714   10  -58
1601 7825   10  -44
1611 7829   10  -31
1621 7831   10  -18
1631 7870   10   -6
99999 0 0 0 
1641 7872   10    6
1651 7872   10   16
1661 7876   10   24
1671 7876   10   30
1681 7876   10   33
1691 7877   10   34
1701 7879   10   34
1711 7879   10   34
1721 7879   10   34
1731 7876   10   34
1741 7880   60   34
1751 7880   60   34
1761 7879   60   30
1771 7872   60   26
1781 7761   60   22
1791 7718   60   20
1801 7695   60   19
1811 7439   60   20
1821 7433   60   20
1831 7501   60   20
1841 7503   60   20
1851 7512   60   26
1861 7494   60   32
1871 7476   60   38
1881 7485   60   44
1891 7419   60   50
1901 7482   60   56
1911 7473   60   62
1921 7469   60   68
1931 7471   60   74
1941 7476   60   80
1951 7481   60   86
1961 7445   60   93
1971 7444   60  100
1981 7478   60  107
1991 7479   60  114
2001 7482   60  122
2011 7486   49  130
2021 7524   35  139
2031 7547   20  148
2041 7528   20  157
2051 7611   20  166
2061 7629   20  176
2071 7673   20  183
2081 7824 -101  190
2091 7825 -101  197
2101 7660 -101  204
2111 7592 -101  209
2121 7612 -101  214
2131 7693 -101  218
2141 7242 -101  221
2151 7242 -101  222
2161 7340 -101  222
2171 7418 -101  222
2181 7366 -101  213
2191 7285 -101  200
2201 6968 -101  184
2211 7029 -101  168
2221 6981 -101  150
2231 7166 -101  131
2241 7192 -101  112
2251 7305 -101   91
2261 7445 -101   69
2271 7445 -101   46
2281 7485 -101   22
2291 7497 -101   -2
2301 7507   81  -20
2311 7527   81  -31
2321 7509   81  -44
2331 7439   81  -60
2341 7452   81  -76
2351 7320   81  -90
2361 7371   81 -108
2371 7374   81 -124
2381 7341   81 -140
2391 7246   81 -151
2401 7285   81 -154
2411 7284   14 -154
2421 7334   10 -154
2431 7322   10 -144
2441 7148   10 -131
2451 7187   10 -122
2461 7209   10 -107
2471 7817   10  -94
2481 7824   10  -82
2491 7826   10  -68
2501 7865   10  -56
99999 0 0 0 
2511 7866   10  -44
2521 7866   10  -32
2531 7869   10  -22
2541 7870   10  -12
2551 7872   10   -4
2561 7873   10    2
2571 7875   10    7
2581 7875   10   11
2591 7875   10   14
2601 7877   10   16
2611 7879   60   17
2621 7877   60   20
2631 7876   60   20
2641 7827   60   20
2651 7783   60   20
2661 7750   60   20
2671 7719   60   20
2681 7589   60   20
2691 7577   60   20
2701 7573   60   24
2711 7504   60   30
2721 7515   60   35
2731 7494   60   42
2741 7437   60   47
2751 7442   60   53
2761 7445   60   58
2771 7441   60   64
2781 7438   60   70
2791 7469   60   75
2801 7472   60   81
2811 7471   60   87
2821 7475   60   93
2831 7476   60   99
2841 7475   60  105
2851 7442   60  112
2861 7478   60  119
2871 7483   58  126
2881 7452   54  134
2891 7459   40  143
2901 7469   20  152
2911 7497   20  161
2921 7589   20  170
2931 7618   19  180
2941 7667   19  188
2951 7748 -101  196
2961 7679 -101  202
2971 7603 -101  209
2981 7598 -101  214
2991 7636 -101  220
3001 7682 -101  224
3011 7356 -101  226
3021 7309 -101  226
3031 7342 -101  226
3041 7376 -101  226
3051 7354 -101  213
3061 7232 -101  198
3071 6935 -101  182
3081 6994 -101  165
3091 7005 -101  147
3101 7251 -101  128
3111 7265 -101  109
3121 7373 -101   87
3131 7478 -101   64
3141 7479 -101   41
3151 7490 -101   17
3161 7504 -101   -8
3171 7513   81  -21
3181 7520   81  -32
3191 7484   81  -46
3201 7435   81  -62
3211 7492   81  -74
3221 7361   81  -90
3231 7403   81 -106
3241 7097   81 -122
3251 7377   81 -134
3261 7286   81 -142
3271 7303   56 -142
3281 7248   10 -142
3291 7335   10 -141
3301 7153   10 -129
3311 7124   10 -116
3321 7175   10 -105
3331 7481   10  -93
3341 7774   10  -79
3351 7784   10  -67
3361 7824   10  -54
3371 7828   10  -42
99999 0 0 0 
3381 7828   10  -29
3391 7831   10  -17
3401 7866   10   -5
3411 7869   10    5
3421 7870   10   13
3431 7872   10   19
3441 7872   10   23
3451 7872   10   25
3461 7875   10   26
3471 7875   60   26
3481 7875   60   26
3491 7876   60   27
3501 7856   60   27
3511 7799   60   27
3521 7769   60   27
3531 7751   60   27
3541 7729   60   27
3551 7595   60   27
3561 7581   60   27
3571 7543   60   27
3581 7507   60   33
3591 7513   60   39
3601 7420   60   46
3611 7440   60   52
3621 7454   60   58
3631 7424   60   63
3641 7455   60   69
3651 7446   60   74
3661 7478   60   80
3671 7441   60   86
3681 7441   60   92
3691 7479   60   98
3701 7442   60  105
3711 7444   60  112
3721 7482   60  118
3731 7485   60  126
3741 7490   53  134
3751 7458   30  142
3761 7496   24  152
3771 7521   20  161
3781 7563   20  170
3791 7621   19  180
3801 7634   10  188
3811 7642   10  194
3821 7822   10  202
3831 7828   10  209
3841 7836   10  214
3851 7835   10  220
3861 7836   10  225
3871 7872   10  228
3881 7873   10  232
3891 7873   10  234
3901 7875   10  236
3911 7876   10  237
3921 7876   10  238
3932 7876   10  238
3942 7877   10  238
3952 7880   10  238
3963 7877   10  238
3973 7877   10  238
3983 7879   10  238
3993 7879   10  238
4003 7879   10  238
4014 7879   10  238
4024 7879   10  238
4035 7879   10  238
4046 7881   10  237
4056 7881   10  236
4066 7880   10  234
4076 7881   10  234
4086 7880   10  233
4096 7881   10  232
4106 7881   10  230
4116 7884   10  229
4126 7880   10  228
4136 7881   10  226
4146 7883   10  226
4156 7881   10  225
4166 7883   10  224
4176 7883   10  224
4186 7881   10  222
4196 7883   10  222
4206 7881   10  222
4216 7881   10  221
4226 7884   10  220
4236 7883   10  219
4246 7883   10  218
4257 7881   10  218
4267 7883   10  217
4277 7883   10  217
4287 7884   10  216
4297 7883   10  216
4307 7884   10  215
4317 7884   10  214
4327 7884   10  214
4337 7884   10  214
4347 7883   10  213
4357 7885   10  213
4367 7884   10  212
4377 7884   10  212
4387 7883   10  212
4397 7884   10  212
4407 7885   10  212
4417 7883   10  211
4427 7885   10  211
4437 7884   10  211
4447 7885   10  211
4457 7920   10  211
4467 7920   10  211
4477 7921   10  211
4487 7885   10  211
4497 7921   10  211
4508 7921   10  211
4518 7885   10  211
4528 7885   10  211
4538 7885   10  211
4548 7885   10  211
4559 7921   10  211
4571 7887   10  211
4581 7885   10  211
4591 7884   10  211
4601 7921   10  211
4611 7920   10  211
4621 7921   10  211
4631 7887   10  211
4641 7884   10  211
4651 7921   10  211
4661 7921   10  211
4671 7921   10  211
4681 7922   10  211
4691 7922   10  211
4701 7921   10  211
4711 7922   10  211
4721 7924   10  211
4731 7922   10  211
4741 7922   10  211
4751 7922   10  211
4761 7922   10  211
4771 7924   10  211
4781 7922   10  211
4791 7922   10  211
4801 7922   10  211
4811 7921   10  211
4821 7922   10  211
4831 7921   10  211
4841 7922   10  211
4851 7921   10  211
4861 7924   10  211
4871 7922   10  211
4881 7921   10  211
4891 7922   10  211
4901 7887   10  211
4911 7888   10  211
4921 7924   10  211
4931 7922   10  211
4941 7922   10  211
4951 7922   10  211
4961 7924   10  211
4971 7922   10  211
4981 7924   10  211
4991 7922   10  211
5001 7924   10  211
5011 7922   10  211
5021 7922   10  211
5031 7924   10  211
5041 7924   10  211
5051 7924   10  211
5061 7924   10  211
5071 7922   10  211
5081 7924   10  211
5091 7922   10  211
5101 7924   10  211
5111 7924   10  211
5121 7924   10  211
5131 7920   10  211
5141 7921   10  211
5151 7922   10  211
5161 7925   10  211
5171 7924   10  211
5181 7924   10  211
5191 7922   10  211
5201 7924   10  211
5211 7925   10  211
5221 7925   10  211
5231 7925   10  211
5241 7924   10  211
5251 7922   10  211
5261 7924   10  211
5271 7922   10  211
5281 7924   10  211
5292 7924   10  211
5302 7924   10  211
5312 7925   10  211
5322 7924   10  211
5332 7924   10  211
5342 7924   10  211
5352 7925   10  211
5363 7924   10  211
5373 7925   10  211
5383 7924   10  211
5393 7924   10  211
5403 7925   10  211
5413 7924   10  211
5423 7925   10  211
5434 7925   10  211
5445 7926   10  211
5456 7925   10  211
5467 7924   10  211
5477 7925   10  211
5487 7925   10  211
5498 7925   10  211
5508 7925   10  211
5518 7925   10  211
5528 7925   10  211
5538 7925   10  211
5548 7925   10  211
5558 7925   10  211
5569 7925   10  211
5580 7925   10  211
5591 7924   10  211
5601 7925   10  211
5612 7924   10  211
5623 7924   10  211
5634 7924   10  211
5644 7926   10  211
5654 7925   10  211
5664 7925   10  211
5674 7925   10  211
5684 7924   10  211
5694 7925   10  211
5704 7924   10  211
5714 7925   10  211
5724 7925   10  211
5734 7924   10  211
5745 7925   10  211
5756 7925   10  211
5766 7928   10  211
5776 7925   10  211
5786 7925   10  211
5796 7925   10  211
5807 7925  -20  211
5817 7925  -20  211
5828 7917  -20  211
5838 7913  -20  210
5848 7914   10  210
5858 7916   10  209
5868 7884   10  208
5878 7922   10  206
5888 7924   10  204
5898 7890   10  201
5908 7922   10  198
5918 7924   10  194
5928 7925   10  190
5938 7925   10  186
5948 7926   10  184
5958 7925   10  182
5968 7924   10  181
5978 7925   10  180
5989 7924   10  178
6000 7925   10  178
6011 7925   10  177
6021 7924   10  177
6031 7925   10  176
6041 7926   10  174
6052 7925   10  174
6062 7925   10  173
6072 7925   10  173
6082 7925   10  172
6092 7925   10  172
6102 7925   10  172
6112 7926   10  172
6122 7926   10  172
6132 7925   10  172
6142 7926   10  172
6152 7925   10  172
6162 7924   10  172
6173 7925   10  172
6183 7925   10  172
6193 7926   10  172
6203 7925   10  172
6214 7926   10  172
6224 7926   10  172
6234 7924   10  172
6244 7926   10  172
6254 7926   10  172
6264 7926   10  172
6274 7925   10  172
6284 7926   10  172
6294 7925   10  172
6304 7928   10  172
6314 7926   10  172
6324 7926   10  172
6334 7928   10  172
6345 7926   10  172
6356 7928   10  172
6366 7928   10  172
6376 7925   10  172
6386 7928   10  172
6396 7926   10  172
6406 7926   10  172
6416 7925   10  172
6426 7928   10  172
6436 7928   10  172
6446 7926   10  172
6456 7928   10  172
6466 7928   10  172
6476 7925   10  172
6486 7926   10  172
6496 7926   10  172
