  0 811   59    0
 10 8114   59    0
 21 8114   59    0
 31 8053   59    0
 41 8006   59    0
 51 8013   59    0
 61 8025   59    0
 72 7754   59    0
 84 7871   59    0
 94 7871   59    0
105 7927   59    0
116 7825   59    7
126 7792   59   16
136 7715   59   25
147 7626   59   35
159 7622   59   45
170 7633   45   53
181 7667   59   61
191 7734   59   68
201 7752   59   75
212 7772   59   83
222 7722   59   90
232 7727   59   97
242 7798   59  104
252 7684   54  111
264 7679   40  121
275 7675   19  129
286 7781   18  139
297 7736   18  149
309 7782  -98  159
320 7658  -98  167
330 7668  -98  173
341 7801  -98  181
351 7852  -98  188
361 7613  -98  192
371 7557  -98  195
382 7434  -98  195
392 7435  -98  194
402 7465  -98  187
414 7288  -98  171
424 7343  -98  154
435 7068  -98  137
446 7138  -98  117
456 7177  -98   97
466 7434  -98   77
476 7539  -98   56
486 7533  -98   33
496 7642  -98   11
506 7656   78  -11
517 7659   78  -23
527 7607   78  -35
538 7571   78  -51
549 7569   78  -66
560 7624   78  -81
570 7601   78  -97
581 7512   78 -113
591 7420   78 -125
602 7460   78 -132
612 7520   41 -132
622 7523    9 -132
632 7620    9 -127
642 7348    9 -114
652 7425    9 -100
662 7422    9  -90
672 7793    9  -76
684 7981    9  -60
694 7985    9  -47
704 8022    9  -32
99999 0 0 0 
  0 807   59    2
 10 8075   59    2
 21 7998   59    2
 31 7970   59    2
 41 7977   59    3
 52 7991   59    3
 63 8004   59    3
 74 7871   59    3
 85 7872   59    5
 96 7822   59   11
107 7775   59   19
118 7632   59   28
128 7584   59   37
139 7590   59   45
150 7599   55   53
161 7683   59   61
171 7717   59   69
181 7717   59   76
191 7713   59   83
201 7711   59   91
212 7708   59   99
222 7675   53  107
232 7675   40  114
243 7680   26  123
253 7749   18  132
263 7757   18  141
273 7782   18  149
283 7830  -99  157
293 7982  -99  163
303 7964  -99  170
313 7802  -99  177
323 7784  -99  183
333 7822  -99  188
343 7875  -99  191
354 7355  -99  193
364 7277  -99  193
374 7439  -99  193
384 7479  -99  189
394 7460  -99  176
404 7346  -99  161
414 7236  -99  145
424 7315  -99  126
434 7158  -99  109
444 7296  -99   89
454 7300  -99   68
464 7543  -99   46
475 7610  -99   21
486 7652  -99   -7
496 7658   79  -17
506 7633   79  -28
516 7557   79  -41
526 7519   79  -56
537 7561   79  -69
547 7511   79  -85
557 7563   79 -101
567 7466   79 -116
577 7484   79 -128
587 7386   79 -135
597 7551   47 -136
607 7458    0 -136
618 7664    9 -131
628 7405    9 -120
639 7377    9 -109
651 7968    9  -95
661 7977    9  -83
671 7981    9  -71
681 8020    9  -60
691 8023    9  -50
701 8023    9  -39
99999 0 0 0 
  0 807   59    7
 10 8074   59    7
 20 8074   59    7
 30 8074   59    7
 40 8003   59    7
 51 7969   59    7
 61 7975   59    7
 72 7977   59    7
 82 7681   59    7
 92 7732   59    7
102 7730   59   12
112 7721   59   17
123 7710   59   26
134 7597   59   35
145 7595   59   43
156 7632   59   51
167 7667   59   58
177 7670   59   65
188 7743   59   73
198 7704   59   80
210 7666   59   89
221 7667   59   97
232 7670   59  105
243 7634   46  113
254 7679   36  122
264 7684   19  131
274 7752   19  139
284 7747   19  149
294 7774  -99  157
304 7824  -99  165
314 7765  -99  171
324 7740  -99  179
334 7818  -99  185
344 7263  -99  191
354 7289  -99  195
365 7443  -99  196
375 7521  -99  196
385 7455  -99  196
396 7500  -99  183
406 7195  -99  168
416 7261  -99  150
426 7119  -99  133
436 7178  -99  115
446 7208  -99   98
456 7361  -99   77
466 7571  -99   54
476 7567  -99   33
486 7642  -99    9
496 7656  -99  -11
506 7652   79  -22
516 7605   79  -33
526 7571   79  -46
537 7595   79  -61
547 7648   79  -75
558 7454   79  -92
570 7473   79 -108
580 7379   79 -120
590 7497   79 -127
600 7519   47 -127
610 7495    9 -127
621 7478    9 -120
631 7356    9 -107
641 7446    9  -91
652 7522    9  -79
663 7752    9  -63
674 7977    9  -47
684 7981    9  -32
695 8019    9  -17
99999 0 0 0 
  0 810   59    0
 10 8104   59    0
 21 8058   59    0
 31 7997   59    0
 42 8000   59    0
 52 8016   59    0
 64 7780   59    0
 74 7787   59    0
 84 7888   59    0
 94 7853   59    0
104 7810   59    0
114 7809   59    4
124 7796   59   13
134 7811   59   23
145 7661   59   32
155 7650   59   42
165 7666   59   50
176 7698   40   60
186 7730   48   71
196 7757   23   80
206 7779   24   91
216 7794   24  101
228 7801   19  113
239 7818   19  123
249 7900  -98  131
259 8010  -98  140
270 7999  -98  150
280 7780  -98  158
290 7794  -98  165
301 7842  -98  173
311 7899  -98  178
321 7449  -98  183
333 7485  -98  184
343 7371  -98  183
353 7460  -98  183
363 7301  -98  171
373 7329  -98  155
383 7036  -98  142
394 7075  -98  124
404 7131  -98  107
414 7329  -98   90
424 7433  -98   71
435 7423  -98   51
446 7561  -98   29
456 7569  -98    7
466 7582   79  -13
476 7557   79  -25
486 7572   79  -35
496 7491   79  -46
507 7572   79  -58
518 7594   79  -70
528 7392   79  -82
539 7406   79  -94
550 7534   79 -105
560 7572   72 -107
570 7519    6 -107
580 7643    9 -107
590 7468    9  -99
601 7532    9  -87
612 7384    9  -77
622 7964    9  -63
634 8009    9  -49
644 8013    9  -35
655 8015    9  -22
666 8016    9   -8
99999 0 0 0 
  0 806    0  356
 10 8065  -99  356
 22 7878  -99  356
 33 7845  -99  356
 44 7851  -99  355
 55 7225  -99  352
 67 7262  -99  343
 78 7204  -99  339
 89 7269  -99  332
100 7160  -99  323
112 7003  -99  313
123 7036  -99  302
134 7050  -99  289
145 7156  -99  275
156 7232  -99  258
167 7251  -99  239
177 7345  -99  221
188 7368  -99  202
198 7392  -99  181
208 7521  -99  159
218 7533  -99  137
228 7547  -99  113
238 7590  -99   93
248 7620  -99   71
258 7617  -99   50
268 7641  -99   29
279 7669  -99    6
291 7631   79  -21
302 7631   79  -45
312 7490   79  -67
323 7489   79  -89
333 7547   79 -113
344 7609   79 -136
355 7226   79 -157
366 7344   79 -172
376 7287   79 -176
387 7365   22 -176
397 7348    9 -176
408 7478    9 -162
418 7339    9 -147
429 7340    9 -134
441 7890    9 -118
451 7897    9 -104
461 7972    9  -90
471 7978    9  -77
482 7978    9  -63
99999 0 0 0 
  0 802   59    0
 10 8027   59    0
 20 7939   59    0
 31 7920   59    0
 42 7970   59    0
 52 7909   59    0
 63 7817   59    0
 73 7821   59    0
 84 7854   59    0
 95 7808   59    3
105 7753   59    9
115 7758   59   17
126 7678   59   26
136 7689   59   35
146 7683   59   44
156 7568   40   53
166 7585   40   61
176 7633   49   71
186 7766   40   80
198 7776   32   90
209 7777   46  100
220 7899   28  109
231 7868   19  118
241 7862   17  125
252 7912   17  134
262 7928  -99  141
273 7683  -99  149
284 7658  -99  154
295 7775  -99  161
306 7230  -99  167
318 7459  -99  171
329 7364  -99  172
340 7452  -99  172
350 7463  -99  172
361 7445  -99  158
371 7253  -99  144
382 7113  -99  127
393 7083  -99  109
403 7137  -99   91
414 7230  -99   71
424 7480  -99   51
434 7474  -99   29
445 7545  -99    6
456 7555   79  -13
466 7548   79  -23
476 7499   79  -35
487 7471   79  -51
498 7509   79  -65
509 7570   79  -80
520 7413   79  -96
530 7344   79 -111
540 7260   79 -121
550 7453   72 -127
560 7508   39 -127
570 7502    9 -127
580 7411    9 -119
590 7303    9 -105
601 7380    9  -91
612 7554    9  -77
622 7779    9  -62
633 7967    9  -47
644 7969    9  -31
654 7974    9  -16
99999 0 0 0 
  0 802   59    0
 10 8026   59    0
 20 8024   59    0
 30 7962   59    0
 40 7920   59    0
 51 7928   59    0
 61 7798   59    0
 71 7807   59    0
 81 7740   59    0
 92 7783   59    0
104 7781   59    2
115 7738   59    8
125 7718   59   17
136 7689   59   26
146 7710   59   35
157 7631   59   44
167 7572   47   53
179 7648   47   63
189 7653   46   72
199 7672   46   81
210 7750   40   91
220 7757   40  101
230 7771   19  109
241 7817   19  119
251 7821   17  128
262 7833  -99  138
273 7926  -99  147
283 7734  -99  155
293 7651  -99  160
304 7754  -99  168
315 7813  -99  175
326 7849  -99  180
337 7403  -99  183
347 7415  -99  183
358 7467  -99  183
368 7439  -99  175
378 7342  -99  161
389 7006  -99  145
399 7081  -99  129
410 7080  -99  109
421 7258  -99   89
431 7264  -99   70
442 7399  -99   49
453 7537  -99   25
463 7579  -99    2
473 7597   79  -18
484 7594   79  -29
494 7541   79  -41
504 7486   79  -54
514 7568   79  -66
525 7518   79  -81
535 7564   79  -96
546 7418   79 -110
556 7454   79 -119
566 7370   64 -123
576 7465   22 -123
586 7500    9 -123
598 7266    9 -113
608 7335    9  -99
619 7371    9  -87
629 7883    9  -73
640 7892    9  -59
651 7933    9  -45
661 7971    9  -30
673 7972    9  -15
99999 0 0 0 
  0 802   59   15
 10 8026   59   15
 20 8022   59   15
 30 7926   59   15
 40 7913   59   15
 50 7925   59   15
 61 7681   59   15
 72 7693   59   15
 83 7639   59   15
 93 7609   59   22
104 7575   59   29
115 7603   59   37
126 7557   59   45
137 7564   59   53
148 7635   59   63
158 7632   54   71
169 7665   48   81
180 7663   48   91
192 7657   39  102
204 7682   25  113
214 7702   19  123
225 7757   19  134
235 7768   19  143
245 7886   18  152
255 7965  -99  161
265 7968  -99  168
275 7908  -99  175
286 7716  -99  182
298 7726  -99  189
308 7778  -99  195
318 7830  -99  199
329 7443  -99  202
339 7347  -99  202
349 7335  -99  202
360 7453  -99  198
370 7439  -99  184
380 7332  -99  169
390 7012  -99  153
400 7081  -99  137
410 7098  -99  119
420 7299  -99   99
432 7444  -99   76
442 7440  -99   54
452 7546  -99   31
462 7555  -99    7
472 7569   79  -14
482 7614   79  -25
492 7545   79  -35
503 7496   79  -49
513 7579   79  -58
524 7600   79  -73
534 7642   79  -85
545 7425   79  -97
556 7456   79 -106
567 7504   57 -107
577 7472    0 -107
587 7531    9 -107
597 7198    9  -95
607 7321    9  -82
617 7347    9  -70
627 7624    9  -57
637 7633    9  -42
648 7927    9  -27
658 7967    9  -12
669 7968    9    3
99999 0 0 0 
  0 802   59   11
 10 8020   59   11
 21 7934   59   11
 31 7910   59   11
 41 7922   59   12
 51 7685   59   12
 62 7678   59   12
 73 7707   59   12
 83 7596   59   18
 94 7573   59   25
104 7551   59   33
114 7539   59   41
125 7557   59   48
136 7564   59   57
146 7667   59   66
158 7666   47   76
169 7667   46   87
179 7684   37   95
190 7691   38  106
200 7702   31  115
211 7706   19  126
221 7873   19  135
233 7887   19  145
243 7892   19  153
253 7895   19  161
264 7967   19  170
274 7968   18  176
284 7969   18  183
295 7968  -99  189
306 7842  -99  195
317 7722  -99  198
328 7751  -99  202
339 7805  -99  205
349 7849  -99  207
360 7459  -99  207
370 7507  -99  207
380 7390  -99  207
391 7473  -99  200
401 7423  -99  186
411 7461  -99  170
421 7205  -99  153
431 7130  -99  135
441 7186  -99  115
452 7312  -99   95
462 7421  -99   74
473 7557  -99   49
483 7557  -99   26
493 7565  -99    2
504 7621   79  -19
514 7608   79  -30
524 7512   79  -41
534 7574   79  -55
544 7622   79  -65
554 7638   79  -80
564 7389   79  -93
574 7374   79 -105
584 7454   79 -113
594 7511   55 -115
604 7472    6 -115
614 7501    9 -115
624 7197    9 -105
634 7307    9  -91
644 7304    9  -78
654 7654    9  -65
664 7668    9  -51
675 7924    9  -35
685 7924    9  -19
695 7931    9   -5
99999 0 0 0 
  0 802    0    0
 10 8022   59    0
 20 8022   59    0
 30 7957   59    0
 40 7916   59    0
 50 7917   59    1
 60 7959   59    1
 70 7944   59    1
 80 7661   59    1
 90 7658   59    2
100 7652   59    8
110 7586   59   15
120 7571   59   23
130 7587   59   31
140 7561   59   38
150 7594   59   46
160 7594   59   54
170 7662   57   63
180 7629   49   72
190 7635   40   81
200 7662   40   91
210 7681   32  101
220 7696   19  110
230 7784   19  120
240 7831   19  129
250 7846   19  138
260 7889   19  147
270 7928   19  154
280 7931   18  162
290 7968   18  169
300 7969   18  175
310 7969  -99  182
320 7971  -99  187
330 7971  -99  193
340 7774  -99  197
350 7721  -99  198
360 7754  -99  202
370 7805  -99  204
380 7279  -99  205
390 7473  -99  205
400 7398  -99  205
410 7479  -99  205
420 7475  -99  198
430 7451  -99  185
440 7310  -99  169
450 7206  -99  151
460 7273  -99  135
470 7183  -99  115
480 7317  -99   95
490 7319  -99   75
500 7487  -99   53
510 7555  -99   30
520 7562  -99    5
530 7608   79  -17
540 7626   79  -34
550 7573   79  -45
560 7516   79  -57
570 7588   79  -66
580 7640   79  -78
590 7154   79  -91
600 7396   79 -103
610 7336   79 -113
620 7482   72 -118
630 7488   31 -118
640 7508    9 -118
650 7505    9 -114
660 7337    9 -102
670 7387    9  -90
680 7765    9  -79
690 7850    9  -65
700 7854    9  -53
710 7931    9  -39
720 7933    9  -25
99999 0 0 0 
730 7933   10  -12
740 7969   10    1
750 7972   10   12
760 7971   10   21
770 7971   10   28
780 7974   10   32
790 7974   10   35
800 7974   10   37
810 7975   10   38
820 7975   10   38
831 7974   60   38
841 7975   60   38
852 7975   60   39
862 7919   60   39
872 7879   60   39
882 7845   60   39
892 7811   60   39
902 7641   60   39
912 7664   60   39
922 7659   60   41
932 7622   60   47
942 7564   60   54
952 7583   60   61
962 7530   60   69
972 7505   60   76
982 7509   60   84
992 7543   60   92
1002 7618   58  101
1012 7617   44  110
1022 7662   30  119
1032 7636   23  131
1042 7677   20  141
1052 7699   20  151
1062 7757   20  162
1072 7771   20  171
1082 7882   20  179
1092 7922 -100  187
1102 7923 -100  195
1112 7756 -100  203
1122 7666 -100  210
1132 7692 -100  215
1142 7781 -100  221
1152 7330 -100  225
1162 7319 -100  227
1172 7350 -100  227
1182 7455 -100  227
1192 7409 -100  222
1202 7331 -100  210
1212 6978 -100  195
1222 7045 -100  179
1232 7045 -100  162
1242 7236 -100  143
1252 7258 -100  124
1262 7372 -100  104
1272 7505 -100   81
1282 7507 -100   59
1292 7552 -100   35
1302 7574 -100   10
1312 7593   80  -13
1322 7640   80  -32
1332 7652   80  -41
1342 7588   80  -53
1352 7566   80  -67
1362 7537   80  -79
1372 7587   80  -93
1382 7273   80 -106
1392 7525   80 -121
1402 7425   80 -130
1412 7395   64 -134
1422 7419   23 -135
1432 7451    0 -134
1442 7470   10 -127
1452 7233   10 -114
1462 7279   10 -102
1472 7654   10  -90
1482 7879   10  -77
1492 7886   10  -63
1502 7924   10  -50
1512 7926   10  -36
1522 7927   10  -23
99999 0 0 0 
1532 7930   10  -10
1542 7964   10    1
1552 7968   10   11
1562 7967   10   17
1572 7967   10   22
1582 7968   10   25
1592 7969   10   27
1602 7969   10   29
1612 7968   10   29
1622 7969   10   29
1632 7971   10   31
1642 7971   60   31
1652 7972   60   31
1662 7969   60   31
1672 7887   60   31
1682 7844   60   31
1692 7814   60   31
1702 7783   60   31
1712 7593   60   31
1722 7554   60   33
1732 7555   60   38
1742 7555   60   43
1752 7500   60   49
1762 7515   60   55
1772 7492   60   61
1782 7535   60   67
1792 7532   60   74
1802 7565   60   81
1812 7603   60   90
1822 7604   58   99
1832 7576   37  107
1842 7581   39  117
1852 7621   23  127
1862 7641   20  137
1872 7691   20  147
1882 7700   20  158
1892 7829   20  167
1902 7840   19  176
1912 7843 -100  184
1922 7919 -100  192
1932 7920 -100  199
1942 7720 -100  204
1952 7671 -100  210
1962 7709 -100  216
1972 7756 -100  221
1982 7163 -100  223
1992 7503 -100  226
2002 7394 -100  226
2012 7390 -100  226
2022 7379 -100  221
2032 7364 -100  208
2042 7222 -100  193
2052 6977 -100  177
2062 7042 -100  161
2072 7128 -100  142
2082 7369 -100  122
2092 7372 -100  102
2102 7437 -100   80
2112 7542 -100   56
2122 7551 -100   34
2132 7569 -100   10
2142 7625   80  -16
2152 7587   80  -33
2162 7443   80  -43
2172 7525   80  -51
2182 7581   80  -60
2192 7179   80  -70
2202 7367   80  -80
2212 7377   80  -89
2222 7398   64  -94
2232 7472   31  -95
2242 7490    0  -95
2252 7610   10  -94
2262 7291   10  -85
2272 7343   10  -73
2282 7615   10  -63
2292 7876   10  -51
2302 7882   10  -38
2312 7922   10  -25
2322 7923   10  -13
2332 7924   10   -1
2342 7927   10   10
99999 0 0 0 
2352 7927   10   19
2362 7928   10   28
2372 7964   10   35
2382 7964   10   40
2392 7965   10   43
2402 7930   10   46
2412 7964   10   47
2422 7967   10   47
2432 7967   10   47
2442 7968   10   47
2452 7967   60   47
2462 7967   60   47
2472 7968   60   47
2482 7901   60   47
2492 7867   60   47
2502 7847   60   47
2512 7833   60   47
2522 7603   60   47
2532 7647   60   47
2542 7622   60   47
2552 7610   60   47
2562 7469   60   52
2572 7482   60   59
2582 7543   60   67
2592 7497   60   75
2602 7509   58   83
2612 7547   58   91
2622 7621   58   99
2632 7624   53  109
2642 7625   30  119
2652 7631   20  129
2662 7668   20  139
2672 7692   20  149
2682 7719   20  160
2692 7727   20  170
2702 7876   19  178
2712 7914 -100  186
2722 7917 -100  194
2732 7751 -100  201
2742 7695 -100  207
2752 7718 -100  214
2762 7734 -100  219
2772 7290 -100  223
2782 7286 -100  226
2792 7359 -100  226
2802 7428 -100  226
2812 7379 -100  222
2822 7331 -100  210
2832 7009 -100  194
2842 7072 -100  179
2852 7000 -100  162
2862 7230 -100  144
2872 7256 -100  125
2882 7368 -100  104
2892 7505 -100   83
2902 7502 -100   60
2912 7512 -100   35
2922 7566 -100   13
2932 7584   80  -12
2942 7597   80  -32
2952 7653   80  -42
2962 7591   80  -55
2972 7553   80  -69
2982 7522   80  -82
2992 7566   80  -97
3002 7364   80 -111
3012 7479   80 -125
3022 7386   80 -137
3032 7363   80 -141
3042 7421   23 -141
3052 7452   10 -141
3062 7470   10 -134
3072 7232   10 -121
3082 7269   10 -107
3092 7472   10  -96
3102 7872   10  -81
3112 7878   10  -67
3122 7916   10  -53
3132 7920   10  -39
99999 0 0 0 
3142 7923   10  -26
3152 7923   10  -13
3162 7924   10   -1
3172 7924   10    7
3182 7926   10   14
3192 7961   10   19
3202 7961   10   23
3212 7963   10   25
3222 7963   10   26
3232 7960   10   27
3242 7964   60   28
3252 7964   60   29
3262 7965   60   29
3272 7905   60   29
3282 7853   60   29
3292 7824   60   29
3302 7792   60   29
3312 7623   60   29
3322 7613   60   33
3332 7575   60   37
3342 7548   60   43
3352 7559   60   48
3362 7541   60   55
3372 7484   60   62
3382 7492   60   69
3392 7530   60   76
3402 7535   60   85
3412 7536   58   93
3422 7571   50  102
3432 7625   44  111
3442 7643   28  121
3452 7662   20  131
3462 7748   20  142
3472 7776   20  151
3482 7755   20  161
3492 7799   20  170
3502 7804   19  178
3512 7913 -100  186
3522 7914 -100  193
3532 7916 -100  199
3542 7747 -100  206
3552 7657 -100  211
3562 7681 -100  215
3572 7730 -100  220
3582 7286 -100  223
3592 7302 -100  225
3602 7411 -100  225
3612 7461 -100  225
3622 7397 -100  223
3632 7378 -100  210
3642 7075 -100  195
3652 7137 -100  179
3662 7064 -100  163
3672 7155 -100  145
3682 7183 -100  126
3692 7298 -100  105
3702 7504 -100   83
3712 7500 -100   61
3722 7507 -100   38
3732 7559 -100   13
3742 7577 -100  -10
3752 7593   80  -32
3762 7620   80  -42
3772 7558   80  -55
3782 7512   80  -69
3792 7549   80  -81
3802 7599   80  -96
3812 7535   80 -110
3822 7479   80 -125
3832 7392   80 -136
3842 7364   80 -141
3852 7424   31 -141
3862 7448   10 -141
3872 7452   10 -134
3882 7215   10 -121
3892 7264   10 -107
3902 7289   10  -95
3912 7871   10  -81
3922 7875   10  -67
3932 7879   10  -53
3942 7919   10  -38
99999 0 0 0 
3952 7917   10  -25
3962 7955   10  -11
3972 7922   10    1
3982 7922   10   10
3992 7923   10   17
4002 7924   10   23
4012 7920   10   26
4022 7924   10   29
4032 7926   10   30
4042 7926   10   31
4052 7927   60   31
4062 7961   60   34
4072 7963   60   34
4082 7911   60   34
4092 7856   60   34
4102 7828   60   34
4112 7796   60   34
4122 7659   60   34
4132 7649   60   37
4142 7608   60   42
4152 7545   60   47
4162 7561   60   53
4172 7541   60   59
4182 7484   60   67
4192 7492   60   74
4202 7495   60   81
4212 7567   60   89
4222 7570   60   97
4232 7570   56  106
4242 7615   42  115
4252 7622   25  125
4262 7648   20  135
4272 7671   20  146
4282 7700   20  157
4292 7717   20  166
4302 7835   20  175
4312 7836   20  183
4322 7875 -100  191
4332 7912 -100  199
4342 7912 -100  206
4352 7745 -100  212
4362 7656 -100  218
4372 7677 -100  223
4382 7730 -100  227
4392 7213 -100  231
4402 7222 -100  233
4412 7323 -100  233
4422 7412 -100  233
4432 7355 -100  229
4442 7371 -100  217
4452 7108 -100  202
4462 7172 -100  187
4472 7099 -100  170
4482 7120 -100  151
4492 7147 -100  133
4502 7294 -100  112
4512 7466 -100   91
4522 7461 -100   68
4532 7504 -100   45
4542 7556 -100   21
4552 7577 -100   -3
4562 7593   80  -27
4572 7626   80  -39
4582 7568   80  -51
4592 7482   80  -65
4602 7585   80  -77
4612 7630   80  -91
4622 7570   80 -105
4632 7413   80 -118
4642 7334   80 -129
4652 7374   80 -135
4662 7423   39 -135
4672 7437   10 -135
4682 7287   10 -129
4692 7195   10 -117
4702 7254   10 -103
4712 7709   10  -92
4722 7724   10  -78
4732 7730   10  -65
4742 7879   10  -50
4752 7914   10  -37
99999 0 0 0 
4762 7916   10  -23
4772 7919   10  -10
4782 7920   10    2
4792 7920   10   12
4802 7922   10   19
4812 7920   10   25
4822 7924   10   28
4832 7923   10   31
4842 7923   10   32
4852 7923   10   32
4862 7924   60   32
4872 7924   60   34
4882 7926   60   34
4892 7915   60   34
4902 7867   60   34
4912 7839   60   34
4922 7819   60   34
4932 7606   60   34
4942 7588   60   34
4952 7610   60   38
4962 7540   60   43
4972 7552   60   50
4982 7502   60   57
4992 7518   60   65
5002 7532   60   72
5012 7462   60   79
5022 7535   60   88
5032 7536   58   96
5042 7574   48  105
5052 7628   42  115
5062 7645   20  125
5072 7662   20  135
5082 7675   20  145
5092 7702   20  155
5102 7788   20  165
5112 7796   20  174
5122 7799   18  182
5132 7871 -101  189
5142 7786 -101  197
5152 7668 -101  203
5162 7678 -101  209
5172 7727 -101  214
5182 7775 -101  218
5192 7327 -101  221
5202 7392 -101  222
5212 7270 -101  222
5222 7391 -101  221
5232 7368 -101  209
5242 7375 -101  195
5252 7044 -101  179
5262 6973 -101  163
5272 7035 -101  145
5282 7216 -101  127
5292 7333 -101  107
5302 7326 -101   86
5312 7498 -101   63
5322 7537 -101   40
5332 7551 -101   16
5342 7567 -101   -7
5352 7587   80  -29
5362 7584   80  -41
5372 7583   80  -53
5382 7515   80  -67
5392 7541   80  -80
5402 7551   80  -95
5412 7169   80 -109
5422 7194   80 -123
5432 7406   80 -136
5442 7380   80 -142
5452 7328   39 -143
5462 7382    0 -143
5472 7237   10 -138
5482 7286   10 -125
5492 7167   10 -110
5502 7277   10  -97
5512 7310   10  -82
5522 7788   10  -67
5532 7869   10  -51
5542 7872   10  -36
5552 7876   10  -21
5562 7913   10   -7
99999 0 0 0 
5572 7913   10    6
5582 7916   10   16
5592 7917   10   24
5602 7919   10   29
5612 7920   10   33
5622 7919   10   35
5632 7920   10   36
5642 7920   10   37
5652 7922   10   37
5662 7922   60   39
5672 7920   60   39
5682 7882   60   39
5692 7821   60   39
5702 7782   60   39
5712 7748   60   39
5722 7728   60   39
5732 7615   60   43
5742 7578   60   47
5752 7581   60   54
5762 7487   60   59
5772 7538   60   67
5782 7551   60   73
5792 7488   60   80
5802 7528   60   88
5812 7530   60   96
5822 7567   56  105
5832 7571   43  114
5842 7587   26  124
5852 7654   20  134
5862 7648   20  144
5872 7672   20  154
5882 7790   20  163
5892 7798   20  171
5902 7798   19  179
5912 7871   19  187
5922 7875 -101  194
5932 7811 -101  199
5942 7672 -101  206
5952 7664 -101  211
5962 7705 -101  215
5972 7155 -101  219
5982 7296 -101  221
5992 7262 -101  221
6002 7426 -101  221
6012 7414 -101  221
6022 7378 -101  210
6032 7208 -101  196
6042 7088 -101  179
6052 7152 -101  165
6062 7070 -101  147
6072 7176 -101  128
6082 7186 -101  109
6092 7430 -101   88
6102 7459 -101   66
6112 7464 -101   43
6122 7546 -101   19
6132 7566 -101   -5
6142 7584   80  -28
6152 7584   80  -40
6162 7583   80  -53
6172 7485   80  -67
6182 7530   80  -81
6192 7538   80  -95
6202 7584   80 -110
6212 7224   80 -125
6222 7384   80 -139
6232 7289   80 -146
6242 7404   48 -147
6252 7376    0 -148
6262 7470    0 -145
6272 7219   10 -133
6282 7253   10 -118
6292 7298   10 -107
6302 7605   10  -93
6312 7828   10  -78
6322 7833   10  -65
6332 7873   10  -50
6342 7876   10  -36
6352 7878   10  -22
99999 0 0 0 
6362 7913   10   -9
6372 7916   10    2
6382 7914   10   11
6392 7916   10   18
6402 7919   10   23
6412 7919   10   26
6422 7920   10   28
6432 7917   10   29
6442 7919   10   30
6452 7920   10   31
6462 7920   10   33
  0 796    0   33
 10 7960   60   33
 20 7960   60   33
 30 7875   60   33
 40 7803   60   33
 50 7811   60   31
 60 7862   60   30
 70 7619   60   30
 80 7587   60   30
 90 7613   60   30
100 7479   60   30
110 7473   60   35
120 7450   60   42
130 7439   60   49
140 7458   60   55
150 7502   60   63
160 7570   60   71
170 7562   58   79
180 7560   58   87
190 7570   58   96
200 7577   48  105
210 7587   33  115
220 7628   20  125
230 7663   20  135
240 7645   20  145
250 7706   20  155
260 7717   20  165
270 7831   20  173
280 7869   19  181
290 7869 -100  189
300 7872 -100  197
310 7909 -100  203
320 7706 -100  209
330 7660 -100  215
340 7691 -100  219
350 7741 -100  223
360 7181 -100  226
370 7424 -100  227
380 7326 -100  227
390 7328 -100  227
400 7385 -100  222
410 7381 -100  208
420 7273 -100  193
430 7017 -100  177
440 7082 -100  159
450 7161 -100  141
460 7291 -100  122
470 7291 -100  102
480 7461 -100   80
490 7500 -100   57
500 7507 -100   34
510 7560 -100   10
520 7583   80  -14
530 7538   80  -33
540 7440   80  -43
550 7486   80  -53
560 7539   80  -61
570 7060   80  -73
580 7208   80  -82
590 7221   80  -91
600 7429   64  -97
610 7404   39  -98
620 7401    0  -98
630 7513   10  -98
640 7410   10  -87
650 7467   10  -75
660 7706   10  -66
670 7719   10  -53
680 7727   10  -41
690 7872   10  -27
700 7875   10  -14
710 7876   10   -1
99999 0 0 0 
720 7913   10   10
730 7914   10   20
740 7914   10   29
750 7914   10   36
760 7917   10   41
770 7917   10   45
780 7917   10   47
790 7919   10   48
800 7919   10   48
810 7917   10   48
820 7917   10   48
830 7919   60   48
840 7919   60   48
850 7920   60   48
860 7856   60   48
870 7817   60   48
880 7797   60   48
890 7783   60   47
900 7614   60   47
910 7591   60   47
920 7579   60   47
930 7501   60   47
940 7541   60   54
950 7554   60   61
960 7469   60   68
970 7522   60   75
980 7532   60   83
990 7535   60   91
1000 7536   58   99
1010 7536   53  109
1020 7612   31  118
1030 7584   20  128
1040 7622   20  139
1050 7682   20  148
1060 7672   20  159
1070 7683   20  168
1080 7829   20  175
1090 7867   19  183
1100 7869   19  191
1110 7869 -101  199
1120 7908 -101  205
1130 7908 -101  211
1140 7902 -101  218
1150 7682 -101  221
1160 7657 -101  225
1170 7692 -101  229
1180 7107 -101  231
1190 7149 -101  233
1200 7438 -101  234
1210 7470 -101  234
1220 7352 -101  234
1230 7397 -101  227
1240 7310 -101  213
1250 7343 -101  198
1260 7089 -101  182
1270 7047 -101  165
1280 7094 -101  147
1290 7295 -101  127
1300 7403 -101  107
1310 7395 -101   85
1320 7498 -101   62
1330 7541 -101   38
1340 7557 -101   15
1350 7579 -101  -10
1360 7590   80  -32
1370 7583   80  -42
1380 7503   80  -55
1390 7516   80  -69
1400 7557   80  -79
1410 7535   80  -93
1420 7217   80 -106
1430 7216   80 -120
1440 7448   80 -129
1450 7426   65 -132
1460 7384   14 -132
1470 7344   10 -132
1480 7176   10 -122
1490 7303   10 -109
1500 7273   10  -96
1510 7449   10  -85
1520 7465   10  -70
1530 7829   10  -57
1540 7869   10  -42
1550 7872   10  -28
99999 0 0 0 
1560 7873   10  -14
1570 7912   10   -1
1580 7913   10   10
1590 7914   10   19
1600 7914   10   25
1610 7914   10   30
1620 7913   10   33
1630 7916   10   35
1640 7916   10   35
1650 7916   10   36
1660 7917   10   36
1670 7917   60   36
1680 7917   60   37
1690 7917   60   37
1700 7891   60   37
1710 7820   60   37
1720 7775   60   37
1730 7740   60   37
1740 7511   60   37
1750 7542   60   37
1760 7537   60   39
1770 7504   60   43
1780 7520   60   49
1790 7538   60   55
1800 7551   60   61
1810 7525   60   68
1820 7525   60   75
1830 7525   60   82
1840 7491   60   90
1850 7491   60   99
1860 7565   47  107
1870 7533   41  116
1880 7549   36  126
1890 7616   20  135
1900 7647   20  146
1910 7668   20  155
1920 7785   20  164
1930 7791   20  172
1940 7795   19  180
1950 7867   19  187
1960 7869 -101  195
1970 7805 -101  201
1980 7636 -101  207
1990 7630 -101  211
2000 7672 -101  216
2010 7117 -101  219
2020 7327 -101  222
2030 7295 -101  222
2040 7426 -101  222
2050 7416 -101  222
2060 7382 -101  211
2070 7214 -101  197
2080 7088 -101  182
2090 7153 -101  166
2100 7068 -101  148
2110 7209 -101  129
2120 7220 -101  110
2130 7429 -101   89
2140 7459 -101   66
2150 7461 -101   45
2160 7508 -101   21
2170 7528 -101   -3
2180 7546   80  -27
2190 7585   80  -38
2200 7580   80  -50
2210 7484   80  -63
2220 7537   80  -77
2231 7514   80  -93
2241 7555   80 -106
2251 7333   80 -121
2261 7419   80 -133
2271 7317   80 -139
2281 7398   39 -141
2291 7380    6 -141
2301 7508   10 -137
2311 7196   10 -125
2321 7236   10 -111
2331 7269   10 -100
2341 7712   10  -86
2351 7828   10  -72
2361 7832   10  -58
2371 7871   10  -44
2381 7873   10  -30
99999 0 0 0 
2391 7873   10  -17
2401 7875   10   -4
2411 7912   10    7
2421 7912   10   15
2431 7912   10   21
2441 7913   10   25
2451 7916   10   28
2461 7913   10   31
2471 7914   10   31
2481 7917   10   32
2491 7917   60   32
2501 7917   60   34
2511 7894   60   34
2521 7838   60   34
2531 7801   60   34
2541 7769   60   34
2551 7595   60   34
2561 7615   60   34
2571 7609   60   39
2581 7571   60   44
2591 7511   60   50
2601 7527   60   56
2611 7511   60   63
2621 7487   60   69
2631 7491   60   77
2641 7492   60   84
2651 7528   60   92
2661 7528   60  100
2671 7529   53  110
2681 7606   31  119
2691 7631   20  129
2701 7634   20  139
2711 7659   20  149
2721 7673   20  159
2731 7822   20  167
2741 7826   20  174
2751 7828   19  183
2761 7867   19  190
2771 7868   19  196
2781 7868 -101  203
2791 7869 -101  209
2801 7768 -101  214
2811 7660 -101  217
2821 7674 -101  221
2831 7717 -101  223
2841 7768 -101  226
2851 7339 -101  227
2861 7451 -101  227
2871 7344 -101  227
2881 7428 -101  226
2891 7391 -101  213
2901 7402 -101  199
2911 7168 -101  183
2921 7090 -101  166
2931 7147 -101  148
2941 7219 -101  129
2951 7336 -101  109
2961 7333 -101   88
2971 7469 -101   66
2981 7502 -101   43
2991 7515 -101   19
3001 7530 -101   -5
3011 7583   80  -29
3021 7583   80  -39
3031 7568   80  -51
3041 7522   80  -65
3051 7550   80  -76
3061 7556   80  -90
3071 7138   80 -103
3081 7159   80 -117
3091 7414   80 -129
3101 7386   80 -134
3111 7332   31 -135
3121 7382    0 -135
3131 7243   10 -130
3141 7326   10 -118
3151 7216   10 -104
3161 7243   10  -93
3171 7272   10  -79
3181 7784   10  -65
3191 7826   10  -51
3201 7829   10  -37
3211 7869   10  -22
99999 0 0 0 
3221 7871   10   -9
3231 7871   10    3
3241 7872   10   13
3251 7910   10   21
3261 7912   10   26
3271 7909   10   29
3281 7912   10   31
3291 7913   10   33
3301 7913   10   33
3311 7913   10   33
3322 7912   60   33
3332 7916   60   33
3342 7872   60   33
3352 7831   60   33
3362 7801   60   33
3372 7773   60   33
3382 7738   60   33
3392 7582   60   34
3402 7572   60   38
3412 7571   60   44
3422 7509   60   51
3432 7494   60   57
3442 7515   60   64
3452 7529   60   71
3462 7497   60   79
3472 7498   60   87
3482 7530   58   95
3492 7529   57  103
3502 7535   52  112
3512 7580   39  122
3522 7560   20  132
3532 7571   20  142
3542 7643   20  152
3552 7703   20  163
3562 7710   20  171
3572 7716   20  179
3582 7861   19  187
3592 7865   19  195
3602 7864 -101  202
3612 7867 -101  208
3622 7868 -101  215
3632 7673 -101  219
3642 7658 -101  224
3652 7686 -101  228
3662 7731 -101  231
3672 7176 -101  234
3682 7190 -101  235
3692 7441 -101  235
3702 7398 -101  235
3712 7341 -101  230
3722 7358 -101  217
3732 7242 -101  203
3742 7298 -101  187
3752 7040 -101  170
3762 7124 -101  152
3772 7148 -101  133
3782 7330 -101  113
3792 7432 -101   91
3802 7426 -101   69
3812 7501 -101   45
3822 7519 -101   21
3832 7538 -101   -3
3842 7552   80  -26
3852 7591   80  -39
3862 7499   80  -51
3872 7481   80  -65
3882 7584   80  -74
3892 7630   80  -89
3902 7136   80 -102
3912 7329   80 -115
3922 7260   80 -125
3932 7384   73 -130
3942 7403   31 -130
3952 7462   10 -130
3962 7395   10 -125
3972 7253   10 -113
3982 7298   10 -101
3992 7741   10  -90
4002 7753   10  -77
4012 7758   10  -65
4022 7867   10  -52
4032 7869   10  -39
99999 0 0 0 
4042 7872   10  -26
4052 7872   10  -14
4062 7873   10   -3
4072 7875   10    7
4082 7909   10   14
4092 7912   10   19
4102 7912   10   23
4112 7912   10   25
4122 7912   10   26
4132 7914   10   27
4142 7913   60   27
4152 7913   60   27
4162 7912   60   27
4172 7868   60   27
4182 7839   60   27
4192 7810   60   27
4202 7784   60   27
4212 7610   60   27
4222 7591   60   27
4232 7615   60   30
4242 7578   60   35
4252 7579   60   42
4262 7487   60   49
4272 7502   60   56
4282 7524   60   63
4292 7461   60   71
4302 7498   60   79
4312 7495   58   87
4322 7532   58   95
4332 7570   57  105
4342 7577   33  114
4352 7584   20  123
4362 7587   21  134
4372 7630   20  144
4382 7686   20  154
4392 7671   20  165
4402 7679   20  174
4412 7825   20  181
4422 7862   19  189
4432 7864   19  196
4442 7865 -101  203
4452 7851 -101  210
4462 7655 -101  215
4472 7625 -101  220
4482 7657 -101  225
4492 7704 -101  229
4502 7210 -101  231
4512 7347 -101  232
4522 7266 -101  231
4532 7410 -101  231
4542 7403 -101  225
4552 7392 -101  211
4562 7217 -101  197
4572 7097 -101  181
4582 7156 -101  163
4592 7096 -101  146
4602 7260 -101  127
4612 7261 -101  107
4622 7432 -101   85
4632 7500 -101   63
4642 7504 -101   39
4652 7521 -101   15
4662 7540 -101   -9
4672 7553   80  -30
4682 7584   80  -41
4692 7506   80  -53
4702 7486   80  -66
4712 7563   80  -77
4722 7572   80  -90
4732 7608   80 -103
4742 7325   80 -117
4752 7387   80 -126
4762 7310   65 -129
4772 7410   14 -129
4782 7517   10 -129
4792 7624   10 -122
4802 7319   10 -110
4812 7275   10 -101
4822 7288   10  -89
4832 7826   10  -77
4842 7865   10  -65
4852 7869   10  -53
4862 7869   10  -41
99999 0 0 0 
4872 7871   10  -29
4882 7872   10  -18
4892 7908   10   -9
4902 7909   10   -1
4912 7910   10    5
4922 7910   10   10
4932 7910   10   13
4942 7910   10   15
4952 7913   10   16
4962 7912   10   17
4972 7912   60   17
4982 7912   60   17
4992 7912   60   18
5002 7860   60   18
5012 7834   60   18
5022 7801   60   18
5032 7770   60   18
5042 7564   60   18
5052 7623   60   19
5062 7616   60   24
5072 7577   60   30
5082 7551   60   36
5092 7569   60   43
5102 7556   60   50
5112 7529   60   57
5122 7533   60   65
5132 7533   60   72
5142 7497   60   81
5152 7495   58   89
5162 7533   50   98
5172 7538   47  107
5182 7547   32  117
5192 7561   20  127
5202 7598   20  137
5212 7620   20  147
5222 7669   20  156
5232 7749   20  165
5242 7751   20  173
5252 7861   20  181
5262 7862   20  187
5272 7864   20  195
5282 7864 -101  201
5292 7864 -101  207
5302 7749 -101  214
5312 7629 -101  215
5322 7637 -101  219
5332 7676 -101  223
5342 7190 -101  225
5352 7261 -101  226
5362 7244 -101  226
5372 7403 -101  226
5382 7415 -101  226
5392 7375 -101  215
5402 7339 -101  201
5412 7103 -101  185
5422 7155 -101  169
5432 7103 -101  151
5442 7210 -101  133
5452 7233 -101  113
5462 7376 -101   93
5472 7475 -101   71
5482 7471 -101   48
5492 7511 -101   25
5502 7525 -101    1
5512 7540   80  -23
5522 7585   80  -37
5532 7597   80  -49
5542 7488   80  -61
5552 7547   80  -73
5562 7482   80  -86
5572 7521   80 -100
5582 7193   80 -113
5592 7467   80 -125
5602 7380   56 -133
5612 7388   56 -133
5622 7366   10 -133
5632 7450   10 -133
5642 7269   10 -121
5652 7219   10 -107
5662 7261   10  -97
5672 7564   10  -83
5682 7822   10  -70
5692 7826   10  -57
5702 7865   10  -43
99999 0 0 0 
5712 7868   10  -30
5722 7869   10  -17
5732 7868   10   -5
5742 7872   10    6
5752 7872   10   14
5762 7873   10   20
5772 7909   10   24
5782 7909   10   27
5792 7910   10   29
5802 7910   10   30
5812 7909   60   31
5822 7910   60   31
5832 7912   60   31
5842 7884   60   31
5852 7852   60   31
5862 7822   60   31
5872 7796   60   31
5882 7630   60   31
5892 7638   60   31
5902 7627   60   33
5912 7552   60   38
5922 7515   60   43
5932 7525   60   50
5942 7508   60   57
5952 7488   60   65
5962 7498   60   72
5972 7538   60   79
5982 7538   60   87
5992 7535   60   96
6002 7573   49  104
6012 7573   43  114
6022 7593   28  123
6032 7616   20  133
6042 7643   20  143
6052 7665   20  153
6062 7709   20  162
6072 7821   20  170
6082 7823   20  178
6092 7861   20  185
6102 7864   20  191
6112 7862 -101  198
6122 7862 -101  204
6132 7709 -101  210
6142 7634 -101  213
6152 7650 -101  217
6162 7123 -101  220
6172 7166 -101  223
6182 7265 -101  223
6192 7480 -101  223
6202 7372 -101  223
6212 7406 -101  222
6222 7346 -101  209
6232 7356 -101  195
6242 7228 -101  179
6252 7074 -101  163
6262 7121 -101  145
6272 7152 -101  127
6282 7379 -101  107
6292 7378 -101   87
6302 7442 -101   64
6312 7512 -101   42
6322 7518 -101   18
6332 7532 -101   -5
6342 7547   80  -28
6352 7546   80  -38
6362 7528   80  -50
6372 7536   80  -63
6382 7560   80  -74
6392 7565   80  -88
6402 7207   80 -101
6412 7227   80 -114
6422 7388   80 -126
6432 7444   80 -131
6442 7394   31 -132
6452 7449    0 -132
6462 7137   10 -129
6472 7228   10 -117
6482 7198   10 -103
6492 7250   10  -93
6502 7275   10  -79
6512 7675   10  -66
6522 7825   10  -53
6532 7829   10  -39
6542 7865   10  -25
99999 0 0 0 
6552 7868   10  -13
6562 7869   10   -1
6572 7871   10   10
6582 7871   10   18
6592 7869   10   23
6602 7871   10   27
6612 7873   10   30
6622 7872   10   31
6632 7909   10   32
6642 7909   10   33
  0 791    0   33
 10 7913   60   33
 20 7914   60   31
 30 7902   60   30
 40 7810   60   28
 50 7800   60   27
 60 7810   60   26
 70 7822   60   25
 80 7536   60   25
 90 7612   60   25
100 7576   60   25
110 7490   60   25
120 7412   60   31
130 7428   60   38
140 7448   60   45
150 7465   60   51
160 7476   60   58
170 7543   60   65
180 7573   60   73
190 7567   60   81
200 7570   58   90
210 7574   50   99
220 7577   37  107
230 7557   42  116
240 7626   36  127
250 7640   20  136
260 7610   20  145
270 7770   20  155
280 7780   20  163
290 7821   20  171
300 7859   20  179
310 7861   19  187
320 7864   19  193
330 7864 -101  199
340 7864 -101  205
350 7865 -101  210
360 7714 -101  215
370 7648 -101  215
380 7665 -101  219
390 7133 -101  222
400 7175 -101  224
410 7306 -101  224
420 7560 -101  224
430 7469 -101  224
440 7424 -101  224
450 7396 -101  211
460 7406 -101  198
470 7306 -101  182
480 7074 -101  165
490 7121 -101  147
500 7153 -101  129
510 7350 -101  109
520 7354 -101   89
530 7420 -101   67
540 7525 -101   44
550 7529 -101   21
560 7574 -101   -2
570 7546   80  -25
580 7553   80  -38
590 7498   80  -50
600 7498   80  -63
610 7523   80  -74
620 7558   80  -87
630 7134   80 -101
640 7153   80 -114
650 7362   80 -126
660 7464   80 -132
670 7412   39 -133
680 7435    0 -133
690 7205   10 -129
700 7288   10 -117
710 7245   10 -105
720 7257   10  -94
730 7277   10  -81
740 7288   10  -67
750 7826   10  -54
760 7828   10  -41
770 7867   10  -27
99999 0 0 0 
780 7867   10  -14
790 7869   10   -2
800 7906   10    8
810 7871   10   15
820 7871   10   21
830 7872   10   25
840 7908   10   27
850 7909   10   29
860 7912   10   30
870 7909   10   30
880 7909   60   30
890 7909   60   30
900 7875   60   30
910 7847   60   30
920 7820   60   30
930 7649   60   30
940 7625   60   30
950 7611   60   30
960 7606   60   32
970 7605   60   38
980 7570   60   44
990 7510   60   51
1000 7525   60   58
1010 7538   60   64
1020 7513   60   71
1030 7515   60   79
1040 7516   60   86
1050 7550   60   95
1060 7552   58  103
1070 7552   45  111
1080 7593   48  121
1090 7597   25  130
1100 7575   20  139
1110 7623   20  150
1120 7653   20  159
1130 7665   20  169
1140 7746   20  178
1150 7747   20  186
1160 7823   19  192
1170 7861   19  199
1180 7862 -101  206
1190 7864 -101  211
1200 7853 -101  218
1210 7683 -101  222
1220 7661 -101  226
1230 7681 -101  229
1240 7714 -101  232
1250 7146 -101  234
1260 7440 -101  235
1270 7398 -101  235
1280 7434 -101  235
1290 7491 -101  231
1300 7489 -101  218
1310 7412 -101  203
1320 7141 -101  189
1330 7179 -101  172
1340 7099 -101  155
1350 7292 -101  136
1360 7296 -101  117
1370 7402 -101   97
1380 7509 -101   75
1390 7515 -101   54
1400 7558 -101   31
1410 7571 -101    8
1420 7584   80  -15
1430 7584   80  -33
1440 7537   80  -42
1450 7527   80  -53
1460 7555   80  -60
1470 7403   80  -71
1480 7422   80  -81
1490 7219   80  -90
1500 7502   65  -99
1511 7466   65 -105
1521 7531   35 -106
1531 7620    0 -106
1541 7657   10 -106
1551 7552   10 -101
1561 7428   10  -91
1571 7433   10  -83
1581 7724   10  -74
1591 7869   10  -65
1601 7871   10  -55
1611 7869   10  -45
1621 7872   10  -34
99999 0 0 0 
1631 7871   10  -25
1641 7872   10  -15
1651 7872   10   -7
1661 7872   10    1
1671 7875   10    7
1681 7910   10   11
1691 7909   10   15
1701 7910   10   18
1711 7909   10   19
1721 7909   10   21
1731 7910   60   21
1741 7910   60   21
1751 7910   60   21
1761 7885   60   22
1771 7845   60   22
1781 7821   60   22
1791 7806   60   22
1801 7587   60   22
1811 7584   60   22
1821 7649   60   22
1831 7675   60   22
1841 7669   60   24
1851 7638   60   30
1861 7611   60   37
1871 7621   60   43
1881 7527   60   50
1891 7499   60   57
1901 7503   60   63
1911 7503   60   69
1921 7572   60   76
1931 7572   60   83
1941 7611   60   91
1951 7611   60   98
1961 7616   60  106
1971 7581   59  114
1981 7544   48  123
1991 7544   34  131
2001 7592   29  141
2011 7602   20  150
2021 7620   20  159
2031 7667   20  168
2041 7747   20  176
2051 7751   20  184
2061 7790   20  191
2071 7862   19  198
2081 7859   19  203
2091 7865 -101  210
2101 7865 -101  215
2111 7867 -101  219
2121 7843 -101  223
2131 7723 -101  225
2141 7723 -101  227
2151 7741 -101  230
2161 7195 -101  231
2171 7214 -101  232
2181 7468 -101  232
2191 7532 -101  232
2201 7493 -101  231
2211 7596 -101  227
2221 7573 -101  215
2231 7593 -101  202
2241 7290 -101  188
2251 7127 -101  171
2261 7140 -101  155
2271 7256 -101  138
2281 7371 -101  119
2291 7378 -101  101
2301 7528 -101   81
2311 7565 -101   60
2321 7572 -101   39
2331 7571 -101   18
2341 7568 -101   -5
2351 7566   80  -26
2361 7596   80  -37
2371 7575   80  -47
2381 7553   80  -58
2391 7599   80  -70
2401 7613   80  -82
2411 7622   80  -93
2421 7378   80 -105
2431 7517   80 -117
2441 7503   80 -125
2451 7650   56 -127
2461 7666    6 -127
2471 7681   10 -127
2481 7377   10 -127
2491 7289   10 -120
2501 7296   10 -111
2511 7513   10 -105
2521 7799   10  -95
2531 7801   10  -86
2541 7839   10  -78
2551 7876   10  -71
99999 0 0 0 
2561 7876   10  -63
2571 7875   10  -56
2581 7876   10  -49
2591 7875   10  -41
2601 7912   10  -33
2611 7873   10  -26
2621 7875   10  -19
2631 7876   10  -12
2641 7875   10   -6
2651 7876   10   -1
2661 7910   60    3
2671 7910   60    7
2681 7880   60    9
2691 7847   60   11
2701 7842   60   14
2711 7843   60   16
2721 7668   60   16
2731 7705   60   16
2741 7703   60   16
2751 7739   60   16
2761 7743   60   17
2771 7742   60   19
2781 7736   60   24
2791 7734   60   30
2801 7739   60   36
2811 7566   60   43
2821 7535   60   49
2831 7539   60   55
2841 7507   60   61
2851 7580   60   67
2861 7580   60   72
2871 7616   60   79
2881 7616   60   85
2891 7613   60   91
2901 7614   60   99
2911 7582   60  105
2921 7580   60  112
2931 7583   60  120
2941 7618   53  127
2951 7618   49  135
2961 7621   44  143
2971 7659   32  151
2981 7662   28  159
2991 7669   23  167
3001 7673   20  174
3011 7679   24  181
3021 7753   28  188
3031 7792   25  195
3041 7791   19  199
3051 7826   19  205
3061 7828   19  210
3071 7831 -101  214
3081 7832 -101  218
3091 7812 -101  222
3101 7758 -101  223
3111 7791 -101  224
3121 7799 -101  226
3131 7808 -101  227
3141 7350 -101  227
3151 7495 -101  227
3161 7503 -101  227
3171 7718 -101  227
3181 7719 -101  227
3191 7718 -101  218
3201 7571 -101  207
3211 7393 -101  195
3221 7396 -101  182
3231 7185 -101  167
3241 7224 -101  151
3251 7224 -101  135
3261 7438 -101  118
3271 7508 -101   99
3281 7508 -101   80
3291 7583 -101   61
3301 7548 -101   39
3311 7548 -101   18
3321 7550 -101   -3
3331 7552   80  -25
3341 7553   80  -35
3351 7600   80  -45
3361 7647   80  -54
3371 7654   80  -64
3381 7658   80  -73
3391 7237   80  -81
3401 7240   80  -89
3411 7596   56  -98
3421 7668   65 -103
3431 7669   31 -105
3441 7708    6 -105
3451 7603   10 -105
3461 7618   10 -105
3471 7270   10  -97
3481 7484   10  -89
3491 7486   10  -83
3501 7840   10  -74
3511 7840   10  -66
3521 7840   10  -58
3531 7881   10  -50
99999 0 0 0 
3541 7876   10  -42
3551 7878   10  -35
3561 7876   10  -28
3571 7878   10  -21
3581 7879   10  -15
3591 7876   10  -10
3601 7878   10   -5
3611 7876   10   -1
3621 7878   10    2
3631 7879   10    4
3641 7878   60    5
3651 7878   60    6
3661 7913   60    7
3671 7894   60    9
3681 7871   60    9
3691 7868   60    9
3701 7860   60    9
3711 7613   60    9
3721 7685   60    9
3731 7681   60    9
3741 7715   60    9
3751 7753   60   11
3761 7754   60   15
3771 7754   60   21
3781 7726   60   27
3791 7729   60   32
3801 7555   60   38
3811 7521   60   43
3821 7522   60   49
3831 7559   60   54
3841 7560   60   59
3851 7560   60   63
3861 7631   60   69
3871 7632   60   74
3881 7631   60   79
3891 7560   60   85
3901 7593   60   91
3911 7593   60   97
3921 7593   60  103
3931 7627   60  110
3941 7630   60  116
3951 7626   60  123
3961 7631   60  131
3971 7631   48  138
3981 7632   44  145
3991 7597   48  152
4001 7601   44  159
4011 7640   40  167
4021 7640   29  174
4031 7645   25  181
4041 7719   29  187
4051 7758   36  194
4061 7758   19  199
4071 7788   19  205
4081 7788   19  209
4091 7791   19  214
4101 7833 -101  218
4111 7798 -101  222
4121 7764 -101  225
4131 7819 -101  225
4141 7820 -101  227
4151 7825 -101  229
4161 7298 -101  230
4171 7441 -101  230
4181 7445 -101  230
4191 7661 -101  230
4201 7733 -101  230
4211 7735 -101  227
4221 7699 -101  217
4231 7522 -101  206
4241 7522 -101  194
4251 7204 -101  182
4261 7204 -101  167
4271 7206 -101  153
4281 7347 -101  136
4291 7454 -101  119
4301 7454 -101  101
4311 7528 -101   83
4321 7560 -101   63
4331 7562 -101   43
4341 7526 -101   22
4351 7562 -101    1
4361 7563   81  -21
4371 7599   81  -33
4381 7599   81  -43
4391 7577   81  -53
4401 7650   81  -65
4411 7621   81  -75
4421 7627   81  -86
4431 7275   81  -97
4441 7492   81 -109
4451 7494   81 -119
4461 7673   74 -127
4471 7708   56 -130
4481 7712   14 -131
4491 7539    0 -131
4501 7300   10 -131
4511 7306   10 -125
4521 7520   10 -117
4531 7594   10 -111
4541 7592   10 -103
4551 7842   10  -95
4561 7843   10  -87
4571 7842   10  -80
4581 7878   10  -73
99999 0 0 0 
4591 7879   10  -65
4601 7879   10  -57
4611 7879   10  -49
4621 7881   10  -41
4631 7879   10  -34
4641 7879   10  -26
4651 7879   10  -20
4661 7881   10  -13
4671 7881   10   -9
4681 7878   10   -5
4691 7881   60   -3
4701 7881   60   -1
4711 7910   60    0
4721 7884   60    1
4731 7841   60    1
4741 7874   60    1
4751 7871   60    1
4761 7733   60    1
4771 7735   60    1
4781 7735   60    1
4791 7768   60    1
4801 7763   60    3
4811 7762   60    8
4821 7689   60   15
4831 7657   60   21
4841 7661   60   28
4851 7519   60   35
4861 7559   60   40
4871 7562   60   46
4881 7596   60   52
4891 7599   60   58
4901 7593   60   63
4911 7671   60   69
4921 7637   60   75
4931 7637   60   81
4941 7601   60   87
4951 7603   60   92
4961 7603   60   99
4971 7601   60  105
4981 7603   60  111
4991 7600   60  118
5001 7599   60  125
5011 7632   59  132
5021 7632   55  140
5031 7597   43  148
5041 7635   31  155
5051 7635   35  163
5061 7644   30  171
5071 7648   20  179
5081 7649   20  186
5091 7689   20  192
5101 7798   35  198
5111 7796   20  203
5121 7792   20  208
5131 7831   20  213
5141 7835   20  217
5151 7801 -101  220
5161 7836 -101  223
5171 7836 -101  227
5181 7854 -101  230
5191 7825 -101  230
5201 7827 -101  231
5211 7827 -101  232
5221 7335 -101  233
5231 7339 -101  233
5241 7553 -101  233
5251 7662 -101  233
5261 7665 -101  233
5271 7771 -101  230
5281 7700 -101  219
5291 7703 -101  209
5301 7383 -101  197
5311 7207 -101  184
5321 7209 -101  170
5331 7244 -101  155
5341 7350 -101  139
5351 7350 -101  121
5361 7528 -101  103
5371 7564 -101   85
5381 7563 -101   65
5391 7528 -101   45
5401 7531 -101   24
5411 7528 -101    3
5421 7566   81  -18
5431 7603   81  -32
5441 7603   81  -41
5451 7620   81  -51
5461 7617   81  -63
5471 7626   81  -74
5481 7560   81  -85
5491 7248   81  -96
5501 7247   81 -107
5511 7569   81 -118
5521 7678   81 -126
5531 7678   56 -130
5541 7714   23 -131
5551 7608    0 -131
5561 7613   10 -131
5571 7306   10 -127
5581 7273   10 -118
5591 7275   10 -111
5601 7809   10 -103
5611 7843   10  -94
5621 7845   10  -86
5631 7843   10  -78
5641 7845   10  -70
99999 0 0 0 
5651 7845   10  -62
5661 7879   10  -54
5671 7881   10  -46
5681 7881   10  -39
5691 7881   10  -31
5701 7881   10  -25
5711 7881   10  -18
5721 7881   10  -13
5731 7879   10   -9
5741 7882   10   -6
5751 7882   60   -4
5761 7881   60   -2
5771 7881   60   -1
5781 7858   60   -1
5791 7848   60   -1
5801 7844   60   -1
5811 7845   60    2
5821 7667   60    2
5831 7661   60    2
5841 7727   60    2
5851 7763   60    3
5861 7764   60    7
5871 7767   60   13
5881 7736   60   19
5891 7739   60   24
5901 7635   60   31
5911 7563   60   36
5921 7566   60   41
5931 7566   60   47
5941 7566   60   52
5951 7567   60   57
5961 7604   60   63
5971 7638   60   67
5981 7641   60   73
5991 7605   60   79
6001 7605   60   84
6011 7603   60   89
6021 7605   60   95
6031 7607   60  100
6041 7608   60  106
6051 7604   60  112
6061 7569   60  119
6071 7567   60  125
6081 7603   60  132
6091 7601   60  139
6101 7603   51  147
6111 7637   40  155
6121 7604   28  162
6131 7605   32  169
6141 7649   37  177
6151 7654   25  183
6161 7651   31  190
6171 7724   36  195
6181 7796   42  201
6191 7792   19  206
6201 7790   19  211
6211 7796   19  215
6221 7799   19  219
6231 7802 -101  223
6241 7802 -101  227
6251 7804 -101  230
6261 7855 -101  232
6271 7833 -101  233
6281 7830 -101  233
6291 7834 -101  234
6301 7553 -101  235
6311 7556 -101  235
6321 7523 -101  235
6331 7631 -101  235
6341 7632 -101  235
6351 7741 -101  231
6361 7740 -101  222
6371 7737 -101  211
6381 7387 -101  199
6391 7209 -101  186
6401 7211 -101  171
6411 7245 -101  157
6421 7318 -101  140
6431 7316 -101  123
6441 7496 -101  105
6451 7567 -101   87
6461 7567 -101   67
6471 7532 -101   47
6481 7533 -101   26
6491 7533 -101    5
6501 7569   81  -16
6511 7603   81  -31
6521 7604   81  -40
6531 7630   81  -49
6541 7661   81  -61
6551 7665   81  -69
6561 7599   81  -79
6571 7320   81  -89
6581 7323   74 -100
6591 7572   81 -109
6601 7642   65 -117
6611 7642   56 -121
6621 7754   23 -121
6631 7658   10 -121
6641 7660   10 -121
6651 7275   10 -121
6661 7629   10 -118
6671 7631   10 -113
6681 7843   10 -109
6691 7845   10 -103
6701 7845   10  -99
6711 7881   10  -94
99999 0 0 0 
6721 7882   10  -90
6731 7881   10  -86
6741 7882   10  -82
6751 7883   10  -78
6761 7882   10  -75
6771 7883   10  -71
6781 7882   10  -68
6791 7882   10  -65
6801 7882   10  -61
6811 7882   10  -57
6821 7882   60  -53
6831 7882   60  -49
6841 7861   60  -45
6851 7850   60  -41
6861 7845   60  -37
6871 7845   60  -33
6881 7847   60  -29
6891 7671   60  -24
6901 7706   60  -17
6911 7708   60  -13
6921 7744   60   -8
6931 7781   60   -3
6941 7781   60    3
6951 7782   60   10
6961 7782   60   16
6971 7784   60   23
6981 7605   60   29
6991 7537   60   35
7001 7535   60   40
7011 7567   60   46
7021 7600   60   52
7031 7596   60   59
7041 7630   60   66
7051 7631   60   72
7061 7635   60   79
7071 7600   60   86
7081 7600   60   92
7091 7604   60   99
7101 7642   60  106
7111 7641   60  113
7121 7641   60  120
7131 7640   60  127
7141 7641   59  134
7151 7641   55  142
7161 7642   42  149
7171 7641   40  157
7181 7644   36  164
7191 7614   32  171
7201 7654   37  179
7211 7652   26  186
7221 7758   22  191
7231 7761   44  198
7241 7764   41  203
7251 7799   20  207
7261 7794   20  212
7271 7799   20  217
7281 7837   20  221
7291 7804 -101  225
7301 7804 -101  228
7311 7807 -101  231
7321 7833 -101  231
7331 7836 -101  234
7341 7837 -101  235
7351 7487 -101  236
7361 7490 -101  236
7371 7597 -101  236
7381 7741 -101  236
7391 7744 -101  236
7401 7741 -101  231
7411 7459 -101  221
7421 7459 -101  209
7431 7282 -101  197
7441 7213 -101  183
7451 7213 -101  169
7461 7283 -101  154
7471 7496 -101  137
7481 7498 -101  120
7491 7532 -101  102
7501 7533 -101   83
7511 7533 -101   63
7521 7535 -101   43
7531 7570 -101   22
7541 7570 -101    1
7551 7570   81  -21
7561 7641   81  -34
7571 7640   81  -43
7581 7627   81  -53
7591 7667   81  -63
7601 7669   81  -73
7611 7603   81  -82
7621 7498   81  -93
7631 7501   81 -102
7641 7608   65 -111
7651 7719   65 -117
7661 7720   40 -118
7671 7720    0 -118
7681 7545   10 -118
7691 7556   10 -118
7701 7418   10 -115
7711 7488   10 -112
7721 7490   10 -106
7731 7842   10 -101
7741 7845   10  -95
7751 7845   10  -90
7761 7846   10  -85
99999 0 0 0 
7771 7881   10  -81
7781 7882   10  -75
7791 7882   10  -71
7801 7882   10  -66
7811 7882   10  -62
7821 7882   10  -57
7831 7882   10  -53
7841 7882   10  -47
7851 7882   10  -43
7861 7882   10  -37
  0 788    0   -7
 10 7885   60   -7
 20 7887   60   -7
 30 7891   60   -7
 40 7877   60   -7
 50 7874   60   -7
 60 7627   60   -7
 70 7630   60   -7
 80 7667   60   -7
 90 7774   60   -7
100 7776   60   -7
110 7744   60   -7
120 7777   60   -7
130 7777   60   -3
140 7703   60    3
150 7526   60   10
160 7528   60   16
170 7563   60   23
180 7529   60   29
190 7531   60   34
200 7567   60   39
210 7640   60   45
220 7640   60   51
230 7676   60   56
240 7641   60   61
250 7641   60   67
260 7570   60   71
270 7605   60   77
280 7605   60   82
290 7572   60   87
300 7607   60   93
310 7603   60   99
320 7605   60  105
330 7569   60  111
340 7569   60  118
350 7641   60  125
360 7640   60  131
370 7642   60  139
380 7642   54  146
390 7642   42  153
400 7641   47  160
410 7614   42  167
420 7649   39  174
430 7648   36  181
440 7615   33  187
450 7758   39  194
460 7758   36  199
470 7722   19  205
480 7792   19  210
490 7795   19  215
500 7799   19  220
510 7802   19  224
520 7804 -101  228
530 7804 -101  231
540 7875 -101  234
550 7851 -101  235
560 7836 -101  237
570 7797 -101  238
580 7803 -101  239
590 7522 -101  239
600 7525 -101  239
610 7529 -101  239
620 7600 -101  239
630 7744 -101  239
640 7744 -101  235
650 7709 -101  225
660 7425 -101  214
670 7427 -101  202
680 7248 -101  189
690 7251 -101  175
700 7250 -101  159
710 7357 -101  143
720 7498 -101  126
730 7499 -101  107
740 7535 -101   89
750 7535 -101   69
760 7536 -101   48
770 7572 -101   27
780 7572 -101    7
790 7573   81  -13
800 7611   81  -30
810 7646   81  -39
820 7630   81  -49
830 7628   81  -59
840 7634   81  -67
850 7638   81  -77
860 7572   81  -87
870 7537   74  -97
880 7542   74 -106
890 7651   65 -113
900 7757   48 -115
910 7757    6 -115
920 7692   10 -115
930 7307   10 -115
940 7311   10 -113
950 7313   10 -107
960 7775   10 -101
970 7775   10  -94
980 7845   10  -88
990 7846   10  -81
1000 7846   10  -75
99999 0 0 0 
1010 7846   10  -69
1020 7882   10  -62
1030 7883   10  -55
1040 7883   10  -49
1050 7883   10  -42
1060 7882   10  -35
1070 7882   10  -29
1080 7882   10  -21
1090 7882   10  -16
1100 7883   10  -10
1111 7882   60   -5
1122 7883   60   -1
1132 7883   60    3
1142 7871   60    4
1152 7857   60    6
1162 7853   60    7
1172 7851   60    7
1182 7709   60    7
1192 7709   60    7
1202 7710   60    8
1212 7747   60    8
1222 7749   60    8
1232 7784   60    8
1242 7784   60   10
1252 7780   60   15
1262 7743   60   20
1272 7564   60   27
1282 7563   60   33
1292 7532   60   39
1302 7567   60   45
1312 7567   60   51
1322 7535   60   55
1332 7642   60   61
1342 7644   60   67
1352 7644   60   72
1362 7608   60   78
1372 7608   60   83
1382 7608   60   89
1392 7574   60   95
1402 7573   60  100
1412 7611   60  106
1422 7608   60  112
1432 7611   60  119
1442 7611   60  125
1452 7646   60  132
1462 7648   60  139
1472 7613   54  145
1482 7611   60  153
1492 7611   49  159
1502 7613   46  167
1512 7607   42  174
1522 7611   30  182
1532 7649   27  189
1542 7654   24  195
1552 7655   38  202
1562 7765   35  208
1572 7799   20  213
1582 7796   20  218
1592 7798   20  223
1602 7836   20  227
1612 7840 -101  231
1622 7804 -101  235
1632 7811 -101  238
1642 7803 -101  238
1652 7841 -101  240
1662 7310 -101  242
1672 7315 -101  243
1682 7458 -101  242
1692 7638 -101  242
1702 7638 -101  242
1712 7712 -101  242
1722 7717 -101  239
1732 7713 -101  229
1742 7572 -101  218
1752 7217 -101  207
1762 7217 -101  194
1772 7218 -101  180
1782 7360 -101  165
1792 7361 -101  151
1802 7469 -101  135
1812 7540 -101  117
1822 7540 -101  100
1832 7543 -101   82
1842 7509 -101   63
1852 7508 -101   44
1862 7543 -101   24
1872 7577 -101    5
1882 7578   81  -15
1892 7578   81  -30
1902 7596   81  -39
1912 7597   81  -47
1922 7637   81  -53
1932 7215   81  -62
1942 7218   81  -70
1952 7397   81  -78
1962 7614   56  -85
1972 7617   48  -91
1982 7690   40  -94
1992 7692   14  -94
2002 7695   10  -94
2012 7523   10  -94
2022 7665   10  -93
2032 7669   10  -89
2042 7703   10  -83
2052 7846   10  -78
2062 7846   10  -71
2072 7846   10  -65
2082 7885   10  -59
2092 7882   10  -53
99999 0 0 0 
2102 7882   10  -47
2112 7883   10  -41
2122 7882   10  -35
2132 7883   10  -29
2142 7882   10  -23
2152 7882   10  -17
2162 7883   10  -12
2172 7883   10   -7
2182 7883   10   -3
2192 7883   10    0
2202 7883   60    3
2212 7886   60    5
2222 7871   60    6
2232 7858   60    7
2242 7853   60    7
2252 7853   60    7
2262 7673   60    7
2272 7675   60    7
2282 7712   60    7
2292 7746   60    7
2302 7749   60    7
2312 7747   60    7
2322 7781   60    9
2332 7776   60   15
2342 7739   60   20
2352 7567   60   27
2362 7567   60   33
2372 7533   60   39
2382 7572   60   45
2392 7572   60   51
2402 7537   60   56
2412 7645   60   62
2422 7645   60   67
2432 7610   60   73
2442 7610   60   79
2452 7610   60   84
2462 7610   60   89
2472 7576   60   95
2482 7574   60  101
2492 7611   60  107
2502 7610   60  113
2512 7611   60  119
2522 7613   60  126
2532 7618   60  132
2542 7611   60  139
2552 7611   60  146
2562 7613   52  153
2572 7610   48  160
2582 7611   45  167
2592 7613   41  175
2602 7614   30  182
2612 7651   28  189
2622 7689   33  196
2632 7695   29  203
2642 7765   27  208
2652 7798   41  214
2662 7799   20  219
2672 7796   20  223
2682 7794   20  227
2692 7798   20  231
2702 7837 -101  235
2712 7769 -101  238
2722 7769 -101  241
2732 7809 -101  243
2742 7841 -101  245
2752 7843 -101  246
2762 7808 -101  247
2772 7494 -101  247
2782 7495 -101  247
2792 7603 -101  247
2802 7747 -101  247
2812 7749 -101  247
2822 7747 -101  242
2832 7465 -101  232
2842 7465 -101  221
2852 7251 -101  209
2862 7218 -101  195
2872 7217 -101  182
2882 7288 -101  167
2892 7468 -101  151
2902 7468 -101  134
2912 7540 -101  117
2922 7542 -101   99
2932 7540 -101   81
2942 7545 -101   62
2952 7546 -101   42
2962 7546 -101   23
2972 7543 -101    3
2982 7583   81  -17
2992 7578   81  -32
3002 7596   81  -41
3012 7594   81  -49
3022 7603   81  -55
3032 7642   81  -64
3042 7392   81  -73
3052 7398   81  -81
3062 7543   56  -88
3072 7686   48  -94
3082 7687   40  -96
3092 7727    6  -95
3102 7482   10  -95
3112 7487   10  -95
3122 7314   10  -94
3132 7598   10  -90
3142 7600   10  -85
3152 7846   10  -79
3162 7846   10  -73
3172 7849   10  -67
3182 7846   10  -61
3192 7882   10  -56
99999 0 0 0 
3202 7886   10  -50
3212 7883   10  -45
3222 7883   10  -38
3232 7882   10  -33
3242 7883   10  -26
3252 7885   10  -21
3262 7883   10  -15
3272 7882   10  -11
3282 7885   10   -7
3292 7883   60   -3
3302 7883   60   -1
3312 7886   60    0
3322 7868   60    1
3332 7855   60    2
3342 7854   60    2
3352 7851   60    2
3362 7673   60    2
3372 7747   60    2
3382 7746   60    2
3392 7747   60    2
3402 7787   60    2
3412 7785   60    2
3422 7785   60    6
3432 7676   60   11
3442 7675   60   17
3452 7533   60   23
3462 7569   60   29
3472 7570   60   35
3482 7536   60   41
3492 7570   60   46
3502 7573   60   51
3512 7608   60   57
3522 7644   60   63
3532 7646   60   68
3542 7646   60   73
3552 7613   60   79
3562 7613   60   84
3572 7576   60   89
3582 7614   60   95
3592 7613   60  100
3602 7613   60  106
3612 7577   60  112
3622 7577   60  118
3632 7610   60  124
3642 7611   60  131
3652 7610   60  138
3662 7611   56  145
3672 7613   53  152
3682 7611   49  159
3692 7613   46  166
3702 7649   43  173
3712 7649   40  180
3722 7652   37  187
3732 7724   34  193
3742 7726   40  199
3752 7726   46  205
3762 7763   44  211
3772 7760   20  215
3782 7795   20  220
3792 7801   20  225
3802 7804   20  229
3812 7769   20  233
3822 7839 -101  237
3832 7839 -101  239
3842 7828 -101  243
3852 7808 -101  243
3862 7807 -101  245
3872 7808 -101  246
3882 7384 -101  247
3892 7387 -101  247
3902 7496 -101  247
3912 7673 -101  247
3922 7676 -101  247
3932 7749 -101  245
3942 7607 -101  235
3952 7610 -101  225
3962 7394 -101  214
3972 7218 -101  201
3982 7220 -101  187
3992 7255 -101  173
4002 7395 -101  157
4012 7397 -101  141
4022 7502 -101  123
4032 7540 -101  105
4042 7542 -101   87
4052 7542 -101   67
4062 7543 -101   47
4072 7543 -101   28
4082 7546 -101    8
4092 7584 -101  -12
4102 7583   81  -29
4112 7618   81  -37
4122 7656   81  -46
4132 7634   81  -57
4142 7597   81  -67
4152 7459   81  -78
4162 7463   81  -89
4172 7254   81  -98
4182 7576   65 -109
4192 7577   81 -118
4202 7652   65 -125
4212 7726   48 -129
4222 7726   23 -129
4232 7584   10 -129
4242 7482   10 -129
4252 7488   10 -126
4262 7456   10 -118
4272 7812   10 -113
4282 7812   10 -106
4292 7847   10  -98
4302 7847   10  -91
4312 7847   10  -85
99999 0 0 0 
4322 7849   10  -78
4332 7885   10  -73
4342 7885   10  -67
4352 7883   10  -61
4362 7883   10  -55
4372 7885   10  -49
4382 7883   10  -43
4392 7883   10  -37
4402 7885   10  -31
4412 7882   10  -25
4422 7883   10  -20
4432 7881   60  -15
4442 7883   60  -11
4452 7879   60   -7
4462 7861   60   -4
4472 7854   60   -1
4482 7853   60    1
4492 7853   60    2
4502 7675   60    3
4512 7747   60    4
4522 7747   60    6
4532 7747   60    6
4542 7784   60    7
4552 7784   60    9
4562 7785   60   14
4572 7714   60   19
4582 7713   60   25
4592 7605   60   31
4602 7536   60   37
4612 7535   60   43
4622 7535   60   47
4632 7536   60   53
4642 7536   60   58
4652 7610   60   63
4662 7645   60   68
4672 7645   60   74
4682 7646   60   79
4692 7613   60   84
4702 7611   60   89
4712 7613   60   95
4722 7613   60  100
4732 7613   60  106
4742 7608   60  111
4752 7611   60  117
4762 7613   60  124
4772 7611   60  130
4782 7614   60  137
4792 7611   60  143
4802 7613   60  150
4812 7610   60  157
4822 7613   47  163
4832 7611   53  171
4842 7648   42  178
4852 7649   30  185
4862 7617   36  191
4872 7618   41  199
4882 7621   30  205
4892 7726   28  211
4902 7761   41  217
4912 7764   20  223
4922 7764   20  227
4932 7761   20  232
4942 7764   20  237
4952 7805 -101  241
4962 7744 -101  245
4972 7737 -101  247
4982 7809 -101  250
4992 7318 -101  252
5002 7319 -101  254
5012 7462 -101  255
5022 7641 -101  255
5032 7644 -101  255
5042 7714 -101  255
5052 7681 -101  255
5062 7679 -101  246
5072 7504 -101  236
5082 7221 -101  225
5092 7218 -101  213
5102 7221 -101  199
5112 7327 -101  185
5122 7329 -101  170
5132 7400 -101  155
5142 7509 -101  139
5152 7509 -101  121
5162 7510 -101  103
5172 7510 -101   86
5182 7510 -101   67
5192 7512 -101   47
5202 7543 -101   28
5212 7546 -101    8
5222 7580   81  -12
5232 7615   81  -29
5242 7617   81  -39
5252 7597   81  -49
5262 7635   81  -58
5272 7641   81  -66
5282 7608   81  -77
5292 7468   81  -87
5302 7472   74  -97
5312 7581   74 -105
5322 7726   56 -111
5332 7727   40 -113
5342 7728    6 -113
5352 7483   10 -113
5362 7486   10 -113
5372 7350   10 -107
5382 7564   10 -102
5392 7563   10  -94
5402 7846   10  -87
5412 7849   10  -80
5422 7847   10  -73
5432 7883   10  -66
5442 7883   10  -59
99999 0 0 0 
5452 7883   10  -52
5462 7846   10  -45
5472 7883   10  -37
5482 7885   10  -31
5492 7885   10  -24
5502 7883   10  -17
5512 7883   10  -12
5522 7885   10   -6
5532 7885   10   -2
5542 7883   60    1
5552 7885   60    3
5562 7885   60    5
5572 7871   60    6
5582 7858   60    7
5592 7855   60    7
5602 7854   60    7
5612 7676   60    7
5622 7713   60    7
5632 7714   60    7
5642 7751   60    7
5652 7782   60    7
5662 7781   60    7
5672 7780   60   11
5682 7675   60   16
5692 7676   60   22
5702 7573   60   28
5712 7540   60   34
5722 7539   60   39
5732 7539   60   45
5742 7574   60   50
5752 7576   60   55
5762 7610   60   60
5772 7648   60   65
5782 7646   60   70
5792 7646   60   75
5802 7614   60   80
5812 7614   60   85
5822 7577   60   91
5832 7614   60   95
5842 7614   60  101
5852 7577   60  107
5862 7580   60  112
5872 7578   60  118
5882 7614   60  124
5892 7578   60  131
5902 7578   60  137
5912 7613   60  143
5922 7611   60  150
5932 7611   60  157
5942 7614   48  163
5952 7614   54  171
5962 7615   43  178
5972 7649   31  184
5982 7685   45  191
5992 7690   42  197
6002 7692   40  203
6012 7654   46  209
6022 7652   43  215
6032 7794   20  219
6042 7722   20  225
6052 7726   20  230
6062 7731   20  234
6072 7768   20  239
6082 7771 -101  243
6092 7771 -101  247
6102 7840 -101  250
6112 7822 -101  252
6122 7809 -101  254
6132 7809 -101  255
6142 7809 -101  257
6152 7531 -101  258
6162 7498 -101  259
6172 7498 -101  259
6182 7607 -101  259
6192 7750 -101  258
6202 7750 -101  257
6212 7714 -101  247
6222 7361 -101  237
6232 7361 -101  226
6242 7218 -101  213
6252 7254 -101  200
6262 7254 -101  186
6272 7326 -101  170
6282 7505 -101  153
6292 7505 -101  136
6302 7506 -101  118
6312 7543 -101  100
6322 7545 -101   81
6332 7546 -101   62
6342 7547 -101   42
6352 7549 -101   23
6362 7583 -101    3
6372 7583   81  -17
6382 7583   81  -31
6392 7621   81  -39
6402 7599   81  -49
6412 7601   81  -59
6422 7635   81  -68
6432 7254   81  -79
6442 7256   81  -87
6452 7472   56  -96
6462 7652   65 -105
6472 7655   65 -111
6482 7727   40 -114
6492 7659   14 -114
6502 7660   10 -114
6512 7416   10 -114
6522 7666   10 -109
6532 7669   10 -103
6542 7706   10  -97
6552 7810   10  -90
6562 7812   10  -83
6572 7847   10  -77
6582 7849   10  -69
99999 0 0 0 
6592 7846   10  -63
6602 7847   10  -57
6612 7847   10  -50
6622 7849   10  -45
6632 7883   10  -38
6642 7886   10  -31
6652 7885   10  -25
6662 7883   10  -19
6672 7885   10  -14
6682 7885   10   -9
6692 7885   60   -5
6702 7885   60   -1
6712 7883   60    1
6722 7912   60    2
6732 7859   60    3
6742 7854   60    4
6752 7857   60    4
6762 7676   60    4
6772 7676   60    4
6782 7749   60    4
6792 7749   60    4
6802 7746   60    4
6812 7784   60    4
6822 7782   60    8
6832 7781   60   13
6842 7641   60   19
6852 7499   60   25
6862 7504   60   31
6872 7535   60   37
6882 7573   60   42
6892 7576   60   47
6902 7576   60   51
6912 7646   60   56
6922 7648   60   61
6932 7613   60   66
6942 7613   60   71
6952 7613   60   76
6962 7577   60   81
6972 7578   60   86
6982 7578   60   91
6992 7614   60   95
7002 7580   60  101
7012 7578   60  107
7022 7614   60  112
7032 7580   60  118
7042 7580   60  123
7052 7611   60  130
7062 7614   60  136
7072 7613   60  143
7082 7614   60  149
7092 7614   60  156
7102 7613   58  163
7112 7613   46  170
7122 7615   44  177
7132 7613   40  183
7142 7618   46  190
7152 7689   44  197
7162 7687   32  203
7172 7719   39  208
7182 7726   52  214
7192 7723   50  219
7202 7722   19  224
7212 7757   19  230
7222 7758   19  235
7232 7695   19  239
7242 7734   19  245
7252 7736 -101  250
7262 7842 -101  254
7272 7843 -101  257
7282 7829 -101  259
7292 7805 -101  263
7302 7809 -101  265
7312 7811 -101  267
7322 7354 -101  269
7332 7498 -101  269
7342 7499 -101  269
7352 7678 -101  270
7362 7714 -101  269
7372 7713 -101  269
7382 7533 -101  260
7392 7323 -101  250
7402 7326 -101  239
7412 7220 -101  227
7422 7220 -101  215
7432 7221 -101  201
7442 7400 -101  187
7452 7469 -101  170
7462 7469 -101  154
7472 7508 -101  136
7482 7542 -101  118
7492 7543 -101  100
7502 7510 -101   81
7512 7549 -101   62
7522 7549 -101   43
7532 7584 -101   23
7542 7584 -101    3
7552 7583   81  -17
7562 7618   81  -32
7572 7601   81  -41
7582 7600   81  -50
7592 7607   81  -57
7602 7288   81  -65
7612 7292   81  -75
7622 7506   81  -83
7632 7583   56  -91
7642 7584   56  -98
7652 7728   48 -101
7662 7696   14 -101
7672 7695   10 -101
7682 7381   10 -101
7692 7420   10 -100
7702 7420   10  -96
7712 7777   10  -90
7722 7812   10  -84
7732 7812   10  -78
7742 7849   10  -72
7752 7849   10  -66
7762 7849   10  -60
99999 0 0 0 
7772 7846   10  -54
7782 7847   10  -49
7792 7847   10  -42
7802 7886   10  -37
7812 7887   10  -30
7822 7885   10  -25
7832 7883   10  -19
7842 7886   10  -14
7852 7883   10   -9
7862 7885   10   -5
7872 7885   60   -1
7882 7883   60    2
7892 7875   60    3
7902 7862   60    5
7912 7855   60    7
7922 7855   60    7
7932 7607   60    7
7942 7607   60    7
7952 7713   60    7
7962 7750   60    7
7972 7751   60    7
7982 7753   60    7
7992 7787   60    8
8002 7785   60   12
8012 7676   60   17
8022 7570   60   23
8032 7573   60   30
8042 7536   60   35
8052 7502   60   41
8062 7502   60   46
8072 7574   60   51
8082 7576   60   55
8092 7574   60   60
8102 7613   60   65
8112 7613   60   70
8122 7613   60   75
8132 7614   60   80
8142 7577   60   85
8152 7578   60   90
8162 7614   60   95
8172 7578   60  100
8182 7578   60  105
8192 7613   60  111
8202 7578   60  116
8212 7580   60  122
8222 7614   60  128
8232 7614   60  135
8242 7611   60  141
8252 7577   60  147
8262 7611   60  154
8272 7611   59  161
8282 7613   47  167
8292 7615   53  175
8302 7617   43  182
8312 7652   31  188
8322 7654   45  195
8332 7656   43  201
8342 7658   40  206
8352 7656   54  211
8362 7652   60  217
8372 7758   50  222
8382 7723   20  227
8392 7722   20  231
8402 7695   20  237
8412 7699   20  242
8422 7699   20  247
8432 7806 -101  251
8442 7846 -101  254
8452 7822 -101  256
8462 7811 -101  259
8472 7811 -101  262
8482 7814 -101  265
8492 7319 -101  266
8502 7498 -101  267
8512 7501 -101  267
8522 7679 -101  267
8532 7750 -101  266
8542 7751 -101  266
8552 7570 -101  257
8562 7361 -101  247
8572 7361 -101  237
8582 7218 -101  225
8592 7221 -101  212
8602 7221 -101  198
8612 7398 -101  183
8622 7506 -101  167
8632 7505 -101  150
8642 7542 -101  133
8652 7543 -101  115
8662 7545 -101   97
8672 7510 -101   78
8682 7549 -101   58
8692 7549 -101   39
8702 7584 -101   19
8712 7586 -101   -1
8722 7584   81  -21
8732 7619   81  -33
8742 7603   81  -41
8752 7601   81  -50
8762 7605   81  -55
8772 7395   81  -65
8782 7398   81  -75
8792 7542   81  -81
8802 7617   40  -89
8812 7618   56  -95
8822 7727   40  -99
8832 7693   23  -99
8842 7696   10  -99
8852 7379   10  -99
8862 7453   10  -97
8872 7456   10  -93
8882 7775   10  -87
8892 7777   10  -81
8902 7777   10  -75
8912 7847   10  -69
8922 7849   10  -63
99999 0 0 0 
8932 7847   10  -57
8942 7847   10  -51
8952 7847   10  -45
8962 7847   10  -40
8972 7849   10  -34
8982 7883   10  -28
8992 7883   10  -23
9002 7885   10  -17
9012 7886   10  -13
9022 7885   10   -8
