  0 800   69    0
 10 8005   69    0
 20 8004   69    0
 31 7899   69    0
 42 7860   69    0
 52 7875   69    0
 62 7899   69    0
 72 7563   69    1
 82 7567   69    5
 92 7675   69   11
102 7574   69   19
114 7271   69   30
125 7267   69   40
136 7290   69   49
147 7343   52   59
157 7382   52   68
167 7508   45   77
178 7553   45   87
190 7641   45   98
200 7661   33  107
210 7670   27  116
221 7676   22  125
231 7701   21  134
241 7784   19  142
252 7833   19  151
262 7837   19  158
272 7909   18  164
283 7912   18  171
295 7913  -99  178
305 7915  -99  183
316 7816  -99  189
327 7707  -99  191
339 7731  -99  195
350 7788  -99  198
361 7265  -99  199
371 7448  -99  199
382 7356  -99  198
392 7436  -99  198
402 7407  -99  185
412 7389  -99  171
422 7195  -99  155
433 7144  -99  135
444 7147  -99  114
454 7188  -99   95
465 7280  -99   71
476 7450  -99   47
486 7443  -99   23
496 7520  -99    1
507 7520   79  -17
519 7421   79  -31
529 7429   79  -43
540 7523   79  -55
550 7152   79  -69
561 7190   79  -81
571 7359   79  -92
582 7352   79  -98
592 7280    0  -99
602 7423    0  -98
613 7465    9  -94
625 7139    9  -79
635 7188    9  -66
645 7424    9  -55
656 7861    9  -41
666 7870    9  -26
677 7871    9  -12
687 7911    9    2
697 7913    9   15
99999 0 0 0 
  0 800   69    6
 10 8001   69    6
 20 8007   69    6
 30 7888   69    6
 40 7860   69    6
 50 7877   69    6
 60 7509   69    6
 70 7519   69    6
 80 7603   69    6
 90 7665   69    8
100 7609   69   17
110 7535   69   26
120 7321   69   35
130 7352   69   44
140 7310   45   53
150 7326   45   63
160 7322   37   71
170 7491   45   82
180 7540   37   91
190 7563   24  102
201 7611   19  112
211 7808   19  120
221 7820   26  129
231 7795   20  136
241 7868   22  144
251 7866   24  151
261 7904   19  158
271 7901   19  164
281 7907   19  170
291 7905   19  175
301 7908  -99  181
311 7901  -99  186
321 7702  -99  189
331 7722  -99  191
341 7764  -99  195
351 7774  -99  197
361 7416  -99  198
371 7396  -99  198
381 7434  -99  197
391 7456  -99  197
401 7401  -99  185
411 7363  -99  169
421 7064  -99  153
431 7139  -99  135
441 7101  -99  117
451 7218  -99   97
461 7237  -99   77
471 7341  -99   55
481 7514  -99   31
491 7513  -99    7
501 7523   79  -11
511 7544   79  -22
521 7492   79  -35
531 7418   79  -50
541 7421   79  -65
551 7474   79  -79
561 7459   79  -96
571 7283   79 -111
581 7231   79 -126
591 7297   79 -135
601 7406   64 -137
611 7378    6 -137
621 7452    9 -137
631 7137    9 -126
641 7200    9 -113
651 7198    9 -102
661 7816    9  -89
671 7826    9  -77
681 7868    9  -63
691 7905    9  -50
701 7908    9  -39
99999 0 0 0 
711 7909    0  -26
721 7913    0  -15
731 7915    0   -5
741 7916    0    3
751 7916    0    9
761 7919    0   13
771 7954    0   16
781 7954    0   18
791 7956    0   19
801 7956    0   19
812 7956   70   19
823 7952   70   21
833 7946   70   20
843 7838   70   21
853 7780   70   21
863 7720   70   21
873 7434   70   21
883 7447   70   21
893 7442   70   26
903 7451   70   32
913 7394   70   39
923 7419   70   47
933 7335   70   54
943 7276   70   61
953 7274   70   69
963 7273   70   77
973 7339   63   87
983 7342   46   95
993 7385   39  106
1003 7447   23  116
1013 7487   20  127
1023 7529   20  137
1033 7659   20  147
1043 7671   20  156
1053 7822   20  165
1063 7826   20  174
1073 7826   20  182
1083 7864 -100  190
1093 7652 -100  197
1103 7607 -100  203
1113 7679 -100  209
1123 7345 -100  213
1133 7382 -100  215
1143 7345 -100  216
1153 7328 -100  216
1163 7242 -100  216
1173 7277 -100  205
1183 7108 -100  191
1193 7164 -100  175
1203 6919 -100  159
1213 6981 -100  140
1223 7017 -100  122
1233 7277 -100  102
1243 7386 -100   80
1253 7381 -100   58
1263 7495 -100   34
1273 7511 -100    9
1283 7525   80  -11
1293 7523   80  -21
1303 7481   80  -34
1313 7420   80  -49
1323 7501   80  -61
1333 7482   80  -75
1343 7525   80  -89
1353 7312   80 -103
1363 7353   80 -114
1373 7260   80 -118
1383 7351   23 -118
1393 7350   10 -118
1403 7519   10 -110
1413 7166   10  -97
1423 7178   10  -85
1433 7202   10  -73
1443 7745   10  -58
1453 7858   10  -45
1463 7863   10  -31
1473 7866   10  -17
1483 7868   10   -3
99999 0 0 0 
1493 7870    0    9
1503 7907    0   20
1513 7908    0   29
1523 7909    0   35
1533 7912    0   39
1543 7912    0   41
1553 7913    0   41
1563 7913    0   42
1573 7915    0   42
1583 7915   70   42
1593 7916   70   42
1603 7950   70   42
1613 7857   70   41
1623 7791   70   41
1633 7743   70   39
1643 7694   70   39
1653 7381   70   39
1663 7403   70   39
1673 7396   70   39
1683 7370   70   45
1693 7285   70   52
1703 7320   70   59
1713 7308   70   67
1723 7281   70   76
1733 7282   55   85
1743 7350   46   94
1753 7374   40  105
1763 7426   20  115
1773 7446   20  125
1783 7501   20  135
1793 7533   20  146
1803 7694   20  155
1813 7742   20  164
1823 7746   20  173
1833 7856   20  181
1843 7860 -101  189
1853 7860 -101  197
1863 7728 -101  203
1873 7603 -101  207
1883 7618 -101  212
1893 7705 -101  217
1903 7084 -101  219
1913 7110 -101  221
1923 7410 -101  221
1933 7392 -101  221
1943 7303 -101  217
1953 7239 -101  205
1963 7085 -101  190
1973 7150 -101  174
1983 6937 -101  157
1993 6995 -101  138
2003 7025 -101  119
2013 7318 -101   99
2023 7421 -101   77
2033 7418 -101   53
2043 7497 -101   30
2053 7514 -101    5
2063 7527   80  -13
2073 7514   80  -25
2083 7418   80  -38
2093 7429   80  -51
2103 7515   80  -63
2113 7106   80  -78
2123 7139   80  -91
2133 7349   80 -103
2143 7333   80 -111
2153 7263   56 -113
2163 7333    6 -113
2173 7377   10 -111
2183 7481   10  -99
2193 7139   10  -90
2203 7657   10  -77
2213 7670   10  -65
2223 7819   10  -53
2233 7858   10  -39
2243 7861   10  -27
2253 7863   10  -15
2263 7866   10   -3
99999 0 0 0 
2273 7868    0    7
2283 7904    0   15
2293 7907    0   20
2303 7908    0   24
2313 7908    0   27
2323 7912    0   27
2333 7909    0   28
2343 7911    0   28
2353 7913    0   28
2363 7911   70   28
2373 7912   70   28
2383 7867   70   28
2393 7760   70   28
2403 7704   70   27
2413 7659   70   28
2423 7638   70   28
2433 7411   70   28
2443 7431   70   29
2453 7448   70   35
2463 7336   70   43
2473 7326   70   50
2483 7336   70   57
2493 7267   70   65
2503 7263   70   74
2513 7266   55   83
2523 7342   46   92
2533 7406   46  102
2543 7437   25  112
2553 7451   20  122
2563 7618   20  132
2573 7653   20  142
2583 7697   20  151
2593 7740   20  159
2603 7745   20  167
2613 7854   20  174
2623 7856   20  182
2633 7854 -101  189
2643 7858 -101  195
2653 7835 -101  201
2663 7659 -101  203
2673 7620 -101  207
2683 7666 -101  211
2693 7717 -101  213
2703 7289 -101  213
2713 7418 -101  214
2723 7312 -101  214
2733 7406 -101  213
2743 7357 -101  201
2753 7360 -101  186
2763 7059 -101  170
2773 6990 -101  152
2783 7050 -101  134
2793 7164 -101  115
2803 7253 -101   94
2813 7253 -101   72
2823 7429 -101   49
2833 7466 -101   25
2843 7477 -101    1
2853 7523   80  -15
2863 7501   80  -26
2873 7440   80  -39
2883 7441   80  -54
2893 7370   80  -71
2903 7407   80  -85
2913 7291   80 -103
2923 7132   80 -121
2933 7130   80 -137
2943 7261   80 -149
2953 7269   80 -155
2963 7227   39 -155
2973 7209   10 -155
2983 7186   10 -147
2993 7289   10 -135
3003 7130   10 -123
3013 7581   10 -110
3023 7596   10  -96
3033 7813   10  -82
3043 7820   10  -69
3053 7822   10  -57
99999 0 0 0 
3063 7858    0  -43
3073 7861    0  -31
3083 7864    0  -21
3093 7866    0  -10
3103 7868    0   -2
3113 7868    0    4
3123 7904    0    9
3133 7905    0   13
3143 7907    0   15
3153 7908    0   18
3163 7909    0   19
3173 7908   70   21
3183 7909   70   23
3193 7873   70   23
3203 7791   70   23
3213 7736   70   23
3223 7679   70   23
3233 7642   70   23
3243 7442   70   27
3253 7466   70   32
3263 7479   70   39
3273 7317   70   45
3283 7341   70   52
3293 7362   70   59
3303 7267   70   67
3313 7238   70   76
3323 7235   55   85
3333 7339   46   93
3343 7368   50  103
3353 7396   32  113
3363 7391   20  123
3373 7556   20  133
3383 7599   20  143
3393 7619   20  152
3403 7700   20  161
3413 7705   19  169
3423 7849   19  177
3433 7853 -101  184
3443 7842 -101  191
3453 7621 -101  197
3463 7603 -101  202
3473 7647 -101  207
3483 7061 -101  211
3493 7205 -101  212
3503 7182 -101  213
3513 7385 -101  213
3523 7354 -101  213
3533 7313 -101  203
3543 7142 -101  189
3553 7014 -101  173
3563 7084 -101  155
3573 6968 -101  138
3583 7081 -101  119
3593 7097 -101   99
3603 7347 -101   78
3613 7415 -101   55
3623 7419 -101   32
3633 7466 -101    7
3644 7517   80  -14
3654 7507   80  -25
3664 7405   80  -38
3674 7417   80  -53
3684 7463   80  -65
3694 7444   80  -79
3704 7094   80  -93
3714 7079   80 -107
3724 7322   80 -117
3734 7309   73 -119
3744 7269    6 -119
3754 7240   10 -119
3764 7049   10 -109
3774 7191   10  -95
3784 7118   10  -81
3794 7273   10  -69
3804 7297   10  -54
3814 7769   10  -39
3824 7812   10  -25
3834 7816   10  -10
99999 0 0 0 
3844 7820    0    4
3854 7857    0   17
3864 7860    0   28
3874 7861    0   37
3884 7863    0   43
3894 7863    0   47
3904 7867    0   49
3914 7902    0   50
3924 7902    0   50
3934 7904    0   50
3944 7905   70   50
3954 7909   70   50
3964 7902   70   50
3974 7786   70   50
3984 7737   70   50
3994 7694   70   50
4004 7398   70   50
4014 7374   70   50
4024 7360   70   50
4034 7324   70   51
4044 7335   70   57
4054 7249   70   65
4064 7312   70   72
4074 7336   70   80
4084 7238   70   89
4094 7314   55   97
4104 7309   48  107
4114 7374   30  117
4124 7402   20  127
4134 7460   20  138
4144 7529   20  149
4154 7653   20  158
4164 7660   20  167
4174 7808   20  175
4184 7813 -101  184
4194 7813 -101  192
4204 7850 -101  199
4214 7853 -101  206
4224 7658 -101  211
4234 7597 -101  217
4244 7626 -101  221
4254 7680 -101  225
4264 7121 -101  226
4274 7291 -101  227
4284 7198 -101  227
4294 7341 -101  227
4304 7323 -101  215
4314 7318 -101  202
4324 7016 -101  186
4334 6946 -101  169
4344 7008 -101  151
4354 7086 -101  132
4364 7243 -101  112
4374 7243 -101   91
4384 7415 -101   68
4394 7455 -101   45
4404 7466 -101   21
4414 7482 -101   -4
4424 7525   80  -18
4434 7479   80  -30
4444 7406   80  -43
4454 7476   80  -55
4464 7527   80  -69
4474 7041   80  -82
4484 7243   80  -95
4494 7177   80 -106
4504 7316   80 -113
4514 7324   48 -113
4524 7314   10 -113
4534 7289   10 -109
4544 7093   10  -97
4554 7172   10  -82
4564 7459   10  -71
4574 7585   10  -57
4584 7594   10  -43
4594 7812   10  -29
4604 7816   10  -15
99999 0 0 0 
4614 7820    0   -1
4624 7854    0   12
4634 7858    0   24
4644 7860    0   34
4654 7863    0   41
4664 7863    0   45
4674 7866    0   48
4684 7864    0   49
4694 7901    0   50
4704 7901    0   50
4714 7902   70   50
4724 7902   70   50
4734 7904   70   50
4744 7827   70   50
4754 7758   70   50
4764 7727   70   49
4774 7697   70   48
4784 7367   70   48
4794 7342   70   48
4804 7365   70   48
4814 7328   70   51
4824 7339   70   58
4834 7258   70   66
4844 7250   70   74
4854 7273   63   82
4864 7245   63   91
4874 7335   55  100
4884 7345   37  109
4894 7367   28  119
4904 7467   20  130
4914 7503   20  140
4924 7635   20  150
4934 7618   20  159
4944 7623   20  167
4954 7772   20  175
4964 7809   20  183
4974 7813 -101  191
4984 7849 -101  199
4994 7748 -101  206
5004 7603 -101  210
5014 7611 -101  215
5024 7660 -101  219
5034 7710 -101  222
5044 7239 -101  223
5054 7340 -101  223
5064 7224 -101  223
5074 7351 -101  219
5084 7284 -101  207
5094 7296 -101  192
5104 7039 -101  175
5114 6964 -101  159
5124 7019 -101  140
5134 7129 -101  121
5144 7280 -101  100
5154 7282 -101   79
5164 7421 -101   55
5174 7460 -101   31
5184 7476 -101    7
5194 7484   80  -13
5204 7509   80  -23
5214 7454   80  -36
5224 7424   80  -51
5234 7419   80  -68
5244 7459   80  -81
5254 7303   80  -99
5264 7105   80 -117
5274 7092   80 -133
5284 7251   80 -145
5294 7269   80 -150
5304 7228   31 -151
5314 7223    0 -150
5324 7244   10 -143
5334 7336   10 -131
5344 7130   10 -120
5354 7578   10 -106
5364 7589   10  -94
5374 7773   10  -81
5384 7813   10  -68
5394 7815   10  -57
5404 7817   10  -45
99999 0 0 0 
5414 7856    0  -33
5424 7856    0  -24
5434 7857    0  -16
5444 7860    0   -9
5454 7861    0   -3
5464 7863    0    3
5474 7863    0    7
5484 7866    0   11
5494 7901    0   14
5504 7866    0   16
5514 7864   71   19
5524 7901   71   21
5534 7853   71   21
5544 7785   71   21
5554 7743   71   21
5564 7690   71   22
5574 7642   71   24
5584 7406   71   27
5594 7428   71   32
5604 7431   71   39
5614 7376   71   46
5624 7370   71   53
5634 7395   71   60
5644 7231   71   68
5654 7231   71   76
5664 7230   64   85
5674 7298   55   94
5684 7343   46  104
5694 7368   25  114
5704 7436   20  124
5714 7502   20  135
5724 7531   20  144
5734 7653   20  153
5744 7695   20  161
5754 7698   20  169
5764 7809   20  177
5774 7809   20  185
5784 7812 -101  191
5794 7849 -101  199
5804 7748 -101  204
5814 7610 -101  207
5824 7615 -101  211
5834 7661 -101  215
5844 7713 -101  217
5854 7210 -101  217
5864 7470 -101  217
5874 7364 -101  217
5884 7365 -101  215
5894 7213 -101  203
5904 7221 -101  187
5914 7101 -101  171
5924 6925 -101  154
5934 6979 -101  136
5944 7091 -101  117
5954 7318 -101   96
5964 7316 -101   75
5974 7419 -101   52
5984 7460 -101   28
5994 7469 -101    4
6004 7477   81  -13
6014 7504   81  -25
6024 7450   81  -37
6034 7424   81  -53
6044 7376   81  -70
6054 7418   81  -83
6064 7331   81 -101
6074 7096   81 -118
6084 7086   81 -134
6094 7160   81 -147
6104 7324   81 -152
6114 7284   32 -152
6124 7277   10 -151
6134 7023   10 -143
6144 7115   10 -130
6154 7126   10 -118
6164 7716   10 -105
6174 7728   10  -90
6184 7769   10  -77
6194 7811   10  -63
6204 7813   10  -51
6214 7813   10  -38
99999 0 0 0 
6224 7853    0  -26
6234 7854    0  -15
6244 7856    0   -6
6254 7858    0    2
6264 7860    0    7
6274 7860    0   12
6284 7861    0   15
6294 7863    0   18
6304 7861    0   20
6314 7899    0   21
6324 7898   70   24
6334 7898   70   24
6344 7842   70   24
6354 7764   70   24
6364 7718   70   24
6374 7426   70   24
6384 7391   70   24
6394 7430   70   28
6404 7396   70   34
6414 7410   70   40
6424 7388   70   47
6434 7273   70   54
6444 7293   70   61
6454 7234   70   69
6464 7270   70   77
6474 7268   63   85
6484 7268   63   95
6494 7360   41  104
6504 7381   26  114
6514 7389   20  124
6524 7494   20  135
6534 7525   20  144
6545 7578   20  154
6555 7762   20  163
6565 7766   20  171
6575 7807   20  179
6585 7804 -101  187
6595 7809 -101  194
6605 7811 -101  200
6615 7726 -101  207
6625 7603 -101  210
6635 7612 -101  214
6645 7232 -101  218
6655 7283 -101  219
6665 7135 -101  221
6675 7421 -101  221
6685 7312 -101  221
6695 7324 -101  217
6705 7218 -101  204
6715 7235 -101  189
6725 7112 -101  173
6735 6929 -101  155
6745 6983 -101  137
6755 7123 -101  118
6765 7313 -101   97
6775 7313 -101   75
6785 7384 -101   53
6795 7458 -101   29
6805 7472 -101    4
6815 7477   81  -13
6825 7469   81  -24
6835 7407   81  -37
6845 7384   81  -53
6855 7345   81  -69
6865 7388   81  -82
6875 7338   81 -100
6885 7102   81 -117
6896 7074   81 -133
6906 7186   81 -145
6916 7328   81 -149
6926 7286   23 -149
6936 7285   10 -148
6946 7041   10 -139
6956 7125   10 -125
6966 7130   10 -114
6976 7718   10 -101
6986 7731   10  -87
6996 7769   10  -73
7006 7809   10  -61
7016 7811   10  -48
99999 0 0 0 
7026 7812    0  -35
7036 7850    0  -24
7046 7854    0  -13
7056 7856    0   -4
7066 7856    0    3
7076 7857    0    9
7086 7858    0   13
7096 7860    0   17
7106 7860    0   19
7116 7861    0   21
7126 7860   71   21
7136 7864   71   25
7146 7863   71   25
7156 7823   71   24
7166 7755   71   25
7176 7711   71   25
7186 7412   71   25
7196 7380   71   25
7206 7396   71   28
7216 7396   71   34
7226 7410   71   40
7236 7352   71   47
7246 7265   71   54
7256 7283   71   61
7266 7221   71   69
7276 7260   71   77
7286 7259   64   85
7296 7263   64   95
7306 7321   40  104
7316 7350   24  115
7326 7391   20  125
7336 7461   20  135
7346 7489   20  145
7356 7575   20  155
7366 7762   20  163
7376 7765   20  171
7386 7768   20  179
7396 7807   20  187
7406 7807 -101  194
7416 7845 -101  200
7426 7662 -101  207
7436 7555 -101  210
7446 7606 -101  214
7456 7512 -101  218
7466 7564 -101  219
7476 7131 -101  220
7486 7414 -101  220
7496 7306 -101  220
7506 7320 -101  215
7516 7213 -101  203
7526 7234 -101  188
7536 7118 -101  171
7546 6935 -101  155
7556 6986 -101  136
7566 7055 -101  117
7576 7315 -101   96
7586 7312 -101   73
7596 7417 -101   51
7606 7456 -101   27
7616 7470 -101    3
7626 7482   81  -14
7636 7465   81  -25
7646 7404   81  -38
7656 7384   81  -53
7666 7349   81  -69
7676 7394   81  -83
7686 7376   81 -101
7696 7066   81 -117
7706 7044   81 -133
7716 7154   81 -143
7726 7290   74 -147
7736 7253   23 -147
7746 7323   10 -146
7756 7079   10 -138
7766 7161   10 -125
7776 7129   10 -113
7786 7717   10 -101
7796 7727   10  -86
7806 7768   10  -73
7816 7808   10  -61
7826 7809   10  -48
99999 0 0 0 
7836 7812    0  -35
7846 7815    0  -24
7856 7816    0  -13
7866 7853    0   -4
7876 7856    0    3
7886 7856    0    9
7896 7857    0   14
7906 7858    0   17
7916 7858    0   19
7926 7858    0   20
7936 7860   71   21
7946 7860   71   24
7956 7860   71   24
7966 7790   71   24
7976 7720   71   24
7986 7704   71   24
7996 7516   71   24
8006 7489   71   24
8016 7407   71   28
8026 7370   71   33
8036 7381   71   39
8046 7394   71   47
8056 7271   71   54
8066 7285   71   62
8076 7256   71   70
8086 7260   64   78
8096 7262   64   87
8106 7267   56   96
8116 7358   39  106
8126 7387   23  116
8136 7389   20  127
8146 7497   20  137
8156 7523   20  147
8166 7539   20  156
8176 7725   20  164
8186 7728   20  173
8196 7766   20  181
8206 7804 -101  189
8216 7807 -101  196
8226 7807 -101  203
8236 7658 -101  209
8246 7559 -101  213
8256 7576 -101  217
8267 7521 -101  221
8278 7111 -101  223
8288 7127 -101  223
8298 7389 -101  223
8308 7380 -101  223
8318 7308 -101  215
8328 7218 -101  202
8338 7070 -101  187
8348 7133 -101  170
8358 6914 -101  152
8368 7033 -101  134
8378 7064 -101  115
8388 7316 -101   94
8398 7384 -101   71
8408 7381 -101   48
8418 7462 -101   24
8428 7473 -101    0
8438 7480   81  -15
8448 7456   81  -26
8458 7429   81  -39
8468 7367   81  -55
8478 7363   81  -70
8488 7343   81  -85
8498 7393   81 -102
8508 7075   81 -118
8518 7238   81 -133
8528 7136   81 -142
8538 7286   65 -145
8548 7286   14 -145
8558 7370   10 -145
8568 7093   10 -133
8578 7131   10 -119
8588 7166   10 -109
8598 7717   10  -95
8608 7762   10  -81
8618 7768   10  -68
8628 7807   10  -55
8638 7809   10  -42
99999 0 0 0 
8648 7811    0  -29
8658 7813    0  -17
8668 7852    0   -6
8678 7853    0    3
8688 7854    0    9
8698 7853    0   15
8708 7856    0   18
8718 7856    0   20
8728 7857    0   22
8738 7857    0   23
8748 7857   71   25
8758 7858   71   26
8768 7860   71   26
8778 7765   71   26
8788 7700   71   26
8798 7649   71   26
8808 7466   71   26
8818 7407   71   26
8828 7394   71   28
8838 7366   71   33
8848 7347   71   40
8858 7368   71   47
8868 7245   71   55
8878 7182   71   62
8888 7185   71   69
8898 7221   71   77
8908 7253   71   86
8918 7257   56   95
8928 7334   40  105
8938 7345   25  115
8948 7388   20  126
8958 7426   20  136
8968 7449   20  146
8978 7466   20  155
8988 7722   20  163
8998 7763   20  172
9008 7765   19  179
9018 7804 -101  187
9028 7805 -101  195
9038 7807 -101  201
9048 7626 -101  207
9058 7556 -101  211
9068 7580 -101  215
9078 7521 -101  219
9088 7107 -101  220
9098 7123 -101  221
9108 7377 -101  221
9118 7368 -101  221
9128 7309 -101  214
9138 7175 -101  200
9148 7036 -101  185
9158 7103 -101  168
9168 6951 -101  151
9178 7033 -101  132
9188 7059 -101  113
9198 7312 -101   93
9208 7377 -101   71
9218 7377 -101   48
9228 7455 -101   24
9238 7472 -101   -1
9248 7479   81  -16
9258 7460   81  -27
9268 7439   81  -41
9278 7370   81  -57
9288 7356   81  -73
9298 7334   81  -87
9308 7383   81 -105
9318 7065   81 -121
9328 7196   81 -137
9338 7102   81 -146
9348 7281   65 -149
9358 7285   14 -149
9368 7372   10 -149
9378 7095   10 -137
9388 7095   10 -125
9398 7129   10 -113
9408 7716   10  -99
9418 7725   10  -86
9428 7731   10  -73
9438 7804   10  -61
9448 7808   10  -47
99999 0 0 0 
9458 7808    0  -35
9468 7811    0  -24
9478 7815    0  -13
9488 7815    0   -4
9498 7849    0    3
9508 7853    0    8
9518 7853    0   13
9528 7853    0   15
9538 7856    0   18
9548 7854    0   19
9558 7857   71   20
9568 7856   71   23
9578 7857   71   23
9588 7773   71   23
9598 7713   71   23
9608 7668   71   23
9618 7484   71   23
9628 7420   71   23
9638 7410   71   27
9648 7374   71   33
9658 7350   71   39
9668 7364   71   47
9678 7241   71   54
9688 7259   71   62
9698 7259   71   69
9708 7259   71   77
9718 7260   71   87
9728 7262   46   95
9738 7301   39  105
9748 7310   32  116
9758 7352   20  127
9768 7420   20  137
9778 7440   20  147
9788 7462   20  157
9798 7684   20  165
9808 7727   20  174
9818 7728   19  182
9828 7801 -101  190
9838 7802 -101  197
9848 7807 -101  205
9858 7625 -101  210
9868 7562 -101  214
9878 7590 -101  219
9888 7526 -101  222
9898 7111 -101  224
9908 7121 -101  225
9918 7379 -101  225
9928 7373 -101  225
9938 7308 -101  217
9948 7179 -101  205
9958 7072 -101  189
9968 7132 -101  173
9978 6946 -101  155
9988 7028 -101  136
9998 7059 -101  117
10008 7315 -101   96
10018 7386 -101   74
10028 7384 -101   51
10038 7460 -101   27
10048 7473 -101    2
10058 7482   81  -14
10068 7465   81  -26
10078 7443   81  -40
10088 7373   81  -55
10098 7396   81  -71
10108 7334   81  -85
10118 7386   81 -102
10128 7069   81 -118
10138 7204   81 -134
10148 7106   81 -145
10158 7290   81 -147
10168 7288    6 -147
10178 7378   10 -147
10188 7103   10 -137
10198 7099   10 -124
10208 7132   10 -113
10218 7714   10 -101
10228 7759   10  -87
10238 7765   10  -75
10248 7769   10  -62
10258 7808   10  -51
99999 0 0 0 
10268 7808    0  -40
10278 7809    0  -29
10288 7813    0  -20
10298 7815    0  -13
10308 7852    0   -6
10318 7853    0   -1
10328 7853    0    4
10338 7852    0    8
10348 7854    0   11
10358 7854    0   14
10368 7857   71   16
10378 7854   71   17
10388 7856   71   20
10398 7787   71   20
10408 7748   71   19
10418 7702   71   20
10428 7466   71   20
10438 7388   71   23
10448 7370   71   27
10458 7398   71   33
10468 7333   71   39
10478 7353   71   47
10488 7275   71   54
10498 7293   71   61
10508 7300   71   69
10518 7262   71   77
10528 7223   64   86
10538 7232   56   95
10548 7323   40  104
10558 7326   33  115
10568 7358   20  124
10578 7494   20  135
10588 7509   20  144
10598 7531   20  154
10608 7681   20  162
10618 7725   20  170
10628 7728   20  178
10638 7802   20  186
10648 7802 -101  194
10658 7802 -101  200
10668 7627 -101  205
10678 7565 -101  209
10688 7588 -101  213
10698 7633 -101  216
10708 7110 -101  218
10718 7130 -101  219
10728 7363 -101  219
10738 7352 -101  219
10748 7281 -101  214
10758 7221 -101  200
10768 7104 -101  185
10778 7162 -101  169
10788 6940 -101  151
10798 7023 -101  133
10808 7052 -101  115
10818 7274 -101   94
10828 7381 -101   72
10838 7380 -101   49
10848 7418 -101   26
10858 7431 -101    1
10868 7441   81  -14
10878 7456   81  -25
10888 7434   81  -38
10898 7371   81  -54
10908 7360   81  -70
10918 7339   81  -84
10928 7385   81 -101
10938 7031   81 -117
10948 7207   81 -131
10958 7109   81 -141
10968 7296   74 -145
10978 7261   23 -145
10988 7331   10 -143
10998 7078   10 -133
11008 7117   10 -119
11018 7159   10 -109
11028 7673   10  -94
11038 7684   10  -80
11048 7691   10  -66
11058 7766   10  -53
11068 7804   10  -40
99999 0 0 0 
11078 7808    0  -27
11088 7808    0  -14
11098 7809    0   -2
11108 7812    0    7
11118 7815    0   14
11128 7849    0   19
11138 7853    0   23
11148 7853    0   25
11158 7853    0   26
11168 7852    0   26
11178 7853   71   27
11188 7854   71   28
11198 7854   71   28
11208 7754   71   28
11218 7688   71   28
11228 7639   71   28
11238 7563   71   28
11248 7330   71   28
11258 7321   71   29
11268 7328   71   35
11278 7343   71   41
11288 7357   71   48
11298 7236   71   55
11308 7219   71   63
11318 7224   71   70
11328 7264   71   78
11338 7263   71   87
11348 7259   56   95
11358 7297   48  105
11368 7292   32  115
11378 7320   20  125
11388 7401   20  135
11398 7430   20  147
11408 7454   20  156
11418 7571   20  165
11428 7721   20  173
11438 7724   20  182
11448 7762   10  190
11458 7799   10  198
11468 7799   10  204
11478 7807   10  211
11488 7809   10  218
11498 7813   10  222
11508 7813   10  227
11518 7850   10  231
11528 7845 -103  234
11538 7850 -103  235
11548 7724 -103  238
11558 7639 -103  238
11568 7650 -103  238
11578 7085 -103  238
11588 7123 -103  238
11598 7324 -103  238
11608 7510 -103  238
11618 7423 -103  238
11628 7399 -103  227
11638 7319 -103  215
11648 7330 -103  199
11658 7203 -103  182
11668 7050 -103  163
11678 7096 -103  144
11688 7133 -103  124
11698 7368 -103  103
11708 7371 -103   81
11718 7402 -103   57
11728 7470 -103   33
11738 7479 -103    9
11748 7520   82  -12
11758 7510   82  -23
11768 7464   82  -37
11778 7442   82  -52
11788 7363   82  -69
11798 7399   82  -82
11808 7338   82  -99
11818 7133   82 -115
11828 7110   82 -131
11838 7194   82 -142
11848 7299   82 -147
11858 7253   32 -146
11868 7209   10 -146
11878 6828   10 -138
11888 6920   10 -123
11898 6996   10 -109
11908 7060   10  -97
11918 7094   10  -81
11928 7643   10  -67
11938 7758   10  -53
11948 7762   10  -38
99999 0 0 0 
11958 7765    0  -23
11968 7805    0   -9
11978 7807    0    4
11988 7808    0   15
11998 7812    0   23
12008 7812    0   29
12018 7813    0   33
12028 7850    0   35
12038 7849    0   36
12048 7850    0   36
12059 7850   71   36
12069 7852   71   36
12079 7853   71   36
12089 7773   71   36
12099 7706   71   36
12109 7647   71   36
12119 7361   71   36
12129 7339   71   36
12139 7366   71   36
12149 7330   71   40
12159 7338   71   47
12169 7254   71   55
12179 7208   71   63
12189 7224   64   70
12199 7196   71   79
12209 7231   64   87
12219 7227   56   96
12229 7317   47  106
12239 7351   25  116
12249 7391   20  126
12259 7431   20  136
12269 7593   20  146
12279 7607   20  154
12289 7718   20  163
12299 7758   20  171
12309 7761   20  179
12319 7798 -101  187
12329 7799 -101  193
12339 7671 -101  199
12349 7562 -101  204
12359 7571 -101  209
12369 7616 -101  213
12379 7129 -101  215
12389 7330 -101  216
12399 7288 -101  216
12409 7288 -101  216
12419 7289 -101  211
12429 7264 -101  199
12439 7145 -101  185
12449 6881 -101  169
12459 6940 -101  153
12469 6952 -101  135
12479 7192 -101  116
12489 7200 -101   96
12499 7305 -101   75
12509 7407 -101   53
12519 7414 -101   30
12529 7425 -101    6
12539 7438   81  -13
12549 7429   81  -23
12559 7379   81  -37
12569 7399   81  -52
12579 7357   81  -68
12589 7358   81  -82
12599 7228   81  -99
12609 7270   81 -115
12619 7081   81 -131
12629 7315   81 -143
12639 7236   81 -149
12649 7267   40 -148
12659 7048   10 -147
12669 7189   10 -141
12679 7095   10 -127
12689 7061   10 -114
12699 7094   10 -102
12709 7570   10  -89
12719 7757   10  -74
12729 7761   10  -61
12739 7763   10  -47
99999 0 0 0 
12749 7804    0  -34
12759 7804    0  -21
12769 7805    0   -9
12779 7808    0    2
12789 7809    0   11
12799 7811    0   18
12809 7812    0   23
12819 7812    0   27
12829 7849    0   28
12839 7849    0   30
12849 7852   71   30
12859 7852   71   31
12869 7850   71   31
12879 7793   71   31
12889 7724   71   31
12899 7685   71   31
12909 7647   71   31
12919 7357   71   31
12929 7374   71   31
12939 7367   71   35
12949 7338   71   41
12959 7248   71   48
12969 7271   71   55
12979 7287   71   63
12989 7227   71   71
12999 7230   64   79
13009 7228   64   87
13019 7300   64   95
13029 7322   58  105
13039 7335   33  115
13049 7342   20  125
13059 7384   20  135
13069 7468   20  146
13079 7489   20  156
13089 7500   20  164
13099 7717   20  173
13109 7757   20  182
13119 7759   20  190
13129 7761   10  198
13139 7798   10  205
13149 7804   10  211
13159 7808   10  217
13169 7809   10  221
13179 7809   10  225
13189 7811   10  230
13199 7847   10  233
13209 7846   10  235
13219 7847   10  237
13229 7847   10  239
13239 7849   10  239
13249 7847   10  239
13259 7847   10  240
13269 7849   10  239
13279 7849   10  240
13289 7850 -101  240
13299 7850 -101  239
13309 7789 -101  239
13319 7664 -101  239
13329 7661 -101  239
13339 7689 -101  239
13349 7264 -101  238
13359 7292 -101  233
13369 7451 -101  227
13379 7600 -101  221
13389 7519 -101  211
13399 7464 -101  198
13409 7382 -101  182
13420 7403 -101  163
13430 7316 -101  145
13440 7190 -101  125
13450 7236 -101  104
13460 7266 -101   83
13470 7385 -101   61
13480 7388 -101   38
13490 7453 -101   14
13500 7514 -101   -9
13510 7500   81  -21
13520 7465   81  -33
13530 7418   81  -47
13540 7432   81  -61
13550 7474   81  -75
13560 7020   81  -90
13570 7043   81 -105
13580 7163   81 -118
13590 7319   81 -125
13600 7259   48 -126
13611 7265    0 -127
13621 7200    0 -123
13631 7289   10 -111
13641 7123   10 -102
13651 7707   10  -89
13661 7717   10  -77
13671 7759   10  -65
13681 7799   10  -53
13691 7802   10  -41
13701 7805   10  -31
13711 7807   10  -22
99999 0 0 0 
13721 7808    0  -14
13731 7811    0   -8
13741 7808    0   -2
13751 7812    0    3
13761 7813    0    7
13771 7849    0   10
13781 7850    0   12
13791 7850    0   15
13801 7850    0   18
13811 7852    0   19
13821 7852   71   19
13831 7852   71   19
13841 7853   71   19
13851 7761   71   19
13861 7685   71   19
13871 7660   71   19
13881 7629   71   19
13891 7358   71   21
13901 7347   71   25
13911 7414   71   29
13921 7354   71   35
13931 7375   71   41
13941 7323   71   48
13951 7190   71   55
13961 7186   71   61
13971 7107   71   69
13981 7249   71   76
13991 7255   71   84
14001 7298   71   93
14011 7271   56  102
14021 7276   35  112
14031 7354   21  122
14041 7365   20  132
14051 7400   20  143
14061 7457   20  152
14071 7714   20  160
14081 7718   20  169
14091 7758   20  178
14101 7759   19  185
14111 7761 -101  193
14121 7763 -101  199
14131 7799 -101  205
14141 7634 -101  210
14151 7563 -101  214
14161 7583 -101  218
14171 7625 -101  220
14181 7170 -101  221
14191 7330 -101  222
14201 7281 -101  222
14211 7329 -101  222
14221 7331 -101  213
14231 7314 -101  201
14241 7206 -101  185
14251 6943 -101  168
14261 6996 -101  151
14271 6966 -101  133
14281 7201 -101  114
14291 7209 -101   93
14301 7346 -101   71
14311 7417 -101   49
14321 7422 -101   25
14331 7432 -101    1
14341 7441   81  -14
14351 7427   81  -25
14361 7406   81  -38
14371 7384   81  -54
14381 7371   81  -69
14391 7374   81  -83
14401 7242   81 -101
14411 7274   81 -116
14421 7067   81 -131
14431 7271   81 -141
14441 7206   74 -145
14451 7279   23 -145
14461 7108   10 -144
14471 7144   10 -134
14481 7033   10 -121
14491 7030   10 -106
14501 7077   10  -94
14511 7241   10  -79
14521 7716   10  -65
14531 7722   10  -50
14541 7761   10  -37
99999 0 0 0 
14551 7763    0  -22
14561 7765    0   -9
14571 7768    0    4
14581 7807    0   15
14591 7808    0   23
14601 7809    0   28
14611 7811    0   32
14621 7811    0   35
14631 7812    0   35
14641 7812    0   35
14653 7849   71   35
14663 7850   71   35
14673 7849   71   35
14683 7762   71   35
14693 7696   71   35
14703 7636   71   35
14713 7361   71   35
14723 7344   71   35
14733 7306   71   35
14743 7340   71   41
14753 7350   71   48
14763 7231   71   55
14773 7256   71   62
14783 7274   71   70
14793 7244   71   78
14803 7204   64   86
14813 7201   64   94
14823 7321   59  103
14833 7301   45  113
14843 7308   20  123
14853 7315   20  132
14863 7447   20  143
14873 7479   20  153
14883 7493   20  163
14893 7714   20  171
14903 7720   20  179
14913 7757   20  188
14923 7759   20  195
14933 7761 -102  203
14943 7797 -102  209
14953 7617 -102  215
14963 7562 -102  219
14973 7585 -102  223
14983 7061 -102  227
14993 7100 -102  229
15003 7324 -102  229
15013 7377 -102  229
15023 7284 -102  229
15033 7306 -102  220
15043 7156 -102  207
15053 7189 -102  191
15063 6923 -102  175
15073 6938 -102  159
15083 6972 -102  140
15093 7205 -102  121
15103 7320 -102  101
15113 7318 -102   79
15123 7422 -102   57
15133 7427 -102   33
15143 7436 -102    9
15153 7447   81  -11
15163 7479   81  -22
15173 7440   81  -35
15183 7407   81  -49
15193 7435   81  -65
15203 7470   81  -78
15213 7295   81  -94
15223 7078   81 -109
15233 7044   81 -124
15243 7281   81 -134
15253 7293   74 -137
15263 7263   14 -137
15273 7167   10 -137
15283 6994   10 -129
15293 7108   10 -117
15303 7047   10 -105
15313 7225   10  -93
15323 7246   10  -81
15333 7717   10  -69
15343 7721   10  -55
15353 7727   10  -43
99999 0 0 0 
15363 7765    0  -30
15373 7765    0  -18
15383 7768    0   -6
15393 7805    0    4
15403 7808    0   13
15413 7807    0   20
15423 7809    0   24
15433 7807    0   27
15443 7811    0   29
15453 7811    0   30
15463 7812    0   30
15473 7812   71   30
15483 7849   71   30
15493 7778   71   30
15503 7737   71   30
15513 7706   71   30
15523 7396   71   30
15533 7357   71   30
15543 7409   71   30
15553 7399   71   31
15563 7402   71   38
15573 7340   71   45
15583 7285   71   53
15593 7305   71   61
15603 7215   64   68
15613 7228   71   76
15623 7242   71   84
15633 7342   64   93
15643 7296   56  102
15653 7323   35  111
15663 7409   30  120
15673 7378   25  130
15683 7399   20  139
15693 7556   20  148
15703 7672   20  157
15713 7680   20  164
15723 7755   20  171
15733 7722   27  179
15743 7724   20  186
15753 7797   20  193
15763 7798   20  199
15773 7798 -102  203
15783 7798 -102  208
15793 7745 -102  212
15803 7616 -102  215
15813 7607 -102  216
15823 7634 -102  218
15833 7667 -102  219
15843 7271 -102  220
15853 7423 -102  220
15863 7376 -102  220
15873 7467 -102  219
15883 7407 -102  209
15893 7396 -102  195
15903 7146 -102  179
15913 7018 -102  161
15923 7060 -102  144
15933 7093 -102  126
15943 7225 -102  107
15953 7236 -102   86
15963 7416 -102   64
15973 7455 -102   42
15983 7455 -102   19
15993 7490 -102   -5
16003 7488   81  -17
16013 7463   81  -29
16023 7410   81  -42
16033 7402   81  -57
16043 7419   81  -70
16053 7312   81  -86
16063 7025   81 -102
16073 7041   81 -117
16083 7312   81 -130
16093 7356   81 -137
16103 7329   49 -139
16113 7305    6 -139
16123 7218   10 -138
16133 7281   10 -128
16143 7132   10 -117
16153 7642   10 -109
16163 7648   10  -98
16173 7724   10  -87
16183 7765   10  -77
16193 7765   10  -67
16203 7768   10  -58
16213 7805   10  -50
99999 0 0 0 
16223 7807    0  -43
16233 7807    0  -37
16243 7808    0  -30
16253 7811    0  -24
16263 7811    0  -18
16273 7812    0  -13
16283 7811    0   -7
16293 7812    0   -2
16303 7850    0    2
16313 7846   71    5
16323 7849   71    7
16333 7822   71   10
16343 7778   71   13
16353 7769   71   15
16363 7754   71   15
16373 7713   71   17
16383 7461   71   18
16393 7515   71   21
16403 7508   71   24
16413 7548   71   29
16423 7559   71   36
16433 7574   71   43
16443 7452   71   51
16453 7323   71   58
16463 7334   71   65
16473 7264   71   72
16483 7229   71   79
16493 7229   71   87
16503 7337   71   95
16513 7373   58  104
16523 7370   44  113
16533 7307   30  122
16543 7389   25  131
16553 7421   20  141
16563 7411   20  151
16573 7499   20  160
16583 7504   20  168
16593 7724   20  175
16603 7759   20  183
16613 7759   20  191
16623 7762   20  198
16633 7762   20  203
16643 7763 -101  209
16653 7763 -101  215
16663 7664 -101  218
16673 7633 -101  220
16683 7648 -101  223
16693 7105 -101  224
16703 7125 -101  225
16713 7321 -101  225
16723 7463 -101  225
16733 7425 -101  225
16743 7496 -101  221
16753 7418 -101  210
16763 7427 -101  195
16773 7160 -101  181
16783 7041 -101  164
16793 7059 -101  147
16803 7179 -101  129
16813 7298 -101  111
16823 7308 -101   91
16833 7457 -101   71
16843 7497 -101   49
16853 7497 -101   27
16863 7497 -101    5
16873 7495   81  -13
16883 7484   81  -23
16893 7473   81  -34
16903 7476   81  -47
16913 7491   81  -59
16923 7399   81  -73
16933 7124   81  -83
16943 7128   81  -95
16953 7430   81 -107
16963 7508   81 -113
16973 7522   40 -115
16983 7539    6 -115
16993 7331   10 -115
17003 7351   10 -113
17013 7119   10 -102
17023 7198   10  -93
17033 7202   10  -85
17043 7735   10  -76
17053 7736   10  -67
17063 7739   10  -59
17073 7775   10  -50
17083 7775   10  -42
99999 0 0 0 
17093 7776    0  -34
17103 7811    0  -26
17113 7813    0  -18
17123 7813    0  -10
17133 7816    0   -2
17143 7815    0    5
17153 7815    0   11
17163 7815    0   17
17173 7816    0   21
17183 7811   71   24
17193 7815   71   26
17203 7780   71   27
17213 7756   71   30
17223 7756   71   30
17233 7440   71   30
17243 7443   71   30
17253 7593   71   30
17263 7634   71   30
17273 7631   71   30
17283 7666   71   30
17293 7630   71   33
17303 7637   71   39
17313 7430   71   46
17323 7292   71   52
17333 7296   71   58
17343 7300   71   63
17353 7265   71   69
17363 7266   71   74
17373 7410   71   79
17383 7410   71   85
17393 7408   71   91
17403 7371   71   98
17413 7371   61  104
17423 7371   61  111
17433 7336   61  118
17443 7413   61  125
17453 7414   58  132
17463 7416   55  139
17473 7452   51  147
17483 7454   37  155
17493 7527   25  163
17503 7533   21  170
17513 7543   24  178
17523 7619   21  185
17533 7588   20  191
17543 7586   20  198
17553 7732   20  203
17563 7769   20  208
17573 7768 -102  213
17583 7804 -102  217
17593 7743 -102  220
17603 7699 -102  221
17613 7734 -102  222
17623 7703 -102  223
17633 7709 -102  224
17643 7290 -102  224
17653 7437 -102  224
17663 7440 -102  224
17673 7620 -102  224
17683 7658 -102  220
17693 7658 -102  210
17703 7410 -102  199
17713 7231 -102  186
17723 7228 -102  171
17733 7086 -102  156
17743 7156 -102  139
17753 7156 -102  123
17763 7370 -102  105
17773 7443 -102   85
17783 7445 -102   65
17793 7447 -102   44
17803 7447 -102   23
17813 7449 -102    1
17823 7488   81  -13
17833 7523   81  -21
17843 7515   81  -31
17853 7533   81  -43
17863 7506   81  -55
17873 7512   81  -67
17883 7163   81  -78
17893 7378   81  -90
17903 7381   81 -102
17913 7561   81 -111
17923 7629   66 -117
17933 7632   40 -118
17943 7385    0 -118
17953 7144   10 -118
17963 7161   10 -111
17973 7274   10 -101
17983 7383   10  -93
17993 7386   10  -82
18003 7742   10  -72
18013 7740   10  -61
18023 7742   10  -51
18033 7779   10  -41
18043 7779   10  -30
99999 0 0 0 
18053 7780    0  -21
18063 7815    0  -11
18073 7816    0   -1
18083 7817    0    6
18093 7817    0   12
18103 7817    0   16
18113 7817    0   19
18123 7819    0   21
18133 7819    0   21
18143 7817   71   21
18153 7819   71   21
18163 7819   71   21
18173 7783   71   21
18183 7800   71   21
18193 7794   71   21
18203 7787   71   21
18213 7528   71   21
18223 7593   71   21
18233 7597   71   21
18243 7571   71   21
18253 7472   71   27
18263 7476   71   33
18273 7411   71   39
18283 7343   71   44
18293 7343   71   49
18303 7275   71   53
18313 7348   71   58
18323 7348   71   62
18333 7420   71   67
18343 7422   71   71
18353 7421   71   76
18363 7312   71   81
18373 7348   71   86
18383 7345   71   91
18393 7345   71   97
18403 7344   61  103
18413 7347   61  109
18423 7386   61  115
18433 7391   61  122
18443 7391   61  128
18453 7392   61  135
18463 7500   61  141
18473 7496   60  148
18483 7463   57  155
18493 7500   44  162
18503 7500   39  169
18513 7503   35  176
18523 7543   32  184
18533 7545   20  191
18543 7547   20  198
18553 7627   20  203
18563 7629   20  210
18573 7736 -102  215
18583 7738 -102  219
18593 7738 -102  223
18603 7743 -102  227
18613 7720 -102  227
18623 7721 -102  230
18633 7724 -102  231
18643 7162 -102  232
18653 7164 -102  232
18663 7488 -102  232
18673 7561 -102  232
18683 7561 -102  232
18693 7635 -102  226
18703 7529 -102  215
18713 7529 -102  203
18723 7139 -102  191
18733 7071 -102  177
18743 7071 -102  162
18753 7212 -102  147
18763 7318 -102  129
18773 7320 -102  111
18783 7462 -102   91
18793 7462 -102   73
18803 7463 -102   52
18813 7428 -102   31
18823 7425 -102    9
18833 7428 -102   -9
18843 7500   81  -18
18853 7519   81  -29
18863 7512   81  -40
18873 7557   81  -51
18883 7457   81  -61
18893 7459   81  -73
18903 7357   81  -83
18913 7502   81  -94
18923 7503   81 -103
18933 7611   66 -108
18943 7611   32 -109
18953 7613    0 -109
18963 7192   10 -109
18973 7128   10 -107
18983 7134   10 -100
18993 7352   10  -93
19003 7637   10  -86
19013 7639   10  -79
19023 7745   10  -71
19033 7781   10  -63
19043 7781   10  -55
99999 0 0 0 
19053 7781    0  -48
19063 7781    0  -41
19073 7780    0  -33
19083 7781    0  -25
19093 7819    0  -17
19103 7817    0   -9
19113 7820    0   -1
19123 7820    0    7
19133 7820    0   13
19143 7817    0   18
19153 7822    0   22
19163 7820   71   24
19173 7822   71   25
19183 7779   71   25
19193 7767   71   25
19203 7765   71   25
19213 7694   71   25
19223 7699   71   25
19233 7595   71   25
19243 7631   71   25
19253 7628   71   25
19263 7699   71   25
19273 7665   71   25
19283 7662   71   27
19293 7414   71   34
19303 7309   71   41
19313 7313   71   48
19323 7276   71   54
19333 7318   71   60
19343 7318   71   66
19353 7354   71   71
19363 7430   71   77
19373 7430   71   83
19383 7431   71   88
19393 7358   71   94
19403 7359   71  100
19413 7394   61  105
19423 7361   61  111
19433 7358   61  118
19443 7394   61  124
19453 7399   61  131
19463 7399   61  139
19473 7364   46  146
19483 7469   41  153
19493 7475   46  161
19503 7475   33  168
19513 7584   29  175
19523 7586   34  183
19533 7625   22  190
19543 7663   20  196
19553 7664   33  202
19563 7736   20  207
19573 7777   20  211
19583 7775   20  215
19593 7740   20  219
19603 7811 -102  222
19613 7812 -102  224
19623 7779 -102  226
19633 7733 -102  227
19643 7724 -102  227
19653 7727 -102  227
19663 7234 -102  227
19673 7238 -102  227
19683 7418 -102  227
19693 7634 -102  227
19703 7636 -102  227
19713 7673 -102  220
19723 7568 -102  210
19733 7568 -102  199
19743 7425 -102  186
19753 7110 -102  172
19763 7109 -102  157
19773 7109 -102  141
19783 7324 -102  124
19793 7324 -102  107
19803 7395 -102   88
19813 7466 -102   69
19823 7468 -102   48
19833 7468 -102   27
19843 7469 -102    6
19853 7469 -102  -10
19863 7471   81  -19
19873 7578   81  -30
19883 7552   81  -41
19893 7556   81  -53
19903 7351   81  -65
19913 7357   81  -76
19923 7182   81  -88
19933 7504   81 -100
19943 7507   81 -111
19953 7578   81 -117
19963 7613   40 -121
19973 7618   23 -121
19983 7405   10 -121
19993 7131   10 -120
20003 7138   10 -111
20013 7141   10 -104
20023 7709   10  -95
20033 7711   10  -86
20043 7746   10  -77
20053 7783   10  -69
20063 7783   10  -61
99999 0 0 0 
20073 7783    0  -53
20083 7783    0  -45
20093 7784    0  -37
20103 7786    0  -29
20113 7820    0  -21
20123 7820    0  -13
20133 7820    0   -5
20143 7823    0    3
20153 7822    0   10
20163 7822    0   15
20173 7823    0   19
20183 7823   71   21
20193 7822   71   23
20203 7807   71   23
20213 7781   71   23
20223 7776   71   23
20233 7634   71   23
20243 7634   71   23
20253 7563   71   23
20263 7665   71   23
20273 7661   71   23
20283 7697   71   23
20293 7558   71   25
20303 7563   71   31
20313 7461   71   37
20323 7321   71   43
20333 7321   71   49
20343 7289   71   54
20353 7359   71   59
20363 7359   71   63
20373 7432   71   68
20383 7434   71   73
20393 7434   71   78
20403 7400   71   83
20413 7328   71   88
20423 7328   71   93
20433 7364   71   97
20443 7365   61  103
20453 7364   61  108
20463 7400   61  113
20473 7400   61  119
20483 7403   61  126
20493 7367   61  132
20503 7402   61  139
20513 7402   61  146
20523 7435   51  153
20533 7473   48  160
20543 7475   43  167
20553 7513   40  175
20563 7582   29  182
20573 7584   25  188
20583 7589   40  195
20593 7627   37  201
20603 7626   33  207
20613 7659   20  211
20623 7738   20  216
20633 7742   20  220
20643 7705   20  224
20653 7777 -102  227
20663 7776 -102  230
20673 7751 -102  232
20683 7735 -102  233
20693 7734 -102  233
20703 7737 -102  233
20713 7316 -102  233
20723 7317 -102  233
20733 7427 -102  233
20743 7642 -102  233
20753 7642 -102  233
20763 7679 -102  223
20773 7502 -102  213
20783 7502 -102  201
20793 7290 -102  187
20803 7113 -102  173
20813 7113 -102  158
20823 7150 -102  142
20833 7362 -102  125
20843 7359 -102  107
20853 7435 -102   87
20863 7472 -102   67
20873 7472 -102   47
20883 7475 -102   27
20893 7473 -102    5
20903 7476 -102  -10
20913 7476   81  -19
20923 7533   81  -29
20933 7525   81  -40
20943 7531   81  -49
20953 7323   81  -59
20963 7328   81  -70
20973 7294   81  -81
20983 7545   81  -90
20993 7548   65  -98
21003 7622   57 -102
21013 7554   23 -102
21023 7557   10 -102
21033 7344   10 -102
21043 7244   10 -101
21053 7247   10  -95
21063 7356   10  -90
21073 7678   10  -84
21083 7678   10  -77
21093 7748   10  -71
21103 7784   10  -65
99999 0 0 0 
21113 7784    0  -59
21123 7784    0  -54
21133 7784    0  -49
21143 7786    0  -42
21153 7786    0  -37
21163 7823    0  -31
21173 7822    0  -25
21183 7823    0  -19
21193 7823    0  -13
21203 7820    0   -7
21213 7823   71   -1
21223 7823   71    3
21233 7823   71    8
21243 7822   71   12
21253 7790   71   15
21263 7780   71   18
21273 7779   71   19
21283 7461   71   19
21293 7462   71   19
21303 7536   71   21
21313 7677   71   21
21323 7679   71   21
21333 7679   71   21
21343 7713   71   23
21353 7711   71   27
21363 7640   71   33
21373 7285   71   39
21383 7285   71   46
21393 7320   71   52
21403 7285   71   58
21413 7289   71   63
21423 7359   71   68
21433 7396   71   73
21443 7399   71   79
21453 7400   71   84
21463 7438   71   89
21473 7438   71   95
21483 7330   71  100
21493 7367   61  106
21503 7367   61  111
21513 7402   61  117
21523 7403   61  124
21533 7406   61  131
21543 7406   60  137
21553 7442   61  144
21563 7441   61  151
21573 7476   51  157
21583 7476   56  165
21593 7476   45  172
21603 7513   31  179
21613 7518   36  187
21623 7521   25  194
21633 7521   22  201
21643 7666   27  207
21653 7670   33  213
21663 7670   20  218
21673 7703   20  222
21683 7707   20  226
21693 7743   20  230
21703 7743 -102  233
21713 7736 -102  236
21723 7743 -102  238
21733 7740 -102  238
21743 7738 -102  238
21753 7211 -102  239
21763 7321 -102  239
21773 7321 -102  239
21783 7572 -102  239
21793 7643 -102  239
21803 7646 -102  235
21813 7612 -102  225
21823 7469 -102  214
21833 7472 -102  201
21843 7116 -102  187
21853 7079 -102  173
21863 7082 -102  158
21873 7259 -102  142
21883 7365 -102  125
21893 7368 -102  107
21903 7476 -102   89
21913 7477 -102   69
21923 7477 -102   49
21933 7444 -102   29
21943 7442 -102    7
21953 7442 -102  -10
21963 7514   81  -19
21973 7529   81  -29
21983 7533   81  -39
21993 7537   81  -46
22003 7188   81  -57
22013 7190   81  -67
22023 7441   81  -77
22033 7514   81  -85
22043 7517   57  -91
22053 7623   40  -93
22063 7592    6  -93
22073 7595   10  -93
22083 7178   10  -93
22093 7427   10  -85
22103 7428   10  -81
22113 7748   10  -73
22123 7786   10  -65
22133 7784   10  -58
22143 7784   10  -53
22153 7786   10  -46
99999 0 0 0 
22163 7786    0  -41
22173 7786    0  -34
22183 7786    0  -29
22193 7786    0  -23
22203 7823    0  -17
22213 7823    0  -11
22223 7825    0   -5
22233 7825    0    0
22243 7823    0    5
22253 7825    0    9
22263 7827   71   12
22273 7823   71   14
22283 7825   71   15
22293 7802   71   15
22303 7785   71   15
22313 7783   71   15
22323 7784   71   15
22333 7499   71   15
22343 7499   71   15
22353 7638   71   15
22363 7675   71   15
22373 7675   71   15
22383 7676   71   17
22393 7607   71   23
22403 7609   71   29
22413 7291   71   35
22423 7327   71   41
22433 7328   71   46
22443 7259   71   51
22453 7294   71   55
22463 7296   71   59
22473 7439   71   63
22483 7439   71   67
22493 7439   71   72
22503 7405   71   76
22513 7299   71   81
22523 7297   71   85
22533 7332   71   89
22543 7335   71   94
22553 7332   71   99
22563 7332   61  103
22573 7368   61  109
22583 7367   61  114
22593 7367   61  119
22603 7371   61  126
22613 7371   61  132
22623 7371   61  138
22633 7406   61  145
22643 7406   61  151
22653 7475   60  158
22663 7476   57  165
22673 7476   44  171
22683 7512   51  179
22693 7514   39  186
22703 7517   27  193
22713 7485   32  199
22723 7594   38  206
22733 7594   36  211
22743 7666   41  217
22753 7666   20  222
22763 7668   20  227
22773 7705   20  231
22783 7674   20  235
22793 7672 -102  239
22803 7780 -102  242
22813 7766 -102  244
22823 7747 -102  245
22833 7743 -102  245
22843 7744 -102  246
22853 7747 -102  246
22863 7358 -102  246
22873 7468 -102  246
22883 7468 -102  246
22893 7648 -102  246
22903 7649 -102  241
22913 7649 -102  231
22923 7436 -102  219
22933 7223 -102  207
22943 7225 -102  194
22953 7085 -102  179
22963 7155 -102  163
22973 7154 -102  147
22983 7367 -102  130
22993 7436 -102  111
23003 7439 -102   92
23013 7473 -102   72
23023 7475 -102   51
23033 7477 -102   31
23043 7479 -102   11
23053 7482 -102   -9
23063 7482   81  -18
23073 7555   81  -28
23083 7537   81  -39
23093 7531   81  -50
23103 7465   81  -59
23113 7362   81  -71
23123 7368   81  -83
23133 7405   81  -95
23143 7514   81 -106
23153 7516   81 -114
23163 7625   57 -119
23173 7627   32 -120
23183 7630    0 -120
23193 7205   10 -120
23203 7138   10 -117
23213 7142   10 -110
23223 7428   10 -104
23233 7609   10  -97
23243 7607   10  -90
23253 7750   10  -83
23263 7750   10  -76
23273 7750   10  -69
99999 0 0 0 
23283 7786    0  -62
23293 7786    0  -55
23303 7787    0  -49
23313 7786    0  -42
23323 7789    0  -35
23333 7787    0  -29
23343 7825    0  -22
23353 7825    0  -15
23363 7825    0   -8
23373 7826    0   -1
23383 7825    0    4
23393 7825   71    9
23403 7825   71   13
23413 7797   71   15
23423 7787   71   18
23433 7785   71   19
23443 7500   71   19
23453 7502   71   19
23463 7611   71   19
23473 7648   71   19
23483 7648   71   19
23493 7683   71   19
23503 7717   71   20
23513 7713   71   25
23523 7500   71   31
23533 7358   71   38
23543 7361   71   44
23553 7327   71   50
23563 7291   71   56
23573 7294   71   61
23583 7365   71   66
23593 7403   71   71
23603 7405   71   76
23613 7439   71   81
23623 7369   71   87
23633 7369   71   91
23643 7334   71   97
23653 7371   61  102
23663 7371   61  107
23673 7372   61  113
23683 7409   61  119
23693 7408   61  124
23703 7408   61  131
23713 7445   61  137
23723 7444   61  143
23733 7479   61  150
23744 7477   61  158
23754 7477   47  165
23764 7514   43  172
23774 7517   42  179
23784 7518   39  186
23794 7485   37  193
23804 7592   34  199
23814 7592   41  206
23824 7629   38  211
23834 7667   44  216
23844 7666   58  221
23854 7697   20  226
23864 7705   20  230
23874 7707   20  234
23884 7671   20  238
23894 7745   20  241
23904 7743 -102  243
23914 7743 -102  245
23924 7780 -102  247
23934 7751 -102  247
23944 7741 -102  247
23954 7744 -102  247
23964 7744 -102  247
23974 7250 -102  247
23984 7395 -102  247
23994 7396 -102  247
24004 7611 -102  247
24014 7649 -102  242
24024 7649 -102  232
24034 7578 -102  221
24044 7400 -102  209
24054 7402 -102  195
24064 7120 -102  181
24074 7119 -102  165
24084 7119 -102  149
24094 7332 -102  131
24104 7403 -102  113
24114 7405 -102   94
24124 7476 -102   75
24134 7479 -102   55
24144 7482 -102   34
24154 7483 -102   13
24164 7485 -102   -7
24174 7485   81  -17
24184 7520   81  -25
24194 7557   81  -36
24204 7533   81  -47
24214 7500   81  -58
24224 7402   81  -70
24234 7402   81  -83
24244 7263   81  -93
24254 7446   74 -105
24264 7448   81 -114
24274 7625   65 -121
24284 7627   49 -124
24294 7630   14 -124
24304 7311   10 -124
24314 7247   10 -123
24324 7250   10 -117
24334 7466   10 -113
24344 7678   10 -105
24354 7680   10  -98
24364 7750   10  -93
24374 7750   10  -86
24384 7750   10  -81
99999 0 0 0 
24394 7787    0  -75
24404 7787    0  -69
24414 7789    0  -65
24424 7787    0  -59
24434 7789    0  -54
24444 7790    0  -49
24454 7825    0  -43
24464 7825    0  -35
24474 7826    0  -27
24484 7825    0  -20
24494 7826   71  -12
24504 7825   71   -6
24514 7826   71    0
24524 7809   71    4
24534 7793   71    8
24544 7787   71   12
24554 7785   71   14
24564 7787   71   15
24574 7575   71   16
24584 7648   71   20
24594 7649   71   20
24604 7684   71   20
24614 7720   71   21
24624 7713   71   25
24634 7639   71   31
24644 7498   71   37
24654 7499   71   43
24664 7290   71   50
24674 7291   71   55
24684 7293   71   61
24694 7296   71   66
24704 7365   71   71
24714 7367   71   76
24724 7438   71   81
24734 7439   71   87
24744 7439   71   91
24754 7334   71   97
24764 7368   61  102
24774 7371   61  107
24784 7372   61  113
24794 7409   61  119
24804 7410   61  125
24814 7409   61  131
24824 7373   61  137
24834 7373   61  143
24844 7477   61  151
24854 7442   55  157
24864 7445   51  164
24874 7479   56  171
24884 7514   45  179
24894 7514   33  186
24904 7553   30  193
24914 7554   36  199
24924 7558   42  206
24934 7559   39  213
24944 7629   28  218
24954 7629   43  223
24964 7703   20  229
24974 7700   20  234
24984 7693   20  238
24994 7698   20  242
25004 7740   20  246
25014 7743   20  251
25024 7568 -102  254
25034 7780 -102  258
25044 7773 -102  260
25054 7747 -102  262
25064 7744 -102  263
25074 7747 -102  265
25084 7215 -102  266
25094 7323 -102  266
25104 7327 -102  266
25114 7577 -102  266
25124 7650 -102  266
25134 7652 -102  263
25144 7544 -102  254
25154 7367 -102  243
25164 7367 -102  231
25174 7085 -102  218
25184 7085 -102  204
25194 7085 -102  189
25204 7263 -102  173
25214 7371 -102  155
25224 7371 -102  138
25234 7444 -102  119
25244 7446 -102  100
25254 7446 -102   80
25264 7445 -102   59
25274 7446 -102   39
25284 7446 -102   18
25294 7485 -102   -4
25304 7520   81  -15
25314 7509   81  -25
25324 7533   81  -37
25334 7539   81  -46
25344 7543   81  -58
25354 7122   81  -69
25364 7337   81  -78
25374 7340   81  -89
25385 7557   81  -98
25395 7629   58 -103
25405 7627   32 -105
25415 7523    6 -105
25425 7315   10 -105
25435 7321   10 -105
25445 7360   10 -100
25455 7432   10  -94
25465 7431   10  -89
25475 7752   10  -83
25485 7752   10  -77
25495 7750   10  -73
25505 7787   10  -67
99999 0 0 0 
25515 7786    0  -63
25525 7787    0  -58
25535 7787    0  -54
25545 7787    0  -49
25555 7789    0  -45
25565 7789    0  -41
25575 7789    0  -37
25585 7790    0  -33
25595 7826    0  -28
25605 7825    0  -23
25615 7826   71  -18
25625 7825   71  -15
25635 7827   71  -10
25645 7797   71   -6
25655 7785   71   -2
25665 7785   71    1
25675 7785   71    4
25685 7468   71    7
25695 7611   71    9
25705 7612   71   14
25715 7649   71   15
25725 7686   71   17
25735 7687   71   21
25745 7722   71   26
25755 7649   71   31
25765 7649   71   37
25775 7364   71   43
25785 7330   71   49
25795 7328   71   54
25805 7330   71   59
25815 7328   71   64
25825 7330   71   69
25835 7400   71   75
25845 7438   71   80
25855 7441   71   86
25865 7403   71   91
25875 7371   71   96
25885 7371   61  102
25895 7372   61  107
25905 7372   61  113
25915 7372   61  119
25925 7409   61  125
25935 7373   61  131
25945 7376   61  137
25955 7446   61  143
25965 7446   61  149
25975 7448   61  156
25985 7483   61  163
25995 7516   50  169
26005 7516   56  176
26015 7482   53  183
26025 7517   41  190
26035 7518   38  197
26045 7521   36  203
26055 7524   42  210
26065 7526   39  217
26075 7664   28  222
26085 7629   43  227
26095 7627   20  233
26105 7663   20  238
26115 7670   20  243
26125 7672   20  247
26135 7674   20  251
26145 7708   20  255
26155 7709 -102  258
26165 7780 -102  260
26175 7780 -102  262
26185 7751 -102  263
26195 7745 -102  263
26205 7745 -102  263
26215 7748 -102  264
26225 7218 -102  264
26235 7398 -102  263
26245 7398 -102  263
26255 7578 -102  263
26265 7650 -102  261
26275 7650 -102  251
26285 7545 -102  240
26295 7368 -102  229
26305 7364 -102  215
26315 7086 -102  201
26325 7122 -102  187
26335 7122 -102  170
26345 7334 -102  152
26355 7406 -102  135
26365 7406 -102  115
26375 7444 -102   96
26385 7482 -102   77
26395 7482 -102   55
26405 7485 -102   35
26415 7486 -102   15
26425 7487 -102   -7
26435 7526   81  -16
26445 7559   81  -26
26455 7558   81  -37
26465 7550   81  -49
26475 7496   81  -61
26485 7502   81  -74
26495 7291   81  -87
26505 7332   81 -100
26515 7337   81 -112
26525 7446   81 -125
26535 7555   81 -134
26545 7557   65 -139
26556 7589   32 -141
26566 7452    5 -141
26576 7460   10 -141
26586 7146   10 -137
26596 7325   10 -132
26606 7325   10 -125
26616 7716   10 -118
26626 7750   10 -113
26636 7752   10 -106
26646 7752   10 -102
26656 7752   10  -98
26666 7752   10  -94
99999 0 0 0 
26676 7789    0  -90
26686 7787    0  -87
26696 7787    0  -85
26706 7790    0  -81
26716 7790    0  -79
26726 7791    0  -77
26736 7790    0  -74
26746 7826    0  -73
26756 7827    0  -70
26766 7826    0  -69
