SSS v= 8073  t=  240
SSS -213  3539  1356    19
%P VOLT1   = 7978
%P VOLT2   = 8073
%P S2_SC   =  0.99
%P L_ANG_MAX = 240
S 8073  -213  3539  1356
B   0 806  118   19
B  10 807  118   19
B  20 807  118   19
B  31 796  118   19
B  41 695  118   19
B  51 672  118   19
B  61 660  118   19
B  71 637  118   20
B  81 612  118   22
B  92 597  118   29
B 102 601  118   38
B 112 617  118   46
B 123 633  118   55
B 133 641  112   63
B 143 641   94   72
B 154 636   67   83
B 164 634   43   95
B 175 644   29  107
B 185 695   29  119
B 195 724   29  131
B 205 751   29  143
B 215 765   29  155
B 225 772   29  164
B 235 776   29  174
pull out 181
B 245 779 -118  185
B 255 781 -118  194
B 265 775 -118  203
B 275 656 -118  210
B 285 638 -118  217
B 295 655 -118  223
B 305 682 -118  229
B 315 706 -118  233
B 325 712 -118  235
B 335 678 -118  236
B 345 629 -118  236
B 355 598 -118  234
B 365 587 -118  222
B 375 598 -118  209
B 385 624 -118  194
B 395 655 -118  179
B 405 681 -118  162
B 415 698 -118  144
B 425 705 -118  126
B 435 705 -118  106
B 445 704 -118   84
B 455 707 -118   62
B 465 713 -118   39
B 475 721 -118   15
B 485 728 -118   -9
push -12 -10
push out at target
B 495 732   79  -21
B 505 662   79  -33
B 515 642   79  -45
B 525 663   79  -54
B 535 690   79  -67
B 545 712   79  -79
B 555 724   79  -91
B 565 696   79 -100
B 575 651   63 -103
B 585 619   14 -103
B 595 680    9 -103
B 605 734    9  -98
B 615 763    9  -87
B 625 777    9  -77
B 635 785    9  -66
B 645 789    9  -54
B 655 791    9  -42
B 665 793    9  -31
B 675 794    9  -19
B 685 795    9   -7
pb end 
B 695 796   10    3
SSS v= 7958  t=  251
SSS -202  3539  1356    12
%P VOLT1   = 7978
%P VOLT2   = 7958
%P S2_SC   =  1.01
%P L_ANG_MAX = 251
S 7958  -202  3539  1356
B 706 796  120   13
B 716 797  120   21
B 726 797  120   25
B 737 758  120   28
B 747 717  120   30
B 757 718  120   31
B 767 729  120   31
B 777 741  120   33
B 787 733  120   33
B 797 693  120   33
B 808 652  120   39
B 818 617  120   47
B 829 594  120   56
B 839 590  107   67
B 850 606   87   77
B 860 628   60   87
B 870 645   39   97
B 880 673   30  106
B 890 706   30  117
B 900 733   30  128
B 910 752   30  139
B 920 763   30  149
B 930 768   30  159
B 940 772   30  168
B 950 774   30  178
B 960 776   30  187
B 970 777   30  195
pull out 198
B 980 779   10  203
B 990 780   10  211
B 1000 779   10  217
B 1010 787   10  224
B 1020 791   10  230
B 1030 793   10  235
B 1040 794   10  239
B 1051 796   10  244
B 1061 796   10  249
B 1071 796   10  252
B 1081 796   10  255
B 1091 797   10  258
B 1101 797   10  259
B 1111 797   10  260
B 1122 798   10  261
B 1132 798   10  261
B 1142 798   10  261
B 1152 798   10  261
B 1162 798   10  261
B 1172 798   10  261
B 1183 798   10  261
B 1193 798   10  261
B 1203 799   10  260
B 1214 799   10  257
B 1225 799   10  253
B 1236 799   10  250
B 1246 799   10  247
B 1256 799   10  244
B 1266 798   10  242
B 1276 799   10  241
B 1286 799   10  239
B 1296 799   10  238
B 1306 800   10  237
B 1316 800   10  235
B 1326 800   10  235
B 1336 800   10  234
B 1347 800   10  233
B 1358 800   10  231
B 1369 800    9  231
B 1379 800    9  230
B 1391 800    9  229
B 1401 801    9  228
B 1411 800    9  227
B 1421 801    9  227
B 1432 801    9  226
B 1442 801    9  225
B 1452 801    9  225
B 1462 801    9  223
B 1472 801    9  223
B 1482 801    9  223
B 1493 801    9  222
B 1504 800    9  221
B 1515 801    9  221
B 1525 801    9  220
B 1536 801    9  219
B 1547 801    9  219
B 1557 802    9  219
B 1567 801    9  218
B 1577 801    9  218
B 1587 801    9  217
B 1597 801    9  217
B 1607 801    9  216
B 1617 801    9  216
B 1627 801    9  216
B 1637 801    9  216
B 1647 801    9  216
B 1657 801    9  216
B 1667 801    9  216
B 1677 801    9  216
B 1687 801    9  215
B 1697 801    9  215
B 1707 801    9  215
B 1717 802    9  215
B 1727 801    9  215
B 1737 801    9  215
B 1747 801    9  215
B 1757 801    9  215
B 1767 802    9  215
B 1777 802 -120  215
B 1787 802 -120  215
B 1797 761 -120  215
B 1807 691 -120  215
B 1817 687 -120  215
B 1827 701 -120  213
B 1837 720 -120  211
B 1847 737 -120  206
B 1857 745 -120  202
B 1867 727 -120  195
B 1877 688 -120  187
B 1887 647 -120  174
B 1897 627 -120  159
B 1907 632 -120  142
B 1917 652 -120  126
B 1927 676 -120  109
B 1937 697 -120   90
B 1947 712 -120   71
B 1957 719 -120   51
B 1967 719 -120   29
B 1977 718 -120    7
push -11 -10
push out at target
B 1987 717   80  -13
B 1997 714   80  -23
B 2007 693   80  -35
B 2017 649   80  -49
B 2027 651   80  -61
B 2037 675   80  -74
B 2047 700   80  -89
B 2057 718   80 -102
B 2067 704   80 -114
B 2077 662   80 -122
B 2087 623   56 -123
B 2097 604    0 -123
B 2107 679   10 -122
B 2117 739   10 -111
B 2127 764   10 -101
B 2137 776   10  -89
B 2147 784   10  -77
B 2157 787   10  -65
B 2167 790   10  -53
B 2177 791   10  -42
B 2187 792   10  -31
B 2197 794   10  -20
pb end 
B 2207 794   10  -10
B 2217 794   10   -2
SSS v= 7951  t=  256
SSS -204  3539  1356    -1
%P VOLT1   = 7978
%P VOLT2   = 7951
%P S2_SC   =  1.01
%P L_ANG_MAX = 256
S 7951  -204  3539  1356
B 2228 795  120    5
B 2238 796  120   10
B 2249 757  120   14
B 2260 720  120   18
B 2270 722  120   19
B 2280 733  120   25
B 2290 740  120   25
B 2300 723  120   25
B 2310 682  120   29
B 2320 650  120   35
B 2330 623  120   43
B 2340 602  120   52
B 2350 598  116   62
B 2360 608   96   71
B 2370 627   73   82
B 2380 642   51   91
B 2390 658   30  101
B 2400 697   30  111
B 2410 721   30  123
B 2420 747   30  134
B 2430 759   30  144
B 2440 766   30  154
B 2450 770   30  163
B 2460 773   30  174
B 2470 774   30  183
B 2480 776   30  191
B 2490 777   30  200
pull out 205
B 2500 779   10  207
B 2510 779   10  215
B 2520 784   10  221
B 2530 790   10  227
B 2540 792   10  233
B 2550 794   10  238
B 2560 794   10  242
B 2570 794   10  246
B 2580 794   10  250
B 2590 795   10  253
B 2600 796   10  255
B 2610 796   10  257
B 2620 796   10  259
B 2630 796   10  259
B 2640 797   10  259
B 2650 797   10  259
B 2660 797 -120  259
B 2670 797 -120  259
B 2680 751 -120  259
B 2690 684 -120  259
B 2700 679 -120  259
B 2710 695 -120  259
B 2720 713 -120  255
B 2730 730 -120  249
B 2740 733 -120  243
B 2750 714 -120  235
B 2760 680 -120  223
B 2770 650 -120  210
B 2780 638 -120  194
B 2790 646 -120  176
B 2800 665 -120  157
B 2810 686 -120  138
B 2820 704 -120  118
B 2830 717 -120   97
B 2840 722 -120   75
B 2850 724 -120   53
B 2860 724 -120   29
B 2870 726 -120    5
push -13 -10
push out at target
B 2880 729   80  -15
B 2890 726   80  -27
B 2900 705   80  -40
B 2910 676   80  -55
B 2920 639   80  -71
B 2930 651   80  -85
B 2940 675   80 -102
B 2950 700   80 -119
B 2960 706   80 -135
B 2970 669   80 -147
B 2980 627   80 -153
B 2990 600   39 -153
B 3000 589   10 -153
B 3010 689   10 -147
B 3020 739   10 -136
B 3030 763   10 -126
B 3040 776   10 -114
B 3050 783   10 -102
B 3060 786   10  -90
B 3070 788   10  -78
B 3080 789   10  -67
pb end 
B 3090 790   10  -56
B 3100 791   10  -45
SSS v= 7923  t=  261
SSS -201  3539  1356   -37
%P VOLT1   = 7978
%P VOLT2   = 7923
%P S2_SC   =  1.01
%P L_ANG_MAX = 261
S 7923  -201  3539  1356
B 3111 791  121  -34
B 3121 792  121  -25
B 3131 752  121  -18
B 3141 713  121  -11
B 3151 714  121   -4
B 3161 726  121    2
B 3171 739  121    7
B 3181 750  121   16
B 3191 753  121   21
B 3201 733  121   26
B 3212 688  121   34
B 3223 645  121   45
B 3233 617  121   58
B 3243 613  101   70
B 3253 625   76   81
B 3265 645   49   95
B 3275 683   30  106
B 3285 719   30  118
B 3295 743   30  130
B 3305 758   30  141
B 3315 765   30  153
B 3325 769   30  163
B 3335 772   30  174
B 3345 773   30  183
B 3355 775   30  193
pull out 202
B 3365 776   10  203
B 3375 777   10  211
B 3385 783   10  219
B 3396 789   10  227
B 3407 791   10  235
B 3417 792   10  241
B 3427 792   10  247
B 3437 793   10  251
B 3448 794   10  255
B 3458 794   10  259
B 3468 794   10  263
B 3478 794   10  266
B 3488 795   10  269
B 3498 795   10  270
B 3508 795   10  271
B 3518 795   10  272
B 3528 795   10  272
B 3538 795   10  272
B 3548 796   10  272
B 3558 796   10  272
B 3568 796   10  272
B 3578 796   10  272
B 3588 796   10  272
B 3598 796   10  272
B 3608 796   10  271
B 3618 796   10  271
B 3628 796   10  269
B 3638 796   10  267
B 3648 796   10  266
B 3658 797   10  265
B 3668 797   10  265
B 3678 797   10  264
B 3688 797 -121  263
B 3698 797 -121  263
B 3708 797 -121  263
B 3718 797 -121  263
B 3728 711 -121  262
B 3738 681 -121  261
B 3748 688 -121  259
B 3758 706 -121  258
B 3768 726 -121  255
B 3778 739 -121  251
B 3788 739 -121  247
B 3798 712 -121  239
B 3808 669 -121  229
B 3818 636 -121  215
B 3828 624 -121  200
B 3838 636 -121  183
B 3848 658 -121  166
B 3858 682 -121  147
B 3868 701 -121  128
B 3878 713 -121  108
B 3888 718 -121   87
B 3898 719 -121   65
B 3908 719 -121   42
B 3918 719 -121   19
B 3928 724 -121   -6
push -12 -10
push out at target
B 3938 727   80  -21
B 3948 718   80  -33
B 3958 672   80  -46
B 3968 644   80  -61
B 3978 660   80  -74
B 3988 685   80  -89
B 3998 707   80 -105
B 4008 711   80 -119
B 4018 672   80 -130
B 4028 629   80 -134
B 4038 601   23 -135
B 4048 636    0 -134
B 4058 702   10 -130
B 4068 742   10 -119
B 4078 765   10 -109
B 4088 776   10  -98
B 4098 782   10  -87
B 4108 785   10  -76
B 4118 788   10  -65
B 4128 789   10  -54
B 4138 790   10  -43
pb end 
B 4148 790   10  -33
B 4158 791   10  -22
SSS v= 7919  t=  266
SSS -199  3539  1356   -13
%P VOLT1   = 7978
%P VOLT2   = 7919
%P S2_SC   =  1.01
%P L_ANG_MAX = 266
S 7919  -199  3539  1356
B 4169 791  121  -11
B 4180 792  121   -2
B 4190 779  121    4
B 4200 717  121   10
B 4210 711  121   15
B 4220 721  121   18
B 4230 734  121   21
B 4240 745  121   27
B 4250 743  121   28
B 4260 715  121   31
B 4270 668  121   38
B 4280 631  121   46
B 4290 604  121   57
B 4300 597  108   67
B 4310 608   81   78
B 4320 629   58   88
B 4330 645   37   99
B 4340 700   30  109
B 4350 732   30  120
B 4360 751   30  131
B 4370 760   30  142
B 4380 765   30  151
B 4390 769   30  161
B 4400 771   30  171
B 4410 773   30  179
B 4420 774   30  187
B 4430 775   30  197
B 4440 776   30  205
pull out 206
B 4450 776   10  211
B 4460 779   10  218
B 4470 786   10  224
B 4480 789   10  230
B 4490 791   10  235
B 4500 791   10  239
B 4510 792   10  243
B 4520 792   10  247
B 4530 793   10  250
B 4540 793   10  253
B 4550 793   10  255
B 4560 794   10  256
B 4570 794   10  257
B 4580 794   10  257
B 4590 794   10  257
B 4600 795   10  257
B 4610 794 -121  257
B 4620 794 -121  257
B 4630 695 -121  257
B 4640 673 -121  257
B 4650 684 -121  255
B 4660 703 -121  252
B 4670 721 -121  247
B 4680 735 -121  241
B 4690 732 -121  234
B 4700 705 -121  225
B 4710 670 -121  212
B 4720 644 -121  197
B 4730 639 -121  180
B 4740 652 -121  162
B 4750 672 -121  143
B 4760 693 -121  123
B 4770 709 -121  103
B 4780 719 -121   81
B 4790 723 -121   59
B 4800 724 -121   36
B 4810 724 -121   12
B 4820 725 -121  -11
push -12 -10
push out at target
B 4830 725   80  -23
B 4840 677   80  -35
B 4850 640   80  -49
B 4860 657   80  -59
B 4870 681   80  -74
B 4880 704   80  -88
B 4890 716   80 -101
B 4900 687   80 -111
B 4910 641   73 -117
B 4920 610   39 -117
B 4930 627   10 -117
B 4940 680   10 -111
B 4950 725   10  -99
B 4960 757   10  -87
B 4970 772   10  -77
B 4980 780   10  -64
B 4990 783   10  -51
B 5000 786   10  -38
B 5010 787   10  -26
B 5020 788   10  -13
pb end 
B 5030 789   10   -1
% tshot=5046
L   0 -127  353    0
R   0 -127  135    0
G   0 -127 -200    0
W  20 -127  244    0
G  20 -127 -200    0
W  40 -127  244   -5
G  40 -127 -200    0
W  60 -127  244  -15
G  60 -127 -200    0
W  80 -127  243  -45
G  80 -127 -203  -15
W 100 -127  243  -20
G 100 -127 -212  -45
W 120 -127  242  -10
G 120 -127 -225  -65
W 140 -127  243   25
G 140 -127 -240  -75
W 160 -127  243  -10
G 160 -127 -257  -85
W 180 -127  243   10
G 180 -127 -276  -95
W 200 -127  243   15
G 200 -127 -297 -105
W 220 -127  243  -15
G 220 -127 -320 -115
W 240 -127  243   25
G 240 -127 -344 -120
W 260 -127  243    5
G 260 -127 -370 -130
W 280 -127  244   40
G 280 -127 -399 -145
W 300 -127  245   25
G 300 -127 -428 -145
W 320  -6  245   15
G 320  -6 -459 -155
W 340  19  245   15
G 340  19 -492 -165
W 360  32  246   45
G 360  32 -525 -165
W 380  52  247   20
G 380  52 -558 -165
W 400  60  247   25
G 400  60 -589 -155
W 420  60  249   70
G 420  60 -616 -135
W 440  20  249   25
G 440  20 -637 -105
W 460  20  249  -15
G 460  20 -653  -80
t 2484+4800=7284
W 480 127  247  -70
G 480 127 -666  -65
W 500 127  247  -40
G 500 127 -677  -55
W 520 127  249  125
G 520 127 -683  -30
W 540 127  254  265
G 540 127 -687  -20
W 560 127  259  225
G 560 127 -689  -10
W 580 127  263  190
G 580 127 -690   -5
W 600 127  267  225
G 600 127 -691   -5
W 620 127  271  180
G 620 127 -692   -5
W 640 127  273  130
G 640 127 -694  -10
W 660 127  277  185
G 660 127 -695   -5
W 680 127  282  225
G 680 127 -695    0
W 700 127  286  225
G 700 127 -696   -5
W 720 127  291  250
G 720 127 -697   -5
W 740 127  296  240
G 740 127 -698   -5
W 760 127  300  215
G 760 127 -699   -5
W 780 127  306  280
G 780 127 -700   -5
W 800 127  312  295
G 800 127 -701   -5
W 820 127  317  250
G 820 127 -702   -5
W 840 127  322  285
G 840 127 -703   -5
W 860 127  328  295
G 860 127 -704   -5
W 880 127  334  290
G 880 127 -704    0
W 900 127  340  305
G 900 127 -705   -5
W 920 127  346  310
G 920 127 -706   -5
W 940 127  352  280
G 940 127 -707   -5
W 960 127  359  340
G 960 127 -709  -10
W 980 127  365  320
G 980 127 -710   -5
W 1000 127  371  310
G 1000 127 -711   -5
W 1020 127  378  345
G 1020 127 -712   -5
W 1040 127  385  325
G 1040 127 -712    0
W 1060 127  391  320
G 1060 127 -712    0
W 1080 127  398  345
G 1080 127 -713   -5
W 1100 127  405  335
G 1100 127 -714   -5
W 1120 127  411  295
G 1120 127 -715   -5
W 1140 127  418  365
G 1140 127 -716   -5
W 1160 127  425  340
G 1160 127 -717   -5
W 1180 127  431  330
G 1180 127 -718   -5
W 1200 127  439  360
G 1200 127 -719   -5
W 1220 127  445  335
G 1220 127 -720   -5
W 1240 127  452  320
G 1240 127 -720    0
W 1260 127  459  355
G 1260 127 -721   -5
W 1280 127  466  340
G 1280 127 -722   -5
W 1300 127  471  270
G 1300 127 -723   -5
W 1320 127  479  380
G 1320 127 -723    0
W 1340 127  486  350
G 1340 127 -723    0
W 1360 127  492  330
G 1360 127 -724   -5
W 1380 127  499  350
G 1380 127 -724    0
W 1400 127  506  350
G 1400 127 -725   -5
W 1420 127  512  315
G 1420 127 -726   -5
W 1440 127  520  375
G 1440 127 -726    0
W 1460 127  527  370
G 1460 127 -727   -5
W 1480 127  534  320
G 1480 127 -728   -5
W 1500 127  541  350
G 1500 127 -729   -5
W 1520 127  548  360
G 1520 127 -730   -5
W 1540 127  554  295
G 1540 127 -731   -5
W 1560 127  561  360
G 1560 127 -732   -5
W 1580 127  568  355
G 1580 127 -733   -5
W 1600 127  574  305
G 1600 127 -735  -10
W 1620 127  581  335
G 1620 127 -735    0
W 1640 127  588  340
G 1640 127 -735    0
W 1660 127  594  325
G 1660 127 -737  -10
W 1680 127  601  335
G 1680 127 -738   -5
W 1700 127  608  350
G 1700 127 -740  -10
W 1720 127  615  335
G 1720 127 -741   -5
W 1740 127  622  355
G 1740 127 -742   -5
W 1760 127  629  345
G 1760 127 -743   -5
W 1780  86  634  285
G 1780  86 -744   -5
W 1800  40  642  385
G 1800  40 -745   -5
W 1820   0  649  335
G 1820   0 -745    0
W 1840   0  655  305
G 1840   0 -746   -5
W 1860   0  660  280
G 1860   0 -747   -5
W 1880   0  666  265
G 1880   0 -747    0
W 1900   0  670  215
G 1900   0 -748   -5
W 1920   0  675  240
G 1920   0 -748    0
W 1940   0  679  225
G 1940   0 -750  -10
W 1960   0  684  215
G 1960   0 -752  -10
W 1980   0  689  290
G 1980   0 -752    0
W 2000   0  695  285
G 2000   0 -753   -5
W 2020   0  700  265
G 2020   0 -753    0
W 2040   0  706  290
G 2040   0 -753    0
W 2060   0  712  270
G 2060   0 -753    0
W 2080   0  716  240
G 2080   0 -753    0
W 2100   0  721  230
G 2100   0 -753    0
W 2120 -40  726  225
G 2120 -40 -753    0
W 2140 -40  729  195
G 2140 -40 -752    5
W 2160 -40  730   35
G 2160 -40 -752    0
W 2180 -40  730  -30
G 2180 -40 -751    5
W 2200 -40  730   10
G 2200 -40 -750    5
W 2220 127  730    0
G 2220 127 -749    5
W 2240 127  730    0
G 2240 127 -748    5
W 2260 127  731   55
G 2260 127 -747    5
W 2280 127  733  120
G 2280 127 -745   10
W 2300 127  735   70
G 2300 127 -742   15
W 2320 127  735   25
G 2320 127 -735   35
W 2340 127  735   15
G 2340 127 -723   60
W 2360 127  735  -40
G 2360 127 -708   75
W 2380 127  734  -40
G 2380 127 -689   95
W 2400 127  733  -45
G 2400 127 -668  105
W 2420 127  732  -25
G 2420 127 -644  120
W 2440 127  732  -25
G 2440 127 -617  135
W 2460 127  732  -10
G 2460 127 -589  140
W 2480 127  732  -10
G 2480 127 -559  150
W 2500 127  731  -20
G 2500 127 -528  155
W 2520 127  731   15
G 2520 127 -496  160
W 2540 127  732   20
G 2540 127 -463  165
W 2560 127  731  -20
G 2560 127 -428  175
W 2580 127  732   20
G 2580 127 -392  180
W 2600 127  732    0
G 2600 127 -356  180
W 2620 127  732   25
G 2620 127 -319  185
W 2640 127  732  -30
G 2640 127 -281  190
W 2660 127  732   35
G 2660 127 -243  190
W 2680 127  732  -15
G 2680 127 -204  195
W 2700 127  732    0
G 2700 127 -164  200
W 2720 127  732    0
G 2720 127 -124  200
W 2740 127  732    0
G 2740 127  -83  205
W 2760 127  732   15
G 2760 127  -41  210
W 2780 127  733   25
G 2780 127    0  205
W 2800 127  733    0
G 2800 127   43  215
W 2820 127  733   25
G 2820 127   87  220
W 2840 127  734   30
G 2840 127  131  220
W 2860 127  735   45
G 2860 127  175  220
W 2880 127  735   20
G 2880 127  219  220
W 2900 -35  735    0
G 2900 -35  263  220
W 2920 -60  736   45
G 2920 -60  307  220
W 2940 -60  736    0
G 2940 -60  350  215
W 2960 -60  736  -15
G 2960 -60  390  200
W 2980 -60  736   10
G 2980 -60  424  170
W 3000 -20  736  -10
G 3000 -20  451  135
W 3020 -20  737   35
G 3020 -20  472  105
W 3040 -40  737    5
G 3040 -40  487   75
W 3060 -40  737    0
G 3060 -40  497   50
W 3080 -40  736  -40
G 3080 -40  505   40
W 3100 -40  735  -55
G 3100 -40  508   15
W 3120 -40  733  -75
G 3120 -40  509    5
W 3140 -40  733   -5
G 3140 -40  509    0
W 3160 -40  733    0
G 3160 -40  509    0
W 3180 -40  733  -25
G 3180 -40  508   -5
W 3201 -40  732  -52
G 3201 -40  507   -4
W 3222 -40  730  -66
G 3222 -40  506   -4
W 3242 -40  729  -65
G 3242 -40  506    0
W 3263 -40  727  -85
G 3263 -40  506    0
W 3283 -40  725  -95
G 3283 -40  506    0
W 3303 -40  724  -80
G 3303 -40  506    0
W 3323 -40  721 -110
G 3323 -40  506    0
W 3343 -40  719 -115
G 3343 -40  506    0
W 3363 -40  717 -105
G 3363 -40  506    0
% magic=8415
% tsingle=8415
SSS v= 8020  t=  281
SSS  506  9084  5235     8
%P VOLT1   = 7683
%P VOLT2   = 8020
%P S2_SC   =  1.00
%P L_ANG_MAX = 281
S 8020   506  9084  5235
B   0 802  119    8
B  10 802  119    8
B  21 741  119    8
B  31 684  119    8
B  41 681  119    8
B  51 693  119    8
B  61 692  119    8
B  71 669  119    8
B  81 631  119   13
B  91 601  119   23
B 101 594  119   33
B 111 608  119   43
B 121 630  119   52
B 131 648  115   63
B 141 655   92   73
B 151 652   68   83
B 161 645   41   95
B 171 680   29  106
B 181 702   29  118
B 191 739   29  130
B 201 757   29  141
B 211 766   29  151
B 221 771   29  161
B 231 774   29  171
B 241 776   29  181
B 251 777   29  190
B 261 779   29  199
B 271 779   29  207
pull out 211
B 281 779    9  215
B 291 779    9  221
B 301 778    9  228
B 311 784    9  235
B 321 790    9  241
B 331 792    9  245
B 341 794    9  250
B 351 795    9  255
B 361 795    9  259
B 371 796    9  263
B 381 796    9  266
B 391 796    9  268
B 401 796    9  270
B 411 796    9  271
B 421 797    9  272
B 431 797    9  273
B 441 797    9  273
B 451 797    9  273
B 461 797    9  273
B 471 797    9  273
B 481 797    9  273
B 491 797    9  273
B 501 798    9  273
B 511 798    9  272
B 521 797    9  270
B 531 798    9  266
B 541 798    9  263
B 551 798    9  259
B 561 798    9  255
B 571 798    9  251
B 581 797    9  248
B 592 797    9  246
B 602 797    9  243
B 612 797    9  242
B 622 798    9  240
B 632 798    9  239
B 642 798    9  237
B 652 798    9  235
B 662 798    9  235
B 672 798    9  233
B 683 798    9  231
B 694 798    9  230
B 705 799    9  229
B 715 798    9  227
B 727 798    9  226
B 737 798    9  225
B 747 798    9  223
B 757 798    9  223
B 767 798    9  222
B 778 798    9  221
B 789 799    9  219
B 799 799    9  219
B 810 798    9  217
B 820 799    9  217
B 831 799    9  215
B 841 799    9  215
B 851 798    9  214
B 862 799    9  213
B 872 799    9  211
B 882 799    9  211
B 892 798    9  210
B 902 798    9  210
B 912 799    9  209
B 922 798    9  209
B 932 798    9  208
B 942 799    9  207
B 952 798    9  207
B 962 799    9  207
B 973 798    9  207
B 983 799    9  207
B 993 799    9  207
B 1003 799    9  207
B 1014 799    9  207
B 1024 799    9  207
B 1034 799    9  207
B 1045 799    9  207
B 1057 799    9  207
B 1067 799    9  207
B 1077 799    9  207
B 1087 799    9  207
B 1097 799    9  207
B 1107 799    9  207
B 1117 799    9  207
B 1128 799    9  207
B 1138 799    9  207
B 1149 799    9  207
B 1159 799    9  207
B 1170 799    9  207
B 1180 799    9  207
B 1191 799    9  207
B 1201 799    9  207
B 1212 799    9  207
B 1223 799    9  207
B 1234 799    9  207
B 1244 799    9  207
B 1254 799    9  207
B 1264 799    9  207
B 1274 799    9  207
B 1284 799    9  207
B 1294 799    9  207
B 1304 800    9  207
B 1314 800    9  207
B 1324 799    9  207
B 1335 799    9  207
B 1346 800    9  207
B 1356 799    9  207
B 1366 799    9  207
B 1376 799    9  207
B 1386 799    9  207
B 1396 799    9  207
B 1406 799    9  207
B 1416 800    9  207
B 1426 799    9  207
B 1436 799    9  207
B 1446 800    9  207
B 1456 800    9  207
B 1466 799    9  207
B 1476 799    9  207
B 1486 800    9  207
B 1496 800    9  207
B 1506 800    9  207
B 1516 799    9  207
B 1526 799    9  207
B 1536 800    9  207
B 1546 800    9  207
B 1556 799    9  207
B 1566 799    9  207
B 1576 800    9  207
B 1586 800    9  207
B 1596 799    8  207
B 1606 800    8  207
B 1616 800    8  207
B 1626 800    8  207
B 1636 800    8  207
B 1646 800    8  207
B 1656 800    8  207
B 1666 800    8  207
B 1677 800    8  207
B 1688 800    8  207
B 1698 800    8  207
B 1708 800    8  207
B 1718 800    8  207
B 1728 800    8  207
B 1738 800    8  207
B 1748 800    8  207
B 1758 800    8  207
B 1769 800    8  207
B 1780 799    8  207
B 1791 800    8  207
B 1801 800    8  207
B 1811 800    9  207
B 1821 800    8  207
B 1831 800    8  207
B 1841 800    8  207
B 1851 800    8  207
B 1861 800    8  207
B 1871 800    8  207
B 1881 801    8  207
B 1891 800    9  207
B 1901 800    8  207
B 1911 800    8  207
B 1921 799    9  207
B 1931 800    8  207
B 1941 800    8  207
B 1951 800    8  207
B 1961 801    8  207
B 1971 800    8  207
B 1981 800    9  207
B 1991 800    8  207
B 2001 800    9  207
B 2011 800    8  207
B 2021 800    9  207
B 2031 800    8  207
B 2041 800    8  207
B 2051 800    8  207
B 2061 800    8  207
B 2071 800    8  207
B 2081 800    8  207
B 2091 800    8  207
B 2101 800    8  207
B 2111 800    8  207
B 2121 800    8  207
B 2131 800    8  207
B 2141 800    8  207
B 2151 801    8  207
B 2161 800    8  207
B 2171 800    8  207
B 2181 800    8  207
B 2191 800    8  207
B 2201 800    8  207
B 2211 801    9  207
B 2221 801    8  207
B 2231 801    8  207
B 2241 800    8  207
B 2251 800    8  207
B 2261 800    8  207
B 2271 800    8  207
B 2281 801  -20  207
B 2291 800  -20  207
B 2301 800  -20  207
B 2311 795  -20  207
B 2321 794  -20  206
reset done 
B 2331 793   10  206
SSS v= 7940  t=  281
SSS  503  8876  5030   205
%P VOLT1   = 7919
%P VOLT2   = 7940
%P S2_SC   =  1.01
%P L_ANG_MAX = 281
S 7940   503  8876  5030
B 2341 794   30  205
B 2351 796   30  203
B 2361 789   30  202
B 2371 782   30  199
B 2381 781   30  197
B 2391 781   30  195
pull out 195
B 2401 776   10  193
B 2411 774   10  191
B 2421 787   10  191
B 2431 793   10  191
B 2441 795   10  191
B 2451 797   10  191
B 2461 798   10  191
B 2471 798   10  191
B 2481 798   10  191
B 2491 798   10  191
B 2501 798   10  191
B 2511 799   10  191
B 2521 798   10  191
B 2531 798   10  190
B 2541 798   10  189
B 2551 799   10  188
B 2561 798   10  187
B 2571 799   10  187
B 2581 798   10  187
B 2591 799   10  187
B 2601 799   10  187
B 2611 799   10  187
B 2621 799   10  187
B 2631 799   10  187
B 2641 799   10  187
B 2651 799   10  187
B 2661 799   10  187
B 2671 799   10  187
B 2681 799   10  187
B 2691 799   10  187
B 2701 799   10  187
B 2711 799   10  187
B 2721 799   10  187
B 2731 799   10  187
B 2741 799   10  187
B 2751 799   10  187
B 2761 799   10  187
B 2771 799   10  187
B 2781 799   10  187
B 2791 799   10  187
B 2801 799   10  187
B 2812 799   10  187
B 2822 800   10  187
B 2832 800   10  187
B 2843 800   10  187
B 2853 799   10  187
B 2863 800   10  187
B 2873 799   10  187
B 2883 799   10  187
B 2893 800   10  187
B 2903 799   10  187
B 2913 799   10  187
B 2923 799   10  187
B 2933 800   10  187
B 2943 799   10  187
B 2953 800   10  187
B 2964 800   10  187
B 2974 799   10  187
B 2984 799   10  187
B 2994 800   10  187
B 3004 800   10  187
B 3014 800   10  187
B 3024 799   10  187
B 3036 799   10  187
B 3047 800   10  187
B 3058 799   10  187
B 3068 799   10  187
B 3079 800   10  187
B 3089 799   10  187
B 3099 800   10  187
B 3109 799   10  187
B 3119 800   10  187
B 3129 799   10  187
B 3139 800   10  187
B 3149 800   10  187
B 3160 799   10  187
B 3171 799   10  187
B 3181 799   10  187
B 3191 799 -120  187
B 3201 799 -120  187
B 3211 799 -120  187
B 3221 798 -120  187
B 3231 701 -120  187
B 3241 681 -120  186
B 3251 692 -120  185
B 3261 711 -120  183
B 3271 729 -120  181
B 3281 741 -120  177
B 3291 735 -120  172
B 3301 701 -120  165
B 3311 654 -120  153
B 3321 625 -120  139
B 3331 623 -120  124
B 3341 640 -120  107
B 3351 662 -120   91
B 3361 686 -120   74
B 3371 702 -120   55
B 3381 711 -120   36
B 3391 713 -120   16
B 3401 711 -120   -5
push -11 -10
push out at target
B 3411 708   80  -18
B 3421 684   80  -29
B 3431 640   80  -41
B 3441 656   80  -50
B 3451 681   80  -62
B 3461 705   80  -74
B 3471 721   80  -86
B 3481 705   80  -96
B 3491 661   73 -101
B 3501 634   31 -101
B 3511 638   10 -101
B 3521 698   10  -98
B 3531 737   10  -86
B 3541 763   10  -74
B 3551 777   10  -65
B 3561 783   10  -53
B 3571 787   10  -41
B 3581 789   10  -28
B 3591 790   10  -15
pb end 
B 3601 791   10   -2
B 3611 792   10    9
B 3621 792   10   19
SSS v= 7926  t=  292
SSS  509  8876  5030    19
%P VOLT1   = 7919
%P VOLT2   = 7930
%P S2_SC   =  1.01
%P L_ANG_MAX = 292
S 7930   509  8876  5030
B 3631 793  121   28
B 3641 794  121   35
B 3651 794  121   39
B 3661 729  121   41
B 3671 707  121   43
B 3681 713  121   43
B 3691 726  121   43
B 3701 737  121   45
B 3711 727  121   45
B 3721 685  121   45
B 3731 643  121   50
B 3741 609  121   57
B 3751 588  106   67
B 3761 585   85   77
B 3771 598   67   86
B 3781 628   40   96
B 3791 672   30  106
B 3801 705   30  116
B 3811 738   30  126
B 3821 753   30  136
B 3831 762   30  147
B 3841 766   30  155
B 3851 770   30  164
B 3861 772   30  173
B 3871 773   30  182
B 3881 774   30  190
B 3891 775   30  198
pull out 201
B 3901 775   10  204
B 3911 775   10  211
B 3922 775   10  217
B 3932 783   10  223
B 3942 788   10  229
B 3952 791   10  232
B 3962 792   10  236
B 3972 792   10  240
B 3982 793   10  243
B 3992 794   10  246
B 4002 794   10  247
B 4012 794   10  249
B 4022 794   10  250
B 4032 794   10  250
B 4042 795   10  250
B 4052 795   10  250
B 4062 795   10  250
B 4072 795   10  250
B 4082 795   10  250
B 4092 795   10  249
B 4102 795   10  249
B 4112 795   10  246
B 4122 796   10  243
B 4132 795   10  239
B 4142 795   10  237
B 4152 795   10  235
B 4162 795   10  233
B 4172 796   10  231
B 4182 796   10  230
B 4192 796   10  229
B 4202 796   10  227
B 4212 796   10  227
B 4222 796   10  226
B 4232 796   10  225
B 4242 796   10  223
B 4252 796   10  223
B 4262 796   10  222
B 4272 797   10  221
B 4282 797   10  220
B 4292 796   10  219
B 4302 796   10  219
B 4312 797   10  218
B 4322 797   10  218
B 4332 797   10  217
B 4342 797   10  217
B 4352 796   10  216
B 4362 796   10  216
B 4372 797   10  215
B 4382 797   10  215
B 4392 797   10  215
B 4403 797   10  215
B 4413 797   10  215
B 4423 797   10  215
B 4433 797   10  215
B 4443 797   10  215
B 4453 797   10  215
B 4463 797   10  215
B 4473 797   10  215
B 4483 797   10  215
B 4493 797   10  215
B 4503 797   10  215
B 4513 797   10  215
B 4524 797   10  215
B 4534 797   10  215
B 4544 797   10  215
B 4555 797   10  215
B 4566 797   10  215
B 4577 797   10  215
B 4587 797   10  215
B 4597 797   10  215
B 4607 797   10  215
B 4617 797   10  215
B 4628 797   10  215
B 4639 798   10  215
B 4649 797   10  215
B 4659 798   10  215
B 4669 798   10  215
B 4679 797   10  215
B 4689 797   10  215
B 4699 798   10  215
B 4709 797   10  215
B 4719 797   10  215
B 4729 798   10  215
B 4739 797   10  215
B 4749 797   10  215
B 4759 797   10  215
B 4769 798   10  215
B 4779 798   10  215
B 4789 797   10  215
B 4799 797   10  215
B 4809 797   10  215
B 4819 797   10  215
B 4829 798   10  215
B 4839 798   10  215
B 4849 797   10  215
B 4859 797   10  215
B 4869 798   10  215
B 4879 797   10  215
B 4889 797   10  215
B 4899 798   10  215
B 4909 798   10  215
B 4919 798   10  215
B 4929 798   10  215
B 4939 798   10  215
B 4949 797   10  215
B 4959 798   10  215
B 4969 798   10  215
B 4979 798   10  215
B 4989 798   10  215
B 4999 797   10  215
B 5009 798   10  215
B 5019 798   10  215
B 5029 797   10  215
B 5039 797   10  215
B 5049 798   10  215
B 5059 798   10  215
B 5069 798   10  215
B 5079 798   10  215
B 5089 798   10  215
B 5099 798   10  215
B 5109 797   10  215
B 5119 798   10  215
B 5129 798   10  215
B 5139 798   10  215
B 5151 798   10  215
B 5161 798   10  215
B 5171 798   10  215
B 5182 798   10  215
B 5192 798   10  215
B 5202 798   10  215
B 5212 798   10  215
B 5222 798   10  215
B 5232 798   10  215
B 5242 798   10  215
B 5252 798   10  215
B 5262 798   10  215
B 5272 798   10  215
B 5282 798   10  215
B 5292 798   10  215
B 5302 798   10  215
B 5312 798   10  215
B 5322 798   10  215
B 5332 798   10  215
B 5342 798   10  215
B 5352 798   10  215
B 5362 798   10  215
B 5372 798   10  215
B 5382 798   10  215
B 5393 798   10  215
B 5403 798   10  215
B 5413 798   10  215
B 5424 798   10  215
B 5434 799   10  215
B 5444 798   10  215
B 5454 798   10  215
B 5464 798   10  215
B 5474 798   10  215
B 5484 798   10  215
B 5494 798   10  215
B 5504 798   10  215
B 5514 798   10  215
B 5524 798   10  215
B 5534 798   10  215
B 5544 798   10  215
B 5554 798   10  215
B 5564 798   10  215
B 5574 798   10  215
B 5584 799   10  215
B 5594 798   10  215
B 5604 798   10  215
B 5614 798   10  215
B 5624 798   10  215
B 5634 798   10  215
B 5644 798   10  215
B 5654 798   10  215
B 5664 798   10  215
B 5674 798   10  215
B 5684 798   10  215
B 5694 798   10  215
B 5704 798   10  215
B 5714 798   10  215
B 5724 798   10  215
B 5734 798   10  215
B 5744 798   10  215
B 5754 798   10  215
B 5764 798   10  215
B 5774 799   10  215
B 5784 798   10  215
B 5794 798   10  215
B 5804 798   10  215
B 5814 798   10  215
B 5824 798   10  215
B 5834 798   10  215
B 5844 798   10  215
B 5854 798   10  215
B 5864 798   10  215
B 5874 798   10  215
B 5884 798   10  215
B 5894 798   10  215
B 5904 798  -20  215
B 5914 798  -20  215
B 5924 796  -20  215
B 5934 793  -20  215
B 5944 793  -20  215
B 5954 792  -20  215
B 5964 792  -20  214
reset done 
B 5974 792   10  212
SSS v= 7923  t=  298
SSS  509  8876  5030   210
%P VOLT1   = 7919
%P VOLT2   = 7926
%P S2_SC   =  1.01
%P L_ANG_MAX = 298
S 7926   509  8876  5030
B 5985 792   30  210
B 5995 788   30  207
B 6006 774   30  203
B 6016 774   30  199
B 6026 777   30  195
pull out 192
B 6036 779   10  191
B 6046 778   10  187
B 6056 788   10  183
B 6066 793   10  182
B 6076 795   10  182
B 6086 795   10  182
B 6096 796   10  182
B 6106 797   10  182
B 6116 797   10  182
B 6126 798   10  182
B 6136 798   10  181
B 6146 798   10  181
B 6156 798   10  179
B 6166 798   10  178
B 6176 798   10  177
B 6186 798   10  176
B 6196 798 -121  175
B 6206 798 -121  175
B 6216 716 -121  174
B 6226 684 -121  173
B 6236 689 -121  172
B 6246 706 -121  171
B 6256 725 -121  169
B 6266 739 -121  164
B 6276 740 -121  160
B 6286 710 -121  154
B 6296 666 -121  144
B 6306 634 -121  131
B 6316 622 -121  116
B 6326 632 -121  100
B 6336 654 -121   83
B 6346 678 -121   66
B 6356 696 -121   48
B 6366 709 -121   29
B 6376 712 -121    9
push -10 -10
push out at target
B 6386 710   80  -11
B 6396 705   80  -21
B 6406 686   80  -31
B 6416 643   80  -43
B 6426 655   80  -55
B 6436 678   80  -66
B 6446 703   80  -79
B 6456 719   80  -93
B 6466 703   80 -103
B 6476 661   73 -109
B 6486 632   39 -109
B 6496 621   10 -109
B 6506 673   10 -107
B 6516 708   10  -95
B 6526 750   10  -83
B 6536 769   10  -73
B 6546 779   10  -59
B 6556 784   10  -46
B 6566 787   10  -33
B 6576 788   10  -20
pb end 
B 6586 789   10   -6
B 6596 791   10    6
B 6606 791   10   16
SSS v= 7919  t=  303
SSS  508  8876  5017    16
%P VOLT1   = 7919
%P VOLT2   = 7916
%P S2_SC   =  1.01
%P L_ANG_MAX = 303
S 7916   508  8876  5017
B 6616 792  121   26
B 6626 793  121   33
B 6636 793  121   38
B 6646 747  121   41
B 6656 712  121   43
B 6666 713  121   45
B 6676 724  121   45
B 6686 736  121   48
B 6696 734  121   48
B 6706 696  121   48
B 6716 655  121   52
B 6726 621  121   59
B 6736 595  101   69
B 6746 587   78   79
B 6756 596   60   89
B 6766 616   33   99
B 6776 672   30  108
B 6786 702   30  118
B 6796 738   30  128
B 6806 754   30  138
B 6816 762   30  148
B 6826 766   30  157
B 6836 769   30  165
B 6846 770   30  174
B 6856 773   30  182
B 6866 774   30  191
B 6876 774   30  198
pull out 199
B 6886 775   10  204
B 6896 775   10  210
B 6906 774   10  216
B 6916 780   10  222
B 6926 786   10  227
B 6936 789   10  231
B 6946 791   10  235
B 6956 791   10  239
B 6966 793   10  242
B 6976 793   10  244
B 6986 793   10  246
B 6996 793   10  247
B 7006 794   10  247
B 7016 794   10  247
B 7026 794   10  247
B 7036 794   10  247
B 7046 794   10  247
B 7056 794   10  247
B 7066 795   10  247
B 7076 795   10  247
B 7086 795   10  247
B 7096 795   10  243
B 7106 795   10  241
B 7116 795   10  237
B 7126 795   10  235
B 7136 795   10  231
B 7146 795   10  230
B 7156 795   10  228
B 7166 795   10  227
B 7176 795   10  225
B 7186 795   10  225
B 7196 795   10  223
B 7206 796   10  222
B 7216 795   10  221
B 7226 796   10  219
B 7236 796   10  219
B 7246 795   10  218
B 7256 796   10  217
B 7266 796   10  215
B 7276 796   10  215
B 7286 796   10  214
B 7296 796   10  213
B 7306 796   10  213
B 7316 796   10  211
B 7326 796   10  211
B 7336 796   10  211
B 7346 796   10  211
B 7356 796   10  210
B 7366 796   10  210
B 7376 796   10  210
B 7386 796   10  210
B 7396 796   10  210
B 7406 796   10  210
B 7416 796   10  210
B 7426 796   10  210
B 7436 796   10  210
B 7446 796   10  210
B 7456 796   10  210
B 7466 796   10  210
B 7476 795   10  210
B 7486 796   10  210
B 7496 796   10  210
B 7506 796   10  210
B 7516 796   10  210
B 7526 796   10  210
B 7536 797   10  210
B 7546 796   10  210
B 7556 797   10  210
B 7566 797   10  210
B 7576 796   10  210
B 7586 797   10  210
B 7596 797   10  210
B 7606 797   10  210
B 7616 796   10  210
B 7627 797   10  210
B 7637 796   10  210
B 7648 797   10  210
B 7659 797   10  210
B 7669 797   10  210
B 7679 796 -121  210
B 7689 797 -121  210
B 7699 797 -121  210
B 7709 721 -121  210
B 7719 681 -121  210
B 7729 686 -121  209
B 7739 703 -121  207
B 7749 720 -121  206
B 7759 736 -121  199
B 7769 739 -121  194
B 7779 715 -121  187
B 7789 671 -121  178
B 7799 634 -121  164
B 7809 621 -121  151
B 7819 630 -121  134
B 7829 652 -121  117
B 7839 677 -121   99
B 7851 700 -121   78
B 7861 712 -121   58
B 7871 717 -121   37
B 7881 715 -121   17
B 7891 713 -121   -5
push -10 -10
push out at target
B 7901 710   80  -19
B 7911 633   80  -29
B 7921 634   80  -39
B 7931 660   80  -49
B 7941 686   80  -59
B 7951 709   80  -69
B 7961 718   80  -79
B 7971 688   80  -86
B 7981 644   48  -88
B 7991 619    6  -87
B 8001 706   10  -87
B 8011 748   10  -77
B 8021 767   10  -69
B 8031 776   10  -58
B 8041 782   10  -46
B 8051 785   10  -34
B 8061 787   10  -23
B 8071 788   10  -11
B 8081 789   10    0
B 8091 789   10   10
pb end 
B 8101 790   10   19
SSS v= 7912  t=  308
SSS  510  8876  5017    25
%P VOLT1   = 7919
%P VOLT2   = 7916
%P S2_SC   =  1.01
%P L_ANG_MAX = 308
S 7912   510  8876  5017
B 8112 791  121   26
B 8122 792  121   30
B 8132 793  121   33
B 8142 734  121   35
B 8152 707  121   35
B 8162 710  121   35
B 8172 724  121   38
B 8182 729  121   38
B 8192 705  121   38
B 8202 666  121   38
B 8212 636  121   43
B 8222 606  121   51
B 8232 588  121   60
B 8242 587   99   71
B 8252 602   76   80
B 8262 627   53   90
B 8272 668   33   99
B 8282 696   30  109
B 8292 729   30  119
B 8302 747   30  130
B 8312 757   30  140
B 8322 763   30  149
B 8332 766   30  157
B 8342 769   30  166
B 8352 771   30  175
B 8362 772   30  183
B 8372 773   30  191
B 8382 773   30  198
pull out 199
B 8392 774   10  205
B 8402 774   10  211
B 8412 780   10  217
B 8422 786   10  223
B 8432 788   10  227
B 8442 789   10  231
B 8452 790   10  235
B 8462 791   10  238
B 8472 791   10  241
B 8482 791   10  243
B 8492 792   10  245
B 8502 792   10  245
B 8512 792   10  246
B 8522 793   10  246
B 8532 793   10  246
B 8542 793   10  246
B 8552 793   10  246
B 8562 793   10  246
B 8572 793   10  245
B 8582 794   10  245
B 8592 793   10  243
B 8602 794   10  239
B 8612 794   10  236
B 8622 793   10  234
B 8632 793   10  231
B 8642 794   10  229
B 8652 794   10  227
B 8662 794   10  226
B 8672 794   10  225
B 8682 794   10  224
B 8692 794   10  223
B 8702 794   10  222
B 8712 794   10  221
B 8723 794   10  219
B 8733 795   10  218
B 8743 795   10  217
B 8754 795   10  216
B 8764 795   10  215
B 8774 795   10  215
B 8784 795   10  214
B 8794 795   10  213
B 8804 795   10  213
B 8814 794   10  211
B 8824 795   10  211
B 8834 795   10  211
B 8844 795   10  211
B 8854 795   10  211
B 8865 795   10  211
B 8876 795   10  211
B 8886 795   10  210
B 8896 795   10  210
B 8906 795   10  210
B 8916 795   10  210
B 8926 795   10  210
B 8936 795   10  210
B 8946 795   10  210
B 8956 795   10  210
B 8966 795   10  210
B 8976 796   10  210
B 8986 795   10  210
B 8996 795   10  210
B 9006 795   10  210
B 9016 795   10  210
B 9026 796   10  210
B 9036 795   10  210
B 9046 795   10  210
B 9056 795   10  210
B 9066 797   10  210
B 9076 796   10  210
B 9086 796   10  210
B 9096 795   10  210
B 9106 796 -121  210
B 9116 796 -121  210
B 9126 786 -121  210
B 9136 693 -121  210
B 9146 679 -121  209
B 9156 691 -121  208
B 9166 710 -121  207
B 9176 727 -121  201
B 9186 739 -121  197
B 9196 731 -121  192
B 9206 696 -121  184
B 9216 653 -121  172
B 9226 625 -121  158
B 9236 622 -121  143
B 9246 638 -121  127
B 9256 662 -121  109
B 9266 686 -121   91
B 9276 704 -121   72
B 9286 713 -121   53
B 9296 716 -121   32
B 9306 714 -121   11
B 9316 712 -121  -11
push -11 -10
push out at target
B 9326 708   80  -21
B 9336 690   80  -33
B 9346 649   80  -46
B 9356 643   80  -59
B 9366 665   80  -71
B 9376 689   80  -86
B 9386 710   80 -100
B 9396 706   80 -113
B 9406 664   80 -122
B 9416 624   65 -124
B 9426 601    6 -125
B 9436 657    0 -124
B 9446 724   10 -114
B 9456 755   10 -102
B 9466 769   10  -93
B 9476 777   10  -80
B 9486 782   10  -68
B 9496 784   10  -56
B 9506 786   10  -45
B 9516 787   10  -33
B 9526 788   10  -21
pb end 
B 9536 788   10  -11
B 9546 789   10   -2
SSS v= 7902  t=  313
SSS  510  8876  5017     3
%P VOLT1   = 7919
%P VOLT2   = 7902
%P S2_SC   =  1.01
%P L_ANG_MAX = 313
S 7905   510  8876  5017
B 9557 790  121    5
B 9567 790  121   11
B 9577 774  121   15
B 9587 721  121   18
B 9597 714  121   20
B 9607 723  121   22
B 9617 734  121   25
B 9627 730  121   26
B 9637 697  121   28
B 9648 659  121   34
B 9658 630  121   41
B 9668 607  121   50
B 9678 596  121   60
B 9688 602   96   71
B 9698 617   76   80
B 9708 639   53   90
B 9718 653   30  100
B 9728 696   30  110
B 9738 717   30  121
B 9748 743   30  132
B 9758 755   30  143
B 9768 762   30  151
B 9778 766   30  162
B 9788 768   30  171
B 9798 770   30  180
B 9808 771   30  189
B 9818 773   30  197
B 9828 773   30  205
pull out 206
B 9838 774   10  211
B 9848 777   10  218
B 9858 784   10  224
B 9868 787   10  230
B 9879 788   10  235
B 9889 789   10  239
B 9899 790   10  243
B 9909 790   10  247
B 9919 790   10  250
B 9929 791   10  252
B 9940 791   10  254
B 9951 791   10  255
B 9961 791   10  255
B 9971 792   10  255
B 9981 792   10  255
B 9991 792   10  255
B 10001 792   10  255
B 10011 792   10  255
B 10021 792   10  255
B 10031 793   10  255
B 10041 793   10  255
B 10051 793   10  251
B 10061 793   10  247
B 10071 793   10  243
B 10081 793   10  241
B 10091 793   10  238
B 10101 793   10  235
B 10111 793   10  234
B 10121 793   10  233
B 10131 793   10  231
B 10141 793   10  231
B 10151 793   10  230
B 10161 793   10  229
B 10171 793   10  228
B 10181 793   10  227
B 10191 794   10  226
B 10201 793   10  225
B 10211 794   10  224
B 10221 793   10  223
B 10231 794   10  223
B 10241 794   10  223
B 10251 794   10  222
B 10261 794   10  222
B 10271 794   10  222
B 10281 794   10  221
B 10291 794   10  221
B 10301 794   10  221
B 10311 794   10  220
B 10321 794   10  220
B 10331 794   10  220
B 10341 794   10  219
B 10351 794   10  219
B 10361 794   10  219
B 10371 794   10  219
B 10381 794   10  219
B 10391 794   10  219
B 10401 794   10  219
B 10411 794   10  219
B 10421 794   10  219
B 10431 795   10  219
B 10441 795   10  219
B 10451 794   10  219
B 10461 795   10  219
B 10471 794   10  219
B 10481 795   10  219
B 10491 795   10  219
B 10501 794   10  219
B 10511 794   10  219
B 10521 794   10  219
B 10531 794   10  219
B 10541 795   10  219
B 10551 794   10  219
B 10561 794   10  219
B 10571 795   10  219
B 10581 795   10  219
B 10591 794   10  219
B 10601 795   10  219
B 10611 795   10  219
B 10621 795   10  219
B 10631 795   10  219
B 10641 795   10  219
B 10651 795   10  219
B 10661 795   10  219
B 10671 795   10  219
B 10681 795   10  219
B 10691 795   10  219
B 10701 795   10  219
B 10711 795   10  219
B 10721 795   10  219
B 10731 795   10  219
B 10741 795   10  219
B 10751 795   10  219
B 10761 795   10  219
B 10771 795   10  219
B 10781 795   10  219
B 10791 795 -121  219
B 10801 795 -121  219
B 10811 795 -121  219
B 10821 744 -121  219
B 10831 683 -121  219
B 10841 682 -121  219
B 10851 697 -121  217
B 10861 715 -121  215
B 10871 732 -121  209
B 10881 739 -121  206
B 10891 721 -121  200
B 10901 681 -121  191
B 10911 643 -121  178
B 10921 624 -121  163
B 10931 628 -121  147
B 10941 647 -121  130
B 10951 671 -121  112
B 10961 691 -121   94
B 10971 706 -121   74
B 10981 713 -121   54
B 10991 715 -121   33
B 11001 713 -121   11
push -11 -10
push out at target
B 11011 713   80  -11
B 11021 711   80  -23
B 11031 697   80  -34
B 11041 644   80  -47
B 11051 646   80  -60
B 11061 669   80  -73
B 11071 693   80  -87
B 11081 712   80 -101
B 11091 702   80 -113
B 11101 659   80 -120
B 11111 618   48 -122
B 11121 599    6 -122
B 11131 643   10 -121
B 11141 675   10 -110
B 11151 733   10  -97
B 11161 759   10  -87
B 11171 772   10  -75
B 11181 779   10  -62
B 11191 782   10  -49
B 11201 784   10  -37
B 11211 786   10  -24
pb end 
B 11221 787   10  -11
B 11231 788   10    1
% tshot2=19665