  0 778  123   -2
 10 778  123   -2
 20 778  123   -2
 31 706  123   -2
 41 663  123   -2
 51 663  123   -2
 61 672  123   -2
 71 672  123   -2
 81 656  123   -1
 91 627  123    2
101 600  123   11
111 583  123   21
122 589  123   31
133 610  123   41
144 629  123   51
155 636  121   61
165 633   94   72
176 624   62   83
186 619   30   96
196 638   30  107
206 653   30  120
216 706   30  132
226 729   30  144
236 741   30  156
246 747   30  166
256 750   30  177
266 752   30  187
276 754   30  196
286 755   30  205
296 756 -123  215
306 756 -123  223
316 724 -123  230
326 639 -123  237
336 632 -123  241
346 650 -123  247
356 674 -123  252
366 693 -123  255
376 697 -123  257
386 664 -123  257
396 616 -123  257
406 587 -123  253
416 575 -123  241
426 585 -123  227
436 611 -123  213
446 639 -123  197
456 663 -123  180
466 680 -123  162
476 686 -123  141
486 688 -123  120
496 689 -123  101
506 691 -123   78
516 694 -123   56
526 701 -123   33
536 708 -123    9
546 714   82  -16
556 717   82  -29
566 701   82  -40
576 628   82  -54
586 632   82  -67
596 653   82  -80
606 676   82  -95
616 692   82 -109
626 673   82 -121
636 630   82 -128
646 595   49 -129
656 584    0 -128
666 678   10 -125
676 723   10 -113
686 743   10 -103
696 753   10  -91
706 759   10  -79
716 762   10  -67
726 764   10  -55
736 766   10  -43
746 767   10  -32
99999 0 0 0 
756 767   10  -21
766 768   10  -12
777 768  124   -4
788 769  124    2
798 770  124    6
808 713  124    9
818 697  124   11
828 702  124   12
838 712  124   19
848 713  124   19
858 686  124   19
868 648  124   21
878 619  124   27
888 596  124   36
898 582  124   45
908 584  124   56
918 600  111   65
928 617   87   75
938 630   63   84
948 651   34   95
958 672   31  105
968 700   31  117
978 724   31  128
988 735   31  139
998 741   31  148
1008 745   31  157
1018 747   31  167
1028 750   31  176
1038 751   31  185
1048 752   31  193
1058 753   31  201
1068 753 -124  207
1078 753 -124  214
1088 747 -124  221
1098 657 -124  226
1108 642 -124  229
1118 656 -124  235
1128 677 -124  239
1138 695 -124  241
1148 701 -124  243
1158 673 -124  243
1168 626 -124  243
1178 591 -124  239
1188 578 -124  226
1198 587 -124  212
1208 612 -124  197
1218 639 -124  181
1228 663 -124  164
1238 680 -124  145
1248 687 -124  124
1258 688 -124  106
1268 687 -124   85
1278 690 -124   63
1288 694 -124   39
1298 700 -124   16
1308 706 -124   -8
1318 712   83  -25
1328 640   83  -35
1338 609   83  -47
1348 627   83  -55
1358 652   83  -67
1368 676   83  -79
1378 690   83  -91
1388 670   83  -99
1398 625   58 -103
1408 591   23 -103
1418 642   10 -103
1428 696   10  -95
1438 729   10  -84
1448 746   10  -75
1458 755   10  -63
1468 759   10  -51
1478 761   10  -39
1488 763   10  -26
1498 765   10  -13
1508 765   10   -3
99999 0 0 0 
1518 766   10    9
1528 766   10   17
1538 767  125   24
1548 767  125   28
1558 740  125   30
1568 693  125   31
1578 686  125   32
1589 696  125   32
1600 710  125   34
1610 709  125   34
1620 674  125   33
1631 627  125   35
1641 596  125   42
1651 575  125   51
1661 570  123   61
1671 579   96   71
1681 600   69   81
1691 621   42   91
1701 638   31  100
1711 681   31  111
1721 702   31  121
1731 725   31  133
1741 734   31  144
1751 740   31  153
1761 743   31  163
1771 746   31  172
1781 748   31  181
1791 749   31  189
1801 750   31  197
1811 751 -125  205
1821 751 -125  212
1831 685 -125  218
1841 632 -125  223
1851 634 -125  226
1861 654 -125  231
1871 676 -125  235
1881 695 -125  237
1891 697 -125  237
1901 666 -125  237
1911 618 -125  237
1921 586 -125  231
1931 574 -125  217
1941 588 -125  204
1951 614 -125  189
1961 642 -125  173
1971 665 -125  155
1981 679 -125  135
1991 686 -125  115
2001 686 -125   97
2011 686 -125   76
2021 688 -125   53
2031 692 -125   31
2041 697 -125    7
2051 704   83  -16
2061 706   83  -28
2071 691   83  -39
2081 649   83  -52
2091 622   83  -67
2101 638   83  -79
2111 661   83  -95
2121 681   83 -110
2131 680   83 -123
2141 642   83 -133
2151 602   76 -136
2161 576   15 -136
2171 605   10 -136
2181 683   10 -127
2191 722   10 -115
2201 741   10 -105
2211 751   10  -93
2221 756   10  -81
2231 759   10  -69
2241 761   10  -56
2251 762   10  -44
99999 0 0 0 
2261 763   10  -32
2271 764   10  -21
2282 764  125   -9
2292 765  125    0
2303 702  125    6
2313 690  125   11
2323 697  125   15
2333 709  125   17
2343 719  125   23
2353 724  125   25
2364 704  125   26
2374 656  125   31
2384 618  125   38
2394 587  125   49
2404 575  125   59
2414 583  101   69
2424 603   72   80
2434 623   48   90
2444 643   31  100
2454 651   31  111
2464 693   31  122
2474 719   31  134
2484 731   31  145
2494 737   31  155
2504 741   31  166
2514 744   31  177
2524 746   31  186
2534 747   31  195
2544 748   31  203
2554 750 -125  210
2564 748 -125  219
2574 638 -125  225
2584 615 -125  229
2594 630 -125  233
2604 654 -125  237
2614 676 -125  241
2624 693 -125  241
2634 684 -125  242
2644 643 -125  242
2654 601 -125  241
2664 579 -125  229
2674 579 -125  216
2684 600 -125  201
2694 627 -125  186
2704 652 -125  169
2714 670 -125  152
2724 681 -125  129
2734 685 -125  112
2744 685 -125   93
2754 686 -125   71
2764 689 -125   49
2774 693 -125   25
2784 699 -125    1
2794 706   83  -20
2804 705   83  -31
2814 686   83  -43
2824 626   83  -57
2834 625   83  -71
2844 645   83  -85
2854 668   83 -100
2864 684   83 -115
2874 665   83 -127
2884 623   83 -134
2894 588   50 -135
2904 571    0 -135
2914 655   10 -132
2924 711   10 -121
2934 734   10 -110
2944 747   10 -100
2954 753   10  -88
2964 757   10  -76
2974 759   10  -65
2984 760   10  -54
2994 761   10  -43
99999 0 0 0 
3004 762   10  -32
3014 763   10  -23
3025 763  125  -15
3035 764  125   -8
3045 765  125   -3
3055 724  125    1
3065 693  125    5
3075 694  125    7
3085 703  125   12
3095 712  125   17
3106 702  125   17
3117 661  125   20
3128 624  125   27
3139 602  125   35
3149 586  125   45
3159 584  125   55
3170 597  112   65
3180 615   85   76
3191 627   58   85
3201 652   31   97
3211 661   31  108
3221 703   31  119
3231 722   31  131
3241 732   31  141
3251 738   31  150
3261 741   31  161
3271 744   31  170
3281 746   31  179
3291 747   31  187
3302 748   31  196
3312 749 -125  204
3323 749 -125  211
3333 748 -125  217
3343 687 -125  223
3353 639 -125  228
3363 643 -125  232
3373 661 -125  237
3383 681 -125  241
3393 696 -125  243
3403 689 -125  244
3413 648 -125  244
3423 607 -125  244
3433 581 -125  234
3443 575 -125  221
3453 592 -125  207
3463 618 -125  192
3473 646 -125  175
3483 667 -125  157
3493 680 -125  137
3503 684 -125  117
3513 685 -125  100
3523 685 -125   77
3533 687 -125   55
3543 691 -125   32
3553 697 -125    9
3563 703   83  -15
3573 688   83  -28
3583 607   83  -39
3593 606   83  -49
3603 630   83  -58
3613 656   83  -70
3623 678   83  -81
3633 685   83  -91
3643 651   76  -98
3653 606   50  -99
3664 594    0  -99
3674 639   10  -97
3684 683   10  -86
3694 723   10  -74
3704 741   10  -63
3714 750   10  -51
3724 755   10  -38
3734 758   10  -25
3744 759   10  -11
3755 760   10    1
99999 0 0 0 
3765 761   10   13
3775 762   10   23
3785 762  125   31
3795 763  125   36
3806 761  125   39
3816 694  125   41
3826 681  125   42
3836 688  125   42
3846 701  125   43
3857 710  125   43
3867 693  125   43
3878 645  125   44
3888 607  125   49
3898 579  125   58
3908 569  104   68
3918 573   80   78
3928 590   50   88
3938 631   31   98
3948 660   31  108
3958 701   31  119
3968 722   31  129
3978 731   31  140
3988 737   31  149
3998 740   31  159
4008 742   31  167
4018 744   31  176
4028 745   31  184
4038 746   31  193
4048 747 -125  199
4058 747 -125  206
4068 747 -125  212
4078 719 -125  218
4088 645 -125  223
4098 639 -125  226
4108 654 -125  231
4118 675 -125  235
4128 693 -125  237
4138 696 -125  238
4148 666 -125  238
4158 617 -125  238
4168 584 -125  232
4178 573 -125  219
4188 585 -125  205
4198 611 -125  191
4208 639 -125  175
4218 661 -125  157
4228 677 -125  137
4238 683 -125  117
4248 683 -125   99
4258 683 -125   77
4268 684 -125   57
4278 688 -125   34
4288 694 -125   11
4298 700 -125  -13
4308 704   83  -27
4318 691   83  -37
4328 662   83  -51
4338 619   83  -65
4348 628   83  -77
4358 650   83  -93
4368 672   83 -109
4378 680   83 -124
4388 648   83 -135
4398 604   83 -140
4408 576   33 -140
4418 567   10 -140
4428 645   10 -136
4438 689   10 -125
4448 725   10 -112
4458 741   10 -103
4468 750   10  -90
4478 754   10  -78
4488 756   10  -66
4498 758   10  -54
4508 759   10  -41
99999 0 0 0 
4518 760   10  -30
4529 761  126  -17
4539 761  126   -6
4549 714  126    2
4559 684  126    8
4569 686  126   14
4579 698  126   17
4589 709  126   21
4599 720  126   28
4609 723  126   28
4619 697  126   30
4629 648  126   36
4639 608  126   44
4649 580  126   53
4659 573  116   64
4669 584   88   75
4679 606   59   85
4689 627   31   95
4699 646   31  105
4709 668   31  116
4719 707   31  127
4729 724   31  139
4739 732   31  150
4749 737   31  159
4759 740   31  170
4769 742   31  180
4779 744   31  189
4789 745   31  197
4799 746 -126  205
4809 747 -126  213
4819 677 -126  220
4829 616 -126  223
4839 616 -126  228
4849 637 -126  233
4859 662 -126  236
4869 683 -126  238
4879 691 -126  239
4889 669 -126  239
4899 624 -126  239
4909 588 -126  234
4919 573 -126  221
4929 582 -126  208
4939 606 -126  193
4949 634 -126  177
4959 658 -126  160
4969 674 -126  141
4979 681 -126  121
4989 682 -126  103
4999 682 -126   81
5009 683 -126   60
5019 687 -126   37
5029 692 -126   13
5039 698 -126  -10
5049 704   84  -25
5059 694   84  -36
5069 644   84  -49
5079 614   84  -63
5089 630   84  -75
5099 653   84  -90
5109 674   84 -105
5119 677   84 -119
5129 640   84 -128
5139 597   67 -132
5149 572   24 -132
5159 611   10 -131
5169 686   10 -123
5179 722   10 -111
5189 739   10 -102
5199 748   10  -89
5209 753   10  -77
5219 755   10  -65
5229 757   10  -53
5239 758   10  -41
5249 759   10  -30
99999 0 0 0 
5259 760   10  -19
5269 760   10   -9
5279 761  126   -1
5290 704  126    5
5301 687  126    9
5311 693  126   13
5321 704  126   15
5331 715  126   22
5341 719  126   23
5351 696  126   24
5361 653  126   27
5371 614  126   35
5381 586  126   44
5391 572  126   55
5401 578  116   65
5411 597   88   74
5421 618   61   84
5431 655   37   93
5441 679   31  104
5451 705   31  114
5461 723   31  125
5471 731   31  135
5481 736   31  143
5491 739   31  153
5501 741   31  161
5511 743   31  170
5521 744   31  177
5531 745   31  186
5541 746   31  193
5551 746 -126  200
5561 746 -126  205
5571 734 -126  212
5581 648 -126  217
5591 637 -126  220
5601 652 -126  225
5611 672 -126  229
5621 690 -126  231
5631 695 -126  232
5641 670 -126  232
5651 621 -126  232
5661 587 -126  227
5671 572 -126  215
5681 581 -126  201
5691 605 -126  187
5701 634 -126  171
5711 658 -126  154
5721 674 -126  133
5731 681 -126  116
5741 682 -126   99
5751 681 -126   77
5761 681 -126   56
5771 684 -126   33
5781 690 -126    9
5791 697   84  -14
5801 701   84  -27
5811 622   84  -38
5821 600   84  -49
5831 619   84  -59
5841 645   84  -71
5851 669   84  -83
5861 682   84  -94
5871 655   84 -103
5881 612   67 -106
5891 581   15 -106
5901 649   10 -106
5911 701   10  -99
5921 729   10  -88
5931 743   10  -79
5941 750   10  -67
5951 753   10  -55
5961 756   10  -43
5971 757   10  -31
5981 758   10  -20
99999 0 0 0 
5991 759   10   -8
6001 760   10    3
6012 760  126   12
6023 761  126   19
6033 761  126   23
6043 716  126   25
6053 684  126   27
6063 684  126   27
6073 695  126   27
6083 706  126   29
6093 704  126   29
6103 669  126   29
6113 629  126   32
6123 597  126   39
6133 574  126   48
6143 567  126   59
6153 577  105   69
6163 597   80   79
6173 616   56   88
6183 637   31   97
6193 674   31  108
6203 695   31  118
6213 718   31  129
6223 728   31  140
6233 734   31  149
6243 737   31  159
6253 740   31  168
6263 741   31  177
6273 743   31  185
6283 745   31  193
6293 745 -126  201
6303 745 -126  207
6313 672 -126  213
6323 625 -126  217
6333 629 -126  221
6343 650 -126  226
6353 670 -126  229
6363 689 -126  231
6373 693 -126  232
6383 662 -126  232
6393 614 -126  232
6403 583 -126  225
6413 572 -126  213
6423 585 -126  199
6433 611 -126  184
6443 636 -126  169
6453 661 -126  150
6463 675 -126  129
6473 681 -126  113
6483 681 -126   95
6493 680 -126   74
6503 681 -126   52
6513 684 -126   29
6523 690 -126    6
6533 697   84  -17
6543 683   84  -29
6553 600   84  -39
6563 600   84  -50
6573 623   84  -58
6583 651   84  -70
6593 674   84  -81
6603 680   84  -91
6613 646   76  -97
6623 603   41  -99
6633 586    6  -99
6643 644   10  -98
6653 686   10  -87
6663 722   10  -75
6673 739   10  -65
6683 748   10  -52
6693 752   10  -39
6703 754   10  -27
6713 757   10  -13
6723 757   10    0
99999 0 0 0 
6733 758   10   11
6743 759   10   21
6754 759  126   29
6764 760  126   36
6774 760  126   40
6784 697  126   41
6794 677  126   43
6804 682  126   43
6814 694  126   43
6824 706  126   45
6834 700  126   45
6844 661  126   45
6854 622  126   48
6864 589  126   56
6874 570  113   65
6884 567   86   76
6894 580   59   86
6904 609   31   96
6914 654   31  105
6924 687   31  116
6934 715   31  126
6944 727   31  137
6954 733   31  147
6964 737   31  156
6974 739   31  165
6984 740   31  173
6994 742   31  181
7004 743   31  189
7014 744 -126  196
7024 744 -126  203
7034 743 -126  209
7044 743 -126  215
7054 659 -126  221
7064 634 -126  224
7074 644 -126  229
7084 663 -126  233
7094 682 -126  235
7104 695 -126  237
7114 680 -126  237
7124 636 -126  237
7134 594 -126  235
7144 572 -126  223
7154 576 -126  209
7164 597 -126  195
7174 625 -126  180
7184 651 -126  163
7194 669 -126  144
7204 679 -126  124
7214 681 -126  108
7224 680 -126   87
7234 680 -126   65
7244 683 -126   42
7254 688 -126   19
7264 694 -126   -4
7274 701   84  -23
7284 695   84  -33
7294 673   84  -45
7304 622   84  -59
7314 615   84  -74
7324 634   84  -87
7334 657   84 -103
7344 675   84 -118
7354 659   84 -131
7364 616   84 -139
7374 577   58 -140
7384 560    0 -140
7394 590   10 -139
7404 621   10 -128
7414 686   10 -116
7424 721   10 -104
7434 738   10  -93
7445 747   10  -80
7455 751   10  -67
7465 754   10  -55
7475 755   10  -43
99999 0 0 0 
7485 756   10  -30
7495 757   10  -18
7506 759  126   -5
7516 736  126    4
7526 684  126   10
7536 682  126   16
7546 691  126   20
7556 703  126   23
7566 714  126   27
7576 721  126   31
7586 705  126   32
7596 652  126   37
7606 616  126   44
7616 583  126   53
7626 569  118   64
7636 574   91   73
7646 594   64   84
7656 616   37   93
7666 646   31  103
7676 660   31  113
7686 702   31  124
7696 719   31  136
7706 729   31  147
7716 733   31  155
7726 737   31  165
7736 739   31  175
7746 740   31  184
7756 741   31  192
7766 743   31  199
7778 744 -126  209
7788 681 -126  215
7798 617 -126  219
7808 616 -126  223
7818 637 -126  227
7828 660 -126  230
7838 681 -126  232
7848 691 -126  233
7858 672 -126  233
7868 627 -126  233
7878 585 -126  229
7888 570 -126  216
7898 578 -126  203
7908 602 -126  189
7918 629 -126  173
7928 654 -126  156
7938 670 -126  136
7948 678 -126  118
7958 680 -126  101
7968 679 -126   80
7978 679 -126   58
7988 682 -126   36
7998 688 -126   13
8008 694 -126  -11
8018 698   84  -26
8028 689   84  -37
8038 651   84  -49
8048 612   84  -63
8058 624   84  -75
8068 647   84  -91
8078 669   84 -106
8088 674   84 -120
8098 639   84 -130
8108 600   77 -134
8118 572   24 -134
8128 588   10 -134
8138 675   10 -127
8148 716   10 -115
8158 734   10 -105
8168 745   10  -93
8178 750   10  -81
8188 753   10  -69
8198 754   10  -57
8208 756   10  -46
99999 0 0 0 
8218 756   10  -34
8228 757   10  -23
8239 758  126  -11
8249 759  126   -3
8259 705  126    3
8269 684  126    8
8279 689  126   12
8289 699  126   14
8299 710  126   18
8309 717  126   25
8319 706  126   25
8329 665  126   26
8339 622  126   33
8349 591  126   43
8359 573  126   53
8369 577  116   64
8379 593   91   73
8389 613   61   84
8399 644   37   93
8409 677   31  104
8419 701   31  115
8429 719   31  125
8439 729   31  136
8449 733   31  145
8459 737   31  155
8469 739   31  164
8479 740   31  173
8489 741   31  181
8499 743   31  189
8509 744   31  197
8519 744 -126  203
8529 658 -126  209
8539 623 -126  213
8549 631 -126  217
8559 652 -126  221
8569 673 -126  225
8579 690 -126  227
8589 686 -126  227
8599 647 -126  227
8609 603 -126  227
8619 576 -126  217
8629 571 -126  205
8639 588 -126  191
8649 614 -126  175
8659 641 -126  160
8669 662 -126  140
8679 674 -126  122
8689 679 -126  105
8699 678 -126   85
8709 677 -126   64
8719 679 -126   43
8729 683 -126   20
8739 689 -126   -3
8749 696   84  -22
8759 691   84  -32
8769 670   84  -43
8779 622   84  -57
8789 612   84  -71
8799 631   84  -85
8809 654   84 -100
8819 673   84 -115
8829 661   84 -129
8839 619   84 -136
8850 580   50 -138
8860 560    5 -138
8870 634   10 -137
8880 697   10 -127
8890 725   10 -115
8900 739   10 -107
8910 746   10  -95
8920 750   10  -83
8930 753   10  -73
8940 753   10  -62
8950 755   10  -51
8960 756   10  -41
99999 0 0 0 
8970 755   10  -31
8980 758   10  -23
8990 759  126  -16
9000 759  126  -11
9010 739  126   -7
9021 688  126   -2
9031 685  126    1
9041 694  126    4
9051 705  126   12
9062 709  126   13
9072 683  126   16
9083 641  126   21
9093 612  126   28
9103 590  126   37
9113 577  126   47
9123 582  126   57
9133 598  113   66
9143 615   88   75
9153 624   59   85
9163 624   31   95
9173 641   31  105
9183 676   31  117
9193 701   31  129
9203 719   31  141
9213 729   31  149
9223 734   31  160
9233 737   31  170
9243 739   31  179
9253 741   31  188
9263 742   31  197
9273 743 -126  205
9283 743 -126  212
9293 743 -126  219
9303 658 -126  225
9313 625 -126  229
9323 635 -126  235
9333 654 -126  239
9343 675 -126  243
9353 690 -126  245
9363 680 -126  246
9373 636 -126  246
9383 597 -126  246
9393 571 -126  236
9403 570 -126  223
9413 588 -126  209
9423 616 -126  194
9433 642 -126  177
9443 662 -126  160
9453 674 -126  140
9463 679 -126  120
9473 678 -126  102
9483 678 -126   81
9493 680 -126   59
9503 686 -126   36
9513 690 -126   13
9523 697 -126  -11
9533 702   84  -26
9543 690   84  -37
9553 633   84  -49
9563 613   84  -63
9573 629   84  -75
9583 652   84  -90
9593 672   84 -105
9603 670   84 -119
9613 632   84 -127
9623 591   59 -130
9633 567   15 -130
9643 586   10 -130
9653 616   10 -119
9663 676   10 -107
9673 716   10  -95
9683 735   10  -83
9693 744   10  -70
9703 750   10  -57
9713 752   10  -43
9723 753   10  -30
99999 0 0 0 
9733 755   10  -17
9743 756   10   -4
9754 756  126    7
9764 753  126   15
9774 689  126   21
9784 681  126   25
9794 688  126   29
9804 700  126   30
9814 711  126   36
9824 715  126   36
9835 693  126   37
9845 641  126   40
9855 600  126   48
9866 574  126   57
9876 567  107   69
9886 576   80   77
9896 594   53   87
9906 613   31   97
9916 654   31  107
9926 673   31  117
9936 706   31  128
9946 721   31  139
9956 728   31  149
9966 733   31  158
9976 735   31  167
9986 738   31  177
9996 739   31  185
10006 740   31  193
10016 741 -126  201
10026 742 -126  208
10036 704 -126  214
10046 626 -126  219
10056 621 -126  222
10066 639 -126  227
10076 661 -126  231
10086 681 -126  233
10096 690 -126  234
10106 670 -126  234
10116 623 -126  234
10126 586 -126  231
10136 570 -126  219
10146 576 -126  205
10156 600 -126  191
10166 627 -126  176
10176 650 -126  158
10186 667 -126  139
10196 676 -126  120
10206 677 -126  103
10216 677 -126   83
10226 677 -126   61
10236 680 -126   39
10246 686 -126   17
10256 691 -126   -7
10266 698   84  -24
10276 690   84  -34
10286 666   84  -45
10296 612   84  -59
10306 621   84  -71
10316 643   84  -85
10326 665   84 -100
10336 678   84 -114
10346 648   84 -125
10356 604   84 -131
10366 573   41 -131
10376 562   10 -131
10386 662   10 -125
10396 708   10 -114
10406 730   10 -103
10416 742   10  -92
10426 748   10  -80
10436 751   10  -68
10446 753   10  -55
10456 754   10  -44
99999 0 0 0 
10466 756   10  -32
10476 755   10  -21
10487 756  126  -10
10497 757  126   -1
10508 706  126    5
10518 682  126    9
10528 685  126   13
10538 696  126   16
10548 706  126   19
10558 714  126   24
10568 704  126   24
10578 664  126   27
10588 621  126   33
10598 590  126   42
10608 570  126   53
10618 569  121   62
10628 586   91   73
10638 606   69   81
10648 636   40   92
10658 669   31  101
10668 693   31  112
10678 715   31  122
10688 725   31  133
10698 730   31  141
10708 734   31  150
10718 736   31  159
10728 738   31  168
10738 739   31  175
10748 741   31  184
10758 741   31  191
10768 742 -126  197
10778 741 -126  204
10788 740 -126  209
10798 657 -126  215
10808 632 -126  217
10818 641 -126  222
10828 660 -126  226
10838 680 -126  229
10848 691 -126  231
10858 677 -126  231
10868 630 -126  231
10878 590 -126  230
10888 569 -126  217
10898 570 -126  205
10908 591 -126  191
10918 620 -126  176
10928 646 -126  159
10938 665 -126  140
10948 675 -126  121
10958 679 -126  104
10968 677 -126   84
10978 676 -126   63
10988 678 -126   39
10998 684 -126   17
11008 689 -126   -6
11018 695   84  -24
11028 640   84  -35
11038 594   84  -45
11048 607   84  -55
11058 631   84  -66
11068 656   84  -78
11078 676   84  -89
11088 667   84  -99
11098 623   77 -104
11108 583   33 -105
11118 613    0 -105
11128 664   10 -101
11138 704   10  -91
11148 729   10  -79
11158 741   10  -70
11168 747   10  -58
11178 751   10  -46
11188 753   10  -33
11198 754   10  -21
11208 755   10   -9
99999 0 0 0 
11218 755   10    2
11228 756   10   12
11239 757  126   21
11249 757  126   26
11260 733  126   29
11270 680  126   32
11281 675  126   33
11291 685  126   33
11301 697  126   37
11311 704  126   37
11322 683  126   37
11333 631  126   37
11343 595  126   44
11353 570  126   52
11364 560  124   61
11374 568   94   72
11384 586   69   81
11394 607   45   91
11404 637   31  100
11414 677   31  110
11424 701   31  120
11434 717   31  131
11444 726   31  141
11454 731   31  149
11464 734   31  158
11474 736   31  167
11484 738   31  175
11494 740   31  183
11504 741   31  191
11514 741 -126  197
11524 741 -126  203
11534 662 -126  209
11544 622 -126  213
11554 629 -126  217
11564 648 -126  221
11574 669 -126  225
11584 687 -126  226
11594 687 -126  227
11604 654 -126  226
11614 607 -126  226
11624 576 -126  218
11634 568 -126  205
11644 583 -126  191
11654 609 -126  177
11664 636 -126  161
11674 658 -126  141
11684 672 -126  123
11694 677 -126  107
11704 677 -126   87
11714 677 -126   65
11724 676 -126   44
11734 680 -126   21
11744 686 -126   -2
11754 692   84  -22
11764 660   84  -32
11774 595   84  -43
11784 603   84  -53
11794 626   84  -63
11804 652   84  -75
11814 673   84  -86
11824 670   84  -96
11834 630   77 -102
11844 590   41 -103
11854 593    0 -103
11864 644   10 -101
11874 687   10  -90
11884 721   10  -79
11894 737   10  -69
11904 745   10  -57
11914 749   10  -44
11924 752   10  -31
11934 753   10  -19
11944 754   10   -6
99999 0 0 0 
11954 754   10    5
11964 755   10   16
11975 756  126   25
11985 756  126   31
11995 755  126   34
12005 690  126   37
12015 675  126   37
12025 680  126   38
12035 693  126   38
12045 704  126   41
12055 697  126   41
12065 656  126   41
12075 613  126   44
12085 582  126   51
12095 565  126   60
12105 563  102   69
12115 574   72   80
12126 601   42   91
12136 622   31  100
12146 663   31  109
12156 694   31  120
12166 714   31  131
12176 725   31  141
12186 730   31  150
12196 733   31  159
12206 736   31  168
12216 738   31  176
12226 739   31  184
12236 739   31  192
12246 741 -126  199
12256 741 -126  205
12266 736 -126  211
12276 640 -126  217
12286 625 -126  220
12296 638 -126  224
12306 659 -126  228
12316 679 -126  231
12326 690 -126  232
12336 676 -126  232
12346 629 -126  232
12356 589 -126  231
12366 568 -126  219
12376 569 -126  205
12386 591 -126  192
12396 618 -126  177
12406 645 -126  160
12416 664 -126  140
12426 675 -126  121
12436 677 -126  105
12446 676 -126   85
12456 675 -126   64
12466 677 -126   41
12476 682 -126   19
12486 686 -126   -5
12496 694   84  -23
12506 689   84  -33
12516 665   84  -44
12526 611   84  -59
12536 613   84  -71
12546 634   84  -85
12556 658   84 -100
12566 673   84 -115
12576 652   84 -127
12586 610   84 -134
12596 574   50 -135
12606 556    0 -135
12616 606   10 -132
12626 642   10 -121
12636 700   10 -108
12646 726   10  -98
12656 739   10  -86
12666 746   10  -73
12676 750   10  -61
12686 751   10  -48
12696 753   10  -35
99999 0 0 0 
12706 754   10  -23
12716 754   10  -11
12726 755  127    2
12736 730  127    9
12746 680  127   15
12756 677  127   21
12766 687  127   24
12776 699  127   27
12786 710  127   33
12796 716  127   35
12806 699  127   35
12818 641  127   41
12828 600  127   48
12838 573  127   58
12848 566  103   69
12858 576   75   79
12868 596   48   89
12878 616   31   99
12888 658   31  109
12898 679   31  119
12908 709   31  131
12918 722   31  141
12928 728   31  152
12938 732   31  161
12948 734   31  170
12958 736   31  179
12968 738   31  188
12978 739   31  195
12988 740 -127  204
12998 740 -127  211
13008 681 -127  217
13018 618 -127  222
13028 619 -127  225
13038 637 -127  229
13048 660 -127  233
13058 680 -127  236
13068 687 -127  237
13078 664 -127  237
13088 617 -127  237
13098 580 -127  233
13108 565 -127  220
13118 574 -127  207
13128 597 -127  193
13138 625 -127  177
13148 650 -127  160
13158 666 -127  141
13168 674 -127  121
13178 675 -127  105
13188 675 -127   84
13198 675 -127   63
13208 678 -127   40
13218 683 -127   17
13228 689 -127   -6
13238 696   84  -23
13248 689   84  -34
13258 649   84  -46
13268 607   84  -59
13278 619   84  -71
13288 641   84  -85
13298 664   84 -100
13308 674   84 -113
13318 642   84 -124
13328 598   84 -129
13338 568   33 -129
13348 556   10 -129
13358 554   10 -122
13368 608   10 -109
13378 682   10  -96
13388 717   10  -85
13398 734   10  -72
13408 743   10  -59
13418 747   10  -45
13428 750   10  -31
99999 0 0 0 
13438 751   10  -18
13448 752   10   -5
13459 753  127    7
13469 754  127   16
13479 695  127   23
13489 677  127   27
13499 682  127   31
13509 694  127   33
13519 705  127   34
13529 712  127   39
13540 699  127   39
13550 654  127   41
13561 605  127   49
13572 573  127   59
13583 561  106   69
13593 569   73   80
13603 588   48   89
13613 609   31   99
13623 666   31  109
13633 703   31  119
13643 719   31  129
13653 726   31  139
13663 730   31  149
13673 734   31  157
13683 735   31  165
13693 737   31  173
13703 737   31  181
13713 738   31  189
13723 739 -127  196
13733 739 -127  202
13743 723 -127  208
13753 635 -127  213
13763 625 -127  216
13773 640 -127  220
13783 660 -127  224
13793 679 -127  226
13803 689 -127  227
13813 669 -127  227
13823 620 -127  227
13833 583 -127  224
13843 567 -127  212
13853 572 -127  198
13863 595 -127  184
13873 622 -127  169
13883 648 -127  151
13893 665 -127  130
13903 674 -127  113
13913 676 -127   97
13923 676 -127   76
13933 674 -127   55
13943 675 -127   32
13953 681 -127    9
13963 687   84  -13
13973 690   84  -27
13983 681   84  -37
13993 655   84  -49
14003 606   84  -64
14013 612   84  -77
14023 634   84  -91
14033 658   84 -107
14043 670   84 -121
14053 645   84 -133
14063 598   84 -139
14073 566   41 -139
14083 552   10 -139
14093 652   10 -136
14103 702   10 -125
14113 726   10 -115
14123 738   10 -105
14133 745   10  -94
14143 749   10  -83
14153 750   10  -71
14163 752   10  -61
99999 0 0 0 
14173 753   10  -50
14183 753   10  -39
14194 754  127  -28
14204 755  127  -19
14214 712  127  -11
14224 676  127   -5
14234 675  127    1
14244 686  127    5
14254 699  127    9
14264 709  127   17
14274 713  127   20
14284 697  127   21
14294 652  127   27
14304 610  127   35
14314 579  127   45
14324 569  127   56
14334 577  111   66
14345 598   81   77
14355 620   53   87
14365 645   31   97
14375 667   31  108
14385 698   31  119
14395 715   31  129
14405 724   31  140
14415 729   31  149
14425 732   31  159
14435 735   31  169
14445 737   31  177
14455 738   31  185
14465 739   31  193
14475 740 -127  201
14485 740 -127  208
14495 740 -127  214
14505 655 -127  220
14515 622 -127  223
14525 630 -127  228
14535 649 -127  233
14545 670 -127  237
14555 685 -127  238
14565 681 -127  239
14575 641 -127  239
14585 597 -127  238
14595 569 -127  229
14605 564 -127  217
14615 580 -127  203
14625 607 -127  188
14635 634 -127  172
14645 656 -127  155
14655 670 -127  133
14665 674 -127  116
14675 675 -127   99
14685 674 -127   77
14695 675 -127   56
14705 679 -127   33
14715 684 -127   10
14725 690   84  -13
14735 694   84  -25
14745 680   84  -35
14755 624   84  -46
14765 609   84  -59
14775 629   84  -70
14785 652   84  -83
14795 671   84  -97
14805 672   84 -109
14815 632   84 -117
14825 589   59 -120
14835 562   15 -120
14845 620   10 -120
14855 684   10 -111
14865 718   10  -99
14875 735   10  -91
14885 743   10  -79
14895 747   10  -67
14905 750   10  -55
14915 751   10  -42
14925 753   10  -30
99999 0 0 0 
14935 753   10  -19
14945 754   10   -7
14956 754  127    3
14966 755  127   10
14976 755  127   15
14987 725  127   18
14998 681  127   21
15008 679  127   21
15018 688  127   21
15028 699  127   25
15038 700  127   25
15048 671  127   25
15058 629  127   29
15068 596  127   36
15078 572  127   44
15088 561  127   54
15098 568  117   64
15108 587   92   74
15118 606   64   83
15128 619   40   93
15138 631   31  103
15148 646   31  113
15158 691   31  125
15168 712   31  136
15178 722   31  145
15188 728   31  156
15198 732   31  165
15208 734   31  175
15218 736   31  184
15228 737   31  192
15238 738   31  199
15248 739 -127  207
15258 675 -127  214
15268 606 -127  218
15278 604 -127  221
15288 624 -127  225
15298 648 -127  229
15308 670 -127  231
15318 683 -127  232
15328 670 -127  232
15338 625 -127  231
15348 585 -127  229
15358 564 -127  217
15368 569 -127  203
15378 590 -127  189
15388 619 -127  174
15398 644 -127  157
15408 662 -127  139
15418 672 -127  120
15428 674 -127  103
15438 674 -127   83
15448 672 -127   61
15458 674 -127   39
15468 680 -127   17
15478 685 -127   -6
15488 691   84  -23
15498 685   84  -33
15508 646   84  -45
15518 604   84  -58
15528 618   84  -69
15538 640   84  -83
15548 663   84  -98
15558 673   84 -111
15568 640   84 -121
15578 593   77 -126
15588 563   33 -126
15598 585   10 -126
15608 672   10 -119
15618 711   10 -108
15628 731   10  -98
15638 742   10  -87
15648 746   10  -75
15658 749   10  -63
15668 750   10  -51
15678 752   10  -39
99999 0 0 0 
15688 752   10  -28
15698 753   10  -17
15709 754  127   -6
15719 754  127    2
15729 696  127    7
15739 676  127   12
15749 680  127   15
15759 691  127   17
15769 702  127   20
15779 710  127   25
15789 700  127   25
15799 655  127   27
15809 613  127   33
15819 582  127   42
15829 562  127   52
15839 563  122   63
15849 580   95   73
15859 601   70   81
15870 638   40   92
15880 665   31  101
15890 694   31  112
15900 712   31  123
15910 722   31  133
15920 728   31  141
15930 731   31  150
15940 733   31  159
15950 735   31  168
15960 737   31  175
15970 738   31  184
15980 738   31  191
15990 739 -127  197
16000 739 -127  203
16010 731 -127  209
16020 641 -127  214
16030 626 -127  217
16040 638 -127  221
16050 658 -127  225
16060 677 -127  227
16070 688 -127  229
16080 670 -127  229
16090 621 -127  229
16100 582 -127  225
16110 564 -127  213
16120 567 -127  200
16130 590 -127  186
16140 618 -127  171
16150 644 -127  153
16160 662 -127  133
16170 672 -127  116
16180 674 -127  100
16190 673 -127   79
16200 673 -127   58
16210 674 -127   36
16220 678 -127   13
16230 684 -127   -9
16240 688   84  -25
16250 615   84  -36
16260 586   84  -47
16270 603   84  -55
16280 630   84  -67
16290 654   84  -79
16300 672   84  -90
16310 657   84  -99
16320 610   68 -103
16331 572   24 -104
16341 637    0 -104
16351 684   10  -99
16361 717   10  -87
16371 733   10  -78
16381 743   10  -67
16391 747   10  -56
16401 749   10  -44
16411 751   10  -32
16421 752   10  -21
16431 752   10   -9
99999 0 0 0 
16441 753   10    1
16451 754   10   11
16463 754  127   19
16473 755  127   24
16483 705  127   27
16493 672  127   29
16503 672  127   29
16513 683  127   29
16523 696  127   33
16533 700  127   33
16544 672  127   33
16554 625  127   34
16564 590  127   41
16574 565  127   49
16584 556  127   59
16594 563  103   69
16604 581   78   79
16614 601   53   88
16624 630   31   97
16634 664   31  107
16644 689   31  117
16654 711   31  128
16664 721   31  138
16674 727   31  147
16684 730   31  156
16694 733   31  165
16704 735   31  173
16714 736   31  181
16724 737   31  189
16734 738 -127  197
16744 738 -127  202
16754 738 -127  208
16764 737 -127  214
16774 648 -127  220
16784 624 -127  222
16794 634 -127  227
16804 653 -127  231
16814 673 -127  234
16824 687 -127  235
16834 675 -127  235
16844 631 -127  235
16854 587 -127  235
16864 564 -127  223
16874 564 -127  210
16884 584 -127  196
16894 611 -127  181
16904 637 -127  165
16914 657 -127  147
16924 669 -127  127
16934 673 -127  110
16944 673 -127   91
16954 672 -127   69
16964 673 -127   47
16974 677 -127   25
16984 683 -127    2
16994 690   84  -19
17004 689   84  -30
17014 672   84  -41
17024 613   84  -54
17034 608   84  -67
17044 627   84  -79
17054 650   84  -94
17064 668   84 -108
17074 659   84 -121
17085 613   84 -128
17096 571   45 -130
17106 552    5 -130
17116 612   10 -127
17126 652   10 -116
17136 704   10 -103
17146 727   10  -94
17156 739   10  -81
17166 745   10  -68
17176 748   10  -55
17186 750   10  -43
17196 751   10  -31
17206 752   10  -19
99999 0 0 0 
17216 753   10   -7
17226 753   10    4
17237 754  127   12
17247 754  127   17
17259 700  127   21
17269 677  127   23
17279 680  127   24
17289 691  127   24
17299 702  127   30
17309 696  127   30
17319 661  127   29
17329 617  127   33
17339 587  127   40
17349 563  127   49
17359 558  127   60
17369 568  106   69
17379 587   81   79
17390 606   53   88
17400 645   31   98
17410 678   31  108
17420 703   31  119
17430 717   31  129
17440 724   31  138
17450 728   31  146
17460 732   31  155
17470 733   31  163
17480 735   31  171
17490 736   31  179
17500 737   31  187
17510 738 -127  193
17520 738 -127  199
17530 637 -127  205
17540 617 -127  207
17550 628 -127  212
17560 648 -127  216
17570 669 -127  219
17580 685 -127  220
17590 677 -127  220
17600 636 -127  220
17610 592 -127  219
17620 566 -127  208
17630 563 -127  195
17641 581 -127  181
17651 610 -127  165
17661 637 -127  148
17671 656 -127  128
17681 669 -127  112
17691 672 -127   95
17701 672 -127   75
17711 670 -127   53
17721 670 -127   32
17731 675 -127   10
17741 681   84  -13
17751 684   84  -25
17761 675   84  -35
17771 647   84  -48
17781 600   84  -62
17791 603   84  -75
17801 625   84  -89
17811 649   84 -104
17822 665   84 -119
17832 641   84 -131
17843 595   84 -138
17854 559   45 -139
17865 569    0 -139
17875 669   10 -133
17885 711   10 -123
17895 729   10 -114
17905 739   10 -103
17915 745   10  -93
17925 747   10  -83
17935 749   10  -72
17945 750   10  -62
17955 751   10  -52
99999 0 0 0 
17965 752   10  -43
17975 752   10  -34
17986 753  127  -26
17997 754  127  -19
18009 739  127  -13
18019 681  127   -8
18029 673  127   -4
18039 681  127   -1
18049 693  127    5
18059 702  127    9
18069 698  127   12
18079 668  127   16
18089 626  127   22
18100 596  127   30
18110 573  127   41
18121 569  127   51
18131 581  125   61
18141 599  100   71
18151 613   73   80
18161 617   48   90
18171 625   31  100
18181 654   31  112
18191 679   31  123
18201 705   31  134
18211 719   31  145
18221 726   31  154
18231 730   31  164
18241 732   31  173
18251 734   31  182
18261 736   31  191
18271 737   31  200
18281 737 -127  207
18291 738 -127  213
18301 737 -127  220
18311 736 -127  227
18321 651 -127  233
18331 622 -127  236
18341 631 -127  241
18351 650 -127  246
18361 670 -127  249
18371 682 -127  251
18381 666 -127  252
18391 620 -127  252
18401 580 -127  251
18411 560 -127  241
18421 560 -127  227
18431 580 -127  213
18441 608 -127  199
18451 633 -127  183
18461 653 -127  166
18471 665 -127  148
18481 668 -127  126
18491 669 -127  109
18501 669 -127   88
18511 672 -127   67
18521 676 -127   44
18531 682 -127   21
18541 689 -127   -3
18551 695   84  -22
18561 689   84  -31
18571 618   84  -43
18581 596   84  -55
18591 615   84  -65
18601 639   84  -79
18611 662   84  -91
18621 670   84 -103
18631 636   84 -113
18641 589   77 -116
18651 558   15 -116
18661 621   10 -116
18671 684   10 -110
18681 717   10  -99
18691 733   10  -91
18701 741   10  -80
18711 746   10  -69
18721 748   10  -58
18731 750   10  -47
18741 751   10  -35
18751 752   10  -25
99999 0 0 0 
18761 752   10  -14
18771 753   10   -4
18782 754  127    4
18793 754  127   10
18803 719  127   13
18813 673  127   17
18823 669  127   19
18833 680  127   19
18843 692  127   23
18853 700  127   25
18863 686  127   25
18873 640  127   25
18883 599  127   32
18893 571  127   39
18903 552  127   49
18914 552  127   59
18924 572  106   69
18934 594   81   77
18944 613   56   87
18954 639   31   96
18964 657   31  105
18974 690   31  116
18984 707   31  127
18994 718   31  136
19004 725   31  144
19014 729   31  153
19024 731   31  162
19034 733   31  170
19044 734   31  177
19054 736   31  185
19064 737 -127  193
19074 737 -127  198
19084 737 -127  204
19094 653 -127  209
19104 619 -127  213
19114 627 -127  217
19124 645 -127  221
19134 666 -127  224
19144 681 -127  225
19154 679 -127  225
19164 640 -127  225
19174 593 -127  225
19184 563 -127  216
19194 557 -127  203
19204 573 -127  189
19214 600 -127  174
19224 627 -127  157
19234 649 -127  138
19244 663 -127  121
19254 670 -127  105
19264 670 -127   85
19274 669 -127   65
19284 669 -127   43
19294 672 -127   21
19304 677 -127   -2
19314 682   85  -21
19324 638   85  -31
19334 577   85  -42
19344 585   85  -52
19354 611   85  -61
19364 638   85  -72
19374 660   85  -83
19384 661   85  -92
19394 623   68  -99
19404 576   51 -100
19414 577    0  -99
19424 618   10  -98
19434 669   10  -87
19444 711   10  -75
19454 730   10  -67
19464 740   10  -54
19474 745   10  -42
19484 748   10  -29
19494 750   10  -17
19504 750   10   -4
19514 751   10    7
99999 0 0 0 
19524 752   10   16
19534 752   10   24
19544 753  127   31
19554 753  127   35
19564 680  127   37
19574 662  127   39
19585 668  127   39
19595 681  127   39
19605 694  127   40
19616 691  127   40
19628 641  127   40
19638 595  127   44
19648 561  127   51
19658 546  127   60
19668 544  103   69
19678 557   75   80
19688 580   48   89
19698 597   31   97
19708 650   31  107
19718 676   31  117
19728 703   31  127
19738 716   31  137
19748 723   31  146
19758 726   31  154
19768 729   31  163
19778 731   31  171
19788 732   31  178
19798 734   31  187
19808 735 -127  193
19818 736 -127  199
19828 697 -127  205
19838 616 -127  210
19848 610 -127  213
19858 626 -127  217
19868 648 -127  221
19878 668 -127  223
19888 681 -127  223
19898 665 -127  223
19908 616 -127  223
19918 574 -127  220
19928 553 -127  208
19938 556 -127  195
19948 577 -127  181
19958 605 -127  165
19968 632 -127  148
19978 652 -127  129
19988 664 -127  112
19998 667 -127   96
20008 667 -127   76
20018 665 -127   55
20028 666 -127   33
20038 669 -127   11
20048 676   85  -12
20058 681   85  -28
20068 675   85  -38
20078 648   85  -49
20088 591   85  -62
20098 601   85  -73
20108 624   85  -87
20118 646   85 -101
20128 661   85 -115
20138 636   85 -126
20148 589   85 -131
20158 550   33 -131
20168 544   10 -131
20178 626   10 -127
20188 680   10 -116
20198 712   10 -105
20208 732   10  -95
20218 740   10  -83
20228 745   10  -71
20238 747   10  -59
20248 749   10  -47
20258 750   10  -36
99999 0 0 0 
20268 751   10  -24
20279 752  127  -12
20290 752  127   -2
20300 685  127    6
20310 661  127   11
20320 665  127   17
20330 678  127   20
20340 690  127   22
20350 702  127   28
20360 704  127   29
20370 679  127   31
20380 625  127   36
20390 580  127   44
20400 552  127   53
20410 543  119   63
20420 552   92   73
20430 573   64   83
20440 594   40   92
20450 607   31  101
20460 646   31  112
20470 689   31  122
20480 708   31  133
20490 717   31  143
20500 723   31  152
20510 726   31  161
20520 729   31  170
20530 731   31  179
20540 732   31  186
20550 734   31  193
20560 735 -127  201
20570 639 -127  207
20580 587 -127  210
20590 591 -127  214
20600 613 -127  218
20610 638 -127  221
20620 660 -127  222
20630 671 -127  222
20640 652 -127  222
20650 603 -127  222
20660 563 -127  217
20670 542 -127  205
20680 546 -127  192
20690 569 -127  178
20700 599 -127  163
20710 626 -127  145
20720 646 -127  126
20730 658 -127  111
20740 661 -127   93
20750 661 -127   73
20760 658 -127   53
20770 658 -127   31
20780 663 -127    9
20790 668   85  -13
20800 673   85  -27
20810 665   85  -37
20820 605   85  -49
20830 577   85  -62
20840 593   85  -72
20850 618   85  -86
20860 644   85 -100
20870 652   85 -113
20880 613   85 -123
20890 565   77 -126
20900 527   15 -127
20910 590    0 -126
20920 674   10 -120
20930 710   10 -109
20940 729   10 -101
20950 738   10  -90
20960 743   10  -79
20970 746   10  -69
20980 748   10  -58
20990 749   10  -47
21000 750   10  -38
99999 0 0 0 
21010 751   10  -28
21020 751   10  -19
21031 752  127  -11
21041 753  127   -6
21051 733  127   -1
21061 672  127    2
21071 660  127    5
21081 668  127    7
21091 680  127   13
21101 690  127   18
21111 674  127   18
21121 631  127   19
21131 591  127   24
21141 559  127   32
21151 536  127   40
21161 528  127   49
21171 537  127   58
21181 555  108   67
21191 573   86   76
21201 581   62   84
21211 577   37   93
21221 617   31  103
21231 639   31  113
21241 682   31  123
21251 702   31  133
21261 713   31  141
21271 719   31  149
21281 723   31  158
21291 725   31  166
21301 728   31  175
21311 729   31  182
21321 730   31  189
21331 730   22  195
21341 729   23  201
21351 727   23  206
21361 732   22  212
21371 735   22  217
21381 738   22  221
21392 739   22  225
21403 740   22  229
21413 741 -127  232
21423 741 -127  235
21433 659 -127  237
21443 604 -127  237
21453 603 -127  237
21463 622 -127  237
21473 642 -127  237
21483 663 -127  237
21493 678 -127  237
21504 664 -127  237
21514 617 -127  233
21524 569 -127  221
21534 541 -127  207
21544 542 -127  193
21554 562 -127  178
21564 590 -127  162
21574 617 -127  143
21584 639 -127  123
21594 655 -127  108
21604 661 -127   89
21614 660 -127   69
21624 656 -127   47
21634 654 -127   25
21644 655 -127    3
21654 661   85  -19
21664 608   85  -28
21674 532   85  -37
21684 528   85  -47
21694 548   85  -55
21704 576   85  -66
21714 603   85  -75
21724 618   85  -85
21734 582   77  -92
21745 500   51  -95
21755 468   13  -95
21765 500   10  -95
21775 590   10  -90
21785 670   10  -82
21795 709   10  -75
21805 728   10  -67
21815 738   10  -59
21825 725   10  -51
21835 682   10  -44
21845 698   10  -38
99999 0 0 0 
21855 725   10  -33
21865 737   10  -28
21876 744  129  -23
21886 746  129  -19
21896 727  129  -15
21906 607  129  -12
21916 564  129   -8
21926 555  129    0
21936 556  129    3
21947 539  129    5
21958 494  129    9
21968 436  129   13
21978 404  129   19
21988 387  129   24
21998 369  129   29
22008 353  129   33
22018 345  129   38
22028 352  129   41
22038 367  129   45
22048 380  129   47
22058 373  129   48
22068 351  129   49
22078 421  129   49
22088 593  129   49
22098 550  129   49
22108 462  129   49
22118 445  129   49
22128 461  129   49
22138 477  129   49
22148 451  129   47
22158 396  129   44
22168 409  129   41
22178 392  129   38
22188 405  129   36
22198 410  129   34
22208 511  129   33
22218 632  129   31
22228 692  129   29
22238 720  129   28
22248 733  129   27
22259 624  129   25
22270 508  129   23
22281 487  129   21
22292 472  129   19
22303 420  129   18
22313 375  129   18
22323 352  129   18
22333 339  129   18
22343 332  129   18
22353 327  129   18
22363 456  129   18
22373 580  129   18
22383 663 -129   18
22393 703 -129   18
22403 614 -129   18
22413 487 -129   18
22423 450 -129   18
22433 449 -129   17
22443 453 -129   16
22453 431 -129   14
22463 403 -129   12
22473 413 -129   11
22483 440 -129   10
22493 472 -129    8
22503 503 -129    5
22513 456 -129    4
22523 412 -129    0
22533 379 -129   -3
22543 419 -129   -5
22553 454 -129   -7
22563 460 -129   -7
22573 503 -129   -7
22583 532 -129   -9
22593 530   86  -12
22603 465   86  -12
22613 553   86  -13
22623 652   86  -13
22633 689   86  -13
22643 526   86  -13
22653 477   86  -13
22663 479   86  -13
22673 498   10  -13
22683 518   10  -13
22693 601   10  -13
22703 673   10  -13
22713 701   10  -13
22723 713   10  -13
22733 715   10  -12
22743 717   10  -11
22753 717   10   -9
22763 718   10   -7
99999 0 0 0 
22773 722   10   -6
22783 724   10   -5
