  0 803  119   19
 10 803  119   19
 21 748  119   19
 31 687  119   19
 41 678  119   19
 51 672  119   19
 62 647  119   19
 72 614  119   23
 82 600  119   32
 92 603  119   41
103 620  119   51
114 642  118   62
124 653  100   73
134 654   79   83
145 655   57   96
157 685   39  111
167 713   39  125
178 741   39  139
188 754   39  154
199 760   39  166
210 765   39  179
220 768   39  192
231 770   39  204
242 770 -119  215
252 770 -119  226
262 660 -119  236
273 641 -119  243
283 660 -119  253
294 687 -119  262
306 710 -119  269
317 692 -119  273
328 634 -119  273
339 600 -119  273
349 585 -119  264
359 586 -119  251
370 611 -119  235
382 646 -119  217
393 676 -119  198
403 695 -119  179
413 702 -119  160
423 704 -119  136
433 705 -119  118
443 708 -119   95
454 713 -119   71
465 720 -119   45
475 728 -119   19
486 734 -119   -9
496 734   79  -20
506 715   79  -33
516 682   79  -46
527 646   79  -64
537 645   79  -80
547 667   79  -96
558 694   79 -114
568 708   79 -132
578 680   79 -145
588 639   79 -152
598 612   47 -153
608 598    0 -153
618 665    9 -149
628 731    9 -137
638 758    9 -125
648 772    9 -114
658 779    9 -102
668 784    9  -89
678 786    9  -77
688 788    9  -67
698 789    9  -56
99999 0 0 0 
  0 802  119   19
 10 801  119   19
 20 740  119   19
 30 683  119   19
 40 673  119   19
 50 662  119   20
 61 635  119   20
 71 610  119   27
 82 599  119   36
 92 608  119   46
102 626  119   55
112 643  111   65
122 652   93   75
132 652   73   86
142 648   57   98
153 647   39  113
164 680   39  127
174 725   39  142
185 745   39  157
196 755   39  171
207 761   39  184
217 765   39  197
227 767   39  210
238 769 -119  222
248 770 -119  234
259 771 -119  245
270 742 -119  256
280 650 -119  267
290 645 -119  275
301 666 -119  285
311 692 -119  293
323 708 -119  301
333 680 -119  305
344 629 -119  305
354 596 -119  305
365 582 -119  297
375 583 -119  283
385 601 -119  271
395 630 -119  255
405 661 -119  239
415 681 -119  223
425 695 -119  205
436 698 -119  184
447 697 -119  161
458 701 -119  134
469 708 -119  111
480 717 -119   85
490 725 -119   59
500 732 -119   35
510 736 -119    9
521 738 -119  -14
533 726   79  -28
544 665   79  -41
555 655   79  -57
565 677   79  -72
577 703   79  -90
588 717   79 -105
598 687   79 -117
608 648   79 -123
618 617   39 -123
629 616    9 -123
639 708    9 -117
649 748    9 -105
659 766    9  -94
669 776    9  -83
680 782    9  -69
690 785    9  -57
700 787    9  -45
710 788    9  -33
99999 0 0 0 
  0 801  119   17
 10 801  119   17
 20 801  119   17
 30 796  119   17
 40 700  119   17
 50 680  119   17
 60 682  119   17
 70 670  119   17
 80 640  119   17
 90 610  119   23
100 596  119   34
110 604  119   43
120 625  119   54
130 645  114   63
140 656   95   74
150 658   75   85
160 657   52   98
171 659   39  111
181 694   39  127
191 720   39  140
201 741   39  154
211 754   39  168
221 760   39  180
231 764   39  193
242 767   39  207
254 770 -119  220
265 766 -119  232
276 648 -119  243
286 634 -119  251
296 653 -119  260
306 679 -119  269
316 702 -119  276
326 695 -119  282
337 650 -119  283
347 606 -119  283
359 585 -119  277
370 583 -119  263
381 601 -119  247
392 636 -119  230
404 669 -119  211
414 690 -119  192
424 700 -119  174
435 702 -119  151
446 703 -119  127
456 706 -119  105
467 711 -119   81
479 719 -119   51
490 727 -119   25
500 733 -119   -1
511 735   79  -17
523 715   79  -31
533 679   79  -45
543 644   79  -61
554 656   79  -76
564 682   79  -94
575 705   79 -112
586 704   79 -128
596 664   79 -138
606 624   72 -142
616 616   22 -142
626 630    9 -142
637 710    9 -131
647 744    9 -119
658 766    9 -107
668 776    9  -94
678 781    9  -82
688 784    9  -69
699 786    9  -56
709 787    9  -44
99999 0 0 0 
  0 800  120   17
 10 800  120   17
 20 799  120   17
 30 725  120   17
 41 680  120   17
 52 675  120   17
 62 663  120   17
 72 638  120   18
 82 611  120   25
 92 601  120   34
102 607  120   43
112 625  120   54
122 641  115   63
132 652   96   74
142 654   74   86
152 654   53   98
162 661   40  111
173 689   40  126
184 724   40  141
194 743   40  155
205 754   40  170
217 759   40  184
228 763   40  198
238 766   40  211
249 767 -120  223
259 752 -120  235
269 650 -120  244
280 635 -120  252
290 655 -120  263
301 683 -120  271
311 703 -120  278
322 690 -120  283
332 640 -120  284
342 602 -120  283
353 584 -120  279
363 582 -120  265
373 599 -120  251
383 626 -120  235
394 659 -120  219
405 684 -120  199
415 697 -120  180
427 701 -120  156
438 702 -120  131
449 705 -120  109
459 710 -120   85
469 717 -120   61
479 724 -120   37
490 731 -120   11
502 734 -120  -14
512 726   80  -25
522 694   80  -37
533 652   80  -53
544 647   80  -69
554 670   80  -85
564 693   80 -101
575 708   80 -118
585 680   80 -131
596 637   80 -138
607 604   42 -139
617 593    0 -139
628 655   10 -133
638 699   10 -119
649 745   10 -105
659 765   10  -94
669 773   10  -81
679 779   10  -68
689 782   10  -55
699 784   10  -43
710 786   10  -29
99999 0 0 0 
  0 800  120   15
 10 798  120   15
 21 782  120   15
 31 694  120   15
 41 679  120   15
 51 677  120   15
 61 661  120   15
 71 633  120   17
 81 602  120   25
 91 596  120   35
101 607  120   44
111 628  120   54
121 646  113   65
131 655   94   75
141 655   74   87
151 660   53   99
161 668   40  112
171 703   40  126
181 729   40  139
191 746   40  153
201 754   40  166
211 759   40  178
221 762   40  190
231 765   40  203
241 766 -120  213
252 767 -120  225
262 669 -120  236
272 633 -120  243
283 647 -120  253
294 675 -120  263
304 700 -120  270
315 702 -120  275
325 656 -120  277
336 608 -120  277
346 588 -120  275
357 581 -120  263
367 593 -120  247
377 619 -120  233
388 651 -120  216
399 679 -120  198
409 694 -120  179
419 699 -120  159
429 701 -120  135
439 703 -120  116
450 707 -120   93
460 712 -120   67
471 720 -120   41
481 726 -120   17
491 732 -120   -9
501 731   80  -20
512 665   80  -32
522 643   80  -46
533 664   80  -57
543 690   80  -73
553 710   80  -85
564 708   80  -98
574 667   80 -106
584 627   56 -108
595 604    6 -108
606 701   10 -105
616 742   10  -95
626 762   10  -85
636 773   10  -74
646 779   10  -63
656 782   10  -51
666 784   10  -40
676 785   10  -29
686 787   10  -17
99999 0 0 0 
  0 800  119   11
 11 800  119   11
 21 756  119   11
 31 686  119   11
 42 677  119   11
 53 675  119   11
 63 656  119   12
 73 628  119   18
 83 608  119   27
 93 602  119   37
103 613  119   47
113 632  119   57
123 648  107   67
133 655   87   78
143 654   70   89
153 650   47  103
163 652   39  115
173 686   39  130
183 712   39  144
193 738   39  158
203 751   39  171
213 758   39  185
223 762   39  197
233 766   39  210
243 767 -119  223
253 768 -119  234
263 768 -119  245
273 730 -119  255
283 646 -119  265
293 642 -119  274
303 662 -119  284
313 688 -119  293
323 705 -119  299
333 688 -119  305
343 638 -119  305
353 601 -119  305
363 584 -119  303
373 579 -119  291
383 589 -119  277
393 615 -119  262
403 647 -119  247
413 673 -119  231
423 690 -119  213
433 697 -119  195
443 697 -119  175
453 697 -119  153
463 701 -119  129
473 708 -119  107
483 716 -119   83
493 724 -119   59
503 731 -119   34
513 736 -119    9
523 738 -119  -13
533 731   79  -24
543 704   79  -36
553 670   79  -52
563 639   79  -69
573 637   79  -84
583 660   79 -101
593 686   79 -119
603 701   79 -136
613 677   79 -150
623 638   79 -158
634 609   55 -160
644 595    4 -159
654 663    9 -157
664 727    9 -145
674 754    9 -133
684 769    9 -123
694 776    9 -111
704 780    9  -99
714 783    9  -88
724 785    9  -77
734 786    9  -67
99999 0 0 0 
744 787   10  -58
754 788   10  -50
765 788  121  -42
776 789  121  -36
786 789  121  -30
797 750  121  -25
808 712  121  -20
818 714  121  -14
829 726  121   -8
840 738  121    2
851 737  121    9
861 709  121   17
871 674  121   27
881 646  121   38
891 636  121   50
901 638  118   63
911 646   94   75
921 656   69   89
931 665   46  103
941 688   40  117
951 710   40  131
961 731   40  145
971 746   40  160
981 753   40  175
991 757   40  187
1001 761   40  200
1011 763 -121  213
1021 764 -121  227
1031 700 -121  238
1041 629 -121  247
1051 628 -121  257
1061 652 -121  267
1071 680 -121  275
1081 698 -121  283
1091 682 -121  287
1101 634 -121  288
1111 598 -121  287
1121 582 -121  283
1131 578 -121  271
1141 591 -121  257
1151 619 -121  242
1161 650 -121  226
1171 675 -121  209
1181 692 -121  191
1191 698 -121  171
1201 700 -121  150
1211 701 -121  127
1221 704 -121  106
1231 710 -121   83
1241 717 -121   58
1251 724 -121   34
1261 730 -121    9
1271 733 -121  -13
1281 726   81  -23
1291 700   81  -35
1301 654   81  -50
1311 643   81  -65
1321 662   81  -80
1331 686   81  -97
1341 705   81 -113
1351 691   81 -126
1361 647   81 -135
1371 610   65 -137
1381 593    6 -137
1391 645   10 -136
1401 716   10 -125
1411 749   10 -113
1421 765   10 -102
1431 773   10  -90
1441 777   10  -78
1451 780   10  -66
1461 782   10  -55
1471 783   10  -44
1481 784   10  -33
99999 0 0 0 
1491 784   10  -23
1502 786  122  -13
1512 786  122   -6
1522 787  122    0
1532 772  122    6
1542 720  122   11
1552 713  122   15
1562 723  122   19
1572 734  122   27
1582 738  122   29
1592 720  122   33
1602 682  122   39
1612 648  122   48
1623 622  122   59
1633 612  102   71
1643 620   81   84
1653 635   59   95
1663 664   40  107
1673 680   40  119
1683 717   40  133
1693 734   40  146
1703 745   40  159
1713 751   40  172
1723 755   40  184
1733 757   40  195
1743 760   40  207
1753 761 -122  219
1763 762 -122  229
1773 763 -122  239
1783 748 -122  249
1793 652 -122  258
1803 639 -122  265
1813 657 -122  274
1823 682 -122  283
1833 702 -122  289
1843 699 -122  294
1853 654 -122  295
1863 610 -122  295
1873 588 -122  293
1883 580 -122  280
1893 589 -122  267
1903 614 -122  251
1913 644 -122  236
1923 670 -122  219
1933 688 -122  202
1943 697 -122  183
1953 698 -122  162
1963 699 -122  138
1973 702 -122  118
1983 706 -122   95
1993 714 -122   71
2003 721 -122   47
2013 727 -122   22
2023 732 -122   -4
2033 732   81  -18
2043 717   81  -30
2053 684   81  -44
2063 641   81  -60
2073 654   81  -73
2083 677   81  -90
2093 699   81 -106
2103 701   81 -121
2114 661   81 -133
2124 618   81 -137
2135 596   23 -137
2145 587   10 -137
2156 584   10 -126
2166 649   10 -113
2176 717   10 -100
2186 748   10  -89
2196 763   10  -76
2206 771   10  -63
2216 776   10  -49
2226 778   10  -37
99999 0 0 0 
2236 779   10  -24
2246 781   10  -11
2256 782  122    1
2266 782  122   11
2276 722  122   19
2287 706  122   26
2297 715  122   31
2307 727  122   36
2317 738  122   39
2327 746  122   46
2337 741  122   50
2347 706  122   55
2357 654  117   63
2367 618   97   75
2377 599   75   87
2387 605   53   99
2397 637   40  111
2407 679   40  123
2417 712   40  135
2427 736   40  147
2437 746   40  159
2447 750   40  171
2457 753   40  183
2467 755   40  195
2477 756   40  206
2487 758   40  216
2497 759 -122  226
2507 759 -122  235
2517 759 -122  245
2527 679 -122  255
2537 641 -122  261
2547 650 -122  270
2557 672 -122  278
2567 694 -122  285
2577 703 -122  291
2587 675 -122  293
2597 626 -122  293
2607 595 -122  292
2617 582 -122  283
2627 583 -122  269
2637 604 -122  255
2647 632 -122  240
2657 660 -122  224
2667 681 -122  207
2677 693 -122  189
2687 696 -122  169
2697 697 -122  146
2707 699 -122  123
2717 704 -122  103
2727 709 -122   79
2737 717 -122   55
2747 724 -122   30
2757 729 -122    5
2767 731 -122  -14
2777 722   81  -25
2787 693   81  -37
2797 645   81  -52
2807 645   81  -66
2817 666   81  -81
2827 689   81  -97
2837 703   81 -112
2847 683   81 -125
2857 639   81 -132
2867 604   49 -133
2877 590    0 -133
2887 661   10 -131
2897 724   10 -120
2907 750   10 -109
2917 763   10  -99
2927 771   10  -87
2937 775   10  -76
2947 778   10  -65
2957 779   10  -53
2967 780   10  -43
99999 0 0 0 
2977 781   10  -33
2987 782   10  -24
2998 782  122  -15
3008 783  122   -9
3018 784  122   -2
3028 754  122    3
3038 711  122    8
3048 709  122   13
3058 719  122   17
3068 731  122   26
3078 736  122   27
3088 718  122   32
3099 675  122   39
3109 644  122   48
3119 620  122   59
3129 612  102   71
3139 619   81   83
3149 635   59   95
3159 675   40  107
3169 696   40  120
3179 727   40  133
3189 741   40  146
3199 747   40  158
3209 751   40  171
3219 754   40  182
3229 756   40  194
3239 758   40  204
3249 759   40  215
3259 759 -122  225
3269 759 -122  235
3279 723 -122  245
3289 648 -122  253
3299 643 -122  261
3309 663 -122  269
3319 686 -122  277
3329 703 -122  283
3339 689 -122  287
3349 641 -122  288
3359 600 -122  287
3369 582 -122  283
3379 577 -122  270
3389 591 -122  255
3399 619 -122  241
3409 649 -122  225
3419 674 -122  208
3429 689 -122  191
3439 696 -122  171
3449 696 -122  149
3459 697 -122  127
3469 701 -122  106
3479 705 -122   83
3489 712 -122   59
3499 720 -122   35
3509 725 -122   10
3519 730 -122  -13
3529 725   81  -24
3539 702   81  -36
3549 661   81  -51
3559 635   81  -67
3569 652   81  -81
3579 676   81  -99
3589 696   81 -115
3599 692   81 -129
3609 651   81 -140
3619 613   81 -143
3629 590   14 -143
3639 617   10 -143
3649 697   10 -133
3659 737   10 -121
3669 756   10 -111
3679 767   10  -98
3689 772   10  -85
3699 775   10  -73
3709 777   10  -61
3719 779   10  -50
99999 0 0 0 
3729 779   10  -39
3739 780   10  -28
  0 799  120    3
 10 799  120    3
 20 799  120    3
 30 781  120    3
 40 694  120    3
 50 681  120    3
 60 682  120    3
 70 667  120    7
 80 636  120   13
 90 609  120   22
100 595  120   31
110 604  120   41
120 626  120   50
130 645  120   59
140 656  103   70
150 655   85   81
160 648   60   94
170 644   40  105
180 676   40  118
191 703   40  134
201 732   40  147
211 747   40  160
221 755   40  174
231 760   40  186
242 762   40  199
253 765   40  213
263 766 -120  223
273 766 -120  234
283 742 -120  244
294 647 -120  254
305 644 -120  264
315 667 -120  274
325 691 -120  281
335 706 -120  288
346 681 -120  292
358 625 -120  292
368 595 -120  291
379 583 -120  282
390 587 -120  267
400 611 -120  252
410 641 -120  237
420 671 -120  220
430 690 -120  203
441 699 -120  183
452 700 -120  161
464 701 -120  132
474 705 -120  111
484 711 -120   89
495 719 -120   63
506 727 -120   35
517 733 -120    7
527 736 -120  -13
538 726   80  -25
548 697   80  -39
558 649   80  -54
568 652   80  -69
578 673   80  -84
589 698   80 -102
599 708   80 -118
609 677   80 -131
619 636   80 -137
630 606   39 -137
640 593   10 -137
651 663   10 -130
662 710   10 -117
673 752   10 -101
683 767   10  -91
693 775   10  -77
704 780   10  -63
715 782   10  -49
725 784   10  -35
99999 0 0 0 
  0 797  120   11
 10 798  120   11
 20 798  120   11
 30 749  120   11
 40 687  120   11
 50 680  120   11
 60 679  120   11
 70 659  120   11
 81 623  120   18
 91 600  120   27
101 598  120   37
112 615  120   48
122 635  120   58
132 649  108   68
142 656   87   79
153 653   65   91
163 648   40  105
173 659   40  119
183 690   40  132
193 716   40  146
203 739   40  161
213 750   40  174
224 757   40  188
235 761   40  202
245 763 -120  215
256 765 -120  227
267 687 -120  239
277 631 -120  248
288 641 -120  259
299 669 -120  269
309 695 -120  277
321 696 -120  284
331 654 -120  286
341 608 -120  285
352 585 -120  283
362 578 -120  272
372 589 -120  258
383 617 -120  242
393 650 -120  225
403 674 -120  209
414 692 -120  190
425 699 -120  167
435 700 -120  145
445 701 -120  123
455 705 -120  102
466 711 -120   77
476 719 -120   51
486 726 -120   27
497 733 -120   -1
507 734 -120  -15
517 719   80  -28
527 688   80  -40
538 646   80  -57
548 650   80  -71
558 672   80  -87
569 697   80 -105
580 705   80 -122
590 670   80 -133
600 629   80 -139
610 603   39 -139
620 592   10 -139
630 658   10 -133
640 703   10 -120
650 743   10 -107
660 762   10  -97
670 772   10  -84
680 777   10  -70
690 780   10  -59
700 782   10  -45
710 783   10  -33
99999 0 0 0 
  0 796  120   12
 10 797  120   12
 21 719  120   12
 32 680  120   12
 42 678  120   12
 53 670  120   13
 63 642  120   14
 74 613  120   22
 85 597  120   33
 96 607  120   44
106 626  120   54
116 644  115   64
126 653   97   74
136 654   76   86
146 649   53   98
156 646   40  111
166 690   40  124
176 727   40  139
186 742   40  151
196 751   40  165
206 756   40  177
216 759   40  189
226 762   40  201
236 764   40  213
246 765 -120  224
256 766 -120  234
266 766 -120  245
276 668 -120  255
286 640 -120  262
296 654 -120  272
307 680 -120  282
317 702 -120  289
328 699 -120  295
338 654 -120  296
349 609 -120  296
359 587 -120  292
369 581 -120  280
381 596 -120  263
391 626 -120  247
401 655 -120  232
412 681 -120  213
422 696 -120  194
433 700 -120  174
443 700 -120  151
453 702 -120  127
464 707 -120  105
475 714 -120   79
486 722 -120   51
496 729 -120   27
506 734 -120   -1
516 736 -120  -16
526 722   80  -27
537 690   80  -41
548 645   80  -58
559 659   80  -73
569 685   80  -91
579 704   80 -106
589 698   80 -123
599 663   80 -131
610 623   56 -135
621 599   20 -135
631 632   10 -135
641 705   10 -125
652 745   10 -112
662 763   10 -101
672 773   10  -89
683 778   10  -76
693 781   10  -63
703 782   10  -52
713 783   10  -39
99999 0 0 0 
  0 796  120   15
 10 796  120   15
 20 762  120   15
 30 687  120   15
 40 675  120   15
 50 675  120   15
 60 658  120   15
 70 630  120   18
 80 603  120   26
 90 595  120   35
100 606  120   46
110 627  120   55
120 645  112   66
130 653   94   76
141 653   72   88
151 647   48  101
161 644   40  114
171 701   40  128
181 729   40  141
191 742   40  155
201 751   40  167
211 755   40  179
221 759   40  191
231 761   40  204
241 763   40  215
252 764 -120  227
262 765 -120  238
272 741 -120  248
282 652 -120  257
292 644 -120  267
303 662 -120  275
313 687 -120  284
324 704 -120  291
334 687 -120  295
344 636 -120  296
355 598 -120  295
366 582 -120  287
377 583 -120  273
387 603 -120  259
397 638 -120  243
408 664 -120  225
418 686 -120  207
430 697 -120  186
441 699 -120  163
451 699 -120  138
461 702 -120  119
472 709 -120   93
482 716 -120   67
493 723 -120   42
504 731 -120   13
514 734 -120  -11
524 731   80  -21
535 706   80  -35
545 657   80  -51
556 648   80  -67
566 669   80  -83
577 694   80 -101
588 707   80 -117
598 676   80 -131
609 630   80 -138
619 604   42 -138
630 593   10 -138
641 694   10 -132
651 740   10 -119
662 760   10 -107
673 771   10  -95
684 777   10  -81
694 779   10  -69
704 781   10  -57
714 782   10  -45
99999 0 0 0 
  0 794  120   15
 10 794  120   15
 20 794  120   15
 31 699  120   15
 41 673  120   15
 51 669  120   15
 62 654  120   16
 72 625  120   18
 82 600  120   26
 93 594  120   35
103 608  120   46
113 629  120   55
123 644  113   65
133 650   94   75
143 648   72   87
153 659   51   99
163 671   40  112
173 706   40  126
183 732   40  139
193 744   40  151
203 751   40  165
213 756   40  176
223 759   40  189
233 761   40  200
243 762   40  211
253 762 -120  221
263 674 -120  231
273 635 -120  238
283 645 -120  247
293 668 -120  256
303 691 -120  263
313 704 -120  269
323 677 -120  271
333 626 -120  271
344 592 -120  271
356 579 -120  259
367 586 -120  244
377 614 -120  228
388 646 -120  211
400 676 -120  191
411 693 -120  171
421 699 -120  149
431 698 -120  128
441 700 -120  109
452 704 -120   85
462 709 -120   60
472 716 -120   37
482 722 -120   13
492 727 -120  -12
503 723   80  -23
513 699   80  -34
523 665   80  -49
533 633   80  -65
543 639   80  -80
553 663   80  -97
563 687   80 -113
574 697   80 -131
584 666   80 -144
595 623   80 -150
605 597   35 -151
615 589    0 -150
626 686   10 -143
636 736   10 -130
646 755   10 -121
656 767   10 -107
666 773   10  -96
676 776   10  -85
686 778   10  -73
696 780   10  -61
707 781   10  -50
99999 0 0 0 
  0 795  120   19
 10 796  120   19
 20 796  120   19
 30 752  120   19
 40 685  120   19
 50 672  120   19
 60 665  120   19
 70 645  120   19
 80 617  120   22
 90 600  120   31
101 601  120   41
111 616  120   51
121 633  120   60
132 646  101   71
142 648   81   83
152 646   60   95
162 656   40  107
172 665   40  120
182 710   40  133
192 733   40  147
203 746   40  162
214 753   40  175
224 758   40  188
236 761   40  202
247 763 -120  215
257 763 -120  225
268 684 -120  236
278 634 -120  244
289 646 -120  255
299 669 -120  263
311 697 -120  271
321 701 -120  277
332 660 -120  279
343 608 -120  279
353 586 -120  278
363 578 -120  265
374 589 -120  251
386 622 -120  232
396 651 -120  217
406 676 -120  199
417 693 -120  179
428 698 -120  158
439 699 -120  133
449 701 -120  111
461 707 -120   86
471 712 -120   61
481 719 -120   38
492 726 -120   10
503 731 -120  -13
514 723   80  -25
524 696   80  -39
536 650   80  -57
546 639   80  -73
557 663   80  -89
567 689   80 -108
577 703   80 -124
587 679   80 -138
597 637   80 -145
607 606   48 -147
617 591    6 -146
627 654   10 -145
638 723   10 -132
648 752   10 -120
659 766   10 -109
670 774   10  -94
680 777   10  -83
690 780   10  -71
700 781   10  -61
711 782   10  -49
99999 0 0 0 
