SSS v= 7832  t=  260 
SSS  132   265   310    -7
%P VOLT1   = 7860
%P VOLT2   = 7832
%P S2_SC   =  1.02
%P L_ANG_MAX = 260
S 7832   132   265   310
B   0 783  122   -7
B  10 783  122   -7
B  21 691  122   -7
B  31 667  122   -7
B  41 674  122   -7
B  51 683  122   -7
B  61 677  122   -7
B  71 651  122   -3
B  81 615  122    5
B  91 591  122   15
B 101 588  122   25
B 111 604  122   36
B 121 624  122   45
B 131 639  122   55
B 141 644  107   65
B 151 639   76   75
B 161 632   43   87
B 171 627   30   99
B 182 681   30  113
B 192 721   30  125
B 202 738   30  137
B 213 747   30  149
B 224 753   30  161
B 234 756   30  172
B 246 758   30  184
B 256 760   30  193
pull out 201
B 266 761 -122  201
B 276 761 -122  211
B 286 715 -122  218
B 296 633 -122  224
B 306 631 -122  229
B 316 651 -122  234
B 326 675 -122  238
B 336 696 -122  241
B 346 701 -122  243
B 356 667 -122  243
B 366 624 -122  243
B 376 592 -122  237
B 386 582 -122  224
B 396 594 -122  210
B 406 623 -122  194
B 416 648 -122  178
B 426 672 -122  161
B 437 687 -122  140
B 447 693 -122  117
B 457 693 -122  100
B 468 695 -122   76
B 479 698 -122   51
B 490 703 -122   24
B 502 712 -122   -5
push -11 -10
push out at target
B 513 719   81  -24
B 524 709   81  -36
B 534 681   81  -49
B 544 633   81  -65
B 555 643   81  -79
B 565 665   81  -95
B 576 690   81 -113
B 586 692   81 -127
B 596 656   81 -139
B 606 616   81 -143
B 616 590   23 -143
B 626 581   10 -143
B 636 581   10 -137
B 646 620   10 -125
B 656 700   10 -111
B 666 733   10 -101
B 676 751   10  -87
B 686 759   10  -74
B 696 764   10  -61
B 706 767   10  -47
pb end 
SSS v= 7821  t=  260 
SSS  137   265   313    -7
%P VOLT1   = 7860
%P VOLT2   = 7821
%P S2_SC   =  1.02
%P L_ANG_MAX = 260
S 7821   137   265   313
B   0 782  122   -7
B  11 782  122   -7
B  21 782  122   -7
B  32 731  122   -7
B  42 672  122   -6
B  52 668  122   -6
B  62 679  122   -6
B  73 683  122   -6
B  83 665  122   -5
B  93 630  122    1
B 103 597  122   11
B 113 586  122   21
B 124 595  122   33
B 134 616  122   42
B 145 638  122   53
B 155 645  113   63
B 165 643   83   73
B 175 634   52   85
B 185 629   30   97
B 195 659   30  111
B 205 692   30  124
B 216 723   30  137
B 226 740   30  151
B 236 748   30  162
B 247 753   30  173
B 258 756   30  185
pull out 194
B 269 758 -122  196
B 281 759 -122  209
B 292 760 -122  219
B 302 707 -122  227
B 313 632 -122  233
B 325 635 -122  241
B 336 660 -122  248
B 347 686 -122  253
B 357 699 -122  257
B 367 679 -122  258
B 378 629 -122  258
B 389 590 -122  257
B 401 575 -122  242
B 411 585 -122  228
B 422 616 -122  211
B 432 644 -122  196
B 442 668 -122  179
B 452 684 -122  161
B 462 690 -122  139
B 472 691 -122  119
B 483 691 -122   97
B 494 695 -122   73
B 506 701 -122   44
B 516 708 -122   21
B 526 715 -122   -4
push -11 -10
push out at target
B 536 720   81  -24
B 547 711   81  -35
B 558 643   81  -48
B 568 637   81  -62
B 578 656   81  -74
B 589 680   81  -89
B 599 700   81 -104
B 610 684   81 -117
B 620 638   81 -123
B 630 602   40 -124
B 640 587    0 -124
B 650 652   10 -121
B 660 690   10 -109
B 670 730   10  -96
B 680 750   10  -85
B 690 759   10  -72
B 700 764   10  -58
B 710 767   10  -45
B 720 768   10  -31
B 730 769   10  -17
B 740 770   10   -5
pb end 
SSS v= 7832  t=  260
SSS  141   265   307    -8
%P VOLT1   = 7860
%P VOLT2   = 7828
%P S2_SC   =  1.02
%P L_ANG_MAX = 260
S 7828   141   265   307
B   0 782  122   -8
B  10 782  122   -8
B  20 736  122   -8
B  30 675  122   -8
B  40 670  122   -8
B  51 683  122   -8
B  61 689  122   -8
B  71 673  122   -7
B  81 634  122    0
B  91 600  122    9
B 102 584  122   20
B 113 596  122   32
B 123 618  122   42
B 134 638  122   52
B 145 647  116   63
B 155 642   83   75
B 166 634   46   86
B 176 627   30   99
B 186 680   30  112
B 196 719   30  124
B 206 737   30  136
B 216 746   30  146
B 226 752   30  157
B 236 755   30  169
B 246 758   30  179
B 256 759   30  189
B 266 760   30  197
pull out 205
B 276 761 -122  207
B 286 761 -122  215
B 296 658 -122  221
B 306 627 -122  225
B 316 639 -122  231
B 326 663 -122  236
B 336 686 -122  240
B 346 702 -122  241
B 356 689 -122  242
B 366 644 -122  242
B 376 603 -122  241
B 386 582 -122  229
B 396 584 -122  216
B 406 606 -122  201
B 416 635 -122  185
B 426 661 -122  169
B 436 681 -122  150
B 446 691 -122  128
B 456 693 -122  111
B 466 693 -122   91
B 476 695 -122   68
B 486 698 -122   45
B 496 703 -122   21
B 506 710 -122   -3
push -11 -10
push out at target
B 516 717   81  -23
B 526 712   81  -33
B 536 689   81  -45
B 546 639   81  -60
B 556 638   81  -74
B 566 659   81  -88
B 576 681   81 -104
B 586 697   81 -119
B 596 676   81 -132
B 608 624   81 -139
B 618 593   38 -140
B 629 581    0 -140
B 639 683   10 -135
B 649 727   10 -124
B 659 746   10 -114
B 669 757   10 -103
B 679 762   10  -91
B 689 766   10  -80
B 699 768   10  -69
B 709 769   10  -58
B 719 770   10  -47
pb end 
B 729 771   10  -37
B 739 771   10  -28
SSS v= 7727  t=  260
SSS  146   265   304   -28
%P VOLT1   = 7860
%P VOLT2   = 7730
%P S2_SC   =  1.04
%P L_ANG_MAX = 260
S 7730   146   265   304
B 750 772  124  -19
B 761 773  124  -13
B 773 771  124   -7
B 783 710  124   -2
B 793 699  124    2
B 803 706  124    5
B 813 719  124   10
B 823 725  124   12
B 833 711  124   15
B 843 672  124   20
B 853 638  124   26
B 863 611  124   37
B 873 594  124   45
B 883 593  124   56
B 893 608  103   67
B 903 625   72   77
B 913 638   38   88
B 923 668   31   98
B 933 687   31  109
B 943 716   31  121
B 953 734   31  133
B 963 743   31  144
B 973 748   31  154
B 983 751   31  165
B 993 753   31  174
B 1003 754   31  184
B 1013 756   31  192
pull out 197
B 1023 756 -124  201
B 1033 757 -124  209
B 1043 754 -124  216
B 1053 651 -124  222
B 1063 633 -124  226
B 1073 648 -124  231
B 1083 670 -124  236
B 1093 693 -124  239
B 1103 704 -124  241
B 1113 685 -124  242
B 1123 637 -124  241
B 1133 596 -124  240
B 1143 579 -124  227
B 1153 584 -124  213
B 1163 609 -124  199
B 1173 637 -124  183
B 1183 662 -124  166
B 1193 681 -124  148
B 1203 689 -124  125
B 1213 691 -124  109
B 1223 692 -124   88
B 1233 694 -124   65
B 1243 696 -124   41
B 1253 702 -124   18
B 1263 708 -124   -6
push -12 -10
push out at target
B 1273 715   82  -24
B 1283 644   82  -35
B 1293 612   82  -46
B 1303 629   82  -55
B 1313 655   82  -67
B 1323 679   82  -79
B 1333 695   82  -91
B 1343 677   82  -99
B 1353 631   57 -103
B 1363 599   23 -103
B 1373 646   10 -103
B 1383 699   10  -97
B 1393 732   10  -85
B 1403 749   10  -75
B 1413 758   10  -64
B 1423 762   10  -52
B 1433 765   10  -39
B 1443 767   10  -27
B 1453 768   10  -14
B 1463 769   10   -2
pb end 
B 1473 769   10    9
SSS v= 7699  t=  260
SSS  148   265   300    12
%P VOLT1   = 7860
%P VOLT2   = 7702
%P S2_SC   =  1.04
%P L_ANG_MAX = 260
S 7702   148   265   300
B 1484 770  124   19
B 1494 770  124   26
B 1504 771  124   30
B 1514 740  124   33
B 1524 697  124   35
B 1534 693  124   36
B 1544 703  124   36
B 1554 714  124   38
B 1564 719  124   38
B 1574 692  124   38
B 1584 644  124   41
B 1594 611  124   48
B 1604 583  124   56
B 1614 575  106   67
B 1624 583   72   77
B 1634 603   41   87
B 1644 651   31   97
B 1654 681   31  107
B 1664 715   31  117
B 1674 733   31  128
B 1684 741   31  139
B 1694 745   31  149
B 1704 748   31  157
B 1714 750   31  166
B 1724 752   31  175
B 1734 753   31  184
B 1744 753   31  191
pull out 194
B 1754 754 -124  198
B 1764 754 -124  205
B 1774 754 -124  211
B 1784 721 -124  217
B 1794 650 -124  222
B 1804 646 -124  226
B 1814 662 -124  231
B 1824 683 -124  235
B 1834 702 -124  237
B 1844 701 -124  237
B 1854 665 -124  237
B 1864 618 -124  237
B 1874 586 -124  229
B 1884 578 -124  216
B 1894 594 -124  201
B 1904 621 -124  187
B 1914 650 -124  170
B 1924 673 -124  152
B 1934 685 -124  131
B 1944 690 -124  113
B 1954 690 -124   94
B 1964 690 -124   73
B 1974 693 -124   49
B 1984 697 -124   26
B 1994 703 -124    2
push -11 -10
push out at target
B 2004 710   83  -20
B 2014 710   83  -31
B 2024 625   83  -42
B 2034 619   83  -55
B 2044 641   83  -65
B 2054 665   83  -77
B 2064 687   83  -90
B 2074 688   83 -101
B 2084 649   83 -109
B 2094 609   58 -111
B 2104 585    6 -111
B 2114 618   10 -110
B 2124 646   10  -99
B 2134 708   10  -87
B 2144 737   10  -76
B 2154 751   10  -63
B 2164 758   10  -50
B 2174 762   10  -36
B 2184 764   10  -23
B 2194 765   10   -8
pb end 
B 2204 767   10    4
B 2214 767   10   15
SSS v= 7685  t=  260
SSS  152   265   300    22
%P VOLT1   = 7860
%P VOLT2   = 7685
%P S2_SC   =  1.04
%P L_ANG_MAX = 260
S 7685   152   265   300
B 2225 768  124   25
B 2235 769  124   32
B 2245 769  124   37
B 2255 722  124   40
B 2265 694  124   41
B 2275 696  124   43
B 2285 708  124   43
B 2296 719  124   47
B 2307 710  124   47
B 2318 661  124   48
B 2328 625  124   53
B 2338 595  121   62
B 2348 577   93   72
B 2358 579   53   84
B 2368 596   31   93
B 2378 637   31  104
B 2388 693   31  115
B 2398 720   31  125
B 2408 733   31  135
B 2418 741   31  145
B 2428 745   31  155
B 2438 747   31  164
B 2448 750   31  173
B 2458 751   31  181
B 2468 752   31  189
pull out 194
B 2478 753 -124  197
B 2488 752 -124  204
B 2498 753 -124  210
B 2508 673 -124  216
B 2518 639 -124  219
B 2528 647 -124  225
B 2538 668 -124  229
B 2548 688 -124  233
B 2558 702 -124  234
B 2568 689 -124  234
B 2578 642 -124  234
B 2588 600 -124  233
B 2598 579 -124  222
B 2608 582 -124  209
B 2618 604 -124  193
B 2628 632 -124  178
B 2638 658 -124  161
B 2648 676 -124  143
B 2658 686 -124  121
B 2668 689 -124  105
B 2678 688 -124   84
B 2688 690 -124   61
B 2698 693 -124   39
B 2708 698 -124   15
B 2718 704 -124   -9
push -11 -10
push out at target
B 2728 710   83  -25
B 2738 668   83  -35
B 2748 616   83  -46
B 2758 629   83  -57
B 2768 653   83  -68
B 2778 677   83  -81
B 2788 693   83  -92
B 2798 677   83 -102
B 2808 634   75 -107
B 2818 596   32 -107
B 2828 609   10 -107
B 2838 670   10 -103
B 2848 711   10  -91
B 2858 738   10  -79
B 2868 751   10  -69
B 2878 758   10  -55
B 2888 761   10  -43
B 2898 763   10  -30
B 2908 765   10  -16
B 2918 766   10   -3
pb end 
B 2928 766   10    8
SSS v= 7674  t=  260
SSS  155   265   300    10
%P VOLT1   = 7860
%P VOLT2   = 7674
%P S2_SC   =  1.04
%P L_ANG_MAX = 260
S 7674   155   265   300
B 2939 767  125   19
B 2949 768  125   27
B 2959 768  125   32
B 2969 763  125   36
B 2979 702  125   37
B 2989 691  125   40
B 2999 698  125   40
B 3009 710  125   42
B 3019 718  125   43
B 3029 701  125   43
B 3039 655  125   45
B 3049 619  125   51
B 3059 591  125   59
B 3069 576   97   69
B 3079 579   63   80
B 3089 597   35   90
B 3099 638   31  100
B 3109 679   31  110
B 3119 710   31  121
B 3129 729   31  132
B 3139 738   31  142
B 3149 743   31  152
B 3159 746   31  161
B 3169 748   31  170
B 3179 749   31  179
B 3189 751   31  188
B 3199 751   31  195
pull out 196
B 3209 752 -125  202
B 3219 752 -125  209
B 3229 662 -125  215
B 3239 633 -125  219
B 3249 643 -125  224
B 3259 664 -125  229
B 3269 686 -125  232
B 3279 700 -125  234
B 3289 688 -125  234
B 3299 643 -125  234
B 3309 600 -125  234
B 3319 579 -125  222
B 3329 580 -125  209
B 3339 601 -125  195
B 3349 629 -125  179
B 3359 655 -125  162
B 3369 675 -125  144
B 3379 686 -125  123
B 3389 688 -125  105
B 3399 688 -125   85
B 3409 689 -125   63
B 3419 691 -125   40
B 3429 696 -125   17
B 3439 702 -125   -7
push -12 -10
push out at target
B 3449 709   83  -25
B 3459 657   83  -35
B 3469 610   83  -47
B 3479 623   83  -58
B 3489 648   83  -69
B 3499 673   83  -82
B 3509 690   83  -94
B 3519 674   83 -103
B 3529 630   67 -108
B 3539 594   32 -109
B 3549 621    0 -109
B 3559 675   10 -104
B 3569 716   10  -93
B 3579 741   10  -81
B 3589 752   10  -71
B 3599 757   10  -59
B 3609 761   10  -46
B 3619 763   10  -33
B 3629 763   10  -20
B 3639 765   10   -7
pb end 
B 3649 765   10    4
B 3659 766   10   13
SSS v= 7667  t=  260
SSS  158   265   300    17
%P VOLT1   = 7860
%P VOLT2   = 7667
%P S2_SC   =  1.04
%P L_ANG_MAX = 260
S 7667   158   265   300
B 3670 766  125   21
B 3680 767  125   25
B 3690 754  125   29
B 3700 700  125   31
B 3710 691  125   32
B 3720 700  125   32
B 3730 711  125   35
B 3740 715  125   35
B 3750 689  125   35
B 3760 646  125   38
B 3770 611  125   45
B 3780 586  125   53
B 3790 574  116   63
B 3800 579   85   73
B 3810 598   53   83
B 3820 627   31   93
B 3830 649   31  103
B 3840 689   31  113
B 3850 716   31  125
B 3860 730   31  136
B 3870 738   31  146
B 3880 743   31  155
B 3890 745   31  165
B 3900 747   31  174
B 3910 749   31  183
B 3920 750   31  191
pull out 194
B 3930 751 -125  199
B 3940 752 -125  207
B 3950 752 -125  213
B 3960 740 -125  219
B 3970 649 -125  225
B 3980 638 -125  228
B 3990 653 -125  233
B 4000 674 -125  237
B 4010 693 -125  240
B 4020 702 -125  241
B 4030 677 -125  241
B 4040 631 -125  241
B 4050 593 -125  237
B 4060 577 -125  224
B 4070 586 -125  210
B 4080 610 -125  195
B 4090 639 -125  179
B 4100 663 -125  161
B 4110 680 -125  143
B 4120 688 -125  121
B 4130 689 -125  104
B 4140 688 -125   83
B 4150 689 -125   61
B 4160 693 -125   37
B 4170 697 -125   13
push -11 -10
push out at target
B 4180 705   83  -11
B 4190 711   83  -26
B 4200 701   83  -37
B 4210 674   83  -49
B 4220 625   83  -64
B 4230 629   83  -78
B 4240 650   83  -93
B 4250 673   83 -109
B 4260 684   83 -124
B 4270 655   83 -136
B 4280 612   83 -141
B 4290 582   32 -142
B 4300 570    0 -142
B 4310 664   10 -139
B 4320 715   10 -128
B 4330 737   10 -117
B 4340 748   10 -107
B 4350 755   10  -95
B 4360 759   10  -84
B 4370 761   10  -73
B 4380 762   10  -62
B 4390 763   10  -51
pb end 
B 4400 764   10  -42
B 4410 765   10  -32
SSS v= 7660  t=  260
SSS  161   265   300   -28
%P VOLT1   = 7860
%P VOLT2   = 7660
%P S2_SC   =  1.04
%P L_ANG_MAX = 260
S 7660   161   265   300
B 4421 766  125  -24
B 4431 766  125  -17
B 4441 767  125  -12
B 4451 719  125   -7
B 4461 694  125   -3
B 4471 697  125    1
B 4481 707  125    4
B 4491 718  125   11
B 4501 717  125   13
B 4511 685  125   17
B 4521 648  125   23
B 4531 619  125   30
B 4541 598  125   40
B 4551 591  125   51
B 4561 599  122   61
B 4571 616   88   72
B 4581 630   57   83
B 4591 649   31   93
B 4601 685   31  105
B 4611 706   31  117
B 4621 726   31  128
B 4631 736   31  140
B 4641 741   31  149
B 4651 744   31  160
B 4661 746   31  170
B 4671 748   31  179
B 4681 750   31  188
B 4691 751   31  197
pull out 198
B 4701 751 -125  205
B 4711 752 -125  213
B 4721 676 -125  219
B 4731 631 -125  223
B 4741 637 -125  229
B 4751 657 -125  234
B 4761 679 -125  238
B 4771 696 -125  241
B 4781 691 -125  242
B 4791 652 -125  241
B 4801 607 -125  241
B 4811 581 -125  233
B 4821 577 -125  220
B 4831 594 -125  205
B 4841 620 -125  190
B 4851 648 -125  173
B 4861 668 -125  156
B 4871 681 -125  136
B 4881 686 -125  116
B 4891 687 -125   97
B 4901 688 -125   76
B 4911 690 -125   53
B 4921 695 -125   29
B 4931 700 -125    5
push -11 -10
push out at target
B 4941 707   83  -18
B 4951 678   83  -29
B 4961 609   83  -40
B 4971 613   83  -51
B 4981 637   83  -59
B 4991 663   83  -71
B 5001 684   83  -83
B 5011 686   83  -92
B 5021 648   67  -99
B 5031 604   50  -99
B 5041 610   10 -100
B 5051 688   10  -97
B 5061 725   10  -87
B 5071 743   10  -76
B 5081 752   10  -66
B 5091 758   10  -55
B 5101 760   10  -43
B 5111 761   10  -31
B 5121 763   10  -18
pb end 
B 5131 763   10   -7
B 5141 764   10    4
SSS v= 7650  t=  260
SSS  167   265   300     4
%P VOLT1   = 7860
%P VOLT2   = 7650
%P S2_SC   =  1.05
%P L_ANG_MAX = 260
S 7650   167   265   300
B 5153 765  125   15
B 5163 765  125   21
B 5173 700  125   26
B 5183 684  125   29
B 5193 690  125   32
B 5203 703  125   33
B 5213 715  125   37
B 5223 721  125   37
B 5233 702  125   37
B 5243 653  125   41
B 5253 612  125   49
B 5263 585  125   58
B 5273 573  104   69
B 5283 581   63   80
B 5293 618   31   90
B 5303 672   31  100
B 5313 703   31  110
B 5323 725   31  120
B 5333 736   31  131
B 5343 741   31  140
B 5353 743   31  149
B 5363 746   31  159
B 5373 747   31  167
B 5383 748   31  175
B 5393 748   31  182
pull out 189
B 5403 749 -125  189
B 5413 749 -125  196
B 5423 676 -125  203
B 5433 636 -125  205
B 5443 641 -125  211
B 5453 660 -125  215
B 5463 681 -125  219
B 5473 697 -125  221
B 5483 689 -125  221
B 5493 647 -125  221
B 5503 603 -125  221
B 5513 580 -125  209
B 5523 580 -125  196
B 5533 599 -125  181
B 5543 627 -125  166
B 5553 653 -125  149
B 5563 673 -125  129
B 5573 683 -125  112
B 5583 686 -125   95
B 5593 686 -125   73
B 5603 685 -125   52
B 5613 687 -125   29
B 5623 692 -125    6
push -10 -10
push out at target
B 5633 698   83  -17
B 5643 701   83  -29
B 5653 669   83  -39
B 5663 617   83  -53
B 5673 627   83  -64
B 5683 650   83  -77
B 5693 674   83  -91
B 5703 688   83 -104
B 5713 666   83 -115
B 5723 624   83 -119
B 5734 585   24 -120
B 5745 573    0 -119
B 5755 570   10 -112
B 5765 644   10  -99
B 5775 700   10  -88
B 5785 731   10  -77
B 5795 745   10  -63
B 5805 752   10  -50
B 5815 756   10  -37
B 5825 759   10  -23
B 5835 760   10   -9
pb end 
B 5845 761   10    3
B 5855 762   10   13
SSS v= 7632  t=  260
SSS  171   265   300    15
%P VOLT1   = 7860
%P VOLT2   = 7636
%P S2_SC   =  1.05
%P L_ANG_MAX = 260
S 7636   171   265   300
B 5866 763  125   23
B 5876 764  125   28
B 5886 750  125   32
B 5897 698  125   34
B 5907 692  125   36
B 5919 702  125   36
B 5929 713  125   39
B 5939 711  125   39
B 5950 676  125   39
B 5960 633  125   44
B 5970 603  125   51
B 5981 578  122   61
B 5991 574   88   72
B 6001 587   60   83
B 6011 612   31   93
B 6021 679   31  103
B 6031 710   31  113
B 6041 727   31  123
B 6051 736   31  133
B 6061 740   31  141
B 6071 743   31  151
B 6081 744   31  159
B 6091 746   31  167
B 6101 747   31  175
B 6111 748   31  182
pull out 187
B 6121 748 -125  189
B 6131 748 -125  195
B 6141 691 -125  201
B 6151 639 -125  205
B 6161 641 -125  209
B 6171 659 -125  214
B 6181 680 -125  217
B 6191 697 -125  219
B 6201 693 -125  219
B 6211 655 -125  219
B 6221 609 -125  219
B 6231 583 -125  209
B 6241 577 -125  195
B 6251 595 -125  181
B 6261 623 -125  165
B 6271 650 -125  148
B 6281 671 -125  129
B 6291 683 -125  112
B 6301 687 -125   94
B 6311 687 -125   73
B 6321 685 -125   52
B 6331 686 -125   29
B 6341 690 -125    7
push -11 -10
push out at target
B 6351 696   83  -16
B 6361 699   83  -28
B 6371 682   83  -39
B 6381 619   83  -51
B 6391 625   83  -63
B 6401 648   83  -75
B 6411 671   83  -89
B 6421 688   83 -102
B 6432 670   83 -113
B 6444 618   76 -120
B 6455 583   39 -120
B 6465 626   10 -120
B 6475 697   10 -112
B 6485 726   10 -102
B 6495 742   10  -93
B 6505 751   10  -81
B 6515 756   10  -69
B 6525 758   10  -57
B 6535 760   10  -44
B 6545 761   10  -33
pb end 
B 6555 762   10  -21
B 6565 762   10   -9
SSS v= 7639  t=  260
SSS  173   265   300    -8
%P VOLT1   = 7860
%P VOLT2   = 7636
%P S2_SC   =  1.05
%P L_ANG_MAX = 260
S 7639   173   265   300
B 6576 763  125    1
B 6587 761  125    9
B 6598 696  125   15
B 6608 689  125   19
B 6618 697  125   21
B 6628 708  125   23
B 6638 719  125   29
B 6648 719  125   29
B 6658 693  125   29
B 6668 644  125   35
B 6678 608  125   43
B 6688 582  125   53
B 6698 575  113   64
B 6708 587   78   75
B 6718 608   47   85
B 6728 627   31   95
B 6738 679   31  105
B 6748 713   31  117
B 6758 727   31  128
B 6768 734   31  139
B 6778 739   31  148
B 6788 742   31  157
B 6798 744   31  167
B 6808 746   31  176
B 6818 747   31  184
B 6828 748   31  193
pull out 197
B 6838 748 -125  201
B 6848 749 -125  207
B 6858 737 -125  213
B 6868 645 -125  219
B 6878 633 -125  222
B 6888 648 -125  227
B 6898 669 -125  232
B 6908 689 -125  234
B 6918 698 -125  236
B 6928 677 -125  236
B 6938 629 -125  236
B 6948 593 -125  233
B 6958 577 -125  221
B 6968 583 -125  207
B 6978 606 -125  192
B 6988 633 -125  176
B 6998 658 -125  159
B 7008 675 -125  140
B 7018 683 -125  120
B 7028 686 -125  102
B 7038 685 -125   81
B 7048 687 -125   59
B 7058 689 -125   36
B 7068 694 -125   13
push -11 -10
push out at target
B 7078 701   83  -11
B 7088 706   83  -25
B 7098 695   83  -36
B 7108 668   83  -49
B 7118 621   83  -63
B 7128 628   83  -77
B 7138 649   83  -92
B 7148 671   83 -107
B 7158 683   83 -123
B 7168 654   83 -135
B 7178 611   83 -140
B 7188 581   33 -141
B 7198 569    0 -140
B 7208 663   10 -137
B 7218 712   10 -127
B 7228 735   10 -116
B 7238 747   10 -106
B 7248 753   10  -95
B 7258 756   10  -83
B 7268 759   10  -72
B 7278 760   10  -62
B 7288 760   10  -51
B 7298 762   10  -41
pb end 
B 7308 762   10  -32
SSS v= 7632  t=  260
SSS  177   265   297   -25
%P VOLT1   = 7860
%P VOLT2   = 7632
%P S2_SC   =  1.05
%P L_ANG_MAX = 260
S 7632   177   265   297
B 7319 763  125  -23
B 7329 763  125  -16
B 7339 764  125  -11
B 7349 719  125   -6
B 7359 691  125   -1
B 7369 693  125    2
B 7380 704  125    5
B 7391 715  125   12
B 7401 711  125   15
B 7411 679  125   19
B 7421 643  125   25
B 7431 614  125   33
B 7441 593  125   43
B 7451 588  125   53
B 7461 597  113   64
B 7471 613   82   74
B 7481 628   47   85
B 7491 652   31   96
B 7501 673   31  107
B 7511 701   31  119
B 7521 721   31  131
B 7531 732   31  142
B 7541 738   31  152
B 7551 741   31  162
B 7561 744   31  173
B 7571 746   31  182
B 7581 747   31  191
pull out 197
B 7591 748   21  200
B 7601 748   21  209
B 7611 749   21  215
B 7621 753   21  222
B 7631 755   21  229
B 7641 755   21  235
B 7651 755   21  241
B 7661 756   21  246
B 7671 756   21  251
B 7681 757   21  255
B 7691 757   21  259
B 7701 757   21  264
B 7711 758   21  268
B 7721 758   21  271
B 7731 758   21  274
B 7741 758   21  277
B 7751 758   21  279
B 7761 757   21  281
B 7771 757   21  283
B 7781 757   21  285
B 7791 758   21  287
B 7801 756   21  288
B 7811 758   21  289
B 7821 758   21  291
B 7831 758   21  292
B 7841 758   21  293
B 7851 758   21  293
B 7861 758   21  294
B 7871 757   21  295
B 7881 757   21  296
B 7891 757   21  296
B 7901 757   21  297
B 7911 758 -125  297
B 7921 735 -125  297
B 7931 662 -125  297
B 7941 654 -125  297
B 7951 667 -125  297
B 7961 685 -125  297
B 7971 702 -125  297
B 7981 711 -125  297
B 7991 697 -125  297
B 8001 654 -125  293
B 8011 612 -125  282
B 8021 589 -125  269
B 8031 592 -125  255
B 8041 613 -125  240
B 8051 639 -125  224
B 8061 663 -125  207
B 8071 678 -125  189
B 8081 686 -125  170
B 8091 686 -125  149
B 8101 686 -125  125
B 8111 688 -125  105
B 8121 692 -125   83
B 8131 698 -125   59
B 8141 705 -125   35
B 8151 712 -125    9
push -11 -10
push out at target
B 8161 716   83  -15
B 8171 717   83  -29
B 8181 703   83  -41
B 8191 663   83  -53
B 8201 626   83  -68
B 8211 639   83  -81
B 8221 659   83  -98
B 8231 681   83 -112
B 8241 682   83 -125
B 8251 642   83 -136
B 8261 601   83 -139
B 8271 576   15 -139
B 8281 595   10 -139
B 8291 681   10 -133
B 8301 720   10 -122
B 8311 740   10 -111
B 8321 750   10 -101
B 8331 755   10  -89
B 8341 758   10  -78
B 8351 759   10  -66
B 8361 761   10  -55
pb end 
B 8371 761   10  -43
B 8381 762   10  -33
SSS v= 7629  t=  260
SSS  182   265   307   -33
%P VOLT1   = 7860
%P VOLT2   = 7632
%P S2_SC   =  1.05
%P L_ANG_MAX = 260
S 7632   182   265   307
B 8393 763  125  -20
B 8403 763  125  -12
B 8413 701  125   -5
B 8423 686  125    1
B 8433 692  125    7
B 8444 704  125   11
B 8455 717  125   15
B 8466 726  125   24
B 8476 713  125   25
B 8487 667  125   29
B 8498 621  125   39
B 8508 590  125   49
B 8518 580  125   61
B 8528 589   91   72
B 8538 609   60   82
B 8548 630   31   92
B 8558 681   31  103
B 8568 705   31  114
B 8578 725   31  125
B 8588 734   31  137
B 8598 738   31  147
B 8608 741   31  156
B 8618 744   31  165
B 8628 745   31  175
B 8638 747   31  183
B 8648 747   31  193
pull out 195
B 8658 748   21  201
B 8668 748   21  207
B 8678 751   21  214
B 8688 754   21  221
B 8698 755   21  227
B 8708 755   21  233
B 8718 756   21  238
B 8728 756   21  242
B 8738 757 -125  245
B 8748 744 -125  249
B 8758 653 -125  253
B 8768 641 -125  255
B 8778 654 -125  257
B 8788 674 -125  259
B 8798 692 -125  259
B 8808 700 -125  259
B 8818 677 -125  259
B 8828 632 -125  259
B 8838 596 -125  249
B 8848 582 -125  236
B 8858 591 -125  221
B 8868 616 -125  207
B 8878 643 -125  191
B 8888 664 -125  173
B 8898 679 -125  154
B 8908 685 -125  133
B 8918 686 -125  113
B 8928 686 -125   93
B 8938 688 -125   71
B 8948 692 -125   47
B 8958 698 -125   24
B 8968 704 -125   -1
push -11 -10
push out at target
B 8978 710   83  -25
B 8988 713   83  -39
B 8998 700   83  -50
B 9008 625   83  -64
B 9018 624   83  -77
B 9028 644   83  -90
B 9038 667   83 -105
B 9048 684   83 -119
B 9058 669   83 -132
B 9068 625   83 -139
B 9078 589   50 -140
B 9088 570    0 -140
B 9098 666   10 -140
B 9108 714   10 -130
B 9118 735   10 -119
B 9128 747   10 -111
B 9138 753   10 -100
B 9148 756   10  -89
B 9158 758   10  -79
B 9168 760   10  -69
B 9178 761   10  -59
B 9188 761   10  -50
pb end 
B 9198 762   10  -41
SSS v= 7632  t=  260
SSS  184   265   307   -37
%P VOLT1   = 7860
%P VOLT2   = 7632
%P S2_SC   =  1.05
%P L_ANG_MAX = 260
S 7632   184   265   307
B 9209 763  125  -33
B 9219 763  125  -26
B 9229 763  125  -20
B 9239 715  125  -15
B 9249 687  125   -9
B 9259 689  125   -5
B 9269 700  125   -1
B 9280 713  125    8
B 9290 718  125   10
B 9300 700  125   15
B 9310 662  125   20
B 9320 629  125   28
B 9330 603  125   37
B 9340 591  125   48
B 9350 594  125   59
B 9360 610   97   70
B 9370 626   60   81
B 9380 643   31   91
B 9390 661   31  103
B 9400 689   31  115
B 9410 716   31  127
B 9420 730   31  139
B 9430 736   31  149
B 9440 740   31  160
B 9450 743   31  170
B 9460 744   31  180
B 9470 746   31  189
pull out 195
B 9480 747   21  198
B 9490 747   21  207
B 9500 748   21  215
B 9510 752   21  221
B 9520 754   21  229
B 9530 755   21  235
B 9540 756   21  241
B 9550 755   21  247
B 9561 755   21  253
B 9571 756   21  257
B 9581 757   21  261
B 9591 757   21  265
B 9601 756   21  270
B 9611 758   21  274
B 9623 758   21  277
B 9633 758   21  280
B 9643 758   21  283
B 9653 757   21  285
B 9663 757   21  287
B 9673 756   21  289
B 9683 757   21  291
B 9693 757   21  293
B 9703 757   21  295
B 9713 758   21  297
B 9723 757   21  298
B 9733 758   21  299
B 9743 757   21  301
B 9753 757   21  302
B 9763 757   21  303
B 9773 757   21  304
B 9783 757   21  305
B 9793 758   21  306
B 9803 758   21  308
B 9813 757   21  311
B 9823 758   21  316
B 9833 758   21  325
B 9843 758   21  332
B 9853 759   21  341
B 9863 759   21  350
B 9873 759   21  359
B 9883 760 -125  368
B 9893 760 -125  376
B 9903 703 -125  385
B 9913 636 -125  393
B 9923 632 -125  401
B 9933 650 -125  409
B 9943 666 -125  416
B 9953 652 -125  420
B 9963 610 -125  421
B 9973 580 -125  421
B 9983 567 -125  420
B 9993 562 -125  409
B 10003 572 -125  397
B 10013 594 -125  385
B 10023 619 -125  373
B 10033 639 -125  361
B 10043 650 -125  347
B 10053 652 -125  334
B 10063 644 -125  327
B 10073 624 -125  317
B 10083 608 -125  306
B 10093 605 -125  294
B 10103 615 -125  278
B 10113 631 -125  264
B 10123 646 -125  249
B 10133 658 -125  232
B 10143 664 -125  215
B 10153 667 -125  196
B 10163 670 -125  174
B 10173 676 -125  153
B 10183 682 -125  131
B 10193 690 -125  108
B 10203 697 -125   87
B 10213 703 -125   63
B 10223 709 -125   38
B 10233 712 -125   14
B 10243 714 -125  -11
push -11 -10
push out at target
B 10253 716   83  -37
B 10263 656   83  -61
B 10273 588   83  -85
B 10283 582   83 -111
B 10293 604   83 -135
B 10303 632   83 -159
B 10313 622   83 -184
B 10323 590   83 -199
B 10333 565   83 -207
B 10343 551   58 -207
B 10353 568   10 -207
B 10363 605   10 -198
B 10373 667   10 -184
B 10383 712   10 -171
B 10393 734   10 -161
B 10403 745   10 -148
B 10413 751   10 -136
B 10423 755   10 -123
B 10433 756   10 -111
pb end 
B 10443 758   10 -100
B 10453 759   10  -89
B 10463 760   10  -79
SSS v= 7604  t=  260
SSS  192   265   310   -79
%P VOLT1   = 7860
%P VOLT2   = 7604
%P S2_SC   =  1.05
%P L_ANG_MAX = 260
S 7604   192   265   310
B 10473 761  126  -70
B 10483 761  126  -62
B 10493 758  126  -56
B 10503 697  126  -50
B 10513 685  126  -43
B 10523 693  126  -38
B 10533 704  126  -32
B 10543 715  126  -23
B 10553 722  126  -15
B 10563 716  126   -7
B 10573 687  126    2
B 10583 650  126   14
B 10593 624  126   26
B 10603 614  126   39
B 10614 619  126   53
B 10624 631  111   66
B 10634 643   73   79
B 10644 649   31   92
B 10654 647   31  105
B 10664 694   31  119
B 10674 717   31  133
B 10684 730   31  147
B 10694 737   31  158
B 10704 741   31  171
B 10714 743   31  183
pull out 191
B 10724 745 -126  195
B 10734 746 -126  205
B 10744 746 -126  215
B 10754 636 -126  225
B 10764 608 -126  233
B 10774 620 -126  241
B 10784 645 -126  249
B 10794 667 -126  253
B 10804 671 -126  258
B 10814 637 -126  259
B 10824 595 -126  259
B 10834 573 -126  257
B 10844 565 -126  245
B 10854 574 -126  233
B 10864 597 -126  220
B 10874 624 -126  205
B 10884 649 -126  189
B 10894 665 -126  171
B 10904 674 -126  153
B 10914 677 -126  131
B 10924 678 -126  112
B 10934 680 -126   92
B 10944 685 -126   69
B 10954 691 -126   46
B 10964 698 -126   21
B 10974 704 -126   -2
push -11 -10
push out at target
B 10984 709   84  -23
B 10994 704   84  -33
B 11004 625   84  -44
B 11014 613   84  -57
B 11024 633   84  -68
B 11034 658   84  -82
B 11044 678   84  -95
B 11054 680   84 -107
B 11065 639   84 -115
B 11076 592   52 -117
B 11086 572    5 -117
B 11096 668   10 -116
B 11106 714   10 -105
B 11116 734   10  -96
B 11126 745   10  -86
B 11136 751   10  -75
B 11146 755   10  -64
B 11156 757   10  -53
B 11166 758   10  -42
B 11176 759   10  -31
B 11186 760   10  -21
pb end 
B 11196 760   10  -11
B 11206 761   10   -4
SSS v= 7615  t=  260
SSS  194   265   300    -4
%P VOLT1   = 7860
%P VOLT2   = 7615
%P S2_SC   =  1.05
%P L_ANG_MAX = 260
S 7615   194   265   300
B 11216 762  126    2
B 11226 762  126    6
B 11236 716  126    9
B 11247 687  126   12
B 11258 689  126   13
B 11268 700  126   19
B 11278 709  126   21
B 11288 697  126   21
B 11298 660  126   21
B 11308 627  126   25
B 11318 598  126   33
B 11328 579  126   44
B 11338 574  126   53
B 11348 587  117   63
B 11358 606   85   73
B 11368 624   54   83
B 11378 641   31   93
B 11388 656   31  104
B 11398 683   31  115
B 11408 712   31  127
B 11418 726   31  139
B 11428 733   31  148
B 11438 737   31  159
B 11448 740   31  169
B 11458 742   31  179
B 11468 744   31  188
pull out 194
B 11478 745 -126  196
B 11488 746 -126  204
B 11498 747 -126  213
B 11508 657 -126  219
B 11518 615 -126  222
B 11528 623 -126  227
B 11538 645 -126  232
B 11548 668 -126  235
B 11558 687 -126  237
B 11568 689 -126  238
B 11578 657 -126  238
B 11588 610 -126  237
B 11598 580 -126  231
B 11608 573 -126  217
B 11618 587 -126  204
B 11628 612 -126  189
B 11638 640 -126  173
B 11648 661 -126  155
B 11658 676 -126  136
B 11668 682 -126  116
B 11678 683 -126   98
B 11688 682 -126   77
B 11698 683 -126   55
B 11708 688 -126   32
B 11718 693 -126    8
push -11 -10
push out at target
B 11728 700   84  -15
B 11738 703   84  -28
B 11748 689   84  -39
B 11758 634   84  -51
B 11768 615   84  -66
B 11778 633   84  -78
B 11788 655   84  -93
B 11798 676   84 -108
B 11808 672   84 -122
B 11818 631   84 -130
B 11828 592   58 -132
B 11838 569    6 -132
B 11848 589   10 -132
B 11858 622   10 -121
B 11868 681   10 -109
B 11878 719   10  -96
B 11888 738   10  -85
B 11898 747   10  -71
B 11908 752   10  -58
B 11918 755   10  -45
B 11928 756   10  -31
pb end 
B 11938 757   10  -19
B 11948 759   10   -6
SSS v= 7597  t=  260
SSS  197   265   297    -3
%P VOLT1   = 7860
%P VOLT2   = 7597
%P S2_SC   =  1.05
%P L_ANG_MAX = 260
S 7597   197   265   297
B 11959 759  126    5
B 11969 755  126   14
B 11979 694  126   20
B 11989 686  126   25
B 11999 694  126   28
B 12009 705  126   30
B 12019 715  126   35
B 12029 720  126   36
B 12039 701  126   37
B 12049 653  126   41
B 12059 613  126   49
B 12069 582  126   59
B 12079 573   98   69
B 12089 581   63   80
B 12099 600   35   90
B 12109 620   31  101
B 12119 667   31  111
B 12129 702   31  123
B 12139 721   31  133
B 12149 730   31  145
B 12159 735   31  155
B 12169 738   31  164
B 12179 741   31  173
B 12189 742   31  183
B 12199 744   31  191
pull out 200
B 12209 745   22  201
B 12219 745   22  208
B 12229 745   22  215
B 12239 746   22  221
B 12249 750   22  228
B 12259 751   22  234
B 12269 752   22  240
B 12279 752   22  245
B 12289 753 -126  249
B 12299 753 -126  253
B 12309 753 -126  258
B 12319 660 -126  261
B 12329 636 -126  263
B 12339 645 -126  265
B 12349 665 -126  267
B 12359 683 -126  269
B 12369 696 -126  269
B 12379 686 -126  269
B 12389 644 -126  268
B 12399 600 -126  263
B 12409 578 -126  251
B 12419 581 -126  237
B 12429 602 -126  223
B 12439 630 -126  208
B 12449 654 -126  191
B 12459 670 -126  174
B 12469 679 -126  155
B 12479 681 -126  133
B 12489 681 -126  113
B 12499 682 -126   92
B 12509 687 -126   69
B 12519 692 -126   45
B 12529 698 -126   22
B 12539 705 -126   -3
push -11 -10
push out at target
B 12549 710   84  -27
B 12559 709   84  -38
B 12569 630   84  -49
B 12579 608   84  -62
B 12589 625   84  -73
B 12599 650   84  -87
B 12609 671   84 -100
B 12619 679   84 -112
B 12629 646   84 -121
B 12639 601   67 -125
B 12649 574   24 -125
B 12659 587   10 -125
B 12669 605   10 -117
B 12679 679   10 -104
B 12689 718   10  -92
B 12699 737   10  -81
B 12709 747   10  -68
B 12719 752   10  -55
B 12729 755   10  -42
B 12739 756   10  -29
B 12749 757   10  -16
pb end 
B 12759 759   10   -3
B 12769 760   10    7
SSS v= 7601  t=  260
SSS  200   265   300     7
%P VOLT1   = 7860
%P VOLT2   = 7601
%P S2_SC   =  1.05
%P L_ANG_MAX = 260
S 7601   200   265   300
B 12780 749  126   16
B 12791 687  126   23
B 12803 684  126   28
B 12813 695  126   32
B 12823 706  126   34
B 12833 717  126   39
B 12843 719  126   40
B 12854 691  126   43
B 12864 639  126   49
B 12874 601  126   57
B 12884 576  101   68
B 12894 572   66   79
B 12904 585   38   89
B 12914 625   31  100
B 12924 656   31  110
B 12934 702   31  121
B 12944 722   31  132
B 12954 731   31  142
B 12964 736   31  152
B 12974 738   31  161
B 12984 740   31  170
B 12994 742   31  179
B 13004 743   31  187
B 13014 744   31  195
pull out 196
B 13024 745 -126  203
B 13035 745 -126  209
B 13045 744 -126  216
B 13055 666 -126  222
B 13065 632 -126  225
B 13075 639 -126  230
B 13085 658 -126  235
B 13095 678 -126  238
B 13105 693 -126  240
B 13115 684 -126  240
B 13125 643 -126  240
B 13135 600 -126  240
B 13145 576 -126  229
B 13155 573 -126  215
B 13165 593 -126  201
B 13175 619 -126  186
B 13185 646 -126  169
B 13195 666 -126  152
B 13205 677 -126  130
B 13215 682 -126  113
B 13225 681 -126   93
B 13235 682 -126   73
B 13245 683 -126   49
B 13255 688 -126   27
B 13265 694 -126    3
push -10 -10
push out at target
B 13275 701   84  -19
B 13285 701   84  -30
B 13295 682   84  -41
B 13305 632   84  -54
B 13315 616   84  -68
B 13325 633   84  -81
B 13335 655   84  -96
B 13345 675   84 -111
B 13355 668   84 -125
B 13365 629   84 -133
B 13376 588   58 -135
B 13388 563    5 -135
B 13398 649   10 -133
B 13408 705   10 -122
B 13418 729   10 -111
B 13428 742   10 -102
B 13438 749   10  -90
B 13448 753   10  -79
B 13458 755   10  -68
B 13468 756   10  -57
B 13478 758   10  -47
B 13488 758   10  -36
pb end 
B 13498 759   10  -27
B 13508 760   10  -19
SSS v= 7601  t=  260
SSS  201   265   297   -19
%P VOLT1   = 7860
%P VOLT2   = 7601
%P S2_SC   =  1.05
%P L_ANG_MAX = 260
S 7601   201   265   297
B 13518 760  126  -12
B 13528 761  126   -7
B 13538 731  126   -3
B 13548 691  126    1
B 13558 687  126    5
B 13568 696  126    8
B 13578 707  126   17
B 13588 710  126   17
B 13598 687  126   19
B 13608 651  126   24
B 13618 619  126   31
B 13628 595  126   41
B 13638 582  126   51
B 13648 586  123   61
B 13658 600   88   72
B 13668 618   60   82
B 13678 630   31   92
B 13688 677   31  103
B 13698 699   31  114
B 13708 720   31  125
B 13718 729   31  136
B 13728 734   31  145
B 13738 737   31  156
B 13748 740   31  165
B 13758 742   31  174
B 13768 743   31  183
B 13778 744   31  191
pull out 197
B 13788 745 -126  199
B 13798 745 -126  206
B 13808 700 -126  213
B 13818 629 -126  218
B 13828 625 -126  221
B 13838 643 -126  226
B 13848 665 -126  230
B 13858 684 -126  233
B 13868 692 -126  234
B 13878 668 -126  234
B 13888 619 -126  234
B 13898 583 -126  230
B 13908 570 -126  218
B 13918 577 -126  205
B 13928 602 -126  190
B 13938 629 -126  174
B 13948 653 -126  157
B 13958 671 -126  138
B 13968 679 -126  119
B 13978 680 -126  101
B 13988 680 -126   81
B 13998 680 -126   59
B 14008 682 -126   37
B 14018 688 -126   13
B 14028 695 -126  -10
push -11 -10
push out at target
B 14038 701   84  -26
B 14048 605   84  -37
B 14058 593   84  -47
B 14068 614   84  -55
B 14078 641   84  -67
B 14088 665   84  -77
B 14098 680   84  -87
B 14108 658   84  -95
B 14118 612   58  -98
B 14128 580   15  -99
B 14138 668    0  -98
B 14148 708   10  -91
B 14158 733   10  -80
B 14168 745   10  -71
B 14178 750   10  -60
B 14188 753   10  -49
B 14198 755   10  -37
B 14208 756   10  -26
B 14218 757   10  -15
B 14228 758   10   -3
pb end 
B 14238 759   10    5
B 14248 760   10   13
B 14258 760   10   18
SSS v= 7604  t=  260
SSS  205   265   297    18
%P VOLT1   = 7860
%P VOLT2   = 7604
%P S2_SC   =  1.05
%P L_ANG_MAX = 260
S 7601   205   265   297
B 14268 760  126   21
B 14278 761  126   24
B 14288 761  126   25
B 14298 703  126   25
B 14308 681  126   25
B 14318 684  126   27
B 14328 694  126   27
B 14338 688  126   27
B 14348 656  126   27
B 14358 626  126   29
B 14368 601  126   37
B 14378 577  126   45
B 14388 568  126   55
B 14398 576  111   65
B 14408 594   82   75
B 14418 614   50   84
B 14428 629   31   93
B 14438 652   31  104
B 14448 690   31  115
B 14458 711   31  125
B 14468 724   31  137
B 14478 731   31  145
B 14488 735   31  156
B 14498 738   31  165
B 14508 740   31  175
B 14518 742   31  183
B 14528 743   31  190
pull out 197
B 14538 744   22  199
B 14548 744   22  206
B 14558 745   22  212
B 14568 748   22  218
B 14578 750   22  224
B 14588 750   22  230
B 14598 751   22  235
B 14609 751   22  239
B 14619 751   22  243
B 14629 752   22  247
B 14639 752   22  251
B 14649 752   22  255
B 14659 753   22  257
B 14669 752   22  259
B 14679 753   22  261
B 14689 752   22  263
B 14699 752 -126  265
B 14709 751 -126  266
B 14719 750 -126  267
B 14729 680 -126  268
B 14739 647 -126  269
B 14749 652 -126  269
B 14759 669 -126  268
B 14769 686 -126  269
B 14779 702 -126  268
B 14789 702 -126  268
B 14799 675 -126  268
B 14809 627 -126  259
B 14819 595 -126  246
B 14829 585 -126  233
B 14839 598 -126  217
B 14849 623 -126  202
B 14859 647 -126  185
B 14869 667 -126  167
B 14879 680 -126  148
B 14889 686 -126  125
B 14899 686 -126  108
B 14909 686 -126   85
B 14919 687 -126   63
B 14929 690 -126   39
B 14939 696 -126   15
B 14949 702 -126   -9
push -10 -10
push out at target
B 14959 708   84  -29
B 14969 703   84  -39
B 14979 640   84  -51
B 14989 612   84  -65
B 14999 626   84  -77
B 15009 649   84  -91
B 15020 672   84 -106
B 15031 674   84 -121
B 15041 632   84 -129
B 15053 587   58 -132
B 15064 563   11 -132
B 15074 604   10 -129
B 15084 642   10 -117
B 15094 700   10 -104
B 15104 729   10  -94
B 15114 742   10  -81
B 15124 749   10  -68
B 15134 753   10  -55
B 15144 755   10  -42
B 15154 756   10  -29
pb end 
B 15164 757   10  -16
B 15174 758   10   -4
SSS v= 7590  t=  260
SSS  212   265   304    -4
%P VOLT1   = 7860
%P VOLT2   = 7590
%P S2_SC   =  1.05
%P L_ANG_MAX = 260
S 7590   212   265   304
B 15185 759  126    7
B 15195 759  126   15
B 15206 760  126   21
B 15216 702  126   25
B 15226 688  126   28
B 15236 692  126   29
B 15246 702  126   30
B 15257 712  126   36
B 15267 704  126   36
B 15278 661  126   37
B 15288 622  126   43
B 15299 590  126   51
B 15309 570  123   61
B 15320 570   92   72
B 15330 588   57   83
B 15340 611   31   92
B 15350 628   31  101
B 15360 677   31  112
B 15370 706   31  123
B 15380 722   31  133
B 15390 730   31  144
B 15400 734   31  153
B 15410 737   31  163
B 15420 739   31  172
B 15430 741   31  181
B 15440 742   31  188
pull out 193
B 15450 744 -126  196
B 15460 744 -126  204
B 15470 744 -126  210
B 15480 720 -126  216
B 15490 637 -126  221
B 15500 628 -126  224
B 15510 643 -126  228
B 15520 664 -126  232
B 15530 683 -126  234
B 15540 694 -126  235
B 15550 675 -126  235
B 15560 629 -126  235
B 15570 590 -126  233
B 15580 572 -126  219
B 15590 576 -126  206
B 15600 599 -126  192
B 15610 626 -126  176
B 15620 650 -126  159
B 15630 669 -126  140
B 15640 678 -126  120
B 15650 681 -126  104
B 15660 680 -126   83
B 15670 681 -126   61
B 15680 682 -126   39
B 15690 687 -126   15
B 15700 694 -126   -9
push -11 -10
push out at target
B 15710 701   84  -29
B 15720 697   84  -39
B 15730 679   84  -51
B 15740 614   84  -65
B 15750 619   84  -78
B 15760 640   84  -91
B 15770 663   84 -107
B 15780 677   84 -121
B 15790 652   84 -133
B 15800 606   84 -139
B 15811 572   41 -140
B 15821 576    0 -140
B 15831 669   10 -137
B 15841 714   10 -127
B 15851 733   10 -117
B 15861 744   10 -107
B 15871 750   10  -97
B 15881 753   10  -86
B 15891 754   10  -76
B 15901 756   10  -66
B 15911 757   10  -56
B 15921 758   10  -47
pb end 
B 15931 758   10  -38
B 15941 759   10  -31
SSS v= 7594  t=  260
SSS  215   265   300   -31
%P VOLT1   = 7860
%P VOLT2   = 7594
%P S2_SC   =  1.05
%P L_ANG_MAX = 260
S 7594   215   265   300
B 15951 760  126  -24
B 15961 760  126  -19
B 15972 705  126  -13
B 15984 682  126   -7
B 15994 688  126   -3
B 16004 699  126    1
B 16014 710  126    9
B 16024 711  126   12
B 16035 684  126   16
B 16045 642  126   23
B 16056 610  126   31
B 16066 589  126   42
B 16076 584  126   53
B 16086 595  117   64
B 16096 612   85   75
B 16106 626   50   85
B 16116 660   31   96
B 16126 674   31  107
B 16136 708   31  119
B 16146 723   31  131
B 16156 731   31  141
B 16166 735   31  151
B 16176 738   31  161
B 16186 740   31  171
B 16196 742   31  180
B 16206 743   31  188
B 16216 744   31  197
pull out 201
B 16226 745   22  205
B 16236 746   22  212
B 16247 750   22  219
B 16257 750   22  225
B 16268 751   22  232
B 16278 751   22  237
B 16288 750   22  242
B 16298 751   22  247
B 16308 752 -126  251
B 16318 752 -126  255
B 16328 710 -126  259
B 16338 638 -126  261
B 16348 633 -126  263
B 16358 650 -126  264
B 16368 670 -126  265
B 16378 688 -126  265
B 16388 696 -126  265
B 16398 675 -126  265
B 16408 628 -126  265
B 16418 590 -126  255
B 16428 572 -126  242
B 16438 583 -126  228
B 16448 606 -126  214
B 16458 635 -126  197
B 16468 658 -126  181
B 16478 672 -126  164
B 16488 680 -126  143
B 16498 681 -126  121
B 16508 680 -126  104
B 16518 681 -126   81
B 16528 685 -126   59
B 16538 690 -126   35
B 16548 697 -126   11
push -11 -10
push out at target
B 16558 704   84  -13
B 16568 708   84  -27
B 16578 679   84  -39
B 16588 609   84  -51
B 16598 613   84  -63
B 16608 637   84  -75
B 16618 660   84  -90
B 16628 677   84 -103
B 16638 662   84 -115
B 16648 617   84 -121
B 16658 576   41 -122
B 16668 573    0 -122
B 16678 637   10 -120
B 16688 682   10 -108
B 16698 719   10  -96
B 16708 738   10  -87
B 16718 747   10  -74
B 16728 751   10  -61
B 16738 753   10  -49
B 16748 755   10  -36
B 16758 756   10  -23
pb end 
B 16768 757   10  -11
B 16778 758   10    1
SSS v= 7587  t=  260
SSS  220   265   304     2
%P VOLT1   = 7860
%P VOLT2   = 7587
%P S2_SC   =  1.05
%P L_ANG_MAX = 260
S 7587   220   265   304
B 16789 759  126   11
B 16800 759  126   19
B 16811 755  126   24
B 16821 693  126   28
B 16832 682  126   30
B 16842 691  126   31
B 16853 703  126   34
B 16863 710  126   37
B 16873 697  126   37
B 16883 651  126   38
B 16893 613  126   44
B 16903 583  126   53
B 16914 568  117   64
B 16924 571   85   73
B 16934 588   50   84
B 16944 622   31   93
B 16954 645   31  104
B 16964 693   31  113
B 16974 716   31  124
B 16984 727   31  135
B 16994 732   31  145
B 17004 736   31  153
B 17014 738   31  161
B 17024 740   31  170
B 17034 741   31  178
B 17044 742   31  187
pull out 192
B 17054 743 -126  194
B 17064 743 -126  201
B 17074 743 -126  207
B 17084 699 -126  213
B 17094 634 -126  217
B 17104 631 -126  221
B 17114 648 -126  225
B 17124 668 -126  229
B 17134 686 -126  231
B 17144 690 -126  232
B 17154 661 -126  232
B 17164 612 -126  232
B 17174 579 -126  226
B 17184 566 -126  213
B 17194 579 -126  200
B 17204 604 -126  185
B 17214 632 -126  169
B 17224 655 -126  152
B 17234 672 -126  132
B 17244 678 -126  114
B 17254 679 -126   97
B 17264 677 -126   76
B 17274 678 -126   53
B 17284 681 -126   31
B 17294 687 -126    8
push -13 -10
push out at target
B 17304 693   84  -15
B 17314 697   84  -27
B 17324 683   84  -38
B 17334 649   84  -50
B 17344 610   84  -65
B 17354 623   84  -77
B 17364 645   84  -92
B 17374 667   84 -107
B 17384 673   84 -121
B 17394 639   84 -131
B 17404 595   76 -136
B 17414 566   33 -136
B 17424 568   10 -136
B 17434 646   10 -130
B 17444 691   10 -119
B 17454 724   10 -107
B 17464 739   10  -97
B 17474 747   10  -84
B 17484 751   10  -72
B 17494 753   10  -60
B 17504 755   10  -48
pb end 
B 17514 755   10  -36
B 17524 756   10  -25
SSS v= 7576  t=  260
SSS  221   265   294   -16
%P VOLT1   = 7860
%P VOLT2   = 7580
%P S2_SC   =  1.06
%P L_ANG_MAX = 260
S 7580   221   265   294
B 17535 757  126  -12
B 17545 758  126   -3
B 17555 701  126    5
B 17565 677  126   11
B 17575 682  126   17
B 17585 693  126   20
B 17595 705  126   23
B 17605 715  126   31
B 17616 716  126   31
B 17627 683  126   35
B 17637 632  126   42
B 17648 591  126   53
B 17658 570  117   63
B 17668 571   85   73
B 17678 588   57   84
B 17688 611   31   95
B 17698 654   31  105
B 17708 681   31  116
B 17718 708   31  127
B 17728 723   31  139
B 17738 730   31  149
B 17748 733   31  158
B 17758 737   31  168
B 17768 738   31  177
B 17778 740   31  186
B 17788 742   31  194
pull out 195
B 17798 742 -126  203
B 17808 743 -126  210
B 17818 740 -126  217
B 17828 641 -126  222
B 17838 619 -126  226
B 17848 632 -126  231
B 17859 655 -126  236
B 17869 677 -126  239
B 17879 689 -126  241
B 17889 673 -126  241
B 17899 628 -126  241
B 17909 588 -126  240
B 17919 568 -126  227
B 17929 572 -126  214
B 17939 593 -126  200
B 17949 620 -126  185
B 17959 645 -126  168
B 17969 664 -126  149
B 17979 674 -126  129
B 17989 678 -126  112
B 17999 677 -126   92
B 18009 677 -126   71
B 18019 680 -126   48
B 18029 685 -126   25
B 18039 691 -126    1
push -11 -10
push out at target
B 18049 698   84  -20
B 18059 697   84  -31
B 18069 679   84  -42
B 18079 614   84  -55
B 18089 615   84  -68
B 18099 636   84  -81
B 18109 659   84  -96
B 18119 676   84 -110
B 18129 659   84 -122
B 18139 615   84 -129
B 18150 577   50 -129
B 18160 560   10 -129
B 18170 659   10 -125
B 18180 708   10 -114
B 18190 731   10 -103
B 18200 742   10  -92
B 18210 748   10  -80
B 18220 752   10  -68
B 18230 754   10  -56
B 18240 754   10  -44
pb end 
B 18250 756   10  -32
B 18260 756   10  -21
SSS v= 7576  t=  260
SSS  224   265   294   -21
%P VOLT1   = 7860
%P VOLT2   = 7573
%P S2_SC   =  1.06
%P L_ANG_MAX = 260
S 7573   224   265   294
B 18271 757  126   -9
B 18282 758  126   -1
B 18293 705  126    5
B 18303 682  126   11
B 18314 686  126   14
B 18324 697  126   17
B 18334 708  126   22
B 18345 715  126   25
B 18355 698  126   26
B 18365 654  126   31
B 18376 613  126   39
B 18386 582  126   49
B 18396 570  126   60
B 18406 576   98   71
B 18416 596   63   81
B 18426 617   31   91
B 18436 666   31  101
B 18446 704   31  112
B 18456 720   31  123
B 18466 728   31  133
B 18476 732   31  143
B 18486 736   31  152
B 18496 737   31  161
B 18506 739   31  170
B 18516 740   31  178
B 18526 741   31  187
pull out 193
B 18536 743 -126  194
B 18546 743 -126  201
B 18556 740 -126  207
B 18566 642 -126  213
B 18576 623 -126  216
B 18586 636 -126  221
B 18596 656 -126  225
B 18606 676 -126  228
B 18616 689 -126  229
B 18626 676 -126  229
B 18636 629 -126  229
B 18646 587 -126  229
B 18656 568 -126  217
B 18666 571 -126  203
B 18676 592 -126  189
B 18686 619 -126  173
B 18696 645 -126  157
B 18706 663 -126  137
B 18716 675 -126  119
B 18726 677 -126  103
B 18736 676 -126   81
B 18746 676 -126   61
B 18756 677 -126   38
B 18766 683 -126   17
B 18776 689 -126   -7
push -12 -10
push out at target
B 18786 694   84  -24
B 18796 689   84  -34
B 18806 665   84  -45
B 18816 613   84  -59
B 18826 613   84  -73
B 18836 634   84  -86
B 18846 657   84 -101
B 18856 673   84 -116
B 18866 653   84 -129
B 18876 608   84 -135
B 18886 573   41 -136
B 18896 556    0 -136
B 18906 640   10 -134
B 18916 700   10 -123
B 18926 726   10 -113
B 18936 739   10 -103
B 18946 746   10  -92
B 18956 750   10  -81
B 18966 753   10  -70
B 18976 754   10  -59
B 18986 755   10  -49
pb end 
B 18996 756   10  -39
B 19006 756   10  -30
SSS v= 7576  t=  260
SSS  228   265   294   -26
%P VOLT1   = 7860
%P VOLT2   = 7576
%P S2_SC   =  1.06
%P L_ANG_MAX = 260
S 7576   228   265   294
B 19017 757  126  -21
B 19028 758  126  -13
B 19038 758  126   -8
B 19048 713  126   -3
B 19058 683  126    1
B 19068 683  126    5
B 19078 693  126    7
B 19088 705  126   15
B 19098 705  126   17
B 19108 680  126   19
B 19118 641  126   24
B 19128 614  126   31
B 19138 591  126   41
B 19149 579  126   52
B 19159 583  120   63
B 19170 600   85   73
B 19180 617   50   85
B 19190 643   31   95
B 19200 670   31  105
B 19210 697   31  117
B 19220 717   31  128
B 19230 726   31  139
B 19240 731   31  149
B 19250 734   31  158
B 19260 737   31  168
B 19270 739   31  177
B 19280 740   31  185
B 19290 741   31  194
pull out 199
B 19300 742 -126  202
B 19310 743 -126  209
B 19320 646 -126  215
B 19330 613 -126  218
B 19340 622 -126  223
B 19350 643 -126  228
B 19360 665 -126  232
B 19370 683 -126  233
B 19380 683 -126  235
B 19390 648 -126  235
B 19400 599 -126  234
B 19410 571 -126  227
B 19420 565 -126  215
B 19430 579 -126  201
B 19440 605 -126  186
B 19450 632 -126  170
B 19460 654 -126  153
B 19470 668 -126  133
B 19480 675 -126  115
B 19490 676 -126   97
B 19500 675 -126   77
B 19510 676 -126   55
B 19520 680 -126   32
B 19530 686 -126    9
push -10 -10
push out at target
B 19540 692   84  -15
B 19550 695   84  -27
B 19560 683   84  -38
B 19570 624   84  -51
B 19580 607   84  -64
B 19590 625   84  -76
B 19600 648   84  -91
B 19610 669   84 -105
B 19620 667   84 -119
B 19630 627   84 -127
B 19640 584   59 -130
B 19650 560   15 -130
B 19660 619   10 -129
B 19670 686   10 -119
B 19680 719   10 -107
B 19690 736   10  -98
B 19700 745   10  -85
B 19710 749   10  -73
B 19720 752   10  -61
B 19730 753   10  -49
B 19740 754   10  -37
pb end 
B 19750 755   10  -25
B 19760 756   10  -14
SSS v= 7573  t=  260
SSS  232   262   294   -12
%P VOLT1   = 7860
%P VOLT2   = 7573
%P S2_SC   =  1.06
%P L_ANG_MAX = 260
S 7573   232   262   294
B 19771 756  126   -3
B 19782 757  126    5
B 19794 758  126   11
B 19805 709  126   15
B 19815 684  126   17
B 19825 685  126   19
B 19835 696  126   19
B 19845 706  126   25
B 19855 700  126   25
B 19865 663  126   26
B 19875 625  126   31
B 19885 596  126   39
B 19895 573  126   49
B 19905 566  126   59
B 19915 576   98   69
B 19925 596   66   79
B 19935 615   35   89
B 19945 637   31   99
B 19955 667   31  109
B 19965 690   31  120
B 19975 713   31  132
B 19985 724   31  143
B 19995 730   31  152
B 20005 734   31  161
B 20015 736   31  171
B 20025 738   31  180
B 20035 739   31  189
pull out 195
B 20045 741   22  197
B 20055 741   22  205
B 20065 742   22  212
B 20075 745   22  218
B 20085 747   22  224
B 20095 748   22  230
B 20105 748   22  236
B 20115 748   22  241
B 20125 748 -126  245
B 20135 749 -126  249
B 20145 750 -126  253
B 20155 750 -126  257
B 20165 674 -126  260
B 20175 629 -126  260
B 20185 632 -126  262
B 20195 650 -126  263
B 20205 671 -126  264
B 20215 688 -126  264
B 20225 692 -126  264
B 20235 668 -126  264
B 20245 620 -126  261
B 20255 585 -126  250
B 20265 572 -126  237
B 20275 585 -126  223
B 20285 609 -126  208
B 20295 636 -126  192
B 20305 657 -126  175
B 20315 671 -126  157
B 20325 677 -126  135
B 20335 678 -126  115
B 20345 678 -126   96
B 20355 680 -126   73
B 20365 683 -126   50
B 20375 689 -126   26
B 20385 696 -126    3
push -11 -10
push out at target
B 20395 702   84  -20
B 20405 702   84  -31
B 20415 640   84  -43
B 20425 601   84  -57
B 20435 614   84  -67
B 20445 638   84  -83
B 20455 661   84  -97
B 20465 672   84 -110
B 20475 641   84 -121
B 20485 596   84 -125
B 20495 566   24 -125
B 20505 554   10 -125
B 20515 552   10 -119
B 20525 628   10 -107
B 20535 693   10  -95
B 20545 724   10  -84
B 20555 738   10  -71
B 20565 746   10  -59
B 20575 750   10  -45
B 20585 752   10  -32
pb end 
B 20595 754   10  -19
B 20605 754   10   -7
SSS v= 7555  t=  260
SSS  237   262   297     1
%P VOLT1   = 7860
%P VOLT2   = 7559
%P S2_SC   =  1.06
%P L_ANG_MAX = 260
S 7559   237   262   297
B 20616 755  127    5
B 20626 755  127   15
B 20636 687  127   21
B 20646 675  127   25
B 20656 683  127   29
B 20666 695  127   32
B 20676 706  127   34
B 20686 714  127   39
B 20696 705  127   40
B 20706 663  127   44
B 20716 616  127   51
B 20726 579  127   60
B 20736 563   92   71
B 20746 567   60   81
B 20756 584   31   92
B 20766 606   31  101
B 20776 658   31  112
B 20786 700   31  123
B 20796 718   31  133
B 20806 726   31  144
B 20816 731   31  154
B 20826 734   31  163
B 20836 736   31  172
B 20846 738   31  181
B 20856 739   31  189
pull out 197
B 20866 740   31  197
B 20876 741   22  205
B 20886 745   22  211
B 20896 747   22  217
B 20906 748   22  223
B 20918 748   22  230
B 20928 748   22  235
B 20938 748   22  239
B 20948 748 -127  243
B 20958 749 -127  247
B 20968 745 -127  250
B 20978 650 -127  252
B 20988 627 -127  253
B 20998 639 -127  254
B 21008 657 -127  255
B 21018 677 -127  255
B 21028 693 -127  255
B 21038 690 -127  255
B 21048 652 -127  255
B 21058 603 -127  248
B 21068 574 -127  236
B 21078 570 -127  221
B 21088 590 -127  207
B 21098 617 -127  193
B 21108 645 -127  175
B 21118 665 -127  157
B 21128 677 -127  137
B 21138 681 -127  117
B 21148 679 -127  100
B 21158 679 -127   77
B 21168 679 -127   55
B 21178 683 -127   32
B 21188 689 -127    8
push -11 -10
push out at target
B 21198 695   84  -15
B 21208 699   84  -27
B 21218 683   84  -38
B 21228 615   84  -51
B 21238 608   84  -63
B 21248 629   84  -75
B 21258 653   84  -90
B 21268 672   84 -103
B 21278 666   84 -116
B 21288 621   84 -124
B 21298 579   59 -126
B 21308 556    6 -126
B 21318 641   10 -125
B 21328 700   10 -115
B 21338 726   10 -103
B 21348 740   10  -95
B 21358 746   10  -83
B 21368 750   10  -71
B 21378 752   10  -60
B 21388 754   10  -49
B 21398 754   10  -38
B 21408 755   10  -27
pb end 
B 21418 756   10  -17
B 21428 756   10   -8
SSS v= 7573  t=  260
SSS  240   262   297    -8
%P VOLT1   = 7860
%P VOLT2   = 7573
%P S2_SC   =  1.06
%P L_ANG_MAX = 260
S 7573   240   262   297
B 21438 757  126   -2
B 21448 758  126    3
B 21458 724  126    7
B 21468 684  126    9
B 21478 681  126   11
B 21488 690  126   12
B 21498 701  126   21
B 21508 700  126   21
B 21518 673  126   21
B 21528 635  126   24
B 21538 605  126   32
B 21548 582  126   41
B 21558 567  126   51
B 21568 572  123   61
B 21578 590   92   72
B 21588 609   60   81
B 21598 622   31   91
B 21608 669   31  101
B 21618 692   31  113
B 21628 713   31  124
B 21638 724   31  133
B 21648 730   31  143
B 21658 733   31  153
B 21668 736   31  161
B 21678 737   31  171
B 21688 739   31  179
B 21698 740   31  187
pull out 195
B 21708 741 -126  195
B 21718 741 -126  201
B 21728 689 -126  207
B 21738 621 -126  213
B 21748 617 -126  216
B 21758 635 -126  221
B 21768 656 -126  225
B 21778 677 -126  227
B 21788 686 -126  228
B 21798 664 -126  228
B 21808 613 -126  228
B 21818 576 -126  224
B 21828 560 -126  212
B 21838 567 -126  199
B 21848 591 -126  185
B 21858 620 -126  169
B 21868 645 -126  153
B 21878 663 -126  132
B 21888 673 -126  115
B 21898 674 -126   99
B 21908 672 -126   77
B 21918 671 -126   57
B 21928 673 -126   34
B 21938 679 -126   12
B 21948 686 -126  -11
push -12 -10
push out at target
B 21958 690   84  -25
B 21968 593   84  -36
B 21978 583   84  -46
B 21988 606   84  -54
B 21998 634   84  -65
B 22008 659   84  -75
B 22018 675   84  -86
B 22028 651   84  -93
B 22038 602   50  -96
B 22048 567   15  -96
B 22058 659   10  -96
B 22068 703   10  -89
B 22078 728   10  -78
B 22088 740   10  -70
B 22098 747   10  -59
B 22108 751   10  -48
B 22118 752   10  -36
B 22128 753   10  -25
B 22138 754   10  -13
B 22148 755   10   -3
pb end 
B 22158 756   10    7
SSS v= 7569  t=  260
SSS  244   262   294    10
%P VOLT1   = 7860
%P VOLT2   = 7569
%P S2_SC   =  1.06
%P L_ANG_MAX = 260
S 7569   244   262   294
B 22169 756  126   16
B 22179 757  126   22
B 22189 757  126   26
B 22199 700  126   29
B 22209 670  126   31
B 22219 672  126   32
B 22229 684  126   32
B 22239 696  126   36
B 22249 701  126   36
B 22259 673  126   36
B 22269 626  126   39
B 22279 589  126   45
B 22289 563  126   54
B 22299 553  114   64
B 22309 560   85   73
B 22319 583   54   83
B 22329 619   31   92
B 22339 653   31  101
B 22349 697   31  112
B 22359 716   31  121
B 22369 725   31  131
B 22379 730   31  140
B 22389 732   31  148
B 22399 734   31  157
B 22409 736   31  165
B 22419 737   31  173
B 22429 739   31  181
pull out 186
B 22439 740 -126  187
B 22449 740 -126  193
B 22459 739 -126  199
B 22469 661 -126  204
B 22479 620 -126  207
B 22489 626 -126  211
B 22499 646 -126  215
B 22509 666 -126  218
B 22519 683 -126  219
B 22529 683 -126  219
B 22539 647 -126  219
B 22549 600 -126  219
B 22559 568 -126  209
B 22569 560 -126  196
B 22579 574 -126  182
B 22589 602 -126  168
B 22599 630 -126  151
B 22609 653 -126  131
B 22619 668 -126  114
B 22629 675 -126   98
B 22639 674 -126   79
B 22649 672 -126   57
B 22659 671 -126   36
B 22669 674 -126   13
B 22679 680 -126   -9
push -10 -10
push out at target
B 22689 686   84  -24
B 22699 648   84  -35
B 22709 591   84  -46
B 22719 601   84  -56
B 22729 625   84  -67
B 22739 651   84  -79
B 22749 669   84  -91
B 22760 658   84 -102
B 22770 615   77 -107
B 22780 588   33 -107
B 22790 612   10 -107
B 22800 662   10 -104
B 22810 702   10  -93
B 22820 728   10  -83
B 22830 741   10  -73
B 22840 747   10  -63
B 22850 750   10  -51
B 22860 752   10  -39
B 22870 754   10  -27
pb end 
B 22880 754   10  -15
B 22890 755   10   -3
SSS v= 7562  t=  260
SSS  247   262   300    -2
%P VOLT1   = 7801
%P VOLT2   = 7559
%P S2_SC   =  1.06
%P L_ANG_MAX = 260
S 7562   247   262   300
B 22901 755  127    8
B 22911 756  127   17
B 22922 756  127   23
B 22932 735  127   28
B 22943 675  127   31
B 22953 670  127   33
B 22963 680  127   34
B 22973 693  127   35
B 22983 702  127   38
B 22993 695  127   38
B 23003 651  127   40
B 23013 607  127   45
B 23023 575  127   53
B 23033 555  118   63
B 23043 553   86   73
B 23053 569   54   83
B 23063 607   31   92
B 23073 637   31  102
B 23083 685   31  112
B 23093 710   31  121
B 23103 722   31  132
B 23113 727   31  141
B 23123 731   31  149
B 23133 734   31  157
B 23143 735   31  166
B 23153 737   31  174
B 23163 738   31  181
pull out 187
B 23173 738   22  189
B 23183 739   22  195
B 23193 739   22  201
B 23203 740   22  206
B 23213 744   22  212
B 23223 745   22  217
B 23233 746   22  221
B 23243 747   22  225
B 23253 747   22  229
B 23263 748   22  231
B 23273 748   22  234
B 23283 748   22  237
B 23293 748   22  238
B 23303 748   22  239
B 23313 747   22  241
B 23323 747   22  241
B 23333 747   22  241
B 23343 746   22  242
B 23353 746   22  242
B 23363 746   22  242
B 23373 746   22  242
B 23383 746   22  242
B 23393 746   22  242
B 23403 746   22  242
B 23413 747   22  241
B 23423 747   22  241
B 23433 747   22  241
B 23443 747   22  242
B 23453 747   22  242
B 23463 747   22  242
B 23473 746   22  242
B 23483 746   22  242
B 23494 747   22  242
B 23504 747   22  242
B 23515 747   22  242
B 23525 747   22  242
B 23535 747   22  242
B 23545 747   22  242
B 23555 747   22  242
B 23565 747   22  242
B 23575 747   22  242
B 23585 747   22  242
B 23595 747   22  242
B 23605 747   22  242
B 23615 747   22  242
B 23625 747   22  242
B 23635 747   22  242
B 23645 748   22  242
B 23655 748   22  242
B 23665 747   22  242
B 23675 748   22  242
B 23685 747   22  242
B 23695 747   22  242
B 23705 747   22  242
B 23715 747   22  242
B 23725 747   22  242
B 23735 747   22  242
B 23745 747   22  242
B 23755 747   22  242
B 23765 748   22  242
B 23775 748   22  242
B 23785 747   22  242
B 23795 748   22  242
B 23805 747   22  242
B 23815 748   22  242
B 23825 748   22  242
B 23835 748   22  242
B 23845 747   22  242
B 23855 747   22  242
B 23865 747   22  242
B 23875 748   22  242
B 23885 747   22  242
B 23895 748   22  242
B 23905 749   22  242
B 23915 748   22  242
B 23925 748   22  242
B 23935 748   22  242
B 23945 748   22  242
B 23955 748   22  242
B 23965 748   22  242
B 23976 748   22  242
B 23986 748   22  242
B 23996 748   22  242
B 24006 748   22  242
B 24016 748   22  242
B 24026 748   22  242
B 24036 747   22  242
B 24046 748   22  242
B 24056 748   22  242
B 24066 748   22  242
B 24076 748   22  242
B 24086 748   22  242
B 24096 748   22  242
B 24106 748   22  242
B 24116 748   22  242
B 24126 748   22  242
B 24136 748   22  242
B 24146 748   22  242
B 24156 748   22  242
B 24166 748   22  242
B 24176 748   22  242
B 24186 749   22  242
B 24196 748   22  242
B 24206 748   22  242
B 24216 748   22  242
B 24226 749   22  242
B 24236 748   22  242
B 24246 748   22  242
B 24256 748   22  242
B 24266 749   22  242
B 24276 748   22  242
B 24286 748   22  242
B 24296 749   22  242
B 24306 749   22  242
B 24316 748   22  242
B 24326 749   22  242
B 24336 749   22  242
B 24346 749   22  242
B 24356 749   22  242
B 24366 749   22  242
B 24376 749   22  242
B 24386 749   22  242
B 24396 749   22  242
B 24406 749   22  242
B 24416 749   22  242
B 24426 749   22  242
B 24436 749   22  242
B 24446 749   22  242
B 24456 749   22  242
B 24466 749   22  242
B 24476 749   22  242
B 24486 749   22  242
B 24496 749   22  242
B 24506 749   22  242
B 24516 749   22  242
B 24526 750   22  242
B 24536 750   22  242
B 24546 750   22  242
B 24556 749   22  242
B 24566 749   22  242
B 24576 749   22  242
B 24586 749   22  242
B 24596 749   22  242
B 24606 749   22  242
B 24616 749   22  242
B 24626 749   22  242
B 24636 749   22  242
B 24646 750   22  242
B 24656 749   22  242
B 24666 749   22  242
B 24677 749   22  242
B 24687 749   22  242
B 24698 750   22  242
B 24708 750   22  242
B 24718 750   22  242
B 24728 750   22  242
B 24738 750   22  242
B 24748 749   22  242
B 24758 749   22  242
B 24768 750   22  242
B 24778 749   22  242
B 24788 750   22  242
B 24798 750   22  242
B 24808 750   22  242
B 24818 750   22  242
B 24828 750   22  242
B 24838 750   22  242
B 24848 750   22  242
B 24858 750   22  242
B 24868 750   22  242
B 24878 750   22  242
B 24888 750   22  242
B 24898 750   22  242
B 24908 750   22  242
B 24918 749   22  242
B 24928 749   22  242
B 24938 749   22  242
B 24948 748   22  242
B 24958 749   22  242
B 24968 750   22  242
B 24978 749   22  242
B 24988 750   22  242
B 24998 750   22  242
B 25008 750   22  242
B 25018 749   22  242
B 25028 750   22  242
B 25038 749   22  242
B 25048 750   22  242
B 25058 750   22  242
B 25068 750   22  242
B 25078 750   22  242
B 25088 751   22  242
B 25098 750   22  242
B 25108 751   22  242
B 25118 750   22  242
B 25128 750   22  242
B 25138 750   22  242
B 25148 750   22  242
B 25158 750   22  242
B 25168 750   22  242
B 25179 750  -20  242
B 25190 750  -20  242
B 25200 750  -20  242
B 25210 753  -20  242
B 25220 754  -20  242
B 25230 754  -20  242
B 25240 755  -20  242
B 25250 755  -20  241
reset done 
B 25260 756   10  241
SSS v= 7559  t=  260
SSS  247   262   300   241
B 25270 755   10  241
%P VOLT1   = 7860
%P VOLT2   = 7566
%P S2_SC   =  1.06
%P L_ANG_MAX = 260
S 7566   247   262   300
B 25280 758   31  241
B 25290 755   31  238
B 25300 742   31  234
B 25310 741   31  230
B 25320 743   31  225
pull out 225
B 25330 743   22  220
B 25340 738   22  216
B 25350 743   22  213
B 25361 745   22  213
B 25371 747   22  213
B 25381 747   22  213
B 25391 749   22  213
B 25401 750   22  213
B 25412 750   22  213
B 25423 751   22  214
B 25433 751   22  216
B 25443 751   22  217
B 25453 752   22  219
B 25463 752   22  219
B 25473 751   22  220
B 25483 752   22  220
B 25493 751   22  220
B 25503 750   22  220
B 25513 751   22  220
B 25523 750   22  220
B 25533 750   22  220
B 25543 750   22  220
B 25553 750   22  220
B 25563 750   22  220
B 25573 750   22  220
B 25583 750   22  220
B 25593 750   22  220
B 25603 750   22  220
B 25613 751   22  220
B 25623 750   22  220
B 25633 750   22  220
B 25643 750   22  220
B 25653 750   22  220
B 25663 750   22  220
B 25673 750   22  220
B 25683 750   22  220
B 25693 750   22  220
B 25703 751   22  220
B 25713 750   22  220
B 25723 750   22  220
B 25733 750   22  220
B 25744 750   22  220
B 25754 751   22  220
B 25764 750   22  220
B 25774 751   22  220
B 25784 751   22  220
B 25794 751   22  220
B 25805 751   22  220
B 25815 751   22  220
B 25825 751   22  220
B 25835 751   22  220
B 25845 750   22  220
B 25855 750   22  220
B 25865 751   22  220
B 25875 751   22  220
B 25885 750   22  220
B 25895 751   22  220
B 25905 751   22  220
B 25915 751   22  220
B 25925 751   22  220
B 25935 751   22  220
B 25945 751   22  220
B 25955 751   22  220
B 25965 750   22  220
B 25976 750   22  220
B 25986 750   22  220
B 25996 751   22  220
B 26006 751   22  220
B 26016 751   22  220
B 26026 751   22  220
B 26036 751   22  220
B 26046 751   22  220
B 26056 751   22  220
B 26066 751   22  220
B 26076 750   22  220
B 26086 750   22  220
B 26096 751   22  220
B 26106 751   22  220
B 26116 751   22  220
B 26126 751   22  220
B 26136 751   22  220
B 26146 751   22  221
B 26156 751   22  221
B 26166 751   22  223
B 26176 752   22  224
B 26186 752   22  225
B 26196 752   22  225
B 26206 753   22  227
B 26216 753   22  228
B 26226 753   22  229
B 26236 752   22  230
B 26246 753   22  232
B 26256 753   22  233
B 26266 753   22  234
B 26276 753   22  236
B 26286 753   22  237
B 26296 753   22  239
B 26306 753   22  240
B 26316 753   22  241
B 26326 753   22  241
B 26336 753   22  242
B 26346 752   22  243
B 26356 752   22  243
B 26366 752   22  243
B 26376 751   22  243
B 26386 751   22  243
B 26396 751   22  243
B 26406 751   22  243
B 26416 750   22  243
B 26426 750   22  243
B 26436 750   22  243
B 26446 751   22  243
B 26456 750   22  243
B 26466 751   22  243
B 26476 750   22  243
B 26486 750   22  243
B 26496 750   22  243
B 26506 750   22  243
B 26516 750   22  243
B 26526 750   22  243
B 26536 750   22  243
B 26546 750   22  243
B 26556 750   22  243
B 26566 750   22  243
B 26576 750   22  243
B 26586 751   22  243
B 26596 750   22  243
B 26606 750   22  243
B 26616 750   22  243
B 26626 750   22  243
B 26636 750   22  243
B 26646 750   22  243
B 26656 750   22  243
B 26666 750   22  243
B 26676 750   22  243
B 26686 750   22  243
B 26696 750   22  243
B 26706 750   22  243
B 26716 750   22  243
B 26726 750   22  243
B 26736 750   22  243
B 26746 750   22  243
B 26756 750   22  243
B 26766 751   22  243
B 26776 750   22  243
B 26786 750   22  243
B 26796 750   22  243
B 26806 750   22  243
B 26816 750   22  243
B 26826 751   22  243
B 26836 750   22  243
B 26846 750   22  243
B 26856 750   22  243
B 26866 750   22  243
B 26876 750   22  243
B 26886 750   22  243
B 26896 750   22  243
B 26906 750   22  243
B 26916 750   22  243
B 26926 750   22  243
B 26936 750   22  243
B 26946 750   22  243
B 26956 751   22  243
B 26966 751   22  243
B 26976 751   22  243
B 26986 751   22  243
B 26996 751   22  243
B 27006 751   22  243
B 27016 751   22  243
B 27026 751   22  243
B 27036 751   22  243
B 27046 751   22  243
B 27056 750   22  243
B 27066 751   22  243
B 27076 751   22  243
B 27086 750   22  243
B 27096 750   22  243
B 27106 750   22  243
B 27116 750   22  243
B 27126 750   22  243
B 27136 751   22  243
B 27146 751   22  243
B 27156 750   22  243
B 27166 751   22  243
B 27176 751   22  243
B 27186 751   22  243
B 27196 751   22  243
B 27206 751   22  243
B 27216 751   22  243
B 27226 751   22  243
B 27236 750   22  243
B 27246 750   22  243
B 27256 750   22  244
B 27266 750   22  244
B 27276 751   22  244
B 27286 751   22  244
B 27296 751   22  244
B 27306 751   22  244
B 27316 751   22  244
B 27326 750  -20  244
B 27336 750  -20  244
B 27346 751  -20  244
B 27356 750  -20  244
B 27366 753  -20  244
B 27376 755  -20  244
B 27386 756  -20  244
B 27396 756  -20  244
B 27406 757  -20  243
reset done 
B 27416 758   10  243
SSS v= 7576  t=  260
SSS  247   262   300   243
%P VOLT1   = 7860
%P VOLT2   = 7580
%P S2_SC   =  1.06
%P L_ANG_MAX = 260
S 7580   247   262   300
B 27426 758   31  243
B 27436 745   31  241
B 27446 738   31  237
B 27456 740   31  235
B 27466 742   31  232
pull out 229
B 27476 744   22  229
B 27486 744   22  228
B 27496 739   22  227
B 27506 740   22  227
B 27516 746   22  227
B 27526 748   22  227
B 27536 750   22  227
B 27546 750   22  227
B 27556 751   22  227
B 27566 751   22  227
B 27576 751   22  227
B 27586 751   22  227
B 27597 751   22  227
B 27608 751   22  227
B 27618 751   22  227
B 27628 751   22  227
B 27638 751   22  227
B 27648 752   22  227
B 27658 752   22  227
B 27668 752   22  227
B 27678 752   22  227
B 27688 752   22  227
B 27698 752   22  227
B 27708 751   22  227
B 27718 752   22  227
B 27728 751   22  227
B 27738 751   22  227
B 27748 752   22  227
B 27758 752   22  227
B 27768 751   22  227
B 27778 751   22  227
B 27788 751   22  227
B 27798 752   22  227
B 27808 752   22  227
B 27818 752   22  227
B 27828 751   22  227
B 27838 751   22  227
B 27848 752   22  227
B 27858 752   22  227
B 27868 752   22  227
B 27878 751   22  227
B 27888 751   22  227
B 27898 752   22  227
B 27908 752   22  227
B 27918 752   22  227
B 27928 752   22  227
B 27938 752   22  227
B 27948 751   22  227
B 27958 752   22  227
B 27968 751   22  227
B 27978 751   22  227
B 27988 751   22  227
B 27998 752   22  227
B 28008 752   22  227
B 28018 752   22  227
B 28028 752   22  227
B 28038 752   22  227
B 28048 752   22  227
B 28058 752   22  227
B 28068 752   22  227
B 28078 752   22  227
B 28088 752   22  227
B 28098 752   22  227
B 28108 752   22  227
B 28118 752   22  227
B 28128 752   22  227
B 28138 752   22  227
B 28148 752   22  227
B 28158 752   22  227
B 28168 752   22  227
B 28178 752   22  227
B 28188 752   22  227
B 28198 752   22  227
B 28208 752   22  227
B 28218 752   22  227
B 28228 752   22  227
B 28238 752   22  227
B 28248 752   22  227
B 28258 752   22  227
B 28268 752   22  227
B 28278 752 -126  227
B 28288 752 -126  227
B 28298 710 -126  227
B 28308 655 -126  227
B 28318 652 -126  227
B 28328 666 -126  227
B 28338 683 -126  227
B 28348 701 -126  226
B 28358 710 -126  221
B 28368 702 -126  215
B 28378 667 -126  207
B 28388 624 -126  195
B 28398 598 -126  181
B 28408 597 -126  165
B 28418 616 -126  147
B 28428 640 -126  129
B 28438 661 -126  113
B 28448 680 -126   95
B 28458 689 -126   76
B 28468 691 -126   55
B 28478 689 -126   33
B 28488 686 -126   12
push -11 -10
push out at target
B 28498 685   84  -11
B 28508 688   84  -32
B 28518 689   84  -47
B 28528 683   84  -64
B 28538 601   84  -84
B 28548 593   84  -98
B 28558 615   84 -115
B 28568 643   84 -134
B 28578 659   84 -151
B 28588 634   84 -166
B 28598 593   84 -174
B 28608 563   59 -176
B 28618 550    6 -175
B 28628 656   10 -174
B 28638 708   10 -163
B 28648 731   10 -153
B 28658 743   10 -144
B 28668 749   10 -134
B 28678 753   10 -123
B 28688 755   10 -113
B 28698 757   10 -104
B 28708 758   10  -95
B 28718 759   10  -86
pb end 