30 continous shot -- most fall short
SSS v= 7786  t=  270
SSS  312   204   313    -2
%P VOLT1   = 7742
%P VOLT2   = 7786
%P S2_SC   =  1.03
%P L_ANG_MAX = 270
S 7786   312   204   313
B   0 778  123   -2
B  10 778  123   -2
B  20 778  123   -2
B  31 706  123   -2
B  41 663  123   -2
B  51 663  123   -2
B  61 672  123   -2
B  71 672  123   -2
B  81 656  123   -1
B  91 627  123    2
B 101 600  123   11
B 111 583  123   21
B 122 589  123   31
B 133 610  123   41
B 144 629  123   51
B 155 636  121   61
B 165 633   94   72
B 176 624   62   83
B 186 619   30   96
B 196 638   30  107
B 206 653   30  120
B 216 706   30  132
B 226 729   30  144
B 236 741   30  156
B 246 747   30  166
B 256 750   30  177
B 266 752   30  187
B 276 754   30  196
B 286 755   30  205
pull out 206
B 296 756 -123  215
B 306 756 -123  223
B 316 724 -123  230
B 326 639 -123  237
B 336 632 -123  241
B 346 650 -123  247
B 356 674 -123  252
B 366 693 -123  255
B 376 697 -123  257
B 386 664 -123  257
B 396 616 -123  257
B 406 587 -123  253
B 416 575 -123  241
B 426 585 -123  227
B 436 611 -123  213
B 446 639 -123  197
B 456 663 -123  180
B 466 680 -123  162
B 476 686 -123  141
B 486 688 -123  120
B 496 689 -123  101
B 506 691 -123   78
B 516 694 -123   56
B 526 701 -123   33
B 536 708 -123    9
push -11 -10
push out at target
B 546 714   82  -16
B 556 717   82  -29
B 566 701   82  -40
B 576 628   82  -54
B 586 632   82  -67
B 596 653   82  -80
B 606 676   82  -95
B 616 692   82 -109
B 626 673   82 -121
B 636 630   82 -128
B 646 595   49 -129
B 656 584    0 -128
B 666 678   10 -125
B 676 723   10 -113
B 686 743   10 -103
B 696 753   10  -91
B 706 759   10  -79
B 716 762   10  -67
B 726 764   10  -55
B 736 766   10  -43
B 746 767   10  -32
pb end 
B 756 767   10  -21
B 766 768   10  -12
SSS v= 7688  t=  270
SSS  318   204   307    -8
%P VOLT1   = 7742
%P VOLT2   = 7688
%P S2_SC   =  1.04
%P L_ANG_MAX = 270
S 7692   318   204   307
B 777 768  124   -4
B 788 769  124    2
B 798 770  124    6
B 808 713  124    9
B 818 697  124   11
B 828 702  124   12
B 838 712  124   19
B 848 713  124   19
B 858 686  124   19
B 868 648  124   21
B 878 619  124   27
B 888 596  124   36
B 898 582  124   45
B 908 584  124   56
B 918 600  111   65
B 928 617   87   75
B 938 630   63   84
B 948 651   34   95
B 958 672   31  105
B 968 700   31  117
B 978 724   31  128
B 988 735   31  139
B 998 741   31  148
B 1008 745   31  157
B 1018 747   31  167
B 1028 750   31  176
B 1038 751   31  185
B 1048 752   31  193
B 1058 753   31  201
pull out 201
B 1068 753 -124  207
B 1078 753 -124  214
B 1088 747 -124  221
B 1098 657 -124  226
B 1108 642 -124  229
B 1118 656 -124  235
B 1128 677 -124  239
B 1138 695 -124  241
B 1148 701 -124  243
B 1158 673 -124  243
B 1168 626 -124  243
B 1178 591 -124  239
B 1188 578 -124  226
B 1198 587 -124  212
B 1208 612 -124  197
B 1218 639 -124  181
B 1228 663 -124  164
B 1238 680 -124  145
B 1248 687 -124  124
B 1258 688 -124  106
B 1268 687 -124   85
B 1278 690 -124   63
B 1288 694 -124   39
B 1298 700 -124   16
B 1308 706 -124   -8
push -11 -10
push out at target
B 1318 712   83  -25
B 1328 640   83  -35
B 1338 609   83  -47
B 1348 627   83  -55
B 1358 652   83  -67
B 1368 676   83  -79
B 1378 690   83  -91
B 1388 670   83  -99
B 1398 625   58 -103
B 1408 591   23 -103
B 1418 642   10 -103
B 1428 696   10  -95
B 1438 729   10  -84
B 1448 746   10  -75
B 1458 755   10  -63
B 1468 759   10  -51
B 1478 761   10  -39
B 1488 763   10  -26
B 1498 765   10  -13
B 1508 765   10   -3
pb end 
B 1518 766   10    9
B 1528 766   10   17
SSS v= 7667  t=  270
SSS  322   204   300    17
%P VOLT1   = 7742
%P VOLT2   = 7664
%P S2_SC   =  1.04
%P L_ANG_MAX = 270
S 7664   322   204   300
B 1538 767  125   24
B 1548 767  125   28
B 1558 740  125   30
B 1568 693  125   31
B 1578 686  125   32
B 1589 696  125   32
B 1600 710  125   34
B 1610 709  125   34
B 1620 674  125   33
B 1631 627  125   35
B 1641 596  125   42
B 1651 575  125   51
B 1661 570  123   61
B 1671 579   96   71
B 1681 600   69   81
B 1691 621   42   91
B 1701 638   31  100
B 1711 681   31  111
B 1721 702   31  121
B 1731 725   31  133
B 1741 734   31  144
B 1751 740   31  153
B 1761 743   31  163
B 1771 746   31  172
B 1781 748   31  181
B 1791 749   31  189
B 1801 750   31  197
pull out 201
B 1811 751 -125  205
B 1821 751 -125  212
B 1831 685 -125  218
B 1841 632 -125  223
B 1851 634 -125  226
B 1861 654 -125  231
B 1871 676 -125  235
B 1881 695 -125  237
B 1891 697 -125  237
B 1901 666 -125  237
B 1911 618 -125  237
B 1921 586 -125  231
B 1931 574 -125  217
B 1941 588 -125  204
B 1951 614 -125  189
B 1961 642 -125  173
B 1971 665 -125  155
B 1981 679 -125  135
B 1991 686 -125  115
B 2001 686 -125   97
B 2011 686 -125   76
B 2021 688 -125   53
B 2031 692 -125   31
B 2041 697 -125    7
push -10 -10
push out at target
B 2051 704   83  -16
B 2061 706   83  -28
B 2071 691   83  -39
B 2081 649   83  -52
B 2091 622   83  -67
B 2101 638   83  -79
B 2111 661   83  -95
B 2121 681   83 -110
B 2131 680   83 -123
B 2141 642   83 -133
B 2151 602   76 -136
B 2161 576   15 -136
B 2171 605   10 -136
B 2181 683   10 -127
B 2191 722   10 -115
B 2201 741   10 -105
B 2211 751   10  -93
B 2221 756   10  -81
B 2231 759   10  -69
B 2241 761   10  -56
B 2251 762   10  -44
pb end 
B 2261 763   10  -32
B 2271 764   10  -21
SSS v= 7646  t=  270
SSS  328   204   300   -13
%P VOLT1   = 7801
%P VOLT2   = 7646
%P S2_SC   =  1.05
%P L_ANG_MAX = 270
S 7646   328   204   300
B 2282 764  125   -9
B 2292 765  125    0
B 2303 702  125    6
B 2313 690  125   11
B 2323 697  125   15
B 2333 709  125   17
B 2343 719  125   23
B 2353 724  125   25
B 2364 704  125   26
B 2374 656  125   31
B 2384 618  125   38
B 2394 587  125   49
B 2404 575  125   59
B 2414 583  101   69
B 2424 603   72   80
B 2434 623   48   90
B 2444 643   31  100
B 2454 651   31  111
B 2464 693   31  122
B 2474 719   31  134
B 2484 731   31  145
B 2494 737   31  155
B 2504 741   31  166
B 2514 744   31  177
B 2524 746   31  186
B 2534 747   31  195
B 2544 748   31  203
pull out 206
B 2554 750 -125  210
B 2564 748 -125  219
B 2574 638 -125  225
B 2584 615 -125  229
B 2594 630 -125  233
B 2604 654 -125  237
B 2614 676 -125  241
B 2624 693 -125  241
B 2634 684 -125  242
B 2644 643 -125  242
B 2654 601 -125  241
B 2664 579 -125  229
B 2674 579 -125  216
B 2684 600 -125  201
B 2694 627 -125  186
B 2704 652 -125  169
B 2714 670 -125  152
B 2724 681 -125  129
B 2734 685 -125  112
B 2744 685 -125   93
B 2754 686 -125   71
B 2764 689 -125   49
B 2774 693 -125   25
B 2784 699 -125    1
push -11 -10
push out at target
B 2794 706   83  -20
B 2804 705   83  -31
B 2814 686   83  -43
B 2824 626   83  -57
B 2834 625   83  -71
B 2844 645   83  -85
B 2854 668   83 -100
B 2864 684   83 -115
B 2874 665   83 -127
B 2884 623   83 -134
B 2894 588   50 -135
B 2904 571    0 -135
B 2914 655   10 -132
B 2924 711   10 -121
B 2934 734   10 -110
B 2944 747   10 -100
B 2954 753   10  -88
B 2964 757   10  -76
B 2974 759   10  -65
B 2984 760   10  -54
B 2994 761   10  -43
pb end 
B 3004 762   10  -32
B 3014 763   10  -23
SSS v= 7639  t=  270
SSS  333   204   294   -17
%P VOLT1   = 7742
%P VOLT2   = 7639
%P S2_SC   =  1.05
%P L_ANG_MAX = 270
S 7639   333   204   294
B 3025 763  125  -15
B 3035 764  125   -8
B 3045 765  125   -3
B 3055 724  125    1
B 3065 693  125    5
B 3075 694  125    7
B 3085 703  125   12
B 3095 712  125   17
B 3106 702  125   17
B 3117 661  125   20
B 3128 624  125   27
B 3139 602  125   35
B 3149 586  125   45
B 3159 584  125   55
B 3170 597  112   65
B 3180 615   85   76
B 3191 627   58   85
B 3201 652   31   97
B 3211 661   31  108
B 3221 703   31  119
B 3231 722   31  131
B 3241 732   31  141
B 3251 738   31  150
B 3261 741   31  161
B 3271 744   31  170
B 3281 746   31  179
B 3291 747   31  187
B 3302 748   31  196
pull out 202
B 3312 749 -125  204
B 3323 749 -125  211
B 3333 748 -125  217
B 3343 687 -125  223
B 3353 639 -125  228
B 3363 643 -125  232
B 3373 661 -125  237
B 3383 681 -125  241
B 3393 696 -125  243
B 3403 689 -125  244
B 3413 648 -125  244
B 3423 607 -125  244
B 3433 581 -125  234
B 3443 575 -125  221
B 3453 592 -125  207
B 3463 618 -125  192
B 3473 646 -125  175
B 3483 667 -125  157
B 3493 680 -125  137
B 3503 684 -125  117
B 3513 685 -125  100
B 3523 685 -125   77
B 3533 687 -125   55
B 3543 691 -125   32
B 3553 697 -125    9
push -12 -10
push out at target
B 3563 703   83  -15
B 3573 688   83  -28
B 3583 607   83  -39
B 3593 606   83  -49
B 3603 630   83  -58
B 3613 656   83  -70
B 3623 678   83  -81
B 3633 685   83  -91
B 3643 651   76  -98
B 3653 606   50  -99
B 3664 594    0  -99
B 3674 639   10  -97
B 3684 683   10  -86
B 3694 723   10  -74
B 3704 741   10  -63
B 3714 750   10  -51
B 3724 755   10  -38
B 3734 758   10  -25
B 3744 759   10  -11
B 3755 760   10    1
pb end 
B 3765 761   10   13
B 3775 762   10   23
SSS v= 7625  t=  270
SSS  337   204   297    23
%P VOLT1   = 7742
%P VOLT2   = 7625
%P S2_SC   =  1.05
%P L_ANG_MAX = 270
S 7625   337   204   297
B 3785 762  125   31
B 3795 763  125   36
B 3806 761  125   39
B 3816 694  125   41
B 3826 681  125   42
B 3836 688  125   42
B 3846 701  125   43
B 3857 710  125   43
B 3867 693  125   43
B 3878 645  125   44
B 3888 607  125   49
B 3898 579  125   58
B 3908 569  104   68
B 3918 573   80   78
B 3928 590   50   88
B 3938 631   31   98
B 3948 660   31  108
B 3958 701   31  119
B 3968 722   31  129
B 3978 731   31  140
B 3988 737   31  149
B 3998 740   31  159
B 4008 742   31  167
B 4018 744   31  176
B 4028 745   31  184
B 4038 746   31  193
pull out 197
B 4048 747 -125  199
B 4058 747 -125  206
B 4068 747 -125  212
B 4078 719 -125  218
B 4088 645 -125  223
B 4098 639 -125  226
B 4108 654 -125  231
B 4118 675 -125  235
B 4128 693 -125  237
B 4138 696 -125  238
B 4148 666 -125  238
B 4158 617 -125  238
B 4168 584 -125  232
B 4178 573 -125  219
B 4188 585 -125  205
B 4198 611 -125  191
B 4208 639 -125  175
B 4218 661 -125  157
B 4228 677 -125  137
B 4238 683 -125  117
B 4248 683 -125   99
B 4258 683 -125   77
B 4268 684 -125   57
B 4278 688 -125   34
B 4288 694 -125   11
B 4298 700 -125  -13
push -14 -10
push out at target
B 4308 704   83  -27
B 4318 691   83  -37
B 4328 662   83  -51
B 4338 619   83  -65
B 4348 628   83  -77
B 4358 650   83  -93
B 4368 672   83 -109
B 4378 680   83 -124
B 4388 648   83 -135
B 4398 604   83 -140
B 4408 576   33 -140
B 4418 567   10 -140
B 4428 645   10 -136
B 4438 689   10 -125
B 4448 725   10 -112
B 4458 741   10 -103
B 4468 750   10  -90
B 4478 754   10  -78
B 4488 756   10  -66
B 4498 758   10  -54
B 4508 759   10  -41
pb end 
B 4518 760   10  -30
SSS v= 7611  t=  270
SSS  344   204   297   -27
%P VOLT1   = 7742
%P VOLT2   = 7611
%P S2_SC   =  1.05
%P L_ANG_MAX = 270
S 7611   344   204   297
B 4529 761  126  -17
B 4539 761  126   -6
B 4549 714  126    2
B 4559 684  126    8
B 4569 686  126   14
B 4579 698  126   17
B 4589 709  126   21
B 4599 720  126   28
B 4609 723  126   28
B 4619 697  126   30
B 4629 648  126   36
B 4639 608  126   44
B 4649 580  126   53
B 4659 573  116   64
B 4669 584   88   75
B 4679 606   59   85
B 4689 627   31   95
B 4699 646   31  105
B 4709 668   31  116
B 4719 707   31  127
B 4729 724   31  139
B 4739 732   31  150
B 4749 737   31  159
B 4759 740   31  170
B 4769 742   31  180
B 4779 744   31  189
B 4789 745   31  197
pull out 205
B 4799 746 -126  205
B 4809 747 -126  213
B 4819 677 -126  220
B 4829 616 -126  223
B 4839 616 -126  228
B 4849 637 -126  233
B 4859 662 -126  236
B 4869 683 -126  238
B 4879 691 -126  239
B 4889 669 -126  239
B 4899 624 -126  239
B 4909 588 -126  234
B 4919 573 -126  221
B 4929 582 -126  208
B 4939 606 -126  193
B 4949 634 -126  177
B 4959 658 -126  160
B 4969 674 -126  141
B 4979 681 -126  121
B 4989 682 -126  103
B 4999 682 -126   81
B 5009 683 -126   60
B 5019 687 -126   37
B 5029 692 -126   13
B 5039 698 -126  -10
push -11 -10
push out at target
B 5049 704   84  -25
B 5059 694   84  -36
B 5069 644   84  -49
B 5079 614   84  -63
B 5089 630   84  -75
B 5099 653   84  -90
B 5109 674   84 -105
B 5119 677   84 -119
B 5129 640   84 -128
B 5139 597   67 -132
B 5149 572   24 -132
B 5159 611   10 -131
B 5169 686   10 -123
B 5179 722   10 -111
B 5189 739   10 -102
B 5199 748   10  -89
B 5209 753   10  -77
B 5219 755   10  -65
B 5229 757   10  -53
B 5239 758   10  -41
B 5249 759   10  -30
pb end 
B 5259 760   10  -19
B 5269 760   10   -9
SSS v= 7611  t=  270
SSS  348   204   294    -9
%P VOLT1   = 7742
%P VOLT2   = 7615
%P S2_SC   =  1.05
%P L_ANG_MAX = 270
S 7611   348   204   294
B 5279 761  126   -1
B 5290 704  126    5
B 5301 687  126    9
B 5311 693  126   13
B 5321 704  126   15
B 5331 715  126   22
B 5341 719  126   23
B 5351 696  126   24
B 5361 653  126   27
B 5371 614  126   35
B 5381 586  126   44
B 5391 572  126   55
B 5401 578  116   65
B 5411 597   88   74
B 5421 618   61   84
B 5431 655   37   93
B 5441 679   31  104
B 5451 705   31  114
B 5461 723   31  125
B 5471 731   31  135
B 5481 736   31  143
B 5491 739   31  153
B 5501 741   31  161
B 5511 743   31  170
B 5521 744   31  177
B 5531 745   31  186
B 5541 746   31  193
pull out 195
B 5551 746 -126  200
B 5561 746 -126  205
B 5571 734 -126  212
B 5581 648 -126  217
B 5591 637 -126  220
B 5601 652 -126  225
B 5611 672 -126  229
B 5621 690 -126  231
B 5631 695 -126  232
B 5641 670 -126  232
B 5651 621 -126  232
B 5661 587 -126  227
B 5671 572 -126  215
B 5681 581 -126  201
B 5691 605 -126  187
B 5701 634 -126  171
B 5711 658 -126  154
B 5721 674 -126  133
B 5731 681 -126  116
B 5741 682 -126   99
B 5751 681 -126   77
B 5761 681 -126   56
B 5771 684 -126   33
B 5781 690 -126    9
push -11 -10
push out at target
B 5791 697   84  -14
B 5801 701   84  -27
B 5811 622   84  -38
B 5821 600   84  -49
B 5831 619   84  -59
B 5841 645   84  -71
B 5851 669   84  -83
B 5861 682   84  -94
B 5871 655   84 -103
B 5881 612   67 -106
B 5891 581   15 -106
B 5901 649   10 -106
B 5911 701   10  -99
B 5921 729   10  -88
B 5931 743   10  -79
B 5941 750   10  -67
B 5951 753   10  -55
B 5961 756   10  -43
B 5971 757   10  -31
B 5981 758   10  -20
pb end 
B 5991 759   10   -8
B 6001 760   10    3
SSS v= 7608  t=  270
SSS  351   204   294     7
%P VOLT1   = 7742
%P VOLT2   = 7604
%P S2_SC   =  1.05
%P L_ANG_MAX = 270
S 7608   351   204   294
B 6012 760  126   12
B 6023 761  126   19
B 6033 761  126   23
B 6043 716  126   25
B 6053 684  126   27
B 6063 684  126   27
B 6073 695  126   27
B 6083 706  126   29
B 6093 704  126   29
B 6103 669  126   29
B 6113 629  126   32
B 6123 597  126   39
B 6133 574  126   48
B 6143 567  126   59
B 6153 577  105   69
B 6163 597   80   79
B 6173 616   56   88
B 6183 637   31   97
B 6193 674   31  108
B 6203 695   31  118
B 6213 718   31  129
B 6223 728   31  140
B 6233 734   31  149
B 6243 737   31  159
B 6253 740   31  168
B 6263 741   31  177
B 6273 743   31  185
B 6283 745   31  193
pull out 199
B 6293 745 -126  201
B 6303 745 -126  207
B 6313 672 -126  213
B 6323 625 -126  217
B 6333 629 -126  221
B 6343 650 -126  226
B 6353 670 -126  229
B 6363 689 -126  231
B 6373 693 -126  232
B 6383 662 -126  232
B 6393 614 -126  232
B 6403 583 -126  225
B 6413 572 -126  213
B 6423 585 -126  199
B 6433 611 -126  184
B 6443 636 -126  169
B 6453 661 -126  150
B 6463 675 -126  129
B 6473 681 -126  113
B 6483 681 -126   95
B 6493 680 -126   74
B 6503 681 -126   52
B 6513 684 -126   29
B 6523 690 -126    6
push -11 -10
push out at target
B 6533 697   84  -17
B 6543 683   84  -29
B 6553 600   84  -39
B 6563 600   84  -50
B 6573 623   84  -58
B 6583 651   84  -70
B 6593 674   84  -81
B 6603 680   84  -91
B 6613 646   76  -97
B 6623 603   41  -99
B 6633 586    6  -99
B 6643 644   10  -98
B 6653 686   10  -87
B 6663 722   10  -75
B 6673 739   10  -65
B 6683 748   10  -52
B 6693 752   10  -39
B 6703 754   10  -27
B 6713 757   10  -13
B 6723 757   10    0
pb end 
B 6733 758   10   11
B 6743 759   10   21
SSS v= 7601  t=  270
SSS  354   204   294    24
%P VOLT1   = 7801
%P VOLT2   = 7601
%P S2_SC   =  1.05
%P L_ANG_MAX = 270
S 7601   354   204   294
B 6754 759  126   29
B 6764 760  126   36
B 6774 760  126   40
B 6784 697  126   41
B 6794 677  126   43
B 6804 682  126   43
B 6814 694  126   43
B 6824 706  126   45
B 6834 700  126   45
B 6844 661  126   45
B 6854 622  126   48
B 6864 589  126   56
B 6874 570  113   65
B 6884 567   86   76
B 6894 580   59   86
B 6904 609   31   96
B 6914 654   31  105
B 6924 687   31  116
B 6934 715   31  126
B 6944 727   31  137
B 6954 733   31  147
B 6964 737   31  156
B 6974 739   31  165
B 6984 740   31  173
B 6994 742   31  181
B 7004 743   31  189
pull out 196
B 7014 744 -126  196
B 7024 744 -126  203
B 7034 743 -126  209
B 7044 743 -126  215
B 7054 659 -126  221
B 7064 634 -126  224
B 7074 644 -126  229
B 7084 663 -126  233
B 7094 682 -126  235
B 7104 695 -126  237
B 7114 680 -126  237
B 7124 636 -126  237
B 7134 594 -126  235
B 7144 572 -126  223
B 7154 576 -126  209
B 7164 597 -126  195
B 7174 625 -126  180
B 7184 651 -126  163
B 7194 669 -126  144
B 7204 679 -126  124
B 7214 681 -126  108
B 7224 680 -126   87
B 7234 680 -126   65
B 7244 683 -126   42
B 7254 688 -126   19
B 7264 694 -126   -4
push -14 -10
push out at target
B 7274 701   84  -23
B 7284 695   84  -33
B 7294 673   84  -45
B 7304 622   84  -59
B 7314 615   84  -74
B 7324 634   84  -87
B 7334 657   84 -103
B 7344 675   84 -118
B 7354 659   84 -131
B 7364 616   84 -139
B 7374 577   58 -140
B 7384 560    0 -140
B 7394 590   10 -139
B 7404 621   10 -128
B 7414 686   10 -116
B 7424 721   10 -104
B 7434 738   10  -93
B 7445 747   10  -80
B 7455 751   10  -67
B 7465 754   10  -55
B 7475 755   10  -43
pb end 
B 7485 756   10  -30
B 7495 757   10  -18
SSS v= 7583  t=  270
SSS  360   204   297    -7
%P VOLT1   = 7742
%P VOLT2   = 7583
%P S2_SC   =  1.05
%P L_ANG_MAX = 270
S 7583   360   204   297
B 7506 759  126   -5
B 7516 736  126    4
B 7526 684  126   10
B 7536 682  126   16
B 7546 691  126   20
B 7556 703  126   23
B 7566 714  126   27
B 7576 721  126   31
B 7586 705  126   32
B 7596 652  126   37
B 7606 616  126   44
B 7616 583  126   53
B 7626 569  118   64
B 7636 574   91   73
B 7646 594   64   84
B 7656 616   37   93
B 7666 646   31  103
B 7676 660   31  113
B 7686 702   31  124
B 7696 719   31  136
B 7706 729   31  147
B 7716 733   31  155
B 7726 737   31  165
B 7736 739   31  175
B 7746 740   31  184
B 7756 741   31  192
B 7766 743   31  199
pull out 200
B 7778 744 -126  209
B 7788 681 -126  215
B 7798 617 -126  219
B 7808 616 -126  223
B 7818 637 -126  227
B 7828 660 -126  230
B 7838 681 -126  232
B 7848 691 -126  233
B 7858 672 -126  233
B 7868 627 -126  233
B 7878 585 -126  229
B 7888 570 -126  216
B 7898 578 -126  203
B 7908 602 -126  189
B 7918 629 -126  173
B 7928 654 -126  156
B 7938 670 -126  136
B 7948 678 -126  118
B 7958 680 -126  101
B 7968 679 -126   80
B 7978 679 -126   58
B 7988 682 -126   36
B 7998 688 -126   13
B 8008 694 -126  -11
push -11 -10
push out at target
B 8018 698   84  -26
B 8028 689   84  -37
B 8038 651   84  -49
B 8048 612   84  -63
B 8058 624   84  -75
B 8068 647   84  -91
B 8078 669   84 -106
B 8088 674   84 -120
B 8098 639   84 -130
B 8108 600   77 -134
B 8118 572   24 -134
B 8128 588   10 -134
B 8138 675   10 -127
B 8148 716   10 -115
B 8158 734   10 -105
B 8168 745   10  -93
B 8178 750   10  -81
B 8188 753   10  -69
B 8198 754   10  -57
B 8208 756   10  -46
pb end 
B 8218 756   10  -34
B 8228 757   10  -23
SSS v= 7583  t=  270
SSS  364   204   291   -19
%P VOLT1   = 7742
%P VOLT2   = 7583
%P S2_SC   =  1.05
%P L_ANG_MAX = 270
S 7583   364   204   291
B 8239 758  126  -11
B 8249 759  126   -3
B 8259 705  126    3
B 8269 684  126    8
B 8279 689  126   12
B 8289 699  126   14
B 8299 710  126   18
B 8309 717  126   25
B 8319 706  126   25
B 8329 665  126   26
B 8339 622  126   33
B 8349 591  126   43
B 8359 573  126   53
B 8369 577  116   64
B 8379 593   91   73
B 8389 613   61   84
B 8399 644   37   93
B 8409 677   31  104
B 8419 701   31  115
B 8429 719   31  125
B 8439 729   31  136
B 8449 733   31  145
B 8459 737   31  155
B 8469 739   31  164
B 8479 740   31  173
B 8489 741   31  181
B 8499 743   31  189
B 8509 744   31  197
pull out 197
B 8519 744 -126  203
B 8529 658 -126  209
B 8539 623 -126  213
B 8549 631 -126  217
B 8559 652 -126  221
B 8569 673 -126  225
B 8579 690 -126  227
B 8589 686 -126  227
B 8599 647 -126  227
B 8609 603 -126  227
B 8619 576 -126  217
B 8629 571 -126  205
B 8639 588 -126  191
B 8649 614 -126  175
B 8659 641 -126  160
B 8669 662 -126  140
B 8679 674 -126  122
B 8689 679 -126  105
B 8699 678 -126   85
B 8709 677 -126   64
B 8719 679 -126   43
B 8729 683 -126   20
B 8739 689 -126   -3
push -10 -10
push out at target
B 8749 696   84  -22
B 8759 691   84  -32
B 8769 670   84  -43
B 8779 622   84  -57
B 8789 612   84  -71
B 8799 631   84  -85
B 8809 654   84 -100
B 8819 673   84 -115
B 8829 661   84 -129
B 8839 619   84 -136
B 8850 580   50 -138
B 8860 560    5 -138
B 8870 634   10 -137
B 8880 697   10 -127
B 8890 725   10 -115
B 8900 739   10 -107
B 8910 746   10  -95
B 8920 750   10  -83
B 8930 753   10  -73
B 8940 753   10  -62
B 8950 755   10  -51
B 8960 756   10  -41
pb end 
B 8970 755   10  -31
B 8980 758   10  -23
SSS v= 7580  t=  270
SSS  366   204   291   -23
%P VOLT1   = 7801
%P VOLT2   = 7580
%P S2_SC   =  1.06
%P L_ANG_MAX = 270
S 7580   366   204   291
B 8990 759  126  -16
B 9000 759  126  -11
B 9010 739  126   -7
B 9021 688  126   -2
B 9031 685  126    1
B 9041 694  126    4
B 9051 705  126   12
B 9062 709  126   13
B 9072 683  126   16
B 9083 641  126   21
B 9093 612  126   28
B 9103 590  126   37
B 9113 577  126   47
B 9123 582  126   57
B 9133 598  113   66
B 9143 615   88   75
B 9153 624   59   85
B 9163 624   31   95
B 9173 641   31  105
B 9183 676   31  117
B 9193 701   31  129
B 9203 719   31  141
B 9213 729   31  149
B 9223 734   31  160
B 9233 737   31  170
B 9243 739   31  179
B 9253 741   31  188
B 9263 742   31  197
pull out 202
B 9273 743 -126  205
B 9283 743 -126  212
B 9293 743 -126  219
B 9303 658 -126  225
B 9313 625 -126  229
B 9323 635 -126  235
B 9333 654 -126  239
B 9343 675 -126  243
B 9353 690 -126  245
B 9363 680 -126  246
B 9373 636 -126  246
B 9383 597 -126  246
B 9393 571 -126  236
B 9403 570 -126  223
B 9413 588 -126  209
B 9423 616 -126  194
B 9433 642 -126  177
B 9443 662 -126  160
B 9453 674 -126  140
B 9463 679 -126  120
B 9473 678 -126  102
B 9483 678 -126   81
B 9493 680 -126   59
B 9503 686 -126   36
B 9513 690 -126   13
B 9523 697 -126  -11
push -11 -10
push out at target
B 9533 702   84  -26
B 9543 690   84  -37
B 9553 633   84  -49
B 9563 613   84  -63
B 9573 629   84  -75
B 9583 652   84  -90
B 9593 672   84 -105
B 9603 670   84 -119
B 9613 632   84 -127
B 9623 591   59 -130
B 9633 567   15 -130
B 9643 586   10 -130
B 9653 616   10 -119
B 9663 676   10 -107
B 9673 716   10  -95
B 9683 735   10  -83
B 9693 744   10  -70
B 9703 750   10  -57
B 9713 752   10  -43
B 9723 753   10  -30
pb end 
B 9733 755   10  -17
B 9743 756   10   -4
SSS v= 7566  t=  270
SSS  372   204   294     3
%P VOLT1   = 7742
%P VOLT2   = 7566
%P S2_SC   =  1.06
%P L_ANG_MAX = 270
S 7566   372   204   294
B 9754 756  126    7
B 9764 753  126   15
B 9774 689  126   21
B 9784 681  126   25
B 9794 688  126   29
B 9804 700  126   30
B 9814 711  126   36
B 9824 715  126   36
B 9835 693  126   37
B 9845 641  126   40
B 9855 600  126   48
B 9866 574  126   57
B 9876 567  107   69
B 9886 576   80   77
B 9896 594   53   87
B 9906 613   31   97
B 9916 654   31  107
B 9926 673   31  117
B 9936 706   31  128
B 9946 721   31  139
B 9956 728   31  149
B 9966 733   31  158
B 9976 735   31  167
B 9986 738   31  177
B 9996 739   31  185
B 10006 740   31  193
pull out 200
B 10016 741 -126  201
B 10026 742 -126  208
B 10036 704 -126  214
B 10046 626 -126  219
B 10056 621 -126  222
B 10066 639 -126  227
B 10076 661 -126  231
B 10086 681 -126  233
B 10096 690 -126  234
B 10106 670 -126  234
B 10116 623 -126  234
B 10126 586 -126  231
B 10136 570 -126  219
B 10146 576 -126  205
B 10156 600 -126  191
B 10166 627 -126  176
B 10176 650 -126  158
B 10186 667 -126  139
B 10196 676 -126  120
B 10206 677 -126  103
B 10216 677 -126   83
B 10226 677 -126   61
B 10236 680 -126   39
B 10246 686 -126   17
B 10256 691 -126   -7
push -13 -10
push out at target
B 10266 698   84  -24
B 10276 690   84  -34
B 10286 666   84  -45
B 10296 612   84  -59
B 10306 621   84  -71
B 10316 643   84  -85
B 10326 665   84 -100
B 10336 678   84 -114
B 10346 648   84 -125
B 10356 604   84 -131
B 10366 573   41 -131
B 10376 562   10 -131
B 10386 662   10 -125
B 10396 708   10 -114
B 10406 730   10 -103
B 10416 742   10  -92
B 10426 748   10  -80
B 10436 751   10  -68
B 10446 753   10  -55
B 10456 754   10  -44
pb end 
B 10466 756   10  -32
B 10476 755   10  -21
SSS v= 7569  t=  270
SSS  377   204   294   -15
%P VOLT1   = 7742
%P VOLT2   = 7566
%P S2_SC   =  1.06
%P L_ANG_MAX = 270
S 7566   377   204   294
B 10487 756  126  -10
B 10497 757  126   -1
B 10508 706  126    5
B 10518 682  126    9
B 10528 685  126   13
B 10538 696  126   16
B 10548 706  126   19
B 10558 714  126   24
B 10568 704  126   24
B 10578 664  126   27
B 10588 621  126   33
B 10598 590  126   42
B 10608 570  126   53
B 10618 569  121   62
B 10628 586   91   73
B 10638 606   69   81
B 10648 636   40   92
B 10658 669   31  101
B 10668 693   31  112
B 10678 715   31  122
B 10688 725   31  133
B 10698 730   31  141
B 10708 734   31  150
B 10718 736   31  159
B 10728 738   31  168
B 10738 739   31  175
B 10748 741   31  184
B 10758 741   31  191
pull out 194
B 10768 742 -126  197
B 10778 741 -126  204
B 10788 740 -126  209
B 10798 657 -126  215
B 10808 632 -126  217
B 10818 641 -126  222
B 10828 660 -126  226
B 10838 680 -126  229
B 10848 691 -126  231
B 10858 677 -126  231
B 10868 630 -126  231
B 10878 590 -126  230
B 10888 569 -126  217
B 10898 570 -126  205
B 10908 591 -126  191
B 10918 620 -126  176
B 10928 646 -126  159
B 10938 665 -126  140
B 10948 675 -126  121
B 10958 679 -126  104
B 10968 677 -126   84
B 10978 676 -126   63
B 10988 678 -126   39
B 10998 684 -126   17
B 11008 689 -126   -6
push -11 -10
push out at target
B 11018 695   84  -24
B 11028 640   84  -35
B 11038 594   84  -45
B 11048 607   84  -55
B 11058 631   84  -66
B 11068 656   84  -78
B 11078 676   84  -89
B 11088 667   84  -99
B 11098 623   77 -104
B 11108 583   33 -105
B 11118 613    0 -105
B 11128 664   10 -101
B 11138 704   10  -91
B 11148 729   10  -79
B 11158 741   10  -70
B 11168 747   10  -58
B 11178 751   10  -46
B 11188 753   10  -33
B 11198 754   10  -21
B 11208 755   10   -9
pb end 
B 11218 755   10    2
B 11228 756   10   12
SSS v= 7569  t=  270
SSS  382   204   291    13
%P VOLT1   = 7742
%P VOLT2   = 7569
%P S2_SC   =  1.06
%P L_ANG_MAX = 270
S 7569   382   204   291
B 11239 757  126   21
B 11249 757  126   26
B 11260 733  126   29
B 11270 680  126   32
B 11281 675  126   33
B 11291 685  126   33
B 11301 697  126   37
B 11311 704  126   37
B 11322 683  126   37
B 11333 631  126   37
B 11343 595  126   44
B 11353 570  126   52
B 11364 560  124   61
B 11374 568   94   72
B 11384 586   69   81
B 11394 607   45   91
B 11404 637   31  100
B 11414 677   31  110
B 11424 701   31  120
B 11434 717   31  131
B 11444 726   31  141
B 11454 731   31  149
B 11464 734   31  158
B 11474 736   31  167
B 11484 738   31  175
B 11494 740   31  183
B 11504 741   31  191
pull out 194
B 11514 741 -126  197
B 11524 741 -126  203
B 11534 662 -126  209
B 11544 622 -126  213
B 11554 629 -126  217
B 11564 648 -126  221
B 11574 669 -126  225
B 11584 687 -126  226
B 11594 687 -126  227
B 11604 654 -126  226
B 11614 607 -126  226
B 11624 576 -126  218
B 11634 568 -126  205
B 11644 583 -126  191
B 11654 609 -126  177
B 11664 636 -126  161
B 11674 658 -126  141
B 11684 672 -126  123
B 11694 677 -126  107
B 11704 677 -126   87
B 11714 677 -126   65
B 11724 676 -126   44
B 11734 680 -126   21
B 11744 686 -126   -2
push -11 -10
push out at target
B 11754 692   84  -22
B 11764 660   84  -32
B 11774 595   84  -43
B 11784 603   84  -53
B 11794 626   84  -63
B 11804 652   84  -75
B 11814 673   84  -86
B 11824 670   84  -96
B 11834 630   77 -102
B 11844 590   41 -103
B 11854 593    0 -103
B 11864 644   10 -101
B 11874 687   10  -90
B 11884 721   10  -79
B 11894 737   10  -69
B 11904 745   10  -57
B 11914 749   10  -44
B 11924 752   10  -31
B 11934 753   10  -19
B 11944 754   10   -6
pb end 
B 11954 754   10    5
B 11964 755   10   16
SSS v= 7566  t=  270
SSS  386   204   291    17
%P VOLT1   = 7742
%P VOLT2   = 7566
%P S2_SC   =  1.06
%P L_ANG_MAX = 270
S 7566   386   204   291
B 11975 756  126   25
B 11985 756  126   31
B 11995 755  126   34
B 12005 690  126   37
B 12015 675  126   37
B 12025 680  126   38
B 12035 693  126   38
B 12045 704  126   41
B 12055 697  126   41
B 12065 656  126   41
B 12075 613  126   44
B 12085 582  126   51
B 12095 565  126   60
B 12105 563  102   69
B 12115 574   72   80
B 12126 601   42   91
B 12136 622   31  100
B 12146 663   31  109
B 12156 694   31  120
B 12166 714   31  131
B 12176 725   31  141
B 12186 730   31  150
B 12196 733   31  159
B 12206 736   31  168
B 12216 738   31  176
B 12226 739   31  184
B 12236 739   31  192
pull out 197
B 12246 741 -126  199
B 12256 741 -126  205
B 12266 736 -126  211
B 12276 640 -126  217
B 12286 625 -126  220
B 12296 638 -126  224
B 12306 659 -126  228
B 12316 679 -126  231
B 12326 690 -126  232
B 12336 676 -126  232
B 12346 629 -126  232
B 12356 589 -126  231
B 12366 568 -126  219
B 12376 569 -126  205
B 12386 591 -126  192
B 12396 618 -126  177
B 12406 645 -126  160
B 12416 664 -126  140
B 12426 675 -126  121
B 12436 677 -126  105
B 12446 676 -126   85
B 12456 675 -126   64
B 12466 677 -126   41
B 12476 682 -126   19
B 12486 686 -126   -5
push -11 -10
push out at target
B 12496 694   84  -23
B 12506 689   84  -33
B 12516 665   84  -44
B 12526 611   84  -59
B 12536 613   84  -71
B 12546 634   84  -85
B 12556 658   84 -100
B 12566 673   84 -115
B 12576 652   84 -127
B 12586 610   84 -134
B 12596 574   50 -135
B 12606 556    0 -135
B 12616 606   10 -132
B 12626 642   10 -121
B 12636 700   10 -108
B 12646 726   10  -98
B 12656 739   10  -86
B 12666 746   10  -73
B 12676 750   10  -61
B 12686 751   10  -48
B 12696 753   10  -35
pb end 
B 12706 754   10  -23
B 12716 754   10  -11
SSS v= 7555  t=  270
SSS  393   204   291    -1
%P VOLT1   = 7742
%P VOLT2   = 7555
%P S2_SC   =  1.06
%P L_ANG_MAX = 270
S 7552   393   204   291
B 12726 755  127    2
B 12736 730  127    9
B 12746 680  127   15
B 12756 677  127   21
B 12766 687  127   24
B 12776 699  127   27
B 12786 710  127   33
B 12796 716  127   35
B 12806 699  127   35
B 12818 641  127   41
B 12828 600  127   48
B 12838 573  127   58
B 12848 566  103   69
B 12858 576   75   79
B 12868 596   48   89
B 12878 616   31   99
B 12888 658   31  109
B 12898 679   31  119
B 12908 709   31  131
B 12918 722   31  141
B 12928 728   31  152
B 12938 732   31  161
B 12948 734   31  170
B 12958 736   31  179
B 12968 738   31  188
B 12978 739   31  195
pull out 201
B 12988 740 -127  204
B 12998 740 -127  211
B 13008 681 -127  217
B 13018 618 -127  222
B 13028 619 -127  225
B 13038 637 -127  229
B 13048 660 -127  233
B 13058 680 -127  236
B 13068 687 -127  237
B 13078 664 -127  237
B 13088 617 -127  237
B 13098 580 -127  233
B 13108 565 -127  220
B 13118 574 -127  207
B 13128 597 -127  193
B 13138 625 -127  177
B 13148 650 -127  160
B 13158 666 -127  141
B 13168 674 -127  121
B 13178 675 -127  105
B 13188 675 -127   84
B 13198 675 -127   63
B 13208 678 -127   40
B 13218 683 -127   17
B 13228 689 -127   -6
push -11 -10
push out at target
B 13238 696   84  -23
B 13248 689   84  -34
B 13258 649   84  -46
B 13268 607   84  -59
B 13278 619   84  -71
B 13288 641   84  -85
B 13298 664   84 -100
B 13308 674   84 -113
B 13318 642   84 -124
B 13328 598   84 -129
B 13338 568   33 -129
B 13348 556   10 -129
B 13358 554   10 -122
B 13368 608   10 -109
B 13378 682   10  -96
B 13388 717   10  -85
B 13398 734   10  -72
B 13408 743   10  -59
B 13418 747   10  -45
B 13428 750   10  -31
pb end 
B 13438 751   10  -18
B 13448 752   10   -5
SSS v= 7534  t=  270
SSS  400   204   291     4
%P VOLT1   = 7801
%P VOLT2   = 7534
%P S2_SC   =  1.06
%P L_ANG_MAX = 270
S 7534   400   204   291
B 13459 753  127    7
B 13469 754  127   16
B 13479 695  127   23
B 13489 677  127   27
B 13499 682  127   31
B 13509 694  127   33
B 13519 705  127   34
B 13529 712  127   39
B 13540 699  127   39
B 13550 654  127   41
B 13561 605  127   49
B 13572 573  127   59
B 13583 561  106   69
B 13593 569   73   80
B 13603 588   48   89
B 13613 609   31   99
B 13623 666   31  109
B 13633 703   31  119
B 13643 719   31  129
B 13653 726   31  139
B 13663 730   31  149
B 13673 734   31  157
B 13683 735   31  165
B 13693 737   31  173
B 13703 737   31  181
B 13713 738   31  189
pull out 193
B 13723 739 -127  196
B 13733 739 -127  202
B 13743 723 -127  208
B 13753 635 -127  213
B 13763 625 -127  216
B 13773 640 -127  220
B 13783 660 -127  224
B 13793 679 -127  226
B 13803 689 -127  227
B 13813 669 -127  227
B 13823 620 -127  227
B 13833 583 -127  224
B 13843 567 -127  212
B 13853 572 -127  198
B 13863 595 -127  184
B 13873 622 -127  169
B 13883 648 -127  151
B 13893 665 -127  130
B 13903 674 -127  113
B 13913 676 -127   97
B 13923 676 -127   76
B 13933 674 -127   55
B 13943 675 -127   32
B 13953 681 -127    9
push -11 -10
push out at target
B 13963 687   84  -13
B 13973 690   84  -27
B 13983 681   84  -37
B 13993 655   84  -49
B 14003 606   84  -64
B 14013 612   84  -77
B 14023 634   84  -91
B 14033 658   84 -107
B 14043 670   84 -121
B 14053 645   84 -133
B 14063 598   84 -139
B 14073 566   41 -139
B 14083 552   10 -139
B 14093 652   10 -136
B 14103 702   10 -125
B 14113 726   10 -115
B 14123 738   10 -105
B 14133 745   10  -94
B 14143 749   10  -83
B 14153 750   10  -71
B 14163 752   10  -61
pb end 
B 14173 753   10  -50
B 14183 753   10  -39
SSS v= 7548  t=  270
SSS  404   204   288   -33
%P VOLT1   = 7742
%P VOLT2   = 7541
%P S2_SC   =  1.06
%P L_ANG_MAX = 270
S 7541   404   204   288
B 14194 754  127  -28
B 14204 755  127  -19
B 14214 712  127  -11
B 14224 676  127   -5
B 14234 675  127    1
B 14244 686  127    5
B 14254 699  127    9
B 14264 709  127   17
B 14274 713  127   20
B 14284 697  127   21
B 14294 652  127   27
B 14304 610  127   35
B 14314 579  127   45
B 14324 569  127   56
B 14334 577  111   66
B 14345 598   81   77
B 14355 620   53   87
B 14365 645   31   97
B 14375 667   31  108
B 14385 698   31  119
B 14395 715   31  129
B 14405 724   31  140
B 14415 729   31  149
B 14425 732   31  159
B 14435 735   31  169
B 14445 737   31  177
B 14455 738   31  185
B 14465 739   31  193
pull out 200
B 14475 740 -127  201
B 14485 740 -127  208
B 14495 740 -127  214
B 14505 655 -127  220
B 14515 622 -127  223
B 14525 630 -127  228
B 14535 649 -127  233
B 14545 670 -127  237
B 14555 685 -127  238
B 14565 681 -127  239
B 14575 641 -127  239
B 14585 597 -127  238
B 14595 569 -127  229
B 14605 564 -127  217
B 14615 580 -127  203
B 14625 607 -127  188
B 14635 634 -127  172
B 14645 656 -127  155
B 14655 670 -127  133
B 14665 674 -127  116
B 14675 675 -127   99
B 14685 674 -127   77
B 14695 675 -127   56
B 14705 679 -127   33
B 14715 684 -127   10
push -11 -10
push out at target
B 14725 690   84  -13
B 14735 694   84  -25
B 14745 680   84  -35
B 14755 624   84  -46
B 14765 609   84  -59
B 14775 629   84  -70
B 14785 652   84  -83
B 14795 671   84  -97
B 14805 672   84 -109
B 14815 632   84 -117
B 14825 589   59 -120
B 14835 562   15 -120
B 14845 620   10 -120
B 14855 684   10 -111
B 14865 718   10  -99
B 14875 735   10  -91
B 14885 743   10  -79
B 14895 747   10  -67
B 14905 750   10  -55
B 14915 751   10  -42
B 14925 753   10  -30
pb end 
B 14935 753   10  -19
B 14945 754   10   -7
SSS v= 7548  t=  270
SSS  410   204   288    -7
%P VOLT1   = 7742
%P VOLT2   = 7548
%P S2_SC   =  1.06
%P L_ANG_MAX = 270
S 7548   410   204   288
B 14956 754  127    3
B 14966 755  127   10
B 14976 755  127   15
B 14987 725  127   18
B 14998 681  127   21
B 15008 679  127   21
B 15018 688  127   21
B 15028 699  127   25
B 15038 700  127   25
B 15048 671  127   25
B 15058 629  127   29
B 15068 596  127   36
B 15078 572  127   44
B 15088 561  127   54
B 15098 568  117   64
B 15108 587   92   74
B 15118 606   64   83
B 15128 619   40   93
B 15138 631   31  103
B 15148 646   31  113
B 15158 691   31  125
B 15168 712   31  136
B 15178 722   31  145
B 15188 728   31  156
B 15198 732   31  165
B 15208 734   31  175
B 15218 736   31  184
B 15228 737   31  192
B 15238 738   31  199
pull out 201
B 15248 739 -127  207
B 15258 675 -127  214
B 15268 606 -127  218
B 15278 604 -127  221
B 15288 624 -127  225
B 15298 648 -127  229
B 15308 670 -127  231
B 15318 683 -127  232
B 15328 670 -127  232
B 15338 625 -127  231
B 15348 585 -127  229
B 15358 564 -127  217
B 15368 569 -127  203
B 15378 590 -127  189
B 15388 619 -127  174
B 15398 644 -127  157
B 15408 662 -127  139
B 15418 672 -127  120
B 15428 674 -127  103
B 15438 674 -127   83
B 15448 672 -127   61
B 15458 674 -127   39
B 15468 680 -127   17
B 15478 685 -127   -6
push -12 -10
push out at target
B 15488 691   84  -23
B 15498 685   84  -33
B 15508 646   84  -45
B 15518 604   84  -58
B 15528 618   84  -69
B 15538 640   84  -83
B 15548 663   84  -98
B 15558 673   84 -111
B 15568 640   84 -121
B 15578 593   77 -126
B 15588 563   33 -126
B 15598 585   10 -126
B 15608 672   10 -119
B 15618 711   10 -108
B 15628 731   10  -98
B 15638 742   10  -87
B 15648 746   10  -75
B 15658 749   10  -63
B 15668 750   10  -51
B 15678 752   10  -39
pb end 
B 15688 752   10  -28
B 15698 753   10  -17
SSS v= 7541  t=  270
SSS  416   204   291   -11
%P VOLT1   = 7742
%P VOLT2   = 7541
%P S2_SC   =  1.06
%P L_ANG_MAX = 270
S 7541   416   204   291
B 15709 754  127   -6
B 15719 754  127    2
B 15729 696  127    7
B 15739 676  127   12
B 15749 680  127   15
B 15759 691  127   17
B 15769 702  127   20
B 15779 710  127   25
B 15789 700  127   25
B 15799 655  127   27
B 15809 613  127   33
B 15819 582  127   42
B 15829 562  127   52
B 15839 563  122   63
B 15849 580   95   73
B 15859 601   70   81
B 15870 638   40   92
B 15880 665   31  101
B 15890 694   31  112
B 15900 712   31  123
B 15910 722   31  133
B 15920 728   31  141
B 15930 731   31  150
B 15940 733   31  159
B 15950 735   31  168
B 15960 737   31  175
B 15970 738   31  184
B 15980 738   31  191
pull out 193
B 15990 739 -127  197
B 16000 739 -127  203
B 16010 731 -127  209
B 16020 641 -127  214
B 16030 626 -127  217
B 16040 638 -127  221
B 16050 658 -127  225
B 16060 677 -127  227
B 16070 688 -127  229
B 16080 670 -127  229
B 16090 621 -127  229
B 16100 582 -127  225
B 16110 564 -127  213
B 16120 567 -127  200
B 16130 590 -127  186
B 16140 618 -127  171
B 16150 644 -127  153
B 16160 662 -127  133
B 16170 672 -127  116
B 16180 674 -127  100
B 16190 673 -127   79
B 16200 673 -127   58
B 16210 674 -127   36
B 16220 678 -127   13
B 16230 684 -127   -9
push -11 -10
push out at target
B 16240 688   84  -25
B 16250 615   84  -36
B 16260 586   84  -47
B 16270 603   84  -55
B 16280 630   84  -67
B 16290 654   84  -79
B 16300 672   84  -90
B 16310 657   84  -99
B 16320 610   68 -103
B 16331 572   24 -104
B 16341 637    0 -104
B 16351 684   10  -99
B 16361 717   10  -87
B 16371 733   10  -78
B 16381 743   10  -67
B 16391 747   10  -56
B 16401 749   10  -44
B 16411 751   10  -32
B 16421 752   10  -21
B 16431 752   10   -9
pb end 
B 16441 753   10    1
B 16451 754   10   11
SSS v= 7545  t=  270
SSS  418   204   291    17
%P VOLT1   = 7742
%P VOLT2   = 7545
%P S2_SC   =  1.06
%P L_ANG_MAX = 270
S 7545   418   204   291
B 16463 754  127   19
B 16473 755  127   24
B 16483 705  127   27
B 16493 672  127   29
B 16503 672  127   29
B 16513 683  127   29
B 16523 696  127   33
B 16533 700  127   33
B 16544 672  127   33
B 16554 625  127   34
B 16564 590  127   41
B 16574 565  127   49
B 16584 556  127   59
B 16594 563  103   69
B 16604 581   78   79
B 16614 601   53   88
B 16624 630   31   97
B 16634 664   31  107
B 16644 689   31  117
B 16654 711   31  128
B 16664 721   31  138
B 16674 727   31  147
B 16684 730   31  156
B 16694 733   31  165
B 16704 735   31  173
B 16714 736   31  181
B 16724 737   31  189
pull out 195
B 16734 738 -127  197
B 16744 738 -127  202
B 16754 738 -127  208
B 16764 737 -127  214
B 16774 648 -127  220
B 16784 624 -127  222
B 16794 634 -127  227
B 16804 653 -127  231
B 16814 673 -127  234
B 16824 687 -127  235
B 16834 675 -127  235
B 16844 631 -127  235
B 16854 587 -127  235
B 16864 564 -127  223
B 16874 564 -127  210
B 16884 584 -127  196
B 16894 611 -127  181
B 16904 637 -127  165
B 16914 657 -127  147
B 16924 669 -127  127
B 16934 673 -127  110
B 16944 673 -127   91
B 16954 672 -127   69
B 16964 673 -127   47
B 16974 677 -127   25
B 16984 683 -127    2
push -11 -10
push out at target
B 16994 690   84  -19
B 17004 689   84  -30
B 17014 672   84  -41
B 17024 613   84  -54
B 17034 608   84  -67
B 17044 627   84  -79
B 17054 650   84  -94
B 17064 668   84 -108
B 17074 659   84 -121
B 17085 613   84 -128
B 17096 571   45 -130
B 17106 552    5 -130
B 17116 612   10 -127
B 17126 652   10 -116
B 17136 704   10 -103
B 17146 727   10  -94
B 17156 739   10  -81
B 17166 745   10  -68
B 17176 748   10  -55
B 17186 750   10  -43
B 17196 751   10  -31
B 17206 752   10  -19
pb end 
B 17216 753   10   -7
B 17226 753   10    4
SSS v= 7538  t=  270
SSS  424   204   291     4
%P VOLT1   = 7742
%P VOLT2   = 7538
%P S2_SC   =  1.06
%P L_ANG_MAX = 270
S 7538   424   204   291
B 17237 754  127   12
B 17247 754  127   17
B 17259 700  127   21
B 17269 677  127   23
B 17279 680  127   24
B 17289 691  127   24
B 17299 702  127   30
B 17309 696  127   30
B 17319 661  127   29
B 17329 617  127   33
B 17339 587  127   40
B 17349 563  127   49
B 17359 558  127   60
B 17369 568  106   69
B 17379 587   81   79
B 17390 606   53   88
B 17400 645   31   98
B 17410 678   31  108
B 17420 703   31  119
B 17430 717   31  129
B 17440 724   31  138
B 17450 728   31  146
B 17460 732   31  155
B 17470 733   31  163
B 17480 735   31  171
B 17490 736   31  179
B 17500 737   31  187
pull out 191
B 17510 738 -127  193
B 17520 738 -127  199
B 17530 637 -127  205
B 17540 617 -127  207
B 17550 628 -127  212
B 17560 648 -127  216
B 17570 669 -127  219
B 17580 685 -127  220
B 17590 677 -127  220
B 17600 636 -127  220
B 17610 592 -127  219
B 17620 566 -127  208
B 17630 563 -127  195
B 17641 581 -127  181
B 17651 610 -127  165
B 17661 637 -127  148
B 17671 656 -127  128
B 17681 669 -127  112
B 17691 672 -127   95
B 17701 672 -127   75
B 17711 670 -127   53
B 17721 670 -127   32
B 17731 675 -127   10
push -12 -10
push out at target
B 17741 681   84  -13
B 17751 684   84  -25
B 17761 675   84  -35
B 17771 647   84  -48
B 17781 600   84  -62
B 17791 603   84  -75
B 17801 625   84  -89
B 17811 649   84 -104
B 17822 665   84 -119
B 17832 641   84 -131
B 17843 595   84 -138
B 17854 559   45 -139
B 17865 569    0 -139
B 17875 669   10 -133
B 17885 711   10 -123
B 17895 729   10 -114
B 17905 739   10 -103
B 17915 745   10  -93
B 17925 747   10  -83
B 17935 749   10  -72
B 17945 750   10  -62
B 17955 751   10  -52
pb end 
B 17965 752   10  -43
B 17975 752   10  -34
SSS v= 7534  t=  270
SSS  428   204   288   -34
%P VOLT1   = 7742
%P VOLT2   = 7534
%P S2_SC   =  1.06
%P L_ANG_MAX = 270
S 7534   428   204   288
B 17986 753  127  -26
B 17997 754  127  -19
B 18009 739  127  -13
B 18019 681  127   -8
B 18029 673  127   -4
B 18039 681  127   -1
B 18049 693  127    5
B 18059 702  127    9
B 18069 698  127   12
B 18079 668  127   16
B 18089 626  127   22
B 18100 596  127   30
B 18110 573  127   41
B 18121 569  127   51
B 18131 581  125   61
B 18141 599  100   71
B 18151 613   73   80
B 18161 617   48   90
B 18171 625   31  100
B 18181 654   31  112
B 18191 679   31  123
B 18201 705   31  134
B 18211 719   31  145
B 18221 726   31  154
B 18231 730   31  164
B 18241 732   31  173
B 18251 734   31  182
B 18261 736   31  191
B 18271 737   31  200
pull out 205
B 18281 737 -127  207
B 18291 738 -127  213
B 18301 737 -127  220
B 18311 736 -127  227
B 18321 651 -127  233
B 18331 622 -127  236
B 18341 631 -127  241
B 18351 650 -127  246
B 18361 670 -127  249
B 18371 682 -127  251
B 18381 666 -127  252
B 18391 620 -127  252
B 18401 580 -127  251
B 18411 560 -127  241
B 18421 560 -127  227
B 18431 580 -127  213
B 18441 608 -127  199
B 18451 633 -127  183
B 18461 653 -127  166
B 18471 665 -127  148
B 18481 668 -127  126
B 18491 669 -127  109
B 18501 669 -127   88
B 18511 672 -127   67
B 18521 676 -127   44
B 18531 682 -127   21
B 18541 689 -127   -3
push -10 -10
push out at target
B 18551 695   84  -22
B 18561 689   84  -31
B 18571 618   84  -43
B 18581 596   84  -55
B 18591 615   84  -65
B 18601 639   84  -79
B 18611 662   84  -91
B 18621 670   84 -103
B 18631 636   84 -113
B 18641 589   77 -116
B 18651 558   15 -116
B 18661 621   10 -116
B 18671 684   10 -110
B 18681 717   10  -99
B 18691 733   10  -91
B 18701 741   10  -80
B 18711 746   10  -69
B 18721 748   10  -58
B 18731 750   10  -47
B 18741 751   10  -35
B 18751 752   10  -25
pb end 
B 18761 752   10  -14
B 18771 753   10   -4
SSS v= 7527  t=  270
SSS  435   204   294    -4
%P VOLT1   = 7742
%P VOLT2   = 7527
%P S2_SC   =  1.06
%P L_ANG_MAX = 270
S 7527   435   204   294
B 18782 754  127    4
B 18793 754  127   10
B 18803 719  127   13
B 18813 673  127   17
B 18823 669  127   19
B 18833 680  127   19
B 18843 692  127   23
B 18853 700  127   25
B 18863 686  127   25
B 18873 640  127   25
B 18883 599  127   32
B 18893 571  127   39
B 18903 552  127   49
B 18914 552  127   59
B 18924 572  106   69
B 18934 594   81   77
B 18944 613   56   87
B 18954 639   31   96
B 18964 657   31  105
B 18974 690   31  116
B 18984 707   31  127
B 18994 718   31  136
B 19004 725   31  144
B 19014 729   31  153
B 19024 731   31  162
B 19034 733   31  170
B 19044 734   31  177
B 19054 736   31  185
pull out 192
B 19064 737 -127  193
B 19074 737 -127  198
B 19084 737 -127  204
B 19094 653 -127  209
B 19104 619 -127  213
B 19114 627 -127  217
B 19124 645 -127  221
B 19134 666 -127  224
B 19144 681 -127  225
B 19154 679 -127  225
B 19164 640 -127  225
B 19174 593 -127  225
B 19184 563 -127  216
B 19194 557 -127  203
B 19204 573 -127  189
B 19214 600 -127  174
B 19224 627 -127  157
B 19234 649 -127  138
B 19244 663 -127  121
B 19254 670 -127  105
B 19264 670 -127   85
B 19274 669 -127   65
B 19284 669 -127   43
B 19294 672 -127   21
B 19304 677 -127   -2
push -11 -10
push out at target
B 19314 682   85  -21
B 19324 638   85  -31
B 19334 577   85  -42
B 19344 585   85  -52
B 19354 611   85  -61
B 19364 638   85  -72
B 19374 660   85  -83
B 19384 661   85  -92
B 19394 623   68  -99
B 19404 576   51 -100
B 19414 577    0  -99
B 19424 618   10  -98
B 19434 669   10  -87
B 19444 711   10  -75
B 19454 730   10  -67
B 19464 740   10  -54
B 19474 745   10  -42
B 19484 748   10  -29
B 19494 750   10  -17
B 19504 750   10   -4
B 19514 751   10    7
pb end 
B 19524 752   10   16
B 19534 752   10   24
SSS v= 7527  t=  270
SSS  438   204   294    24
%P VOLT1   = 7801
%P VOLT2   = 7527
%P S2_SC   =  1.06
%P L_ANG_MAX = 270
S 7527   438   204   294
B 19544 753  127   31
B 19554 753  127   35
B 19564 680  127   37
B 19574 662  127   39
B 19585 668  127   39
B 19595 681  127   39
B 19605 694  127   40
B 19616 691  127   40
B 19628 641  127   40
B 19638 595  127   44
B 19648 561  127   51
B 19658 546  127   60
B 19668 544  103   69
B 19678 557   75   80
B 19688 580   48   89
B 19698 597   31   97
B 19708 650   31  107
B 19718 676   31  117
B 19728 703   31  127
B 19738 716   31  137
B 19748 723   31  146
B 19758 726   31  154
B 19768 729   31  163
B 19778 731   31  171
B 19788 732   31  178
B 19798 734   31  187
pull out 192
B 19808 735 -127  193
B 19818 736 -127  199
B 19828 697 -127  205
B 19838 616 -127  210
B 19848 610 -127  213
B 19858 626 -127  217
B 19868 648 -127  221
B 19878 668 -127  223
B 19888 681 -127  223
B 19898 665 -127  223
B 19908 616 -127  223
B 19918 574 -127  220
B 19928 553 -127  208
B 19938 556 -127  195
B 19948 577 -127  181
B 19958 605 -127  165
B 19968 632 -127  148
B 19978 652 -127  129
B 19988 664 -127  112
B 19998 667 -127   96
B 20008 667 -127   76
B 20018 665 -127   55
B 20028 666 -127   33
B 20038 669 -127   11
push -12 -10
push out at target
B 20048 676   85  -12
B 20058 681   85  -28
B 20068 675   85  -38
B 20078 648   85  -49
B 20088 591   85  -62
B 20098 601   85  -73
B 20108 624   85  -87
B 20118 646   85 -101
B 20128 661   85 -115
B 20138 636   85 -126
B 20148 589   85 -131
B 20158 550   33 -131
B 20168 544   10 -131
B 20178 626   10 -127
B 20188 680   10 -116
B 20198 712   10 -105
B 20208 732   10  -95
B 20218 740   10  -83
B 20228 745   10  -71
B 20238 747   10  -59
B 20248 749   10  -47
B 20258 750   10  -36
pb end 
B 20268 751   10  -24
SSS v= 7517  t=  270
SSS  442   204   291   -24
%P VOLT1   = 7742
%P VOLT2   = 7520
%P S2_SC   =  1.06
%P L_ANG_MAX = 270
S 7520   442   204   291
B 20279 752  127  -12
B 20290 752  127   -2
B 20300 685  127    6
B 20310 661  127   11
B 20320 665  127   17
B 20330 678  127   20
B 20340 690  127   22
B 20350 702  127   28
B 20360 704  127   29
B 20370 679  127   31
B 20380 625  127   36
B 20390 580  127   44
B 20400 552  127   53
B 20410 543  119   63
B 20420 552   92   73
B 20430 573   64   83
B 20440 594   40   92
B 20450 607   31  101
B 20460 646   31  112
B 20470 689   31  122
B 20480 708   31  133
B 20490 717   31  143
B 20500 723   31  152
B 20510 726   31  161
B 20520 729   31  170
B 20530 731   31  179
B 20540 732   31  186
B 20550 734   31  193
pull out 195
B 20560 735 -127  201
B 20570 639 -127  207
B 20580 587 -127  210
B 20590 591 -127  214
B 20600 613 -127  218
B 20610 638 -127  221
B 20620 660 -127  222
B 20630 671 -127  222
B 20640 652 -127  222
B 20650 603 -127  222
B 20660 563 -127  217
B 20670 542 -127  205
B 20680 546 -127  192
B 20690 569 -127  178
B 20700 599 -127  163
B 20710 626 -127  145
B 20720 646 -127  126
B 20730 658 -127  111
B 20740 661 -127   93
B 20750 661 -127   73
B 20760 658 -127   53
B 20770 658 -127   31
B 20780 663 -127    9
push -11 -10
push out at target
B 20790 668   85  -13
B 20800 673   85  -27
B 20810 665   85  -37
B 20820 605   85  -49
B 20830 577   85  -62
B 20840 593   85  -72
B 20850 618   85  -86
B 20860 644   85 -100
B 20870 652   85 -113
B 20880 613   85 -123
B 20890 565   77 -126
B 20900 527   15 -127
B 20910 590    0 -126
B 20920 674   10 -120
B 20930 710   10 -109
B 20940 729   10 -101
B 20950 738   10  -90
B 20960 743   10  -79
B 20970 746   10  -69
B 20980 748   10  -58
B 20990 749   10  -47
B 21000 750   10  -38
pb end 
B 21010 751   10  -28
B 21020 751   10  -19
SSS v= 7527  t=  270
SSS  446   204   291   -15
%P VOLT1   = 7742
%P VOLT2   = 7527
%P S2_SC   =  1.06
%P L_ANG_MAX = 270
S 7527   446   204   291
B 21031 752  127  -11
B 21041 753  127   -6
B 21051 733  127   -1
B 21061 672  127    2
B 21071 660  127    5
B 21081 668  127    7
B 21091 680  127   13
B 21101 690  127   18
B 21111 674  127   18
B 21121 631  127   19
B 21131 591  127   24
B 21141 559  127   32
B 21151 536  127   40
B 21161 528  127   49
B 21171 537  127   58
B 21181 555  108   67
B 21191 573   86   76
B 21201 581   62   84
B 21211 577   37   93
B 21221 617   31  103
B 21231 639   31  113
B 21241 682   31  123
B 21251 702   31  133
B 21261 713   31  141
B 21271 719   31  149
B 21281 723   31  158
B 21291 725   31  166
B 21301 728   31  175
B 21311 729   31  182
B 21321 730   31  189
pull out 190
B 21331 730   22  195
B 21341 729   23  201
B 21351 727   23  206
B 21361 732   22  212
B 21371 735   22  217
B 21381 738   22  221
B 21392 739   22  225
B 21403 740   22  229
B 21413 741 -127  232
B 21423 741 -127  235
B 21433 659 -127  237
B 21443 604 -127  237
B 21453 603 -127  237
B 21463 622 -127  237
B 21473 642 -127  237
B 21483 663 -127  237
B 21493 678 -127  237
B 21504 664 -127  237
B 21514 617 -127  233
B 21524 569 -127  221
B 21534 541 -127  207
B 21544 542 -127  193
B 21554 562 -127  178
B 21564 590 -127  162
B 21574 617 -127  143
B 21584 639 -127  123
B 21594 655 -127  108
B 21604 661 -127   89
B 21614 660 -127   69
B 21624 656 -127   47
B 21634 654 -127   25
B 21644 655 -127    3
push -11 -10
push out at target
B 21654 661   85  -19
B 21664 608   85  -28
B 21674 532   85  -37
B 21684 528   85  -47
B 21694 548   85  -55
B 21704 576   85  -66
B 21714 603   85  -75
B 21724 618   85  -85
B 21734 582   77  -92
B 21745 500   51  -95
B 21755 468   13  -95
B 21765 500   10  -95
B 21775 590   10  -90
B 21785 670   10  -82
B 21795 709   10  -75
B 21805 728   10  -67
B 21815 738   10  -59
B 21825 725   10  -51
B 21835 682   10  -44
B 21845 698   10  -38
pb end 
B 21855 725   10  -33
B 21865 737   10  -28
SSS v= 7437  t=  270
SSS  450   204   294   -24
%P VOLT1   = 7742
%P VOLT2   = 7437
%P S2_SC   =  1.08
%P L_ANG_MAX = 270
S 7440   450   204   294
B 21876 744  129  -23
B 21886 746  129  -19
B 21896 727  129  -15
B 21906 607  129  -12
B 21916 564  129   -8
B 21926 555  129    0
B 21936 556  129    3
B 21947 539  129    5
B 21958 494  129    9
B 21968 436  129   13
B 21978 404  129   19
B 21988 387  129   24
B 21998 369  129   29
B 22008 353  129   33
B 22018 345  129   38
B 22028 352  129   41
B 22038 367  129   45
B 22048 380  129   47
B 22058 373  129   48
B 22068 351  129   49
B 22078 421  129   49
B 22088 593  129   49
B 22098 550  129   49
B 22108 462  129   49
B 22118 445  129   49
B 22128 461  129   49
B 22138 477  129   49
B 22148 451  129   47
B 22158 396  129   44
B 22168 409  129   41
B 22178 392  129   38
B 22188 405  129   36
B 22198 410  129   34
B 22208 511  129   33
B 22218 632  129   31
B 22228 692  129   29
B 22238 720  129   28
B 22248 733  129   27
B 22259 624  129   25
B 22270 508  129   23
B 22281 487  129   21
B 22292 472  129   19
B 22303 420  129   18
B 22313 375  129   18
B 22323 352  129   18
B 22333 339  129   18
B 22343 332  129   18
B 22353 327  129   18
B 22363 456  129   18
B 22373 580  129   18
pull bail out
B 22383 663 -129   18
B 22393 703 -129   18
B 22403 614 -129   18
B 22413 487 -129   18
B 22423 450 -129   18
B 22433 449 -129   17
B 22443 453 -129   16
B 22453 431 -129   14
B 22463 403 -129   12
B 22473 413 -129   11
B 22483 440 -129   10
B 22493 472 -129    8
B 22503 503 -129    5
B 22513 456 -129    4
B 22523 412 -129    0
B 22533 379 -129   -3
B 22543 419 -129   -5
B 22553 454 -129   -7
B 22563 460 -129   -7
B 22573 503 -129   -7
B 22583 532 -129   -9
push -10 -10
push out at target
B 22593 530   86  -12
B 22603 465   86  -12
B 22613 553   86  -13
B 22623 652   86  -13
B 22633 689   86  -13
B 22643 526   86  -13
B 22653 477   86  -13
B 22663 479   86  -13
B 22673 498   10  -13
B 22683 518   10  -13
B 22693 601   10  -13
B 22703 673   10  -13
B 22713 701   10  -13
B 22723 713   10  -13
B 22733 715   10  -12
B 22743 717   10  -11
B 22753 717   10   -9
B 22763 718   10   -7
pb end 
B 22773 722   10   -6
B 22783 724   10   -5