  0 810   69    0
 10 8103   69    0
 21 8101   69    0
 31 7994   69    0
 41 7953   69    0
 51 7971   69    0
 61 7995   69    0
 71 7619   69    0
 81 7731   69    0
 92 7646   69    5
102 7698   69   13
112 7656   69   23
122 7677   69   33
132 7465   69   42
142 7387   69   52
152 7395   68   61
162 7494   57   70
172 7592   49   81
182 7596   49   92
192 7628   49  103
203 7663   49  115
213 7679   49  126
223 7654   49  137
234 7839 -118  149
244 7846 -118  160
254 7847 -118  171
264 7705 -118  181
276 7651 -118  191
287 7694 -118  201
297 7757 -118  209
307 7297 -118  216
317 7241 -118  220
328 7291 -118  220
339 7422 -118  220
351 7354 -118  210
362 7374 -118  193
372 7013 -118  177
383 6949 -118  158
393 7017 -118  139
404 7192 -118  118
414 7346 -118   95
424 7343 -118   74
434 7588 -118   50
445 7597 -118   24
457 7625 -118   -7
468 7639   78  -23
478 7607   78  -35
489 7600   78  -50
499 7541   78  -67
510 7572   78  -83
521 7459   78 -102
531 7474   78 -119
541 7450   78 -136
552 7422   78 -147
562 7417   72 -152
572 7381   31 -152
582 7408    9 -151
592 7218    9 -143
602 7314    9 -129
612 7322    9 -119
622 7913    9 -103
632 7923    9  -91
642 7967    9  -76
652 7970    9  -63
662 7973    9  -51
672 8009    9  -39
99999 0 0 0 
  0 809   69    8
 10 8099   69    8
 20 8096   69    8
 30 7981   69    8
 40 7952   69    8
 50 7966   69    8
 60 7696   69    8
 70 7675   69    8
 80 7679   69   10
 90 7623   69   17
100 7602   69   26
110 7483   69   36
120 7378   69   45
130 7388   69   53
140 7431   65   64
150 7545   51   73
160 7552   49   85
170 7580   49   95
180 7620   49  107
190 7634   49  117
200 7611   49  129
210 7762   49  140
220 7768 -118  151
230 7808 -118  162
240 7769 -118  172
250 7576 -118  182
260 7615 -118  190
270 7702 -118  199
280 7763 -118  206
290 7110 -118  213
301 7369 -118  216
311 7257 -118  216
321 7339 -118  216
332 7352 -118  204
343 7163 -118  187
354 7230 -118  170
364 6954 -118  152
375 7051 -118  132
385 7082 -118  113
395 7375 -118   91
405 7479 -118   67
416 7479 -118   42
426 7599 -118   17
437 7619 -118   -9
449 7628   79  -24
460 7515   79  -37
470 7491   79  -52
481 7615   79  -64
491 7670   79  -79
501 7638   79  -91
511 7445   79 -103
523 7535   79 -111
533 7473   44 -111
543 7481    9 -111
553 7530    9 -108
563 7621    9  -97
573 7318    9  -85
583 7306    9  -73
594 7319    9  -60
605 7963    9  -47
615 7968    9  -33
625 7970    9  -21
99999 0 0 0 
  0 809   69    6
 10 8058   69    6
 20 7958   69    6
 30 7916   69    6
 40 7932   69    6
 50 7957   69    6
 60 7618   69    7
 70 7698   69    7
 80 7675   69   10
 90 7670   69   18
100 7471   69   27
110 7457   69   36
120 7295   69   46
130 7354   69   55
140 7374   64   65
151 7486   49   75
161 7561   49   86
173 7572   49   99
183 7607   49  111
193 7624   49  123
203 7676   49  135
213 7683   49  145
224 7765 -118  158
234 7699 -118  169
245 7596 -118  178
256 7634 -118  189
267 7698 -118  199
277 7111 -118  205
288 7055 -118  211
298 7316 -118  211
309 7344 -118  211
319 7316 -118  205
329 7284 -118  191
339 7073 -118  177
349 7149 -118  159
359 6975 -118  140
370 7058 -118  121
382 7368 -118   97
392 7368 -118   74
402 7473 -118   53
412 7585 -118   29
422 7600 -118    3
433 7623   79  -17
443 7613   79  -29
453 7554   79  -43
464 7494   79  -59
474 7483   79  -77
485 7532   79  -93
495 7495   79 -112
506 7212   79 -129
518 7312   79 -147
528 7213   79 -155
538 7418   55 -156
548 7399    0 -156
559 7539    9 -151
569 7319    9 -135
580 7270    9 -123
590 7298    9 -107
601 7878    9  -91
611 7959    9  -76
623 7963    9  -60
634 7967    9  -45
644 7968    9  -33
99999 0 0 0 
  0 805   69    9
 10 8056   69    9
 20 7944   69    9
 30 7904   69    9
 40 7911   69    9
 50 7901   69    9
 60 7491   69    9
 70 7582   69    9
 80 7565   69   17
 90 7585   69   26
100 7512   69   35
110 7519   69   44
120 7351   69   53
130 7394   67   63
140 7398   51   73
150 7547   49   84
160 7575   49   95
170 7607   49  105
180 7658   49  117
191 7599   49  129
202 7754   49  141
213 7762 -119  153
223 7801 -119  164
233 7681 -119  175
244 7560 -119  184
254 7629 -119  193
264 7541 -119  202
274 7597 -119  209
284 7157 -119  215
294 7385 -119  217
304 7296 -119  217
314 7362 -119  216
324 7239 -119  202
334 7264 -119  187
344 7078 -119  172
354 6944 -119  153
364 7001 -119  136
375 7111 -119  115
385 7405 -119   93
395 7405 -119   71
405 7509 -119   47
416 7555 -119   20
427 7613 -119   -6
437 7625   79  -21
447 7600   79  -33
457 7535   79  -47
468 7461   79  -65
479 7507   79  -83
489 7458   79  -99
499 7518   79 -117
510 7198   79 -135
520 7351   79 -147
530 7470   79 -153
540 7436   39 -153
551 7385    9 -153
562 7156    9 -145
572 7262    9 -131
582 7311    9 -119
592 7867    9 -105
602 7878    9  -91
612 7919    9  -76
622 7959    9  -63
632 7962    9  -49
99999 0 0 0 
  0 805   69    9
 10 8056   69    9
 20 8052   69    9
 30 7923   69    9
 40 7909   69    9
 50 7933   69    9
 60 7909   69   10
 70 7569   69   10
 80 7537   69   11
 90 7626   69   19
100 7528   69   28
111 7513   69   37
121 7336   69   47
131 7381   69   56
141 7391   53   66
151 7504   49   76
162 7513   49   87
173 7601   49   99
184 7621   49  111
194 7601   49  123
204 7749   49  134
214 7758 -119  145
224 7765 -119  155
234 7802 -119  165
244 7616 -119  176
254 7597 -119  184
264 7646 -119  193
274 7703 -119  201
284 7110 -119  208
294 7381 -119  213
304 7253 -119  213
314 7319 -119  213
324 7357 -119  208
334 7350 -119  196
344 7208 -119  179
354 6885 -119  163
364 6961 -119  145
374 7050 -119  127
384 7294 -119  106
394 7302 -119   86
405 7442 -119   61
416 7548 -119   34
428 7564 -119    5
439 7583   79  -18
449 7614   79  -31
460 7486   79  -45
470 7489   79  -59
481 7577   79  -73
492 7597   79  -89
503 7406   79 -105
513 7314   79 -115
524 7362   72 -120
534 7485   27 -120
545 7534    9 -120
555 7555    9 -111
566 7348    9  -96
576 7391    9  -85
587 7376    9  -71
597 7847    9  -56
608 7957    9  -41
619 7962    9  -27
629 7964    9  -13
99999 0 0 0 
  0 805   69    3
 10 8052   69    3
 21 7993   69    3
 31 7915   69    3
 41 7919   69    3
 51 7940   69    3
 61 7960   69    3
 71 7694   69    3
 81 7690   69    7
 91 7713   69   15
101 7506   69   23
111 7468   69   33
121 7282   69   41
131 7369   69   51
141 7387   69   60
151 7470   49   70
161 7547   49   81
171 7597   49   90
181 7653   49  101
191 7628   49  113
202 7638   49  124
212 7755   49  135
222 7759 -119  145
234 7799 -119  157
244 7799 -119  167
254 7732 -119  178
264 7620 -119  186
274 7628 -119  195
284 7713 -119  203
294 7201 -119  210
305 7209 -119  216
315 7312 -119  218
325 7419 -119  218
336 7371 -119  218
346 7353 -119  204
357 7025 -119  188
369 6931 -119  167
379 6999 -119  150
390 7089 -119  130
400 7293 -119  109
411 7296 -119   87
421 7504 -119   63
432 7542 -119   37
444 7564 -119    9
454 7584   79  -15
464 7623   79  -26
474 7500   79  -40
485 7490   79  -54
495 7578   79  -67
506 7135   79  -81
516 7166   79  -95
527 7272   79 -107
537 7447   79 -112
547 7391   31 -113
557 7405    0 -113
568 7393    9 -109
579 7279    9  -95
590 7340    9  -81
600 7791    9  -70
610 7841    9  -55
621 7848    9  -41
631 7959    9  -27
641 7962    9  -13
651 7963    9   -1
99999 0 0 0 
  0 805   69    6
 11 8052   69    6
 21 8050   69    6
 31 8000   69    6
 41 7912   69    6
 51 7912   69    6
 61 7971   69    6
 71 7605   69    6
 81 7618   69    7
 91 7724   69    7
101 7674   69   13
111 7604   69   21
121 7455   69   31
131 7317   69   41
142 7340   69   51
152 7330   69   61
163 7484   49   71
173 7490   49   82
184 7570   49   93
194 7624   49  105
204 7634   49  116
215 7643   49  128
226 7761 -119  139
237 7798 -119  150
247 7731 -119  161
258 7606 -119  171
268 7583 -119  179
278 7634 -119  187
288 7094 -119  195
298 7212 -119  201
308 7103 -119  203
318 7342 -119  203
329 7366 -119  203
339 7348 -119  191
350 7193 -119  175
360 7046 -119  159
371 6951 -119  138
382 7009 -119  119
392 7150 -119   98
402 7439 -119   77
412 7436 -119   56
423 7509 -119   31
434 7555 -119    5
444 7576   79  -17
455 7569   79  -28
466 7507   79  -43
476 7530   79  -57
486 7577   79  -69
496 7523   79  -84
506 7197   79  -97
516 7146   79 -111
526 7401   79 -117
536 7441   39 -119
546 7406    6 -119
556 7418    9 -118
566 7313    9 -104
576 7397    9  -91
586 7237    9  -79
596 7757    9  -65
606 7770    9  -50
616 7919    9  -35
626 7959    9  -21
636 7960    9   -7
99999 0 0 0 
  0 805   69    5
 10 8050   69    5
 20 8017   69    5
 30 7918   69    5
 40 7914   69    5
 52 7937   69    5
 62 7961   69    5
 72 7578   69    5
 82 7724   69    8
 93 7642   69   17
104 7552   69   27
114 7344   69   37
125 7373   69   47
135 7404   69   57
146 7452   49   68
157 7518   49   79
168 7548   49   91
178 7647   49  103
188 7624   49  114
199 7636   49  125
209 7787 -119  136
220 7761 -119  148
230 7763 -119  159
241 7636 -119  170
252 7597 -119  177
263 7609 -119  189
274 7672 -119  197
284 7210 -119  204
295 7317 -119  208
305 7188 -119  209
315 7273 -119  209
325 7350 -119  203
337 6966 -119  186
347 7016 -119  169
357 6909 -119  153
368 7055 -119  133
379 7100 -119  113
389 7257 -119   91
400 7469 -119   68
410 7468 -119   45
420 7547 -119   22
430 7564 -119   -4
440 7582   79  -19
450 7565   79  -30
460 7481   79  -43
470 7511   79  -56
481 7602   79  -69
491 7152   79  -83
503 7365   79  -97
514 7253   79 -108
524 7427   72 -111
534 7484   14 -111
545 7579    9 -111
556 7420    9 -100
567 7409    9  -87
578 7863    9  -76
588 7877    9  -63
599 7884    9  -51
610 7959    9  -36
620 7962    9  -23
631 7962    9  -11
99999 0 0 0 
  0 804   69    5
 10 8048   69    5
 22 7936   69    5
 32 7906   69    5
 42 7922   69    5
 52 7594   69    5
 62 7611   69    5
 72 7722   69    5
 82 7689   69   10
 92 7612   69   18
102 7380   69   27
112 7371   69   37
123 7396   69   46
133 7392   69   56
143 7480   49   65
153 7483   49   75
164 7545   49   86
174 7606   49   97
186 7585   49  110
196 7597   49  121
206 7749   49  131
216 7755 -119  142
227 7758 -119  153
237 7625 -119  163
248 7553 -119  171
258 7597 -119  180
269 7695 -119  189
280 7278 -119  196
291 7359 -119  200
302 7222 -119  200
312 7374 -119  200
323 7312 -119  191
333 7321 -119  175
344 6992 -119  158
354 6932 -119  139
366 7142 -119  118
377 7182 -119   97
387 7333 -119   75
397 7509 -119   53
407 7509 -119   29
418 7551 -119    5
428 7569   79  -17
439 7561   79  -28
450 7484   79  -42
461 7522   79  -59
471 7537   79  -71
481 7585   79  -85
491 7234   79 -100
501 7431   79 -112
511 7326   79 -121
521 7432   64 -123
531 7433    6 -123
541 7562    9 -123
551 7371    9 -111
561 7256    9 -100
571 7282    9  -89
581 7868    9  -76
591 7913    9  -64
601 7916    9  -51
611 7956    9  -40
621 7956    9  -28
99999 0 0 0 
  0 804   69    8
 10 8049   69    8
 20 8048   69    8
 30 7923   69    8
 40 7906   69    8
 52 7679   69    8
 62 7702   69    8
 73 7612   69    8
 83 7610   69   11
 93 7582   69   18
103 7479   69   27
113 7360   69   36
123 7367   69   45
133 7345   69   53
143 7459   49   63
153 7502   49   74
164 7573   49   85
174 7624   49   95
185 7632   49  105
195 7745   49  116
206 7717   49  126
218 7790 -119  138
228 7790 -119  147
238 7752 -119  157
249 7610 -119  167
260 7618 -119  175
270 7670 -119  183
281 7059 -119  190
292 7439 -119  197
302 7336 -119  197
312 7375 -119  197
322 7363 -119  196
332 7348 -119  183
343 7164 -119  167
353 6879 -119  149
363 6946 -119  133
373 7038 -119  114
383 7320 -119   94
393 7330 -119   73
403 7433 -119   51
413 7540 -119   27
423 7548 -119    5
433 7564   79  -16
443 7559   79  -27
453 7519   79  -39
463 7476   79  -55
473 7478   79  -67
483 7527   79  -81
493 7469   79  -96
503 7460   79 -111
513 7361   79 -121
523 7380   72 -125
533 7432   22 -126
543 7433    0 -126
553 7421    9 -119
563 7288    9 -107
573 7341    9  -95
584 7362    9  -83
595 7874    9  -69
605 7878    9  -56
615 7919    9  -43
625 7957    9  -31
635 7959    9  -18
99999 0 0 0 
  0 804   69    7
 11 8050   69    7
 21 8028   69    7
 31 7912   69    7
 41 7904   69    7
 51 7928   69    7
 61 7950   69    7
 71 7720   69    7
 81 7717   69    8
 91 7674   69   13
101 7466   69   22
111 7426   69   32
121 7278   69   41
131 7294   69   49
141 7313   69   59
152 7433   49   69
162 7542   49   80
172 7586   49   90
182 7648   49  101
193 7588   49  113
205 7743   49  125
215 7749 -119  137
226 7755 -119  147
237 7738 -119  159
247 7529 -119  169
258 7604 -119  177
268 7626 -119  186
280 7230 -119  195
290 7239 -119  201
300 7300 -119  203
311 7406 -119  203
322 7362 -119  201
332 7349 -119  188
343 6957 -119  172
354 6899 -119  153
364 6960 -119  136
374 7079 -119  118
384 7249 -119   98
395 7250 -119   75
406 7497 -119   52
416 7534 -119   28
427 7548 -119    1
438 7572   79  -18
448 7556   79  -29
460 7517   79  -44
471 7535   79  -59
481 7591   79  -73
492 7176   79  -87
504 7396   79 -103
514 7297   79 -112
524 7454   64 -116
534 7507   22 -116
544 7554    9 -116
554 7391    9 -109
564 7488    9  -97
574 7528    9  -85
584 7867    9  -73
594 7840    9  -61
604 7844    9  -48
614 7956    9  -35
624 7959    9  -23
99999 0 0 0 
  0 801   69    3
 10 8046   69    3
 21 7950   69    3
 31 7902   69    4
 41 7918   69    4
 51 7943   69    4
 62 7962   69    4
 72 7654   69    4
 82 7704   69   10
 94 7490   69   19
105 7432   69   29
115 7382   69   38
125 7325   69   47
136 7346   69   57
146 7397   49   66
157 7506   49   77
167 7553   49   88
178 7576   49   99
189 7590   49  111
199 7703   49  121
210 7713 -119  133
221 7717 -119  143
231 7785 -119  153
242 7580 -119  164
252 7580 -119  172
263 7672 -119  181
275 7130 -119  189
285 7128 -119  195
295 7230 -119  197
306 7372 -119  197
316 7329 -119  195
327 7354 -119  181
337 7062 -119  164
349 6963 -119  145
360 7035 -119  126
370 7051 -119  107
381 7220 -119   85
391 7219 -119   65
401 7462 -119   41
411 7500 -119   18
421 7513 -119   -7
431 7561   79  -20
441 7541   79  -32
452 7456   79  -47
462 7484   79  -63
473 7537   79  -77
484 7135   79  -95
495 7151   79 -109
505 7266   79 -122
515 7423   79 -127
525 7369   31 -128
535 7385    0 -128
546 7337    9 -123
556 7441    9 -111
566 7235    9 -100
576 7823    9  -87
587 7836    9  -75
597 7878    9  -61
608 7918    9  -49
620 7919    9  -35
630 7921    9  -23
99999 0 0 0 
  0 804   69    9
 10 8045   69    9
 20 8014   69    9
 30 8009   69    9
 40 7899   69    9
 50 7904   69    9
 60 7919   69    9
 70 7942   69    9
 80 7686   69    9
 90 7652   69    9
100 7610   69   15
111 7539   69   23
121 7346   69   33
131 7360   69   42
141 7380   69   51
151 7394   69   61
163 7470   49   72
173 7470   49   83
184 7548   49   94
194 7576   49  105
205 7587   49  117
216 7599   49  129
227 7716 -119  141
238 7589 -119  153
249 7513 -119  161
260 7562 -119  171
271 7096 -119  181
283 7202 -119  188
293 7119 -119  191
303 7318 -119  191
314 7366 -119  191
325 7346 -119  179
335 7155 -119  164
346 6969 -119  148
356 7039 -119  131
366 6997 -119  112
377 7064 -119   91
388 7388 -119   69
398 7384 -119   48
408 7458 -119   24
418 7540 -119    2
428 7555   79  -17
439 7550   79  -28
449 7482   79  -43
460 7438   79  -58
471 7523   79  -73
482 7441   79  -89
493 7190   79 -105
504 7120   79 -117
514 7369   79 -124
524 7416   47 -125
534 7390    0 -125
545 7391    9 -120
556 7269    9 -106
566 7368    9  -92
577 7237    9  -79
587 7647    9  -65
599 7872    9  -49
609 7877    9  -34
620 7918    9  -19
630 7919    9   -6
99999 0 0 0 
  0 800   69    7
 10 8008   69    7
 20 7981   69    7
 30 7877   69    7
 40 7871   69    7
 50 7892   69    7
 61 7916   69    7
 71 7681   69    7
 81 7673   69    8
 91 7647   69   15
101 7438   69   24
111 7409   69   33
121 7276   69   42
131 7336   69   52
141 7356   49   61
151 7401   49   71
161 7507   49   82
173 7557   49   95
183 7577   49  106
194 7554   49  118
205 7741   49  129
216 7748 -119  141
226 7754 -119  151
236 7706 -119  162
246 7538 -119  172
257 7577 -119  180
267 7630 -119  189
279 7162 -119  197
289 7155 -119  203
300 7208 -119  205
310 7361 -119  205
320 7321 -119  205
331 7342 -119  191
342 6984 -119  173
353 6881 -119  157
363 6953 -119  139
373 7074 -119  121
384 7249 -119   99
394 7253 -119   77
405 7462 -119   54
415 7499 -119   29
426 7514 -119    5
436 7566   79  -17
446 7565   79  -28
458 7452   79  -43
469 7456   79  -59
479 7578   79  -72
490 7134   79  -86
500 7158   79 -100
510 7301   79 -111
521 7442   79 -117
531 7389   34 -117
541 7418    9 -117
551 7364    9 -111
561 7443    9 -100
571 7273    9  -89
581 7825    9  -76
591 7836    9  -63
601 7875    9  -49
611 7915    9  -37
621 7918    9  -24
99999 0 0 0 
  0 800   69    7
 10 8009   69    7
 20 7923   69    7
 30 7870   69    7
 40 7881   69    7
 50 7901   69    7
 60 7568   69    7
 70 7680   69    7
 80 7651   69    9
 90 7570   69   17
100 7448   69   25
110 7417   69   34
120 7234   69   43
130 7322   69   52
140 7345   49   61
150 7466   49   71
160 7518   49   81
170 7563   49   91
180 7579   49  102
190 7550   49  113
200 7558   49  122
210 7710   49  133
220 7748 -119  142
230 7752 -119  153
240 7548 -119  163
250 7566 -119  169
260 7615 -119  179
270 7635 -119  186
280 7137 -119  193
290 7079 -119  196
300 7305 -119  197
311 7341 -119  197
322 7241 -119  187
332 7250 -119  172
342 7053 -119  157
353 6922 -119  137
364 6989 -119  119
374 7062 -119   99
385 7359 -119   77
395 7354 -119   55
405 7458 -119   33
415 7536 -119    9
425 7551   79  -14
436 7559   79  -25
446 7514   79  -38
458 7475   79  -55
469 7521   79  -69
479 7468   79  -84
490 7190   79  -99
500 7147   79 -112
510 7364   79 -121
520 7400   64 -123
530 7360    6 -123
541 7434    9 -123
552 7374    9 -110
562 7256    9  -99
572 7282    9  -87
582 7829    9  -74
592 7908    9  -62
602 7912    9  -49
612 7915    9  -37
622 7919    9  -25
99999 0 0 0 
  0 800   69    9
 10 8007   69    9
 20 8008   69    9
 30 7993   69    9
 40 7878   69    9
 51 7870   69    9
 61 7892   69    9
 73 7554   69    9
 84 7528   69   10
 94 7599   69   12
104 7537   69   20
114 7512   69   29
124 7428   69   37
134 7331   69   46
145 7340   69   56
156 7350   49   67
166 7465   49   77
178 7531   49   89
188 7569   49  101
199 7583   49  112
209 7556   49  123
219 7567   49  133
229 7711 -119  144
240 7752 -119  155
250 7618 -119  165
261 7563 -119  173
272 7602 -119  184
284 7140 -119  194
294 7172 -119  200
304 7150 -119  204
314 7341 -119  205
325 7269 -119  205
335 7309 -119  200
345 7168 -119  185
355 7211 -119  170
365 6934 -119  152
376 6968 -119  133
388 7124 -119  111
398 7146 -119   90
409 7395 -119   67
419 7460 -119   44
430 7470 -119   18
441 7524 -119   -8
452 7570   79  -23
463 7526   79  -36
473 7438   79  -49
484 7513   79  -63
495 7499   79  -79
505 7541   79  -93
516 7124   79 -107
526 7409   79 -115
536 7337   55 -118
546 7371   14 -118
557 7380    9 -118
568 7214    9 -103
579 7338    9  -88
589 7219    9  -77
599 7602    9  -63
610 7617    9  -47
620 7874    9  -32
631 7912    9  -17
643 7916    9    0
99999 0 0 0 
  0 800   69    4
 10 8009   69    4
 20 8009   69    4
 30 7906   69    4
 40 7865   69    4
 50 7882   69    4
 60 7905   69    4
 71 7531   69    4
 83 7686   69    6
 93 7613   69   14
103 7475   69   23
113 7286   69   33
123 7311   69   41
133 7343   69   50
143 7406   69   60
153 7411   49   69
163 7506   49   79
173 7532   49   90
183 7563   49  101
193 7576   49  112
203 7733   49  123
213 7743 -119  133
223 7713 -119  144
233 7754 -119  153
243 7650 -119  164
254 7524 -119  173
264 7551 -119  181
275 7608 -119  191
285 7381 -119  197
295 7363 -119  203
305 7233 -119  204
315 7279 -119  204
325 7349 -119  202
335 7339 -119  190
345 7183 -119  175
355 6860 -119  159
365 6941 -119  141
375 7001 -119  124
385 7253 -119  105
395 7255 -119   85
406 7391 -119   61
416 7496 -119   37
426 7503 -119   14
437 7523   79  -11
447 7534   79  -25
459 7484   79  -39
469 7438   79  -53
480 7521   79  -66
491 7541   79  -81
501 7580   79  -95
511 7329   79 -108
521 7363   79 -116
531 7290   55 -117
541 7396    0 -117
552 7392    9 -117
563 7076    9 -103
573 7199    9  -88
584 7223    9  -76
595 7572    9  -60
605 7586    9  -45
616 7875    9  -30
626 7915    9  -15
636 7918    9   -2
99999 0 0 0 
  0 800   69    4
 11 8007   69    4
 21 8000   69    4
 32 7874   69    4
 42 7868   69    4
 52 7820   69    4
 62 7839   69    4
 73 7571   69    4
 83 7682   69    8
 94 7609   69   16
104 7513   69   25
114 7263   69   35
126 7292   69   45
136 7313   69   55
146 7432   49   64
156 7468   49   74
167 7476   49   85
177 7592   49   97
187 7574   49  107
198 7587   49  119
208 7704   49  129
219 7711 -119  141
231 7752 -119  153
242 7611 -119  164
253 7560 -119  172
263 7598 -119  181
274 7659 -119  190
284 7098 -119  197
294 7378 -119  201
306 7338 -119  201
316 7265 -119  201
326 7305 -119  195
337 7126 -119  180
347 7183 -119  164
358 6904 -119  146
369 6979 -119  127
379 7023 -119  107
390 7284 -119   85
400 7390 -119   63
412 7493 -119   37
422 7503 -119   12
432 7520   79  -11
443 7528   79  -24
453 7493   79  -37
464 7434   79  -52
475 7513   79  -65
486 7463   79  -83
496 7505   79  -97
506 7336   79 -109
516 7380   79 -119
526 7294   72 -121
536 7396    6 -121
546 7417    9 -121
556 7564    9 -111
566 7245    9  -97
576 7242    9  -87
586 7258    9  -74
596 7870    9  -61
606 7911    9  -48
616 7913    9  -35
626 7918    9  -23
636 7918    9  -11
99999 0 0 0 
  0 800   69    7
 10 8007   69    7
 20 7955   69    7
 30 7868   69    7
 40 7868   69    7
 50 7891   69    7
 60 7522   69    7
 70 7615   69    7
 81 7578   69   11
 91 7547   69   19
101 7413   69   28
111 7399   69   37
121 7258   69   46
131 7302   69   55
141 7310   49   65
151 7421   49   74
162 7497   49   85
172 7556   49   97
183 7576   49  109
194 7554   49  120
204 7740   49  131
214 7747 -119  141
224 7716 -119  151
234 7744 -119  161
244 7540 -119  171
254 7535 -119  179
265 7586 -119  188
275 7645 -119  196
285 7101 -119  201
295 7385 -119  204
305 7276 -119  204
315 7292 -119  204
325 7234 -119  196
335 7244 -119  181
345 7050 -119  165
355 6881 -119  148
365 6944 -119  130
375 7018 -119  111
385 7318 -119   93
395 7318 -119   70
405 7421 -119   48
416 7496 -119   23
426 7513 -119   -2
436 7532   79  -19
446 7554   79  -30
456 7443   79  -43
466 7449   79  -57
477 7502   79  -71
487 7554   79  -85
498 7120   79 -100
508 7399   79 -111
519 7392   79 -117
529 7340   34 -118
539 7368    0 -118
549 7380    9 -113
559 7478    9 -100
570 7270    9  -88
580 7753    9  -76
591 7763    9  -63
601 7875    9  -49
611 7913    9  -36
622 7916    9  -24
632 7918    9  -13
99999 0 0 0 
  0 800   69    7
 10 8005   69    7
 20 8004   69    7
 31 7949   69    7
 41 7868   69    8
 51 7870   69    8
 61 7892   69    8
 71 7915   69    8
 81 7626   69    8
 91 7624   69    9
102 7582   69   17
113 7403   69   27
123 7350   69   36
134 7287   69   47
144 7302   69   56
155 7384   49   66
165 7499   49   76
175 7520   49   87
186 7560   49   98
196 7577   49  109
207 7585   49  121
217 7598 -119  132
228 7710 -119  143
240 7749 -119  155
250 7587 -119  165
261 7520 -119  173
271 7597 -119  183
281 7653 -119  191
291 7059 -119  197
301 7239 -119  202
311 7106 -119  203
322 7312 -119  203
332 7348 -119  199
342 7343 -119  185
352 7059 -119  171
362 6912 -119  154
372 6988 -119  136
382 7036 -119  119
392 7173 -119   98
402 7427 -119   74
412 7422 -119   55
422 7492 -119   31
432 7501 -119    9
442 7521   79  -13
453 7523   79  -25
465 7464   79  -39
475 7445   79  -54
486 7530   79  -67
496 7086   79  -81
506 7118   79  -95
516 7250   79 -107
526 7417   79 -115
536 7350   55 -116
546 7390    0 -116
557 7371    9 -115
567 7288    9 -101
578 7331    9  -92
588 7745    9  -79
600 7866    9  -64
610 7871    9  -51
620 7911    9  -39
631 7913    9  -26
642 7915    9  -13
99999 0 0 0 
  0 800   69    6
 10 8005   69    6
 20 7991   69    6
 30 7875   69    6
 40 7865   69    6
 50 7881   69    6
 60 7517   69    6
 70 7533   69    7
 80 7629   69    7
 90 7620   69   13
100 7564   69   21
110 7421   69   30
120 7273   69   39
130 7291   69   49
140 7273   69   57
150 7425   49   67
160 7429   49   77
170 7534   49   87
181 7530   49   99
192 7580   49  111
203 7590   49  121
213 7704   49  132
223 7710 -119  142
234 7714 -119  153
244 7555 -119  163
255 7521 -119  171
265 7572 -119  180
276 7668 -119  188
287 7059 -119  195
298 7363 -119  197
308 7245 -119  197
318 7292 -119  197
329 7267 -119  186
339 7284 -119  171
349 6920 -119  154
360 6892 -119  136
370 6955 -119  117
381 7136 -119   97
392 7286 -119   75
403 7493 -119   51
413 7492 -119   27
424 7500 -119    1
435 7521   79  -18
445 7504   79  -29
456 7457   79  -44
466 7439   79  -59
478 7459   79  -74
489 7517   79  -89
499 7221   79 -104
509 7358   79 -116
519 7254   79 -123
529 7415   47 -123
539 7354    9 -123
549 7511    9 -120
560 7281    9 -107
570 7225    9  -95
580 7249    9  -83
590 7829    9  -71
601 7870    9  -56
612 7913    9  -42
623 7913    9  -28
99999 0 0 0 
  0 800   69    9
 10 8004   69    9
 20 8004   69    9
 30 7937   69    9
 40 7861   69    9
 50 7868   69    9
 60 7892   69    9
 70 7523   69    9
 80 7639   69    9
 90 7618   69    9
100 7603   69   17
110 7408   69   25
120 7383   69   34
130 7273   69   43
140 7325   69   52
150 7342   49   61
160 7386   49   70
170 7463   49   81
180 7511   49   91
190 7567   49  102
200 7509   49  113
210 7517   49  123
220 7703   49  133
230 7711 -119  143
240 7713 -119  153
250 7569 -119  164
260 7546 -119  170
270 7584 -119  180
281 7615 -119  189
291 7164 -119  195
301 7127 -119  199
311 7178 -119  200
322 7344 -119  200
332 7311 -119  193
342 7312 -119  180
353 6968 -119  163
365 6911 -119  142
375 6975 -119  124
386 7055 -119  103
396 7214 -119   82
407 7211 -119   59
417 7422 -119   35
428 7500 -119   10
439 7521   79  -15
450 7520   79  -27
460 7459   79  -40
471 7435   79  -55
482 7485   79  -69
492 7538   79  -85
503 7117   79  -99
514 7305   79 -115
524 7202   79 -122
534 7351   47 -123
545 7384    0 -123
555 7536    9 -121
565 7342    9 -109
575 7253    9  -99
585 7280    9  -87
595 7826    9  -73
605 7868    9  -61
616 7874    9  -47
626 7877    9  -35
636 7913    9  -23
99999 0 0 0 
  0 800   69   10
 10 8003   69   10
 20 7935   69   10
 30 7827   69   10
 40 7868   69   10
 50 7888   69   10
 60 7872   69   10
 70 7642   69   10
 80 7605   69   11
 90 7536   69   19
100 7399   69   27
110 7380   69   36
120 7273   69   45
131 7288   69   54
141 7302   49   64
152 7424   49   74
162 7476   49   85
174 7560   49   97
185 7576   49  109
195 7549   49  119
205 7699   49  130
215 7706 -119  140
226 7713 -119  150
236 7643 -119  161
246 7521 -119  169
257 7545 -119  178
268 7611 -119  188
279 7164 -119  194
289 7134 -119  199
299 7215 -119  200
310 7344 -119  200
320 7309 -119  196
331 7304 -119  182
342 6960 -119  165
352 6902 -119  147
362 6961 -119  129
373 7116 -119  109
384 7280 -119   87
394 7280 -119   65
405 7456 -119   42
415 7497 -119   17
426 7513 -119   -8
437 7524   79  -22
447 7495   79  -35
457 7397   79  -49
468 7462   79  -63
479 7519   79  -79
489 7138   79  -92
499 7142   79 -106
509 7294   79 -117
519 7414   79 -121
529 7367   22 -122
539 7382    0 -122
549 7033    9 -115
559 7106    9 -101
569 7125    9  -87
579 7197    9  -75
589 7236    9  -60
599 7250    9  -46
609 7861    9  -31
619 7868    9  -15
629 7871    9   -3
639 7877    9   11
99999 0 0 0 
  0 800   69    3
 10 8001   69    3
 20 8003   69    3
 30 7885   69    3
 40 7859   69    4
 50 7877   69    4
 60 7901   69    4
 70 7634   69    4
 80 7638   69    5
 90 7678   69   12
100 7473   69   20
110 7431   69   28
120 7268   69   37
130 7280   69   47
140 7292   69   55
150 7308   49   65
160 7492   49   74
171 7524   49   85
182 7562   49   97
192 7539   49  107
202 7549   49  118
213 7700   49  129
223 7707 -119  139
235 7745 -119  151
245 7747 -119  161
256 7748 -119  172
266 7540 -119  182
277 7523 -119  189
287 7612 -119  199
298 7110 -119  206
309 7375 -119  213
319 7290 -119  215
329 7311 -119  215
339 7323 -119  215
349 7304 -119  204
359 7176 -119  190
370 6807 -119  173
380 6886 -119  155
390 6944 -119  137
400 7229 -119  117
410 7246 -119   97
421 7353 -119   75
431 7490 -119   51
441 7497 -119   27
451 7517 -119    2
462 7535   79  -18
472 7523   79  -29
482 7429   79  -43
492 7484   79  -55
502 7540   79  -67
512 7550   79  -79
522 7328   79  -93
532 7265   79 -103
542 7342   72 -109
552 7388   39 -109
562 7375    9 -109
572 7498    9 -107
582 7193    9  -95
592 7271    9  -81
602 7235    9  -71
612 7677    9  -58
622 7688    9  -44
633 7870    9  -30
643 7872    9  -15
99999 0 0 0 
  0 800   69    8
 10 8001   69    8
 20 7903   69    8
 30 7861   69    8
 40 7838   69    8
 50 7860   69    8
 60 7526   69    9
 70 7604   69    9
 80 7565   69   11
 90 7528   69   18
100 7373   69   27
110 7361   69   37
120 7278   69   46
130 7309   69   55
140 7327   49   65
150 7438   49   74
160 7513   49   85
172 7521   49   98
182 7536   49  109
193 7546   49  121
203 7702   49  131
213 7707 -119  141
224 7747 -119  153
234 7625 -119  163
245 7520 -119  171
255 7552 -119  181
265 7607 -119  189
277 7059 -119  197
287 7021 -119  201
298 7275 -119  202
308 7302 -119  202
318 7272 -119  197
328 7233 -119  184
339 7027 -119  168
350 7109 -119  149
360 6931 -119  131
370 7009 -119  113
380 7031 -119   93
390 7315 -119   73
400 7417 -119   50
410 7490 -119   23
420 7504 -119    3
430 7490   79  -17
440 7483   79  -27
450 7464   79  -41
460 7436   79  -55
470 7387   79  -72
480 7371   79  -87
490 7327   79 -105
500 7384   79 -121
510 7113   79 -138
520 7198   79 -152
530 7112   79 -159
540 7322   47 -159
550 7302    9 -159
562 7128    9 -151
572 7238    9 -136
583 7184    9 -124
593 7777    9 -109
604 7787    9  -95
614 7830    9  -80
624 7870    9  -67
635 7872    9  -52
99999 0 0 0 
  0 796   70    9
 10 7964   70    9
 21 7964   70    9
 31 7862   70    9
 41 7819   70    9
 51 7832   70    9
 61 7840   70    9
 71 7463   70   10
 81 7545   70   10
 91 7524   70   17
101 7434   70   26
111 7349   70   35
121 7348   70   44
131 7321   70   53
141 7335   50   62
151 7342   50   72
161 7508   50   83
171 7529   50   93
181 7538   50  103
192 7617   50  113
203 7697   50  125
214 7703 -120  135
224 7664 -120  146
235 7490 -120  155
246 7502 -120  164
256 7554 -120  173
267 7647 -120  180
277 7255 -120  185
288 7141 -120  187
299 7213 -120  187
309 7348 -120  185
321 7239 -120  170
332 7275 -120  154
342 6887 -120  137
352 6916 -120  121
363 6966 -120  101
373 7161 -120   81
384 7308 -120   58
396 7449 -120   32
407 7455 -120    7
417 7507   80  -15
427 7509   80  -25
438 7465   80  -40
449 7383   80  -56
459 7421   80  -69
469 7476   80  -85
480 7455   80 -100
490 7255   80 -115
501 7317   80 -125
511 7241   65 -128
522 7344   14 -128
532 7351   10 -128
542 7509   10 -117
553 7194   10 -104
563 7232   10  -92
573 7249   10  -79
583 7825   10  -69
593 7868   10  -55
604 7870   10  -42
614 7872   10  -29
99999 0 0 0 
  0 796   70    7
 10 7964   70    7
 20 7964   70    7
 30 7963   70    7
 40 7837   70    7
 50 7822   70    7
 60 7843   70    7
 70 7866   70    7
 80 7560   70    7
 90 7645   70    7
100 7600   70   11
110 7481   70   20
120 7303   70   29
130 7293   70   38
141 7228   70   48
151 7285   70   58
163 7413   50   69
173 7422   50   79
183 7507   50   90
193 7491   50  100
204 7501   50  113
214 7546   50  123
224 7694 -120  134
234 7703 -120  144
245 7706 -120  155
255 7547 -120  166
267 7489 -120  175
278 7542 -120  184
288 6963 -120  192
299 7191 -120  199
309 7091 -120  202
320 7296 -120  202
330 7318 -120  201
342 7089 -120  188
352 7115 -120  173
363 6971 -120  155
373 6903 -120  137
383 6954 -120  119
394 7092 -120   99
404 7381 -120   78
415 7380 -120   54
426 7451 -120   29
436 7499 -120    4
448 7520   80  -19
458 7517   80  -31
469 7402   80  -45
479 7435   80  -59
489 7482   80  -73
500 7468   80  -87
511 7141   80 -102
522 7410   80 -115
533 7305   80 -121
543 7324   35 -121
553 7207   10 -121
563 7366   10 -114
574 7284   10  -99
584 7173   10  -85
594 7202   10  -73
605 7678   10  -58
615 7864   10  -43
627 7870   10  -26
637 7871   10  -12
99999 0 0 0 
  0 796   70    3
 10 7966   70    3
 20 7966   70    3
 30 7963   70    3
 40 7836   70    3
 50 7822   70    3
 60 7841   70    3
 70 7865   70    3
 80 7527   70    3
 90 7667   70    3
101 7611   70   11
111 7523   70   20
121 7318   70   29
131 7327   70   39
141 7248   70   47
151 7272   70   57
163 7388   50   67
173 7384   50   79
184 7538   50   90
194 7562   50  101
205 7573   50  112
215 7550   50  123
225 7702 -120  134
235 7548 -120  143
246 7466 -120  152
257 7511 -120  162
268 6977 -120  171
279 7019 -120  178
290 7153 -120  182
301 7310 -120  182
311 7258 -120  182
321 7340 -120  173
332 7000 -120  158
344 6856 -120  138
355 6929 -120  120
365 6948 -120  103
375 7123 -120   83
386 7132 -120   61
396 7380 -120   38
406 7454 -120   15
416 7462 -120   -7
427 7472   80  -23
438 7454   80  -35
448 7411   80  -50
459 7388   80  -66
469 7478   80  -81
479 7279   80  -95
490 7316   80 -113
500 7173   80 -125
510 7348   80 -133
520 7286   56 -133
531 7335   10 -133
542 7256   10 -130
553 7203   10 -117
563 7253   10 -105
574 7456   10  -93
584 7823   10  -79
594 7830   10  -65
604 7868   10  -54
614 7871   10  -41
99999 0 0 0 
  0 796   70    6
 10 7962   70    6
 22 7896   70    6
 32 7823   70    6
 42 7827   70    6
 52 7495   70    6
 62 7517   70    6
 72 7591   70    7
 82 7593   70    8
 92 7537   70   15
102 7427   70   24
112 7228   70   34
123 7224   70   43
133 7246   70   53
143 7370   67   62
153 7386   50   72
164 7432   50   83
174 7515   50   94
185 7529   50  105
196 7503   50  117
206 7656   50  128
218 7699   50  139
228 7704 -120  151
238 7708 -120  160
248 7743 -120  171
258 7605 -120  181
268 7515 -120  189
278 7547 -120  198
288 7600 -120  206
298 7051 -120  213
308 7243 -120  218
318 7127 -120  219
328 7287 -120  219
338 7353 -120  218
348 7338 -120  204
358 7007 -120  190
368 6865 -120  173
378 6935 -120  156
388 6989 -120  138
399 7163 -120  117
409 7173 -120   95
419 7418 -120   72
430 7456 -120   48
442 7501 -120   20
453 7525 -120   -7
464 7538   80  -24
474 7448   80  -37
485 7420   80  -50
495 7507   80  -62
506 7068   80  -77
517 7179   80  -90
527 7124   80 -101
537 7338   80 -107
547 7379   39 -109
557 7349    6 -109
568 7355   10 -105
578 7228   10  -93
588 7300   10  -81
598 7479   10  -70
609 7675   10  -56
619 7685   10  -42
630 7867   10  -27
640 7870   10  -13
652 7872   10    1
99999 0 0 0 
  0 796   70    2
 11 7888   70    2
 21 7820   70    2
 32 7827   70    2
 42 7851   70    2
 52 7481   70    2
 63 7629   70    2
 73 7590   70    7
 83 7482   70   15
 93 7389   70   24
103 7385   70   34
113 7232   70   43
123 7262   70   52
133 7280   70   61
144 7424   50   72
154 7463   50   83
165 7482   50   95
175 7507   50  106
185 7491   50  118
195 7505   50  128
205 7588 -120  139
215 7700 -120  151
225 7632 -120  161
235 7476 -120  170
245 7517 -120  179
255 7566 -120  187
265 7277 -120  195
275 7119 -120  201
285 7026 -120  205
295 7236 -120  205
305 7284 -120  205
315 7264 -120  197
325 7127 -120  183
335 6926 -120  167
345 6871 -120  147
355 6928 -120  132
365 7004 -120  114
377 7312 -120   90
387 7309 -120   67
398 7414 -120   44
409 7492 -120   19
419 7509 -120   -7
429 7490   80  -21
439 7504   80  -33
450 7433   80  -47
461 7400   80  -65
471 7370   80  -81
483 7330   80  -99
494 7390   80 -118
504 7136   80 -135
514 7221   80 -147
525 7133   80 -153
535 7303   35 -153
546 7257   10 -153
557 7085   10 -143
567 7170   10 -131
577 7182   10 -119
587 7773   10 -105
597 7784   10  -93
607 7826   10  -78
618 7866   10  -65
628 7868   10  -52
99999 0 0 0 
  0 796   70    6
 11 7963   70    6
 21 7962   70    6
 31 7829   70    6
 41 7813   70    6
 51 7832   70    6
 61 7847   70    7
 71 7575   70    7
 81 7542   70    8
 91 7469   70   16
101 7341   70   25
111 7335   70   34
121 7240   70   43
131 7291   70   52
141 7299   67   61
151 7343   50   72
161 7414   50   82
171 7449   50   92
181 7516   50  104
191 7494   50  115
201 7503   50  126
211 7656   50  136
221 7700 -120  147
231 7704 -120  157
241 7560 -120  169
251 7513 -120  177
261 7535 -120  186
271 7553 -120  194
281 7113 -120  202
291 7114 -120  207
301 7222 -120  210
311 7331 -120  210
321 7282 -120  210
331 7297 -120  199
341 6882 -120  186
351 6932 -120  170
361 6829 -120  153
372 7005 -120  133
382 7047 -120  114
392 7204 -120   94
402 7417 -120   73
413 7414 -120   47
423 7456 -120   23
434 7473 -120   -3
444 7490   80  -21
455 7496   80  -33
465 7415   80  -46
477 7459   80  -59
487 7519   80  -73
497 7065   80  -86
508 7269   80  -99
519 7151   80 -108
529 7350   57 -110
540 7347    6 -110
551 7234   10 -110
562 7344   10  -97
572 7215   10  -88
582 7772   10  -75
593 7784   10  -63
603 7827   10  -50
614 7868   10  -37
624 7870   10  -25
634 7871   10  -12
99999 0 0 0 
  0 795   70    7
 10 7959   70    7
 21 7920   70    7
 31 7820   70    7
 41 7818   70    7
 52 7841   70    8
 62 7865   70    8
 72 7522   70    8
 82 7617   70    8
 92 7547   70   13
102 7407   70   22
112 7239   70   31
123 7250   70   41
133 7287   70   50
143 7346   70   59
153 7353   50   69
163 7419   50   79
173 7532   50   89
183 7552   50  100
193 7529   50  111
203 7648   50  122
213 7656   50  131
223 7628   50  142
233 7667 -120  152
243 7667 -120  163
253 7700 -120  173
263 7508 -120  183
273 7488 -120  190
283 7566 -120  199
293 6986 -120  207
303 7018 -120  214
313 7166 -120  217
323 7327 -120  217
333 7259 -120  217
343 7301 -120  211
354 7059 -120  197
364 7110 -120  180
375 6938 -120  163
385 6895 -120  144
396 7078 -120  123
407 7093 -120  102
417 7343 -120   79
427 7446 -120   56
438 7455 -120   31
449 7473 -120    5
459 7494   80  -18
469 7523   80  -29
479 7478   80  -42
490 7445   80  -58
501 7376   80  -75
511 7426   80  -91
521 7373   80 -107
532 7192   80 -125
542 7117   80 -139
552 7228   80 -147
562 7314   56 -149
572 7288    6 -149
583 7283   10 -146
593 6973   10 -134
604 7093   10 -119
614 7126   10 -107
624 7444   10  -93
636 7743   10  -77
646 7750   10  -62
657 7826   10  -47
667 7866   10  -33
99999 0 0 0 
  0 795   70    7
 10 7957   70    7
 20 7902   70    7
 30 7818   70    7
 40 7818   70    7
 50 7841   70    7
 60 7472   70    7
 70 7552   70    7
 80 7519   70   10
 90 7452   70   18
100 7295   70   27
110 7282   70   35
120 7226   70   45
130 7251   70   54
140 7266   60   63
150 7342   50   74
160 7454   50   83
170 7497   50   95
181 7483   50  107
192 7494   50  119
202 7508   50  130
213 7659 -120  142
223 7628 -120  153
235 7655 -120  165
245 7479 -120  175
256 7520 -120  183
267 7546 -120  193
277 7598 -120  199
288 7000 -120  206
298 7282 -120  209
310 7279 -120  208
320 7239 -120  207
331 7195 -120  194
341 6970 -120  178
352 7040 -120  161
362 6867 -120  143
373 6921 -120  124
385 7266 -120  101
395 7268 -120   79
405 7372 -120   58
416 7441 -120   33
426 7458 -120    9
437 7479   80  -16
447 7486   80  -27
457 7444   80  -41
468 7415   80  -57
479 7403   80  -74
490 7350   80  -90
500 7405   80 -109
511 7086   80 -125
521 7226   80 -141
532 7125   80 -149
542 7310   50 -150
552 7289    0 -150
562 7418   10 -149
572 7205   10 -137
582 7159   10 -126
592 7190   10 -114
603 7738   10 -101
613 7819   10  -87
623 7825   10  -75
634 7827   10  -63
644 7866   10  -51
99999 0 0 0 
  0 795   70    6
 11 7954   70    6
 21 7892   70    6
 31 7809   70    6
 41 7806   70    6
 51 7806   70    6
 61 7754   70    6
 71 7482   70    7
 81 7481   70   14
 91 7432   70   21
101 7277   70   30
111 7274   70   39
122 7240   70   49
132 7282   70   58
142 7291   50   68
152 7373   50   79
162 7414   50   89
172 7463   50  100
182 7484   50  111
192 7492   50  122
202 7506   50  133
212 7656 -120  144
222 7696 -120  155
233 7700 -120  167
243 7462 -120  177
254 7472 -120  185
266 7532 -120  196
277 7594 -120  204
287 7113 -120  211
297 7230 -120  214
308 7118 -120  214
318 7280 -120  214
328 7263 -120  203
338 7277 -120  189
349 6944 -120  172
360 6843 -120  154
371 7016 -120  133
381 7050 -120  113
391 7200 -120   93
401 7411 -120   72
411 7408 -120   49
422 7415 -120   24
432 7470 -120   -1
442 7491   80  -21
452 7515   80  -31
462 7459   80  -45
472 7384   80  -61
482 7408   80  -76
492 7312   80  -90
502 7367   80 -107
512 7291   80 -124
522 7303   80 -137
532 7202   80 -146
542 7249   64 -149
552 7248   14 -149
563 7360   10 -148
574 7302   10 -134
584 7160   10 -121
596 7157   10 -107
606 7173   10  -94
617 7783   10  -81
627 7823   10  -66
638 7826   10  -53
648 7863   10  -41
99999 0 0 0 
  0 795   70    5
 11 7957   70    5
 21 7892   70    5
 31 7816   70    5
 41 7819   70    5
 51 7841   70    5
 61 7503   70    6
 71 7552   70    6
 82 7506   70   11
 92 7461   70   19
102 7221   70   28
112 7224   70   37
122 7277   70   46
132 7294   70   55
142 7301   57   65
152 7377   50   75
162 7410   50   85
173 7466   50   97
184 7487   50  109
195 7498   50  121
206 7617   50  132
216 7624 -120  143
226 7663 -120  154
237 7633 -120  165
247 7479 -120  174
258 7497 -120  183
268 7590 -120  192
279 7646 -120  199
289 7170 -120  206
300 7224 -120  207
312 7333 -120  207
323 7303 -120  203
334 7226 -120  189
344 6803 -120  173
356 6815 -120  153
367 6886 -120  135
377 7072 -120  115
387 7233 -120   95
398 7233 -120   72
408 7410 -120   49
419 7449 -120   25
429 7465 -120   -1
440 7484   80  -20
451 7472   80  -33
461 7448   80  -46
472 7373   80  -63
482 7404   80  -81
493 7249   80  -97
503 7305   80 -114
514 7111   80 -131
524 7269   80 -145
536 7273   80 -152
546 7228   38 -153
556 7180    0 -152
566 7191   10 -147
576 7303   10 -134
587 7174   10 -122
597 7588   10 -109
608 7600   10  -95
618 7819   10  -81
629 7825   10  -69
639 7827   10  -57
649 7864   10  -45
99999 0 0 0 
  0 791   70    6
 10 7918   70    6
 20 7845   70    6
 30 7769   70    7
 40 7772   70    7
 50 7777   70    7
 60 7537   70    7
 70 7492   70    7
 80 7478   70   15
 90 7421   70   23
100 7270   70   31
110 7267   70   40
120 7237   70   49
130 7249   70   58
140 7254   50   67
150 7369   50   77
160 7408   50   88
170 7460   50   99
180 7481   50  110
190 7492   50  120
200 7502   50  131
210 7617 -121  142
220 7661 -121  153
230 7663 -121  163
240 7491 -121  173
250 7438 -121  181
260 7473 -121  190
270 7566 -121  198
280 7185 -121  205
291 7145 -121  210
301 7155 -121  210
312 7298 -121  210
322 7267 -121  205
333 7234 -121  190
344 6854 -121  173
355 6827 -121  154
365 6887 -121  137
375 7037 -121  118
385 7198 -121   97
396 7198 -121   75
407 7407 -121   51
417 7411 -121   27
427 7466 -121    1
438 7484   80  -19
448 7473   80  -30
460 7440   80  -45
470 7373   80  -62
481 7408   80  -78
491 7290   80  -93
501 7345   80 -111
512 7253   80 -128
522 7272   80 -141
534 7279   80 -149
544 7231   45 -149
554 7216   10 -149
564 7182   10 -144
574 7289   10 -132
584 7096   10 -121
594 7477   10 -109
604 7490   10  -96
614 7817   10  -83
624 7822   10  -71
634 7825   10  -58
99999 0 0 0 
