  0 788   81    0
 10 7879   81    0
 20 7880   81    0
 30 7736   81    0
 40 7692   81    0
 50 7707   81    0
 60 7703   81    0
 70 7282   81    1
 80 7229   81    8
 90 7285   81   17
100 7022   81   27
112 6940   81   38
123 6964   81   48
133 7013   81   58
143 7118   70   68
154 7132   49   80
164 7221   30   92
175 7260   30  105
185 7308   30  118
195 7415   30  130
206 7399   30  142
218 7691   30  153
228 7696  -91  164
238 7737  -91  175
249 7499  -91  185
259 7473  -91  193
270 7564  -91  202
280 6912  -91  207
290 6928  -91  211
301 7081  -91  214
312 7213  -91  214
322 7203  -89  213
332 7189  -89  201
342 6863  -89  186
353 6759  -89  168
364 6826  -89  151
374 6918  -89  132
385 7121  -89  111
397 7343  -89   86
407 7341  -89   63
417 7385  -89   39
427 7436  -89   15
438 7458  -89   -9
448 7465   81  -21
458 7411   81  -34
468 7341   81  -47
478 7417   81  -59
488 6976   81  -73
498 7022   81  -86
509 7121   81  -99
520 7283   81 -109
532 7297   65 -111
542 7266    3 -111
553 7138   10 -109
564 6938   10  -95
574 7090   10  -81
584 7226   10  -69
594 7258   10  -53
605 7275   10  -37
615 7745   10  -21
626 7784   10   -5
638 7786   10   11
99999 0 0 0 
  0 784   81   -3
 10 7844   81   -3
 20 7876   81   -3
 30 7697   81   -3
 40 7655   81   -3
 50 7675   81   -3
 60 7695   81   -3
 71 7669   81   -3
 81 7311   81   -1
 91 7375   81    7
101 7252   81   18
112 7242   81   28
122 7083   81   40
133 6935   81   52
144 6952   76   63
155 7031   53   77
166 7207   32   90
178 7308   30  106
188 7357   30  120
199 7351   30  133
210 7651   30  145
221 7655  -91  159
231 7729  -91  170
242 7598  -91  182
254 7464  -91  194
264 7487  -91  203
275 7546  -91  211
285 6980  -91  218
295 6924  -91  221
306 7016  -91  221
316 7167  -91  221
326 7143  -86  213
337 7091  -86  198
347 6796  -86  183
358 6774  -86  164
369 6833  -86  145
379 7007  -86  125
390 7196  -86  105
400 7195  -86   82
410 7378  -86   60
420 7391  -86   35
431 7412  -86    9
442 7432   81  -15
453 7464   81  -27
463 7355   81  -40
473 7352   81  -54
483 7435   81  -66
493 6920   81  -79
503 6958   81  -92
513 7124   81 -103
523 7290   81 -111
533 7222   57 -112
543 7259    0 -112
553 7154   10 -110
563 7265   10  -97
573 7131   10  -87
583 7724   10  -73
593 7735   10  -61
603 7743   10  -47
613 7783   10  -34
623 7784   10  -21
633 7787   10   -9
643 7790   10    3
99999 0 0 0 
  0 784   81   -5
 10 7841   81   -5
 20 7844   81   -5
 30 7839   81   -5
 40 7676   81   -5
 50 7658   81   -5
 60 7683   81   -5
 70 7709   81   -5
 80 7264   81   -3
 90 7357   81    4
102 7232   81   15
112 7191   81   25
122 7036   81   36
132 6914   81   47
142 6935   81   57
152 6988   61   69
162 7219   37   81
173 7231   30   96
183 7341   30  109
193 7388   30  123
203 7418   30  135
213 7396   30  147
224 7688  -91  160
234 7551  -91  172
244 7467  -91  183
254 7489  -91  194
264 7545  -91  203
274 7579  -91  210
285 7114  -91  215
295 7003  -91  215
305 7102  -91  215
315 7084  -85  208
325 7085  -85  195
335 6883  -85  179
345 6749  -85  163
355 6816  -85  146
366 6895  -85  125
376 7167  -85  105
387 7280  -85   82
397 7282  -85   59
407 7395  -85   35
417 7409  -85   11
427 7428  -85  -11
437 7467   81  -23
447 7401   81  -34
457 7313   81  -49
467 7413   81  -60
477 7426   81  -74
487 7474   81  -88
498 7119   81 -102
509 7184   81 -112
520 7089   66 -115
530 7263   12 -115
540 7347   10 -115
550 7064   10 -102
561 7121   10  -89
572 7080   10  -77
582 7734   10  -63
593 7743   10  -49
604 7745   10  -33
614 7784   10  -19
625 7786   10   -5
99999 0 0 0 
  0 783   81   -3
 10 7838   81   -3
 20 7838   81   -3
 30 7838   81   -3
 41 7705   81   -3
 51 7649   81   -3
 62 7670   81   -3
 74 7675   81   -3
 85 7677   81   -2
 96 7352   81    7
106 7268   81   16
116 7207   81   27
126 7040   81   37
136 6973   81   48
146 7017   81   59
156 7041   41   71
167 7112   30   83
178 7206   30   99
188 7307   30  112
199 7400   30  127
209 7351  -91  140
219 7361  -91  151
229 7688  -91  164
239 7560  -91  176
249 7467  -91  188
259 7464  -91  199
269 7447  -91  207
280 7456  -91  215
290 6861  -91  218
300 7129  -91  218
311 7088  -91  218
321 7142  -79  207
332 6813  -79  191
344 6722  -79  173
355 6819  -79  154
365 6873  -79  135
376 7221  -79  116
386 7234  -79   95
396 7413  -79   75
406 7488  -79   51
418 7499  -79   26
428 7512  -79    3
438 7527   81  -16
448 7553   81  -26
458 7507   81  -40
469 7434   81  -55
479 7374   81  -71
489 7410   81  -83
500 7293   81 -101
510 6975   81 -117
520 6919   81 -131
530 7197   81 -139
541 7235   57 -142
551 7200   12 -142
561 7200   10 -141
572 7113   10 -129
583 7045   10 -114
594 7080   10 -102
605 7695   10  -87
615 7739   10  -73
626 7745   10  -60
637 7746   10  -46
647 7783   10  -33
99999 0 0 0 
  0 783   81   -1
 10 7837   81   -1
 20 7828   81   -1
 30 7663   81   -1
 40 7652   81   -1
 50 7676   81   -1
 60 7632   81   -1
 70 7167   81    2
 80 7126   81   10
 90 7231   81   19
100 7102   81   30
110 7110   81   40
120 6884   81   51
130 6941   77   62
140 6951   51   73
150 7172   30   86
161 7206   30  100
172 7304   30  116
182 7356   30  130
192 7347  -91  143
203 7678  -91  155
213 7684  -91  169
223 7533  -91  181
233 7426  -91  193
244 7451  -91  203
254 7546  -91  213
264 7001  -91  221
274 6909  -91  224
284 7024  -91  224
294 7156  -91  224
305 7141  -80  215
316 6975  -80  199
326 6720  -80  183
337 6794  -80  165
347 6859  -80  147
357 7073  -80  128
368 7305  -80  107
379 7307  -80   83
389 7414  -80   62
399 7455  -80   37
410 7465  -80   13
421 7522   81  -13
431 7517   81  -22
443 7388   81  -35
453 7395   81  -47
464 7445   81  -58
475 6930   81  -71
485 6958   81  -83
495 7117   81  -92
505 7281   65  -97
515 7221   32  -97
526 7319   10  -97
536 7243   10  -90
548 7122   10  -75
558 7166   10  -63
569 7582   10  -50
580 7628   10  -35
590 7742   10  -21
600 7745   10   -7
611 7746   10    7
99999 0 0 0 
  0 783   81   -7
 10 7831   81   -7
 20 7665   81   -7
 30 7647   81   -7
 40 7672   81   -7
 50 7200   81   -7
 60 7182   81   -5
 70 7281   81    0
 80 7378   81    8
 90 7333   81   18
100 7205   81   29
110 6970   81   40
120 6996   81   51
130 6949   79   62
140 7106   49   74
150 7108   30   86
160 7224   30  100
171 7295   30  114
182 7354   30  128
192 7384   30  143
203 7573  -91  155
214 7687  -91  168
224 7692  -91  181
234 7481  -91  193
244 7459  -91  203
254 7495  -91  211
264 7551  -91  219
275 6896  -91  227
286 6801  -91  230
296 7090  -91  230
306 7156  -91  230
316 7141  -77  219
326 6906  -77  206
336 6775  -77  189
347 6877  -77  171
358 6910  -77  151
368 7016  -77  131
380 7390  -77  109
390 7394  -77   89
400 7467  -77   67
410 7509  -77   42
420 7517  -77   21
430 7527  -77   -3
440 7574   81  -18
450 7557   81  -28
461 7497   81  -42
472 7430   81  -57
482 7458   81  -70
492 7469   81  -85
502 6975   81  -98
512 6957   81 -113
522 7067   81 -122
532 7234   65 -125
542 7193   14 -125
552 7298   10 -125
562 7151   10 -117
572 7238   10 -102
582 7066   10  -91
592 7687   10  -78
602 7698   10  -64
612 7739   10  -51
622 7742   10  -38
632 7746   10  -24
99999 0 0 0 
  0 783   81   -5
 10 7835   81   -5
 20 7709   81   -5
 30 7644   81   -5
 41 7665   81   -5
 51 7626   81   -5
 63 7221   81   -2
 73 7174   81    4
 83 7286   81   13
 93 7137   81   23
103 7129   81   35
113 6903   81   46
123 6935   81   56
133 6953   70   68
144 7136   49   80
154 7172   30   94
164 7236   30  107
175 7378   30  121
185 7374   30  135
195 7389   30  146
205 7647  -91  158
215 7687  -91  171
225 7691  -91  183
235 7557  -91  193
246 7455  -91  204
257 7483  -91  215
267 7548  -91  223
277 6898  -91  229
287 7112  -91  232
297 7008  -80  231
307 7092  -80  231
317 7037  -80  224
327 7072  -80  211
337 6928  -80  195
347 6788  -80  179
357 6848  -80  162
367 6995  -80  144
377 7301  -80  123
387 7305  -80  105
398 7412  -80   82
408 7482  -80   59
418 7494  -80   35
428 7508  -80   11
438 7526  -80  -12
448 7527   81  -22
459 7495   81  -35
469 7424   81  -50
479 7393   81  -64
490 7435   81  -78
500 7343   81  -94
510 7371   81 -108
521 7013   81 -122
531 7221   81 -129
542 7229   49 -130
552 7210    0 -130
562 7143   10 -126
572 6970   10 -113
583 7079   10  -98
593 7056   10  -85
603 7433   10  -71
613 7447   10  -56
624 7738   10  -41
634 7742   10  -25
645 7743   10  -10
99999 0 0 0 
  0 783   81   -5
 10 7833   81   -5
 20 7833   81   -5
 30 7721   81   -5
 40 7647   81   -5
 50 7656   81   -5
 60 7687   81   -5
 70 7294   81   -5
 80 7254   81   -1
 90 7296   81    7
100 7208   81   16
110 7187   81   27
120 7102   81   38
130 6920   81   48
140 6947   81   60
150 6958   63   71
160 7171   42   83
170 7174   30   97
180 7323   30  111
190 7294   30  124
200 7334   30  138
210 7354   30  150
220 7609  -91  162
230 7435  -91  174
240 7421  -91  186
250 7454  -91  197
260 7510  -91  206
270 6894  -91  214
280 7130  -91  219
290 7028  -91  219
300 7128  -91  219
311 6966  -87  211
323 6770  -87  194
333 6826  -87  179
343 6756  -87  161
353 6816  -87  143
363 6854  -87  125
373 7188  -87  104
384 7298  -87   82
394 7299  -87   60
404 7378  -87   35
415 7396  -87    8
425 7413   81  -13
435 7450   81  -25
445 7328   81  -37
455 7301   81  -51
466 7386   81  -63
476 7370   81  -77
487 7199   81  -93
498 7137   81 -105
508 7164   81 -111
518 7279   40 -113
528 7255    6 -113
538 7252   10 -109
549 6949   10  -95
559 7032   10  -81
570 7069   10  -69
580 7548   10  -54
592 7735   10  -38
602 7739   10  -22
612 7741   10   -8
622 7742   10    4
99999 0 0 0 
  0 783   81   -4
 11 7809   81   -4
 21 7661   81   -4
 31 7651   81   -4
 41 7679   81   -4
 51 7164   81   -4
 61 7134   81   -3
 71 7336   81    3
 81 7318   81   12
 92 7272   81   23
102 7048   81   34
112 7002   81   44
124 7006   81   57
134 7026   65   68
144 7071   35   81
154 7215   30   93
164 7280   30  106
174 7315   30  119
184 7329   30  133
194 7343   30  146
205 7570  -91  158
216 7488  -91  171
226 7432  -91  183
236 7475  -91  194
246 6854  -91  203
257 6854  -91  211
267 6963  -91  214
278 7150  -91  214
289 7148  -91  214
299 7139  -85  202
310 6736  -85  187
320 6696  -85  171
330 6773  -85  153
340 6863  -85  136
351 7044  -85  115
361 7059  -85   94
372 7307  -85   72
382 7382  -85   50
392 7394  -85   26
402 7445  -85    2
412 7427   81  -17
422 7413   81  -27
432 7393   81  -41
442 7329   81  -55
452 7237   81  -73
463 7277   81  -88
474 7231   81 -106
484 7062   81 -122
494 7017   81 -138
505 7123   81 -149
515 7239   74 -151
525 7210    6 -151
535 7213   10 -150
545 6949   10 -138
556 7028   10 -123
567 7066   10 -109
578 7685   10  -94
589 7696   10  -78
600 7701   10  -63
610 7738   10  -50
621 7741   10  -37
99999 0 0 0 
  0 783   81   -2
 10 7831   81   -2
 20 7830   81   -2
 30 7830   81   -2
 40 7675   81   -2
 50 7642   81   -1
 60 7648   81   -1
 70 7634   81   -2
 80 7182   81    0
 90 7288   81    7
100 7246   81   17
110 7164   81   27
120 7002   81   37
130 7025   81   47
140 6903   81   59
150 6982   63   69
160 6996   35   81
171 7237   30   95
182 7304   30  109
193 7395   30  124
203 7414   30  136
214 7426  -91  148
224 7679  -91  160
235 7527  -91  172
245 7391  -91  183
255 7489  -91  193
266 7549  -91  202
276 6971  -91  209
286 7138  -91  212
296 7030  -91  212
306 7092  -91  212
316 7001  -86  205
328 6766  -86  189
339 6828  -86  171
349 6760  -86  155
359 6817  -86  137
370 6857  -86  117
381 7153  -86   95
392 7289  -86   72
404 7334  -86   44
415 7350  -86   19
425 7404  -86   -6
436 7414   81  -20
446 7372   81  -33
456 7296   81  -46
467 7364   81  -59
478 7352   81  -74
489 7396   81  -89
500 7176   81 -102
510 7209   81 -111
520 7127   65 -114
530 7266   14 -114
541 7259   10 -114
553 6995   10 -100
563 7048   10  -86
573 7073   10  -76
583 7691   10  -62
593 7696   10  -49
603 7735   10  -35
614 7739   10  -21
625 7741   10   -6
99999 0 0 0 
  0 779   82   -2
 10 7830   82   -2
 20 7750   82   -2
 30 7607   82   -2
 40 7647   82   -1
 50 7677   82   -1
 60 7117   82   -2
 70 7254   82    0
 80 7195   82    8
 90 7241   82   18
100 7070   82   29
111 7080   82   40
121 6909   82   51
131 6935   78   63
141 6951   52   74
152 7098   30   87
162 7183   30  101
174 7287   30  116
184 7326   30  131
194 7343   30  142
205 7674  -92  156
215 7679  -92  167
226 7450  -92  181
237 7440  -92  194
248 7495  -92  204
258 7526  -92  212
269 6961  -92  218
279 7066  -92  218
289 7017  -92  218
299 7104  -84  213
309 6897  -84  199
319 6939  -84  185
329 6729  -84  169
340 6802  -84  150
350 6850  -84  132
360 7087  -84  113
370 7236  -84   91
380 7238  -84   72
390 7382  -84   49
400 7430  -84   26
410 7450  -84    1
420 7430   82  -16
431 7416   82  -28
441 7376   82  -42
452 7310   82  -58
463 7316   82  -74
473 7191   82  -89
483 7249   82 -106
493 7067   82 -122
503 7207   82 -136
513 7104   82 -144
523 7150   57 -146
533 7085    6 -146
543 7180   10 -145
553 7093   10 -133
563 7029   10 -120
573 7060   10 -109
583 7539   10  -95
593 7691   10  -82
603 7695   10  -69
613 7699   10  -56
623 7738   10  -44
99999 0 0 0 
  0 779   82    1
 10 7792   82    1
 20 7790   82    1
 30 7666   82    1
 40 7601   82    1
 50 7610   82    1
 60 7608   82    2
 70 7084   82    2
 80 7037   82    6
 90 7194   82   15
100 7109   82   25
110 7125   82   35
120 6907   82   46
130 6897   82   57
140 6908   64   68
150 7087   35   81
160 7230   30   93
170 7266   30  106
180 7318   30  120
190 7409   30  131
200 7420   30  142
210 7640  -92  153
220 7646  -92  165
230 7648  -92  175
240 7687  -92  187
250 7460  -92  195
261 7419  -92  205
271 7460  -92  213
281 7483  -92  219
292 7511  -92  224
303 7036  -92  226
314 7102  -92  226
326 7119  -80  223
336 7111  -80  210
346 7003  -80  197
356 6742  -80  179
366 6816  -80  163
376 6868  -80  145
386 7179  -80  126
396 7190  -80  107
406 7334  -80   87
416 7440  -80   65
426 7450  -80   41
436 7459  -80   18
446 7473  -80   -6
456 7483   82  -19
466 7461   82  -30
476 7475   82  -43
486 7382   82  -57
496 7410   82  -70
506 7315   82  -85
517 7362   82 -101
527 6940   82 -115
537 7194   82 -124
547 7110   66 -127
557 7176   14 -127
567 7112   10 -127
577 7281   10 -118
587 7120   10 -103
597 7055   10  -93
608 7077   10  -78
618 7654   10  -63
629 7695   10  -49
640 7735   10  -33
651 7735   10  -19
99999 0 0 0 
  0 779    0   -5
 10 7790   82   -5
 21 7703   82   -5
 31 7604   82   -5
 41 7608   82   -5
 51 7172   82   -5
 61 7161   82   -5
 71 7193   82    1
 81 7290   82    9
 91 7248   82   19
101 7123   82   29
111 6883   82   40
121 6909   82   50
131 6898   80   61
141 7121   56   72
151 7124   30   85
161 7155   30   98
171 7295   30  112
181 7345   30  125
192 7302   30  139
202 7633  -92  151
213 7638  -92  165
224 7482  -92  177
234 7419  -92  189
244 7450  -92  199
254 7509  -92  207
265 7018  -92  215
276 7078  -92  217
287 7000  -92  217
297 7077  -92  217
307 6929  -85  204
317 6958  -85  190
327 6710  -85  173
337 6780  -85  156
347 6831  -85  139
358 7003  -85  119
368 7192  -85   99
378 7195  -85   78
388 7339  -85   55
398 7386  -85   31
408 7400  -85    7
419 7420   82  -15
430 7413   82  -27
441 7296   82  -42
451 7304   82  -55
462 7424   82  -67
472 6875   82  -81
482 6903   82  -94
492 7081   82 -105
502 7255   82 -111
512 7198   40 -111
522 7231   10 -111
532 7141   10 -107
542 7224   10  -94
553 7055   10  -84
563 7641   10  -70
574 7651   10  -56
584 7693   10  -42
595 7698   10  -27
606 7735   10  -14
99999 0 0 0 
  0 778   82   -5
 10 7789   82   -5
 20 7789   82   -5
 30 7787   82   -5
 41 7618   82   -5
 51 7600   82   -5
 61 7628   82   -5
 71 7652   82   -5
 82 7096   82   -2
 92 7287   82    5
104 7289   82   17
115 7258   82   28
125 6949   82   39
135 6873   82   51
145 6900   82   61
156 6983   54   73
167 7115   30   87
178 7263   30  103
189 7331   30  116
200 7361   30  131
210 7379   30  143
221 7388  -92  155
231 7584  -92  167
241 7437  -92  178
253 7437  -92  191
263 7491  -92  200
273 6855  -92  207
283 6986  -92  213
294 6863  -92  213
305 7126  -92  213
315 7104  -87  208
325 7111  -87  195
336 6770  -87  178
346 6697  -87  162
356 6762  -87  144
366 6875  -87  126
376 7041  -87  107
386 7041  -87   87
397 7251  -87   63
407 7330  -87   39
418 7345  -87   13
429 7369   82  -13
440 7369   82  -24
450 7284   82  -37
461 7262   82  -51
471 7346   82  -63
482 7330   82  -77
493 6938   82  -93
504 6874   82 -105
514 7145   82 -110
524 7193   32 -111
534 7173    0 -111
545 7230   10 -107
555 7144   10  -94
566 7209   10  -81
576 7029   10  -69
587 7576   10  -54
598 7691   10  -38
608 7695   10  -23
619 7696   10   -9
629 7735   10    5
99999 0 0 0 
  0 779   82   -3
 11 7792   82   -3
 21 7789   82   -3
 31 7626   82   -3
 41 7596   82   -3
 52 7620   82   -3
 62 7652   82   -3
 72 7287   82   -3
 83 7233   82    3
 93 7279   82   12
103 7121   82   22
114 7111   82   33
124 7025   82   43
134 6954   82   55
144 6976   71   66
155 7023   40   79
165 7129   30   92
177 7270   30  107
188 7318   30  122
198 7304   30  135
208 7596   30  145
219 7605  -92  159
230 7681  -92  171
241 7618  -92  183
251 7428  -92  195
261 7429  -92  203
271 7475  -92  211
281 6919  -92  219
291 6895  -92  223
301 7008  -92  223
311 7149  -92  223
321 7121  -92  221
332 7039  -82  207
342 6725  -82  192
352 6807  -82  175
362 6809  -82  159
372 7000  -82  141
382 7025  -82  121
392 7212  -82  103
402 7355  -82   81
412 7358  -82   59
422 7403  -82   35
432 7451  -82   11
442 7468   82  -12
452 7468   82  -22
462 7325   82  -33
472 7299   82  -45
483 7379   82  -55
493 6867   82  -69
503 6901   82  -79
513 7056   82  -90
524 7260   82  -97
534 7181   43  -98
545 7215    0  -97
555 7147   10  -93
567 7028   10  -79
578 7105   10  -65
588 7493   10  -53
599 7508   10  -38
609 7514   10  -23
619 7693   10   -9
630 7698   10    6
641 7737   10   20
99999 0 0 0 
  0 778   82   -3
 10 7787   82   -3
 20 7632   82   -3
 30 7593   82   -3
 40 7615   82   -3
 50 7649   82   -3
 60 7414   82   -3
 70 7341   82    1
 80 7278   82    9
 90 7249   82   19
100 7004   82   29
110 7007   82   39
120 6967   82   51
130 6965   80   61
140 6989   52   73
150 7030   30   85
160 7204   30   99
170 7259   30  111
180 7304   30  126
190 7332   30  139
200 7346  -92  150
210 7565  -92  162
220 7420  -92  175
230 7385  -92  185
240 7461  -92  195
250 6913  -92  204
260 6913  -92  211
270 6841  -92  215
280 7115  -92  215
290 7078  -92  215
300 7105  -86  206
311 6767  -86  190
322 6690  -86  173
332 6760  -86  155
343 6856  -86  137
353 6995  -86  117
363 7008  -86   99
373 7221  -86   78
383 7290  -86   54
394 7300  -86   29
405 7391  -86    3
415 7373   82  -16
425 7366   82  -26
435 7346   82  -41
445 7323   82  -55
455 7232   82  -71
467 7280   82  -87
478 7235   82 -107
489 6953   82 -125
499 6876   82 -139
509 7020   82 -147
519 7179   57 -149
529 7152    6 -149
540 7249   10 -146
550 6968   10 -133
562 7000   10 -118
572 7028   10 -106
583 7646   10  -91
593 7688   10  -77
604 7692   10  -63
614 7695   10  -50
625 7698   10  -37
99999 0 0 0 
  0 778   82   -1
 10 7783   82   -1
 20 7677   82   -1
 30 7597   82   -1
 40 7603   82   -1
 50 7072   82   -1
 60 7041   82   -1
 70 7133   82    5
 81 7197   82   14
 91 7180   82   24
101 7054   82   35
111 6870   82   45
121 6890   82   55
131 6901   71   66
141 7116   42   78
151 7114   30   91
162 7176   30  104
172 7276   30  119
184 7286   30  135
195 7304  -92  147
206 7632  -92  160
216 7560  -92  173
226 7399  -92  183
236 7423  -92  195
246 7437  -92  205
256 7483  -92  212
266 6994  -92  218
276 7059  -92  219
286 6994  -92  219
296 7071  -84  217
307 6925  -84  203
319 6659  -84  185
329 6735  -84  168
340 6812  -84  148
350 7035  -84  130
361 7055  -84  110
371 7198  -84   90
381 7337  -84   68
391 7341  -84   45
401 7389  -84   20
412 7407  -84   -4
422 7418   82  -19
432 7353   82  -31
443 7285   82  -45
455 7400   82  -58
465 7453   82  -71
476 6928   82  -85
486 7161   82  -97
497 7045   82 -105
507 7175   51 -107
517 7208    6 -107
527 7383   10 -107
537 7166   10  -97
548 7042   10  -85
559 7671   10  -72
570 7682   10  -59
580 7689   10  -46
590 7692   10  -33
601 7695   10  -21
611 7732   10   -9
99999 0 0 0 
  0 778   82   -1
 10 7784   82   -1
 20 7784   82   -1
 30 7657   82   -1
 41 7592   82   -1
 52 7617   82   -1
 63 7652   82   -1
 73 7131   82   -1
 83 7322   82    3
 93 7218   82   13
103 7131   82   23
113 6918   82   34
124 6960   82   45
134 6862   82   57
145 7030   66   68
155 7041   35   81
165 7150   30   94
176 7290   30  108
188 7308   30  123
198 7334   30  137
208 7452   30  147
219 7636  -92  161
229 7465  -92  173
240 7419  -92  183
250 7415  -92  194
262 6841  -92  204
272 6839  -92  211
282 6951  -92  213
293 7147  -92  213
304 7111  -92  213
314 7067  -87  201
325 6742  -87  186
337 6715  -87  166
348 6781  -87  149
358 6867  -87  131
368 7034  -87  111
379 7038  -87   90
389 7247  -87   67
399 7326  -87   43
409 7337  -87   20
419 7355  -87   -3
429 7371   82  -18
439 7327   82  -30
450 7242   82  -43
460 7274   82  -55
472 7120   82  -70
483 7171   82  -84
493 6990   82  -97
503 7206   82 -105
514 7116   57 -109
524 7179   20 -109
534 7146   10 -109
544 7277   10  -98
555 7134   10  -85
565 7236   10  -73
577 7643   10  -58
588 7652   10  -44
599 7689   10  -29
609 7695   10  -15
619 7699   10   -3
99999 0 0 0 
  0 778   82   -2
 10 7786   82   -2
 20 7640   82   -2
 30 7592   82   -2
 40 7612   82   -2
 50 7638   82   -2
 60 7624   82   -2
 70 7230   82    3
 80 7302   82   11
 90 7266   82   19
100 7095   82   30
110 6992   82   40
120 7011   82   51
130 6892   80   62
140 7009   54   73
150 7016   30   86
160 7154   30   98
170 7284   30  112
182 7288   30  127
193 7304   30  139
203 7420  -92  152
213 7638  -92  164
223 7641  -92  175
233 7572  -92  186
244 7415  -92  197
255 7435  -92  207
265 7493  -92  215
275 6855  -92  221
285 6799  -92  224
295 6940  -92  224
305 7132  -92  224
315 7108  -81  218
326 7080  -81  203
336 6776  -81  188
347 6767  -81  170
357 6833  -81  152
367 6974  -81  134
377 7134  -81  115
388 7142  -81   93
398 7355  -81   71
408 7396  -81   49
418 7407  -81   26
428 7459  -81    3
438 7472   82  -15
448 7404   82  -26
458 7316   82  -38
469 7342   82  -49
479 7400   82  -61
489 6950   82  -73
499 7044   82  -85
509 6972   82  -93
519 7185   57  -97
529 7199   23  -97
539 7275   10  -97
549 7298   10  -90
559 7118   10  -78
569 7161   10  -67
579 7497   10  -55
589 7650   10  -42
599 7655   10  -27
609 7693   10  -14
620 7695   10   -1
99999 0 0 0 
  0 778   82   -6
 10 7786   82   -6
 21 7696   82   -6
 31 7598   82   -6
 41 7607   82   -6
 51 7108   82   -6
 61 7129   82   -6
 71 7249   82   -3
 82 7330   82    5
 93 7268   82   15
103 7152   82   26
113 6899   82   37
124 6926   82   48
135 6887   82   61
145 7051   60   73
156 7128   39   87
166 7182   30  101
177 7281   30  115
188 7320   30  129
198 7338   30  141
209 7633   30  155
220 7637  -92  167
231 7677  -92  180
241 7482  -92  191
251 7411  -92  201
261 7443  -92  210
272 7503  -92  219
282 6847  -92  225
292 7154  -92  227
302 7058  -92  227
312 7122  -92  227
322 6926  -84  217
333 6946  -84  202
343 6796  -84  186
353 6770  -84  170
363 6830  -84  151
373 6971  -84  132
383 7231  -84  113
393 7235  -84   93
403 7304  -84   71
414 7386  -84   44
424 7400  -84   20
435 7418  -84   -5
445 7464   82  -20
456 7314   82  -34
467 7279   82  -47
477 7368   82  -58
488 6997   82  -71
499 7040   82  -85
509 7181   82  -96
519 7177   82 -102
529 7099   40 -103
539 7215    0 -103
550 7220   10 -100
561 6967   10  -86
572 7032   10  -73
583 7311   10  -61
593 7679   10  -46
604 7687   10  -32
614 7692   10  -17
625 7731   10   -2
637 7732   10   12
99999 0 0 0 
  0 778   82   -3
 10 7783   82   -3
 20 7783   82   -3
 30 7731   82   -3
 40 7597   82   -3
 50 7596   82   -3
 60 7628   82   -3
 70 7189   82   -3
 80 7168   82   -2
 90 7292   82    4
100 7236   82   12
111 7193   82   23
121 7041   82   33
131 6953   82   44
141 6982   82   55
151 6968   72   67
161 7089   51   79
171 7089   30   91
181 7177   30  104
192 7252   30  119
203 7276   30  135
213 7298   30  147
224 7487  -92  159
234 7634  -92  172
244 7638  -92  183
254 7413  -92  195
264 7380  -92  205
275 7433  -92  216
285 6844  -92  223
295 6938  -92  230
306 6824  -92  231
316 7068  -92  231
326 7110  -92  231
338 6786  -82  215
348 6820  -82  200
358 6756  -82  184
369 6802  -82  167
379 6855  -82  147
390 7023  -82  127
400 7318  -82  107
410 7317  -82   86
421 7358  -82   61
432 7402  -82   36
443 7417  -82    8
453 7431   82  -13
463 7465   82  -22
473 7419   82  -35
483 7325   82  -49
493 7338   82  -63
504 7311   82  -77
514 7360   82  -93
525 7070   82 -109
536 7126   82 -122
546 7019   82 -129
556 7176   49 -129
566 7157   10 -129
576 7327   10 -125
586 7023   10 -112
596 7037   10  -99
608 7632   10  -85
619 7644   10  -71
629 7687   10  -57
640 7689   10  -42
650 7692   10  -29
99999 0 0 0 
  0 778   82   -4
 10 7782   82   -4
 21 7780   82   -4
 32 7653   82   -4
 42 7589   82   -4
 52 7608   82   -4
 63 7634   82   -4
 74 7182   82   -3
 85 7253   82    5
 96 7148   82   15
106 7110   82   25
116 6954   82   35
126 6824   82   46
137 6839   82   57
147 6920   67   70
157 7143   46   81
167 7147   30   93
177 7251   30  107
187 7262   30  120
197 7309   30  135
207 7296   30  147
217 7556  -92  159
228 7467  -92  171
238 7385  -92  183
249 7428  -92  195
259 7484  -92  205
269 7095  -92  213
279 7087  -92  219
289 6967  -92  219
299 7056  -92  219
309 6960  -88  215
319 6958  -88  202
330 6824  -88  187
340 6678  -88  171
351 6751  -88  151
361 6800  -88  132
371 7103  -88  113
381 7216  -88   93
391 7213  -88   70
402 7322  -88   47
412 7336  -88   22
423 7357  -88   -4
433 7371   82  -19
443 7384   82  -31
453 7318   82  -45
464 7271   82  -62
474 7285   82  -78
486 7133   82  -97
496 7184   82 -114
507 6922   82 -131
517 7207   82 -142
527 7127   82 -147
537 7157   32 -147
547 6930   10 -147
557 7135   10 -141
567 6992   10 -127
578 7005   10 -117
588 7028   10 -101
599 7643   10  -87
609 7687   10  -73
619 7687   10  -61
629 7691   10  -49
99999 0 0 0 
  0 778   82   -1
 10 7780   82   -1
 20 7780   82   -1
 30 7780   82   -1
 40 7612   82   -1
 50 7584   82   -1
 60 7594   82   -1
 70 7586   82   -1
 80 7024   82    0
 90 7232   82    8
100 7183   82   18
110 7136   82   27
120 6906   82   37
130 6941   82   48
140 6857   82   58
150 7046   67   70
160 7057   46   81
170 7140   30   94
181 7239   30  109
192 7290   30  123
202 7286   30  136
213 7443   30  148
225 7629  -92  163
235 7485  -92  173
245 7377  -92  184
255 7396  -92  195
266 7460  -92  203
277 6850  -92  211
288 6987  -92  215
300 7154  -92  215
311 7112  -92  215
322 7066  -90  202
332 6738  -90  189
342 6798  -90  174
352 6759  -90  157
363 6852  -90  138
375 7027  -90  115
386 7034  -90   94
396 7240  -90   71
407 7317  -90   47
419 7336  -90   19
429 7358  -90   -7
440 7366   82  -21
450 7284   82  -34
461 7238   82  -48
471 7286   82  -59
482 7095   82  -73
492 7135   82  -87
502 6937   82  -98
512 7188   82 -106
522 7102   57 -109
532 7138   14 -109
542 7138   10 -109
554 6971   10  -95
565 7095   10  -81
575 7140   10  -70
585 7307   10  -55
596 7322   10  -41
606 7684   10  -25
616 7687   10  -11
627 7688   10    3
99999 0 0 0 
  0 777   82   -2
 10 7779   82   -2
 20 7780   82   -2
 30 7657   82   -2
 41 7590   82   -2
 51 7610   82   -2
 62 7639   82   -2
 72 7175   82   -2
 83 7308   82    0
 93 7255   82    8
103 7234   82   18
113 7056   82   28
123 7077   82   39
133 6968   82   50
143 6927   81   61
153 6944   62   73
163 7091   39   85
173 7152   30   98
183 7196   30  112
193 7280   30  125
203 7319   30  139
213 7337   30  152
223 7487  -92  163
234 7636  -92  176
245 7551  -92  189
256 7409  -92  201
267 7402  -92  211
277 6820  -92  219
287 6853  -92  227
297 6901  -92  231
307 7102  -92  231
318 7051  -92  231
329 7101  -82  223
339 6792  -82  210
351 6685  -82  191
362 6778  -82  174
372 6837  -82  156
383 7015  -82  135
393 7025  -82  115
404 7314  -82   93
414 7350  -82   71
425 7392  -82   44
435 7404  -82   20
446 7424  -82   -5
457 7468   82  -21
467 7443   82  -33
478 7359   82  -48
488 7365   82  -63
498 7400   82  -75
509 7346   82  -93
519 6995   82 -109
530 7157   82 -123
540 7041   82 -132
550 7188   66 -133
560 7128    0 -134
571 7266    0 -133
581 7046   10 -120
592 6996   10 -107
602 7024   10  -94
613 7677   10  -80
623 7682   10  -66
635 7689   10  -51
645 7689   10  -38
656 7692   10  -26
666 7728   10  -14
99999 0 0 0 
  0 778   82   -1
 10 7779   82   -1
 20 7780   82   -1
 30 7692   82   -1
 40 7593   82   -1
 52 7596   82   -1
 62 7592   82   -1
 72 7070   82   -1
 82 7216   82    5
 92 7173   82   14
102 7078   82   24
112 6980   82   34
123 7005   82   45
134 6886   82   57
144 6928   69   68
154 6933   48   80
164 7165   30   93
174 7206   30  107
185 7270   30  121
196 7310   30  135
206 7333   30  148
217 7556  -92  161
228 7482  -92  173
238 7387  -92  185
248 7422  -92  195
258 7475  -92  205
268 7381  -92  213
278 7106  -92  219
288 6990  -92  219
298 7067  -92  219
308 7034  -92  219
318 7026  -88  206
329 6851  -88  189
340 6672  -88  173
350 6744  -88  155
360 6827  -88  136
370 7063  -88  117
382 7214  -88   94
392 7208  -88   71
403 7322  -88   47
414 7337  -88   20
424 7355  -88   -3
434 7368   82  -18
444 7381   82  -30
455 7310   82  -45
465 7269   82  -61
476 7290   82  -77
487 7102   82  -94
498 7154   82 -111
508 6932   82 -126
518 7170   82 -138
528 7090   82 -143
539 7153   32 -143
549 6974   10 -143
559 7141   10 -137
569 6995   10 -123
579 6986   10 -110
589 7018   10  -98
600 7565   10  -84
610 7679   10  -70
622 7685   10  -55
632 7687   10  -41
99999 0 0 0 
  0 777   82   -1
 10 7778   82   -1
 21 7742   82   -1
 31 7600   82   -1
 41 7596   82   -1
 51 7624   82   -1
 62 7634   82   -1
 73 7203   82    2
 83 7255   82   10
 93 7204   82   20
103 7004   82   31
113 6878   82   41
123 6905   82   51
133 6893   79   63
143 7013   58   75
153 7012   37   87
163 7118   30   99
174 7255   30  114
184 7270   30  130
195 7290   30  142
206 7269   30  154
217 7630  -92  167
228 7634  -92  181
238 7562  -92  191
249 7382  -92  203
261 7396  -92  215
272 7455  -92  223
282 6809  -92  230
292 6961  -92  233
302 6855  -92  233
313 7085  -92  233
323 7063  -81  226
334 7080  -81  210
344 6808  -81  196
354 6759  -81  179
364 6825  -81  162
374 6902  -81  143
384 7060  -81  123
394 7350  -81  100
405 7350  -81   80
416 7392  -81   55
426 7439  -81   33
437 7455  -81    7
447 7432   82  -14
457 7465   82  -26
468 7421   82  -39
479 7306   82  -54
489 7351   82  -69
499 7392   82  -82
509 7371   82  -98
520 7056   82 -113
531 7122   82 -125
542 7035   82 -129
552 7167   20 -129
562 7144   10 -129
572 7309   10 -121
583 7038   10 -107
593 7008   10  -95
604 7030   10  -81
614 7607   10  -66
625 7684   10  -53
636 7687   10  -37
647 7688   10  -23
99999 0 0 0 
  0 777   82   -1
 10 7741   82   -1
 20 7741   82   -1
 30 7775   82   -1
 40 7604   82   -1
 51 7589   82   -1
 61 7617   82   -1
 71 7634   82   -1
 81 7601   82   -1
 91 7250   82    7
101 7249   82   16
113 7000   82   27
124 6988   82   39
134 6862   82   51
144 6911   81   62
154 6925   62   73
165 7009   39   86
176 7162   30  100
188 7235   30  116
198 7282   30  131
209 7247   30  145
219 7510  -92  157
229 7517  -92  169
239 7408  -92  181
249 7381  -92  193
259 7427  -92  204
269 7476  -92  213
279 6870  -92  219
289 6760  -92  222
299 7037  -92  222
309 7075  -92  222
320 7064  -86  210
331 6843  -86  195
341 6731  -86  178
353 6777  -86  159
363 6829  -86  140
373 6927  -86  121
384 7181  -86   98
395 7181  -86   74
406 7290  -86   49
417 7339  -86   23
428 7359  -86   -4
438 7372   82  -18
449 7343   82  -29
459 7296   82  -42
470 7231   82  -58
481 7301   82  -74
491 7251   82  -89
503 6950   82 -107
513 6921   82 -122
524 7018   82 -133
534 7161   75 -137
544 7121   23 -137
554 7205   10 -137
565 7034   10 -126
576 7116   10 -112
587 7046   10 -101
597 7633   10  -86
609 7643   10  -71
619 7646   10  -58
630 7685   10  -45
640 7688   10  -31
99999 0 0 0 
  0 777   82   -3
 11 7775   82   -3
 21 7696   82   -3
 31 7567   82   -3
 41 7592   82   -3
 52 7531   82   -3
 63 7513   82   -3
 73 7097   82    3
 83 7202   82   11
 93 7167   82   21
103 7084   82   31
113 6811   82   41
123 6832   82   51
133 6886   79   62
144 7073   58   75
154 7074   37   87
164 7108   30   99
174 7249   30  113
184 7294   30  126
194 7249   30  139
204 7582   30  149
214 7591  -92  164
225 7595  -92  175
235 7624  -92  187
246 7401  -92  197
256 7367  -92  207
267 7454  -92  217
277 6940  -92  223
288 6939  -92  229
298 7014  -92  230
308 7072  -92  230
318 7040  -92  229
329 6996  -82  215
339 6854  -82  201
349 6933  -82  185
359 6761  -82  167
369 6851  -82  151
379 6872  -82  131
389 7200  -82  113
399 7307  -82   91
411 7378  -82   66
421 7389  -82   43
431 7365  -82   19
441 7418  -82   -5
451 7427   82  -20
461 7410   82  -31
471 7379   82  -46
481 7292   82  -61
491 7347   82  -74
501 7254   82  -89
511 7299   82 -105
521 6902   82 -119
531 7195   82 -129
541 7104   75 -134
551 7132   32 -134
561 7048   10 -134
571 7193   10 -129
581 7040   10 -114
591 6990   10 -101
601 7018   10  -89
611 7565   10  -75
621 7640   10  -62
631 7644   10  -49
641 7685   10  -35
651 7689   10  -21
99999 0 0 0 
  0 773   82   -4
 10 7739   82   -4
 20 7742   82   -4
 30 7627   82   -4
 40 7551   82   -4
 50 7562   82   -4
 60 7584   82   -4
 70 7569   82   -4
 80 7215   82    1
 90 7250   82    9
100 7215   82   19
110 7152   82   29
120 6878   82   40
130 6835   82   52
140 6851   82   61
150 6966   62   73
160 6969   42   85
170 7083   31   98
181 7248   31  112
192 7295   31  127
203 7320   31  141
214 7547   31  153
224 7554  -93  166
235 7556  -93  178
246 7496  -93  190
256 7373  -93  201
268 7398  -93  211
279 7460  -93  220
290 7420  -93  227
301 7015  -93  230
313 7045  -93  230
324 7005  -93  230
335 7033  -82  215
345 6708  -82  201
357 6692  -82  182
368 6770  -82  163
378 6855  -82  144
389 7127  -82  125
400 7132  -82  103
410 7343  -82   81
421 7382  -82   56
432 7395  -82   31
442 7409  -82    6
452 7426   82  -14
462 7420   82  -25
472 7375   82  -37
482 7306   82  -51
493 7303   82  -67
503 7351   82  -81
513 7251   82  -95
524 6913   82 -112
534 6836   82 -123
544 7091   82 -129
554 7140   40 -130
564 7122    0 -130
575 7197   10 -125
586 7046   10 -110
597 6984   10  -95
607 7014   10  -83
617 7456   10  -70
627 7640   10  -55
637 7646   10  -41
647 7684   10  -27
657 7685   10  -13
99999 0 0 0 
  0 773   82   -5
 10 7737   82   -5
 20 7739   82   -5
 30 7631   82   -5
 40 7551   82   -5
 50 7598   82   -5
 60 7588   82   -5
 70 7580   82   -5
 80 7223   82   -1
 90 7290   82    7
100 7240   82   17
110 7076   82   27
120 6902   82   37
132 6866   82   49
143 6889   82   61
153 6975   62   73
164 7151   40   86
174 7194   31   99
184 7257   31  113
195 7265   31  127
205 7538   31  139
215 7547   31  151
226 7624  -93  163
238 7630  -93  177
248 7632  -93  188
259 7634  -93  199
270 7402  -93  208
280 7373  -93  217
290 7450  -93  224
301 6874  -93  231
313 7140  -93  237
324 7053  -93  238
334 7054  -93  238
344 7118  -93  238
355 7104  -78  223
366 6916  -78  209
376 6686  -78  194
388 6815  -78  173
398 6867  -78  154
409 7212  -78  135
419 7294  -78  114
429 7295  -78   95
439 7400  -78   73
449 7407  -78   49
460 7418  -78   25
471 7468  -78   -2
481 7479   82  -17
492 7458   82  -29
502 7307   82  -42
513 7341   82  -55
524 7353   82  -69
534 7399   82  -81
544 6964   82  -94
554 7253   82 -104
564 7138   75 -109
574 7152   32 -110
584 7076    0 -110
595 7242   10 -105
606 7121   10  -91
616 6997   10  -77
627 7555   10  -64
638 7568   10  -50
648 7681   10  -35
659 7682   10  -21
669 7687   10   -6
680 7687   10    7
99999 0 0 0 
  0 773   82   -2
 11 7739   82   -2
 21 7739   82   -2
 31 7645   82   -2
 42 7552   82   -2
 53 7566   82   -1
 63 7597   82   -1
 73 7134   82   -1
 83 7096   82    0
 93 7291   82    8
103 7177   82   17
113 7146   82   27
123 6969   82   38
133 6926   82   49
143 6951   82   59
153 6971   64   71
164 7054   43   83
174 7082   31   97
185 7250   31  111
195 7294   31  125
206 7533   31  139
217 7547   31  151
227 7518  -93  163
238 7592  -93  175
248 7447  -93  187
259 7370  -93  198
269 7398  -93  207
279 7446  -93  215
290 7167  -93  222
300 7051  -93  226
311 7075  -93  227
321 7019  -93  227
331 7032  -84  219
341 6857  -84  206
351 6899  -84  191
362 6736  -84  174
372 6773  -84  155
382 6814  -84  139
392 7118  -84  118
403 7230  -84   96
413 7227  -84   75
423 7334  -84   51
434 7345  -84   27
446 7402  -84   -4
456 7413   82  -18
466 7396   82  -29
476 7370   82  -43
486 7282   82  -58
496 7341   82  -73
506 7176   82  -87
517 7225   82 -103
527 6943   82 -118
537 7202   82 -129
547 7110   82 -135
557 7133   40 -135
567 6975   10 -135
577 7123   10 -129
587 6966   10 -117
598 6974   10 -101
608 7011   10  -89
618 7488   10  -74
628 7674   10  -61
638 7679   10  -46
648 7678   10  -33
99999 0 0 0 
  0 777   82   -5
 10 7775   82   -5
 20 7775   82   -5
 31 7601   82   -5
 41 7551   82   -5
 52 7566   82   -5
 62 7289   82   -5
 72 7115   82   -1
 83 7101   82    5
 93 7253   82   14
104 7149   82   25
114 7135   82   35
124 6856   82   45
134 6870   82   55
144 6880   70   67
154 7030   50   79
164 7110   30   91
174 7177   30  104
184 7284   30  119
194 7277   30  131
205 7294   30  143
216 7589  -92  156
226 7627  -92  169
236 7633  -92  179
246 7472  -92  190
256 7370  -92  201
266 7394  -92  209
276 7484  -92  217
286 6844  -92  223
296 6789  -92  227
306 7000  -92  227
316 7056  -92  227
326 7033  -84  221
336 6933  -84  206
347 6808  -84  191
357 6889  -84  174
368 6817  -84  155
378 6925  -84  137
389 7186  -84  115
400 7188  -84   93
410 7258  -84   71
420 7337  -84   47
430 7350  -84   23
440 7369  -84    1
450 7416   82  -17
460 7335   82  -28
470 7264   82  -41
480 7327   82  -49
490 7383   82  -63
500 7398   82  -76
510 7140   82  -87
520 7071   82  -97
530 7111   75 -101
540 7229   23 -101
550 7294   10 -101
560 7325   10  -94
570 7007   10  -82
580 7042   10  -71
590 7060   10  -61
600 7640   10  -47
611 7644   10  -33
621 7684   10  -19
632 7685   10   -5
99999 0 0 0 
  0 777   82   -8
 10 7775   82   -8
 20 7775   82   -8
 30 7691   82   -8
 41 7555   82   -8
 51 7560   82   -8
 61 7626   82   -8
 71 7140   82   -7
 83 7234   82   -1
 93 7195   82    6
103 7255   82   15
113 7114   82   26
123 7111   82   36
133 6848   82   47
143 6841   82   57
153 6857   69   69
163 7043   48   81
173 7160   30   93
183 7211   30  106
193 7295   30  120
203 7410   30  133
213 7432   30  146
223 7477  -92  156
233 7627  -92  169
243 7623  -92  181
254 7395  -92  193
264 7415  -92  203
274 7463  -92  212
284 7474  -92  219
294 7041  -92  225
304 6950  -92  227
314 7002  -92  227
324 7073  -92  227
334 7057  -84  215
344 6898  -84  201
354 6642  -84  185
364 6721  -84  169
374 6816  -84  151
384 7072  -84  132
394 7085  -84  113
405 7228  -84   91
415 7333  -84   68
425 7339  -84   45
435 7384  -84   21
445 7369  -84   -5
456 7380   82  -19
466 7391   82  -31
477 7356   82  -45
489 7279   82  -63
499 7317   82  -77
509 7227   82  -94
520 6881   82 -110
530 6839   82 -125
540 7119   82 -134
551 7122   66 -137
561 7085   12 -137
571 7149   10 -137
581 7077   10 -125
591 7153   10 -111
602 7011   10  -99
612 7593   10  -85
624 7640   10  -69
634 7643   10  -55
644 7682   10  -42
655 7685   10  -29
99999 0 0 0 
  0 774    0   -2
 10 7738   82   -2
 20 7737   82   -2
 30 7657   82   -2
 40 7555   82   -2
 50 7557   82   -1
 60 7577   82   -1
 70 7103   82   -1
 80 7072   82    1
 90 7216   82    9
100 7143   82   19
110 7122   82   29
120 6984   82   39
130 6824   82   50
140 6845   82   60
150 6889   64   71
160 7110   45   83
170 7111   31   95
180 7222   31  109
190 7224   31  122
200 7269   31  135
211 7255   31  149
221 7476  -93  159
231 7626  -93  174
242 7629  -93  184
253 7399  -93  196
263 7368  -93  206
274 7419  -93  215
285 7153  -93  223
296 6874  -93  230
308 7105  -93  231
319 7027  -93  231
330 7102  -82  226
340 6857  -82  212
350 6903  -82  197
361 6777  -82  179
371 6812  -82  162
381 6854  -82  143
392 6947  -82  123
402 7271  -82  101
413 7306  -82   79
423 7312  -82   57
433 7394  -82   33
443 7409  -82    9
454 7426   82  -13
464 7421   82  -25
474 7415   82  -37
485 7303   82  -52
495 7341   82  -66
505 7312   82  -79
515 7361   82  -95
525 6919   82 -109
536 7084   82 -121
546 6979   82 -127
557 7135   40 -128
567 7155    0 -128
579 7035   10 -119
589 7112   10 -107
599 7007   10  -96
609 7627   10  -83
619 7636   10  -70
629 7643   10  -57
640 7681   10  -44
650 7684   10  -31
661 7685   10  -18
99999 0 0 0 
  0 773   82   -1
 11 7738   82   -1
 21 7728   82   -1
 31 7565   82   -1
 41 7548   82   -1
 51 7571   82   -1
 61 7583   82   -1
 71 7229   82    0
 81 7175   82    8
 91 7152   82   18
101 6922   82   27
111 6936   82   38
121 6861   82   49
131 6958   82   59
141 6966   65   71
151 7039   45   83
161 7143   31   95
171 7216   31  108
182 7285   31  123
192 7242   31  136
202 7259   31  147
213 7583  -93  160
224 7626  -93  173
234 7630  -93  185
244 7441  -93  195
254 7368  -93  205
264 7402  -93  214
274 7458  -93  222
284 6881  -93  227
294 6819  -93  231
305 6917  -93  231
315 7119  -93  231
326 7028  -82  221
336 7043  -82  207
346 6716  -82  191
357 6733  -82  174
367 6793  -82  156
378 6971  -82  137
388 7198  -82  117
398 7199  -82   96
408 7304  -82   75
419 7350  -82   50
429 7361  -82   26
439 7416  -82    2
449 7426   82  -15
459 7413   82  -26
470 7395   82  -41
480 7290   82  -56
491 7277   82  -70
501 7325   82  -85
512 7268   82 -102
522 7145   82 -116
532 7045   82 -127
542 7063   82 -131
553 7165   23 -131
563 7207   10 -131
573 7221   10 -123
584 6956   10 -109
596 7008   10  -94
606 7025   10  -81
617 7602   10  -66
627 7677   10  -53
638 7681   10  -38
648 7684   10  -25
99999 0 0 0 
  0 773   82   -2
 10 7737   82   -2
 20 7738   82   -2
 30 7724   82   -2
 40 7566   82   -2
 51 7553   82   -2
 61 7580   82   -2
 71 7588   82   -2
 81 7096   82    0
 91 7237   82    7
101 7200   82   16
111 7098   82   26
121 6837   82   37
132 6854   82   48
143 6879   82   60
153 6998   64   71
164 7101   40   85
174 7112   31   98
184 7257   31  111
195 7329   31  125
206 7356   31  139
216 7545   31  151
227 7551  -93  163
237 7555  -93  174
247 7588  -93  185
257 7381  -93  195
267 7370  -93  204
277 7419  -93  213
288 6911  -93  219
299 7090  -93  226
310 6980  -93  227
321 7038  -93  227
332 7074  -84  223
342 7071  -84  210
353 6936  -84  194
363 6725  -84  179
374 6801  -84  159
384 6841  -84  139
395 7110  -84  120
405 7227  -84  100
416 7221  -84   76
426 7333  -84   53
437 7381  -84   27
449 7404  -84   -1
459 7414   82  -18
469 7399   82  -29
479 7380   82  -44
490 7282   82  -60
500 7345   82  -74
511 7221   82  -91
522 7268   82 -107
532 6912   82 -123
542 7160   82 -133
552 7090   75 -137
562 7124   23 -137
573 6980   10 -137
584 6768   10 -125
594 6908   10 -111
605 6946   10  -97
615 7068   10  -82
626 7092   10  -67
636 7634   10  -53
647 7640   10  -37
657 7641   10  -22
99999 0 0 0 
  0 773   82   -3
 10 7735   82   -3
 20 7735   82   -3
 30 7735   82   -3
 41 7569   82   -3
 51 7545   82   -3
 61 7569   82   -3
 71 7598   82   -3
 81 7128   82   -3
 91 7215   82    1
101 7151   82   10
111 7198   82   21
121 7049   82   31
133 6804   82   43
144 6848   82   55
154 6863   72   66
164 7078   54   78
174 7071   33   90
185 7200   31  104
195 7236   31  118
206 7294   31  132
217 7284   31  145
228 7439  -93  158
238 7583  -93  171
249 7536  -93  183
260 7380  -93  195
270 7377  -93  205
280 7424  -93  213
290 7438  -93  220
300 6831  -93  226
310 6729  -93  227
321 7027  -93  227
331 7069  -93  227
341 7059  -84  214
351 6872  -84  200
361 6768  -84  184
371 6842  -84  167
381 6793  -84  149
391 6929  -84  131
401 6939  -84  111
411 7225  -84   91
422 7292  -84   66
433 7340  -84   39
443 7354  -84   16
453 7372  -84   -9
463 7416   82  -21
473 7386   82  -33
483 7362   82  -45
493 7323   82  -61
503 7352   82  -74
513 7328   82  -89
523 6909   82 -104
533 6891   82 -119
543 7004   82 -129
553 7167   75 -133
563 7128   23 -133
573 7197   10 -133
583 6983   10 -126
594 7072   10 -111
604 6966   10 -101
614 7623   10  -87
624 7634   10  -74
634 7640   10  -61
645 7677   10  -46
656 7681   10  -32
99999 0 0 0 
  0 773   82   -5
 11 7732   82   -5
 21 7593   82   -5
 31 7539   82   -5
 41 7556   82   -5
 52 7533   82   -5
 62 7505   82   -2
 72 7236   82    5
 82 7215   82   13
 92 7187   82   23
102 6920   82   33
112 6817   82   43
123 6828   82   55
134 6875   72   67
144 7026   52   79
155 7138   31   93
166 7227   31  107
177 7290   31  121
188 7279   31  135
198 7293   31  146
208 7582   31  157
218 7588   10  170
228 7624   10  181
238 7637   10  191
249 7611   10  201
260 7650   10  211
270 7652   10  219
280 7688   10  227
290 7689   10  234
300 7691   10  239
310 7691   10  245
320 7728   10  251
330 7727   10  255
340 7727   10  259
350 7728   10  263
360 7729   10  266
370 7727   10  269
380 7728   10  271
390 7729   10  273
400 7727   10  273
410 7728   10  274
420 7729   10  274
430 7728   10  274
440 7729   10  274
450 7728   10  274
460 7728   10  274
470 7729   10  274
480 7728   10  274
490 7729   10  274
500 7728   10  274
510 7728   10  274
520 7729   10  274
530 7729   10  274
540 7729   10  274
550 7729   10  274
560 7729   10  274
570 7729   10  274
580 7731   10  274
590 7729   10  274
600 7731   10  274
610 7731   10  274
620 7729   10  274
630 7729   10  274
640 7729   10  274
651 7729   10  274
661 7729   10  274
672 7729   10  274
683 7729   10  274
695 7731   10  274
705 7731   10  274
715 7729   10  274
725 7729   10  274
735 7729   10  274
745 7729   10  274
755 7729   10  274
765 7729   10  274
775 7729   10  274
785 7728   10  274
795 7729   10  274
805 7729   10  274
815 7731   10  274
825 7729   10  274
835 7731   10  274
845 7731   10  274
855 7729   10  274
865 7729   10  274
875 7729   10  274
885 7731   10  274
895 7731   10  274
905 7731   10  274
915 7731   10  274
925 7766   10  274
936 7731   10  274
946 7731   10  274
956 7729   10  274
966 7729   10  274
976 7731   10  274
986 7731   10  274
997 7731   10  274
1007 7731   10  274
1017 7731   10  274
1027 7727   10  274
1037 7731   10  274
1048 7729   10  274
1059 7729   10  274
1070 7731   10  274
1080 7731   10  274
1091 7731   10  274
1102 7729   10  274
1113 7731   10  274
1123 7731   10  274
1133 7731   10  274
1143 7729   10  274
1154 7731   10  274
1164 7729   10  274
1175 7731   10  274
1185 7731   10  274
1195 7731   10  274
1205 7732   10  274
1215 7731   10  274
1226 7732   10  274
1236 7731   10  274
1246 7728   10  274
1256 7729   10  274
1267 7732   10  274
1277 7731   10  274
1287 7729   10  274
1298 7731   10  274
1308 7732   10  274
1318 7731   10  274
1328 7731   10  274
1338 7731   10  274
1348 7731   10  274
1358 7727   10  274
1368 7731   10  274
1378 7731   10  274
1388 7731   10  274
1398 7731   10  274
1408 7731   10  274
1418 7731   10  274
1428 7729   10  274
1438 7765   10  274
1448 7731   10  274
1458 7731   10  274
1468 7731   10  274
1478 7731   10  274
1488 7731   10  274
1498 7732   10  274
1508 7731   10  274
1518 7732   10  274
1529 7731   10  274
1539 7732   10  274
1550 7732   10  274
1560 7732   10  274
1571 7731   10  274
1582 7732   10  274
1592 7731   10  274
1602 7732   10  274
1612 7731   10  274
1622 7731   10  274
1632 7729   10  274
1642 7732   10  274
1652 7731   10  274
1662 7731   10  274
1672 7732   10  274
1682 7731   10  274
1693 7731   10  274
1703 7731   10  274
1713 7731   10  274
1723 7731   10  274
1733 7731   10  274
1745 7732   10  274
1756 7732   10  274
1766 7731   10  274
1776 7732   10  274
1786 7731   10  274
1796 7731   10  274
1806 7731   10  274
1816 7731   10  274
1827 7732   10  274
1837 7732   10  274
1847 7731   10  274
1858 7731   10  274
1868 7732   10  274
1878 7731   10  274
1889 7728   10  274
1899 7732   10  274
1910 7731   10  274
1920 7731   10  274
1931 7732   10  274
1942 7731   10  274
1952 7732   10  274
1962 7732   10  274
1972 7731   10  274
1982 7732   10  274
1993 7732   10  274
2003 7731   10  274
2013 7732   10  274
2023 7732   10  274
2033 7731   10  274
2043 7732   10  274
2053 7731   10  274
2063 7732   10  274
2073 7731   10  274
2083 7732   10  274
2093 7731   10  274
2103 7732   10  274
2113 7732   10  274
2123 7732   10  274
2133 7734   10  274
2143 7732   10  274
2154 7729   10  274
2165 7732   10  274
2175 7732   10  274
2185 7731   10  274
2195 7732   10  274
2205 7732   10  274
2215 7732  -20  274
2225 7732  -20  274
2235 7731  -20  274
2245 7732  -20  274
2255 7725  -20  274
2265 7721  -20  274
2275 7723  -20  274
2285 7685  -20  274
2295 7687  -20  274
2305 7721  -20  273
  0 781   81    0
 10 7817   81    0
 20 7817   81    0
 30 7727   81    0
 40 7607   81    0
 50 7604   81    0
 61 7670   81    0
 71 7698   81    0
 81 7263   81    0
 91 7301   81    0
101 7203   81    3
112 7334   81   12
123 7317   81   24
133 7101   81   35
144 7157   81   48
154 7051   81   60
164 6996   64   71
175 7006   42   84
185 7133   30   98
196 7291   30  112
208 7373   30  128
218 7401   30  141
228 7447   30  153
239 7633  -92  166
249 7482  -92  178
260 7407  -92  189
270 7433  -92  199
281 7499  -92  210
291 6851  -92  217
301 6954  -92  221
311 6846  -92  221
321 7112  -92  221
332 7127  -86  214
343 6783  -86  198
353 6842  -86  183
363 6735  -86  167
374 6772  -86  147
385 6811  -86  127
395 7144  -86  107
405 7251  -86   85
416 7251  -86   61
427 7366  -86   35
438 7391  -86    8
449 7407   81  -14
460 7398   81  -27
470 7374   81  -41
480 7342   81  -56
490 7299   81  -71
500 7310   81  -86
511 7156   81 -105
523 7018   81 -123
533 6947   81 -138
543 7163   81 -146
554 7171   57 -147
564 7148    0 -147
574 7003   10 -145
584 6864   10 -131
594 6982   10 -118
605 6984   10 -105
615 7374   10  -89
625 7389   10  -75
636 7679   10  -59
646 7684   10  -44
658 7724   10  -28
99999 0 0 0 
  0 778   82   -4
 10 7779   82   -4
 22 7617   82   -4
 32 7590   82   -4
 42 7612   82   -4
 52 7574   82   -4
 62 7504   82   -2
 72 7173   82    6
 82 7205   82   16
 92 7208   82   27
102 7041   82   37
112 6952   82   48
122 6985   82   59
132 6952   63   71
142 7054   46   83
153 7054   30   98
163 7221   30  113
173 7307   30  127
184 7347   30  141
195 7367   30  155
205 7592  -92  168
215 7467  -92  181
225 7412  -92  193
236 7432  -92  205
247 7065  -92  215
257 7095  -92  224
268 6875  -92  229
278 7090  -92  229
288 7040  -92  229
298 7088  -83  223
309 6774  -83  207
319 6828  -83  191
330 6745  -83  174
340 6775  -83  156
352 6933  -83  133
363 6950  -83  111
374 7303  -83   87
384 7372  -83   67
394 7378  -83   43
404 7426  -83   19
414 7447  -83   -6
425 7458   82  -20
436 7429   82  -33
446 7404   82  -46
457 7320   82  -64
468 7361   82  -78
479 7343   82  -95
489 6991   82 -110
499 6931   82 -125
509 7038   82 -133
519 7194   57 -135
529 7167    6 -135
540 7285   10 -133
552 7042   10 -118
562 6993   10 -105
572 7021   10  -91
582 7670   10  -78
592 7681   10  -63
603 7684   10  -49
613 7723   10  -34
623 7725   10  -21
99999 0 0 0 
  0 777   82   -2
 10 7778   82   -2
 21 7694   82   -2
 31 7592   82   -2
 41 7631   82   -1
 51 7319   82   -1
 61 7295   82   -2
 71 7110   82    2
 81 7267   82   11
 91 7236   82   21
101 7134   82   32
111 6883   82   43
121 6919   82   54
131 6906   74   65
141 7091   53   78
151 7085   30   91
161 7116   30  104
171 7291   30  119
182 7342   30  135
193 7329   30  149
204 7624  -92  163
214 7632  -92  175
225 7453  -92  190
235 7415  -92  202
246 7503  -92  214
257 7548  -92  223
268 6889  -92  230
278 6984  -92  231
289 6930  -92  231
299 7087  -82  226
310 6947  -82  211
321 6639  -82  195
331 6729  -82  178
341 6767  -82  159
351 6994  -82  141
361 7018  -82  123
371 7238  -82  101
381 7381  -82   80
392 7382  -82   54
402 7427  -82   31
413 7445  -82    5
424 7467   82  -16
434 7390   82  -27
445 7310   82  -39
456 7381   82  -50
466 7437   82  -63
477 6882   82  -75
488 7062   82  -87
498 6961   82  -95
508 7178   57  -97
519 7207    6  -97
529 7379   10  -97
540 7276   10  -85
551 7144   10  -75
561 7664   10  -62
571 7674   10  -50
581 7681   10  -37
591 7720   10  -25
601 7725   10  -11
611 7725   10    0
99999 0 0 0 
  0 777   82   -6
 10 7778   82   -6
 20 7626   82   -6
 30 7583   82   -6
 40 7603   82   -6
 50 7610   82   -6
 60 7048   82   -4
 70 7257   82    3
 80 7207   82   12
 90 7250   82   23
101 6970   82   34
112 6895   82   47
122 6921   82   57
132 6972   67   70
142 7054   50   82
152 7057   30   96
162 7249   30  109
172 7297   30  123
182 7335   30  137
192 7324   30  151
202 7588  -92  163
212 7549  -92  176
222 7425  -92  188
233 7415  -92  201
243 7471  -92  212
253 6843  -92  221
263 6988  -92  227
274 6863  -92  229
284 7118  -92  229
294 7087  -83  227
305 7079  -83  213
315 6684  -83  198
325 6629  -83  181
335 6710  -83  163
345 6836  -83  146
355 7011  -83  127
365 7021  -83  106
375 7306  -83   85
385 7375  -83   63
397 7382  -83   34
407 7398  -83   11
417 7451   82  -12
428 7454   82  -24
438 7408   82  -37
449 7313   82  -51
459 7324   82  -67
470 7372   82  -81
481 7319   82  -98
491 7059   82 -114
502 7179   82 -127
512 7076   82 -133
522 7210   40 -134
532 7119    0 -134
542 7290   10 -130
553 6985   10 -116
564 6998   10 -104
574 7024   10  -89
584 7671   10  -77
594 7678   10  -62
605 7682   10  -49
615 7685   10  -35
625 7724   10  -23
99999 0 0 0 
  0 777   82    0
 10 7776   82    0
 20 7776   82    0
 30 7607   82    0
 40 7578   82    0
 50 7582   82    0
 60 7570   82    0
 70 7150   82    1
 80 7101   82    9
 90 7166   82   19
100 6989   82   29
112 6949   82   42
122 6981   82   52
132 6969   77   63
142 7013   56   76
152 7048   34   88
162 7231   30  102
173 7282   30  116
183 7316   30  130
194 7544   30  143
205 7483  -92  156
215 7490  -92  169
226 7633  -92  181
236 7671  -92  191
247 7432  -92  203
257 7393  -92  211
267 7440  -92  220
278 6754  -92  227
288 6784  -92  233
299 6947  -92  235
310 7113  -92  235
320 7070  -92  235
330 7123  -80  224
341 6796  -80  209
352 6713  -80  192
363 6795  -80  175
373 6847  -80  157
383 7055  -80  137
394 7063  -80  115
405 7351  -80   93
416 7386  -80   69
427 7430  -80   44
437 7447  -80   20
448 7462  -80   -6
458 7505   82  -19
468 7481   82  -31
478 7356   82  -43
488 7413   82  -57
498 7455   82  -70
508 7394   82  -82
519 7104   82  -97
530 7035   82 -109
540 7107   82 -115
550 7221   40 -116
560 7197    0 -116
570 7249   10 -112
580 6956   10  -97
592 6976   10  -81
602 7014   10  -69
613 7490   10  -53
623 7675   10  -37
633 7681   10  -23
643 7685   10   -7
654 7721   10    7
99999 0 0 0 
  0 777   82   -5
 10 7776   82   -5
 20 7668   82   -5
 30 7586   82   -5
 40 7594   82   -4
 50 7531   82   -4
 60 7505   82   -4
 70 7100   82   -2
 80 7236   82    5
 90 7207   82   15
100 7245   82   25
110 7028   82   36
120 7073   82   47
130 7002   82   59
140 7015   70   71
150 7012   51   83
160 7040   33   96
170 7234   30  111
180 7280   30  125
190 7313   30  139
200 7577   30  151
210 7586   30  163
220 7592  -92  176
230 7665  -92  189
240 7457  -92  199
250 7394  -92  211
260 7432  -92  220
270 7489  -92  228
280 6839  -92  235
290 7070  -92  239
300 6970  -92  239
312 7030  -92  239
322 6979  -82  231
333 6998  -82  215
344 6855  -82  199
355 6733  -82  181
365 6864  -82  163
375 6898  -82  143
385 7198  -82  123
396 7275  -82   99
406 7273  -82   77
417 7385  -82   53
427 7399  -82   29
437 7416  -82    4
448 7464   82  -17
458 7450   82  -29
470 7390   82  -45
480 7320   82  -61
491 7396   82  -75
501 7305   82  -90
512 7344   82 -106
522 6932   82 -120
532 7176   82 -128
542 7106   57 -129
552 7149    0 -130
562 7113    0 -129
573 7250   10 -117
584 7066   10 -106
594 7022   10  -93
606 7668   10  -79
617 7675   10  -66
627 7679   10  -54
638 7682   10  -42
648 7685   10  -31
658 7687   10  -23
99999 0 0 0 
  0 777   82    3
 10 7773   82    3
 20 7770   82    3
 30 7601   82    3
 40 7576   82    3
 50 7578   82    3
 60 7559   82    3
 70 7195   82    3
 80 7149   82   12
 90 7082   82   23
100 6887   82   34
111 6922   82   45
121 6921   82   57
131 7006   72   68
142 7006   54   82
152 7133   35   95
162 7248   30  109
172 7294   30  123
183 7319   30  136
193 7547   30  148
204 7624   30  161
215 7630  -92  175
226 7667  -92  187
236 7649  -92  198
247 7422  -92  208
257 7401  -92  217
267 7454  -92  226
277 7510  -92  233
287 6895  -92  238
298 7016  -92  241
309 7150  -92  241
319 7105  -92  241
329 7049  -81  231
339 6712  -81  217
349 6784  -81  202
359 6723  -81  186
369 6929  -81  168
379 6968  -81  150
389 7196  -81  131
399 7345  -81  111
409 7347  -81   88
419 7384  -81   66
429 7426  -81   43
439 7443  -81   19
449 7424  -81   -6
460 7465   82  -20
470 7432   82  -31
481 7287   82  -45
492 7381   82  -58
502 7428   82  -72
512 7370   82  -85
523 7196   82  -99
535 7186   82 -109
545 7093   60 -112
555 7197   14 -112
565 7169   10 -112
576 7310   10 -101
586 6984   10  -87
597 7015   10  -76
607 7030   10  -62
618 7641   10  -48
628 7679   10  -33
640 7684   10  -18
650 7685   10   -5
99999 0 0 0 
  0 777   82   -6
 11 7773   82   -6
 21 7703   82   -6
 31 7587   82   -6
 41 7587   82   -6
 51 7615   82   -6
 61 7135   82   -5
 72 7299   82   -1
 82 7218   82    7
 92 7151   82   17
102 6935   82   28
112 6967   82   39
122 6938   82   49
133 6971   80   62
143 6979   65   74
153 7077   47   87
163 7144   30   99
173 7202   30  113
183 7248   30  129
193 7260   30  142
204 7287   30  157
214 7442  -92  170
224 7624  -92  183
236 7626  -92  198
246 7417  -92  210
256 7397  -92  220
267 7450  -92  231
278 7510  -92  241
289 6953  -92  247
300 7005  -92  249
312 7115  -92  249
323 7088  -77  243
333 6948  -77  230
344 6609  -77  213
356 6725  -77  193
366 6791  -77  175
376 7015  -77  156
386 7289  -77  137
396 7295  -77  117
406 7403  -77   95
416 7440  -77   74
427 7445  -77   47
437 7458  -77   25
448 7472  -77   -2
458 7479   82  -17
469 7492   82  -29
479 7367   82  -42
489 7378   82  -54
500 7427   82  -67
510 7011   82  -80
522 7203   82  -94
532 7107   82 -103
542 7150   66 -106
552 7173   14 -106
562 7247   10 -106
572 7216   10 -100
582 6972   10  -87
593 7007   10  -77
603 7486   10  -64
614 7673   10  -50
626 7678   10  -35
636 7681   10  -22
647 7682   10   -9
99999 0 0 0 
  0 777   82   -6
 10 7770   82   -6
 20 7772   82   -6
 30 7769   82   -6
 40 7603   82   -6
 50 7583   82   -6
 60 7610   82   -6
 70 7571   82   -6
 81 7558   82   -4
 91 7239   82    3
101 7223   82   13
111 7191   82   23
121 6956   82   35
131 6855   82   46
141 6894   82   57
151 6942   75   67
161 7048   60   81
171 7042   45   94
182 7185   30  109
192 7248   30  124
204 7252   30  141
215 7283   30  156
226 7441  -92  170
236 7624  -92  183
246 7629  -92  195
256 7410  -92  207
266 7364  -92  219
276 7405  -92  229
286 7496  -92  238
296 6907  -92  247
306 6804  -92  250
316 6926  -92  250
326 7101  -92  250
338 6975  -80  240
348 6992  -80  226
358 6673  -80  210
368 6723  -80  194
378 6786  -80  177
388 6967  -80  159
398 7208  -80  138
409 7210  -80  116
419 7354  -80   95
429 7394  -80   71
439 7400  -80   48
449 7450  -80   23
460 7462  -80   -1
470 7472   82  -19
480 7454   82  -30
490 7337   82  -42
500 7331   82  -55
510 7413   82  -68
520 7387   82  -81
530 7419   82  -93
540 7078   82 -105
550 7118   82 -111
560 7044   40 -112
570 7192    0 -112
581 7299   10 -108
591 7385   10  -97
601 7037   10  -86
611 7019   10  -74
621 7030   10  -61
631 7675   10  -49
641 7679   10  -37
651 7682   10  -23
661 7720   10  -13
99999 0 0 0 
  0 777   82   -3
 10 7772   82   -3
 20 7770   82   -3
 30 7717   82   -3
 41 7583   82   -3
 52 7587   82   -3
 62 7615   82   -3
 72 7147   82   -3
 82 7078   82    2
 92 7144   82   11
102 7069   82   21
112 6908   82   32
122 6951   82   43
132 6887   82   54
142 6982   77   65
152 6980   64   77
162 7162   50   90
172 7162   34  103
183 7227   30  119
194 7304   30  135
204 7340   30  148
215 7361   30  163
226 7514  -92  176
237 7626  -92  190
249 7489  -92  205
259 7362  -92  215
269 7382  -92  226
279 6798  -92  235
289 6844  -92  242
299 6897  -92  249
309 7138  -92  250
319 7056  -92  250
329 7125  -92  250
340 6792  -80  237
351 6824  -80  221
361 6738  -80  205
371 6785  -80  187
382 6847  -80  168
392 6985  -80  149
403 7279  -80  127
414 7353  -80  103
424 7351  -80   81
434 7392  -80   57
444 7443  -80   34
455 7455  -80    8
465 7468   82  -13
475 7462   82  -25
485 7425   82  -37
495 7428   82  -51
505 7347   82  -66
516 7365   82  -81
526 7246   82  -99
536 7003   82 -114
546 6991   82 -130
556 7101   82 -141
566 7122   82 -146
576 7081   32 -146
587 7088   10 -145
597 7044   10 -138
609 6965   10 -123
619 7002   10 -111
629 7446   10  -98
639 7668   10  -86
649 7677   10  -73
660 7679   10  -59
670 7717   10  -46
99999 0 0 0 
  0 777   82    1
 10 7770   82    1
 20 7768   82    1
 30 7601   82    1
 40 7582   82    1
 50 7589   82    1
 60 7288   82    1
 70 7053   82    2
 80 6997   82   11
 90 7116   82   21
101 7023   82   32
112 6852   82   44
122 6889   82   55
132 6941   76   66
142 7083   64   78
152 7074   47   91
162 7104   33  105
172 7213   30  119
182 7268   30  133
192 7273   30  148
203 7541   30  160
214 7550  -92  175
224 7589  -92  188
235 7629  -92  202
245 7413  -92  212
256 7387  -92  223
266 7432  -92  234
277 6787  -92  243
287 6798  -92  250
297 7019  -92  253
307 7071  -92  253
318 7025  -79  252
328 6940  -79  242
339 6748  -79  227
349 6828  -79  211
360 6742  -79  193
370 6877  -79  175
382 7234  -79  153
393 7249  -79  131
403 7320  -79  110
413 7392  -79   87
423 7396  -79   65
435 7410  -79   37
446 7461  -79   10
457 7473  -79  -13
467 7467   82  -25
477 7463   82  -37
487 7431   82  -51
497 7350   82  -66
507 7289   82  -79
517 7236   82  -97
527 7284   82 -112
537 6995   82 -127
547 7082   82 -139
557 6988   82 -145
567 7153   40 -145
577 7067   10 -145
587 7214   10 -139
597 6878   10 -127
607 6963   10 -113
617 7001   10 -101
627 7483   10  -87
637 7634   10  -74
647 7638   10  -61
657 7678   10  -46
668 7679   10  -33
99999 0 0 0 
  0 776   82   -1
 10 7735   82   -1
 21 7639   82   -1
 32 7580   82   -1
 42 7592   82   -1
 52 7592   82    0
 63 7523   82    0
 73 7135   82    7
 83 7171   82   16
 93 7186   82   27
103 7048   82   38
113 6979   82   49
123 7001   82   59
133 6931   70   71
143 6998   56   84
153 6992   42   97
163 7186   30  112
174 7259   30  127
186 7269   30  143
196 7288   30  156
206 7545   30  170
216 7622  -92  182
227 7624  -92  195
238 7437  -92  208
248 7390  -92  219
260 7395  -92  230
271 7458  -92  239
282 6867  -92  247
293 6964  -92  249
305 7125  -92  249
315 7093  -92  247
325 7014  -81  235
336 6664  -81  218
346 6740  -81  203
356 6747  -81  187
366 6943  -81  168
377 6977  -81  146
388 7165  -81  124
399 7310  -81  100
411 7384  -81   75
421 7391  -81   51
431 7404  -81   27
442 7455  -81   -1
452 7465   82  -17
463 7447   82  -29
473 7342   82  -41
483 7375   82  -54
494 7417   82  -68
504 7393   82  -81
516 7132   82  -95
526 7053   82 -106
536 7087   82 -111
547 7169   32 -111
557 7195   10 -111
568 7278   10 -104
578 6941   10  -90
588 6997   10  -78
599 7018   10  -65
610 7561   10  -51
621 7674   10  -35
631 7678   10  -21
642 7679   10   -6
99999 0 0 0 
  0 773   82   -5
 10 7768   82   -5
 20 7768   82   -5
 31 7658   82   -5
 41 7543   82   -5
 52 7559   82   -5
 62 7632   82   -5
 72 7220   82   -5
 82 7164   82   -1
 92 7172   82    7
102 7113   82   18
112 7110   82   28
123 6969   82   40
133 6876   82   52
143 6974   79   63
153 6975   66   75
163 7119   53   89
173 7142   37  102
184 7224   31  117
195 7271   31  132
205 7302   31  147
215 7322   31  160
225 7510  -93  173
236 7586  -93  185
247 7449  -93  198
258 7357  -93  210
269 7390  -93  221
281 6750  -93  232
291 6777  -93  239
301 6925  -93  244
312 7082  -93  245
323 7036  -93  245
333 7090  -83  239
344 6771  -83  223
355 6662  -83  206
366 6743  -83  189
376 6812  -83  171
386 6957  -83  152
396 6974  -83  132
406 7262  -83  111
416 7331  -83   89
426 7333  -83   68
436 7378  -83   43
446 7399  -83   19
456 7412  -83   -4
466 7423   82  -19
476 7434   82  -30
486 7366   82  -45
496 7345   82  -60
506 7295   82  -77
516 7334   82  -91
526 7176   82 -109
536 6896   82 -124
547 6843   82 -139
557 7052   82 -149
567 7095   75 -152
577 7070   14 -151
587 7126   10 -151
597 7028   10 -139
607 7108   10 -125
618 7005   10 -113
628 7589   10  -97
640 7633   10  -81
650 7638   10  -67
661 7675   10  -53
671 7678   10  -40
99999 0 0 0 
