  0 799   70    0
 10 7994   70    0
 21 7994   70    0
 31 7883   70    0
 41 7844   70    0
 51 7861   70    0
 61 7878   70    0
 71 7535   70    0
 81 7577   70    0
 91 7522   70    7
101 7500   70   14
111 7430   70   23
121 7465   70   31
131 7428   70   40
141 7453   70   49
151 7455   70   59
161 7411   30   69
171 7463   30   80
181 7505   30   91
191 7543   30  102
201 7607   30  112
211 7621   30  123
221 7736   30  132
232 7847 -100  142
243 7748 -100  152
254 7625 -100  160
264 7602 -100  167
274 7661 -100  175
284 7221 -100  180
295 7190 -100  185
307 7413 -100  185
317 7317 -100  185
327 7341 -100  181
337 7162 -100  169
347 7195 -100  153
358 7054 -100  135
368 6976 -100  119
379 7032 -100   99
390 7162 -100   78
400 7412 -100   55
412 7449 -100   30
422 7459 -100    6
432 7507   80  -14
442 7502   80  -25
452 7459   80  -37
462 7448   80  -53
472 7459   80  -67
482 7514   80  -82
493 7396   80  -99
503 7172   80 -115
513 7089   80 -127
523 7338   80 -134
533 7392   48 -135
543 7368    0 -135
554 7334   10 -133
565 7209   10 -118
577 7182   10 -101
587 7224   10  -89
597 7669   10  -74
607 7857   10  -61
617 7861   10  -45
628 7899   10  -30
638 7902   10  -15
99999 0 0 0 
  0 799   70   -1
 11 7991   70   -1
 21 7992   70   -1
 31 7896   70   -1
 41 7846   70   -1
 51 7857   70   -1
 61 7882   70   -1
 71 7601   70   -1
 81 7557   70   -1
 91 7561   70    7
101 7406   70   15
111 7398   70   25
121 7359   70   35
131 7290   70   43
141 7314   70   53
151 7391   57   63
161 7524   30   74
171 7524   30   84
181 7570   30   96
191 7602   30  107
201 7617   30  118
211 7696   30  127
221 7844 -100  137
232 7847 -100  147
242 7839 -100  156
253 7638 -100  165
263 7622 -100  173
273 7672 -100  180
283 7060 -100  186
293 7090 -100  190
303 7227 -100  191
313 7383 -100  191
323 7323 -100  191
333 7336  -98  181
343 7029  -98  167
353 7089  -98  151
364 6988  -98  133
375 7085  -98  113
386 7228  -98   91
397 7236  -98   70
407 7447  -98   48
418 7486  -98   22
428 7498  -98   -3
439 7548   80  -18
449 7527   80  -29
461 7478   80  -46
471 7460   80  -61
482 7513   80  -77
492 7106   80  -91
503 7142   80 -107
514 7284   80 -121
524 7421   80 -129
534 7358   56 -130
544 7365    0 -131
554 7271    0 -130
564 7400   10 -118
574 7213   10 -106
585 7768   10  -95
596 7854   10  -81
606 7858   10  -69
617 7896   10  -57
627 7902   10  -44
638 7902   10  -33
648 7905   10  -22
99999 0 0 0 
  0 795   70    2
 10 7953   70    2
 21 7933   70    2
 32 7816   70    2
 42 7805   70    2
 52 7769   70    2
 63 7754   70    2
 73 7452   70    3
 83 7496   70   11
 94 7473   70   20
104 7432   70   30
114 7268   70   39
126 7322   70   50
137 7333   70   61
148 7449   30   73
158 7549   30   85
168 7582   30   96
179 7609   30  107
190 7726   30  119
202 7841   30  129
212 7844   30  139
222 7845 -100  148
232 7848 -100  158
243 7676 -100  166
254 7615 -100  171
264 7654 -100  179
274 7154 -100  186
285 7197 -100  189
295 7365 -100  192
307 7375 -100  192
318 7272  -97  191
329 7336  -97  183
339 7234  -97  169
351 6952  -97  149
361 7019  -97  133
372 7014  -97  115
382 7260  -97   95
392 7275  -97   75
402 7377  -97   52
412 7480  -97   30
422 7488  -97    7
432 7504   80  -13
442 7537   80  -23
452 7492   80  -37
462 7411   80  -51
472 7478   80  -65
483 7533   80  -80
493 7475   80  -95
504 7333   80 -111
514 7235   80 -122
524 7324   80 -126
534 7385   23 -126
546 7330   10 -126
556 7484   10 -116
567 7214   10 -102
577 7220   10  -89
588 7240   10  -75
599 7817   10  -61
610 7858   10  -46
621 7898   10  -30
631 7899   10  -17
99999 0 0 0 
  0 794   70   11
 10 7947   70    8
 20 7947   70    5
 30 7947   70    2
 40 7838   70    0
 50 7791   70   -1
 60 7802   70   -1
 70 7827   70   -1
 80 7420   70   -1
 90 7482   70   -1
100 7438   70    7
111 7312   70   17
121 7287   70   27
131 7309   70   37
141 7330   70   47
151 7375   70   57
163 7484   30   69
173 7482   30   81
184 7536   30   94
194 7585   30  107
204 7604   30  118
215 7580   30  128
225 7800   10  139
235 7809   10  149
245 7858   10  159
256 7864   10  169
266 7867   10  178
276 7902   10  186
286 7903   10  193
296 7905   10  199
306 7941   10  206
316 7941   10  211
326 7940   10  215
336 7941   10  220
346 7943   10  224
356 7941   10  227
366 7941   10  229
376 7941   10  231
386 7943   10  232
396 7941   10  233
406 7944   10  233
416 7943   10  233
427 7943   10  233
437 7943   10  233
448 7943   10  233
458 7943   10  233
468 7943 -100  233
478 7944 -100  233
488 7839 -100  233
498 7740  -77  232
508 7751  -77  232
518 7792  -77  230
528 7347  -77  227
538 7516  -77  221
548 7517  -77  215
558 7707  -77  208
568 7658  -77  199
578 7594  -77  186
588 7551  -77  170
598 7519  -77  153
608 7569  -77  135
619 7444  -77  115
630 7437  -77   93
641 7449  -77   71
651 7557  -77   49
661 7590  -77   27
671 7590  -77    3
681 7665   80  -14
691 7653   80  -24
703 7612   80  -37
713 7548   80  -51
724 7623   80  -64
734 7139   80  -77
745 7180   80  -91
755 7285   80 -103
765 7421   80 -111
775 7345   56 -113
785 7381    6 -113
796 7314   10 -113
806 7438   10  -99
817 7314   10  -87
827 7763   10  -75
838 7850   10  -61
849 7855   10  -47
859 7895   10  -33
869 7896   10  -21
879 7900   10   -9
99999 0 0 0 
  0 794   70    2
 10 7944   70   -1
 20 7909   70   -1
 30 7797   70   -1
 40 7792   70   -1
 50 7814   70   -1
 60 7430   70   -1
 70 7413   70   -1
 80 7414   70    3
 90 7376   70   11
100 7353   70   22
110 7292   70   31
120 7276   70   41
130 7300   70   51
140 7378   64   62
150 7447   30   73
161 7445   30   85
171 7550   30   98
182 7589   30  110
194 7607   30  124
204 7617   30  133
215 7836 -100  145
225 7640 -100  155
235 7584 -100  164
246 7626 -100  175
256 7008 -100  182
266 7030 -100  188
277 7118 -100  191
287 7327 -100  191
298 7309  -98  191
308 7289  -98  179
318 6991  -98  165
328 6870  -98  150
338 6939  -98  132
348 6962  -98  115
358 7177  -98   96
368 7187  -98   75
379 7401  -98   53
389 7474  -98   29
399 7484  -98    6
410 7498   80  -15
421 7496   80  -27
433 7472   80  -43
443 7401   80  -59
453 7477   80  -73
463 7388   80  -87
473 7433   80 -102
483 7217   80 -118
493 7404   80 -129
503 7315   80 -134
513 7340   31 -134
523 7112   10 -134
533 7290   10 -129
543 7197   10 -117
553 7194   10 -103
563 7224   10  -93
573 7698   10  -79
583 7847   10  -65
593 7854   10  -53
603 7855   10  -38
613 7894   10  -25
99999 0 0 0 
  0 794   70   -1
 10 7946   70   -1
 21 7946   70   -1
 31 7862   70   -1
 42 7800   70   -1
 52 7810   70   -1
 62 7819   70   -1
 72 7514   70   -1
 82 7491   70    2
 92 7531   70    9
102 7467   70   18
112 7458   70   27
122 7328   70   37
132 7280   70   47
142 7297   70   56
152 7340   30   67
162 7480   30   78
172 7494   30   89
182 7561   30  101
193 7558   30  113
204 7609   30  125
214 7617   30  134
224 7834 -100  144
234 7589 -100  154
244 7547 -100  164
254 7623 -100  172
264 7076 -100  179
275 7097 -100  186
285 7264 -100  188
295 7296 -100  188
305 7246  -99  188
315 7227  -99  179
325 7029  -99  164
335 7081  -99  148
345 6902  -99  131
355 6989  -99  115
366 7032  -99   94
376 7291  -99   75
386 7364  -99   53
396 7364  -99   30
407 7480  -99    6
418 7498   80  -16
429 7527   80  -29
439 7479   80  -43
449 7404   80  -59
460 7432   80  -74
470 7489   80  -91
481 7429   80 -107
491 7354   80 -123
501 7260   80 -135
511 7321   80 -140
521 7389   31 -141
531 7391    0 -141
541 7373   10 -132
551 7134   10 -118
562 7198   10 -102
572 7224   10  -89
583 7736   10  -73
595 7850   10  -55
605 7853   10  -39
616 7888   10  -23
626 7892   10   -8
99999 0 0 0 
  0 794   70   -1
 10 7943   70   -1
 21 7944   70   -1
 32 7853   70   -1
 42 7799   70   -1
 52 7807   70   -1
 62 7820   70   -1
 73 7407   70   -1
 83 7515   70    2
 93 7476   70    9
103 7482   70   18
113 7341   70   27
123 7363   70   36
133 7353   70   46
143 7333   70   56
153 7338   37   66
163 7408   30   77
173 7498   30   88
183 7566   30  100
193 7557   30  111
204 7571   30  122
214 7579   30  131
224 7795 -100  141
234 7836 -100  151
244 7788 -100  160
254 7590 -100  169
264 7579 -100  177
276 7634 -100  185
286 7693 -100  191
296 7217 -100  195
306 7304 -100  196
317 7189 -100  196
327 7347  -95  195
337 7227  -95  182
347 7245  -95  168
357 6951  -95  152
367 6916  -95  135
377 6976  -95  117
388 7151  -95   96
398 7300  -95   77
408 7296  -95   55
418 7472  -95   31
429 7480  -95    7
439 7500   80  -13
450 7497   80  -25
460 7478   80  -38
472 7419   80  -55
482 7464   80  -69
493 7515   80  -84
503 7272   80  -99
514 7232   80 -113
524 7296   80 -121
534 7406    6 -123
544 7377    6 -123
555 7488   10 -122
565 7221   10 -109
577 7204   10  -98
587 7226   10  -84
597 7841   10  -71
608 7848   10  -58
618 7851   10  -45
629 7853   10  -32
640 7892   10  -19
99999 0 0 0 
  0 794   70    0
 10 7943   70    0
 20 7890   70    0
 30 7800   70    0
 40 7800   70    0
 50 7806   70    0
 60 7402   70    0
 70 7488   70    2
 81 7460   70    9
 92 7505   70   19
103 7352   70   29
115 7263   70   40
126 7283   70   51
136 7255   70   61
147 7400   30   72
157 7404   30   84
168 7492   30   96
178 7544   30  109
189 7600   30  121
200 7609   30  131
210 7793 -100  141
221 7797 -100  152
231 7798 -100  162
242 7620 -100  171
253 7577 -100  180
265 7630 -100  190
275 7687 -100  195
285 7038 -100  200
295 7359 -100  202
305 7236 -100  202
315 7286 -100  202
325 7196  -92  191
335 7211  -92  177
345 7087  -92  161
355 6908  -92  144
365 6963  -92  127
376 7035  -92  107
386 7330  -92   87
396 7329  -92   66
406 7400  -92   42
416 7476  -92   20
426 7496  -92   -4
436 7511   80  -19
446 7524   80  -30
456 7425   80  -45
466 7459   80  -57
476 7473   80  -72
487 7524   80  -86
498 7343   80 -101
508 7387   80 -114
519 7344   80 -121
529 7287   42 -121
540 7351   10 -121
550 7371   10 -115
561 7458   10 -102
572 7213   10  -90
582 7444   10  -77
592 7454   10  -64
602 7848   10  -49
613 7853   10  -36
624 7854   10  -21
99999 0 0 0 
  0 793   70   -1
 10 7940   70   -1
 20 7940   70   -1
 31 7814   70   -1
 42 7793   70   -1
 52 7819   70   -1
 62 7830   70   -1
 72 7448   70   -1
 82 7506   70    5
 94 7455   70   14
104 7440   70   23
114 7346   70   33
124 7302   70   42
134 7326   70   51
144 7334   64   61
154 7442   30   71
164 7438   30   82
174 7503   30   93
184 7545   30  105
194 7565   30  116
204 7573   30  125
214 7791   30  135
225 7795 -100  145
235 7833 -100  155
245 7636 -100  163
255 7570 -100  171
265 7605 -100  179
275 7129 -100  186
285 7178 -100  190
295 7154 -100  193
305 7320 -100  193
315 7239 -100  193
325 7308  -97  187
335 7123  -97  174
345 7163  -97  159
355 7020  -97  143
365 6942  -97  126
375 6987  -97  108
385 7113  -97   89
395 7364  -97   69
405 7363  -97   49
415 7436  -97   23
425 7482  -97    1
436 7498   80  -17
446 7486   80  -29
456 7457   80  -41
466 7407   80  -57
477 7454   80  -71
488 7402   80  -86
499 7122   80 -103
509 7078   80 -117
519 7330   80 -125
529 7369   56 -127
539 7337    6 -127
549 7281   10 -127
559 7142   10 -116
569 7258   10 -102
579 7180   10  -89
589 7535   10  -77
599 7552   10  -62
609 7843   10  -49
619 7850   10  -36
629 7850   10  -21
99999 0 0 0 
  0 790   70   -1
 10 7900   70   -1
 20 7900   70   -1
 30 7816   70   -1
 40 7793   70   -1
 50 7811   70   -1
 60 7407   70   -1
 71 7396   70   -1
 81 7446   70    3
 91 7489   70   11
101 7462   70   21
111 7441   70   31
121 7333   70   40
131 7365   70   50
141 7307   70   60
152 7411   30   71
163 7438   30   84
173 7497   30   95
184 7543   30  107
194 7565   30  119
204 7572   30  128
214 7790   30  137
224 7793   10  147
235 7795   10  158
246 7844   10  168
256 7818   10  178
268 7855   10  187
279 7858   10  195
289 7895   10  202
300 7895 -102  207
310 7871 -102  213
320 7677 -102  215
330 7660 -102  219
340 7698 -102  222
351 7748 -102  224
361 7315 -102  225
371 7274 -102  225
382 7299 -102  225
393 7382  -83  220
403 7355  -83  208
413 7375  -83  192
423 7161  -83  175
433 7092  -83  157
443 7143  -83  139
453 7212  -83  120
463 7366  -83   99
473 7369  -83   78
483 7510  -83   55
493 7551  -83   31
503 7560  -83    6
513 7573   82  -14
523 7604   82  -25
533 7556   82  -37
543 7527   82  -51
554 7463   82  -69
564 7495   82  -82
575 7373   82 -101
585 7347   82 -117
595 7324   82 -133
605 7261   82 -143
615 7286   75 -147
625 7242   23 -147
636 7298   10 -146
647 7273   10 -135
658 7144   10 -119
669 7178   10 -108
680 7441   10  -93
691 7805   10  -78
701 7809   10  -65
711 7848   10  -52
721 7845   10  -38
99999 0 0 0 
  0 789   70   23
 10 7898   70   23
 20 7899   70   23
 30 7766   70   23
 41 7737   70   22
 51 7756   70   21
 61 7764   70   20
 71 7368   70   21
 81 7305   70   21
 91 7348   70   22
101 7273   70   30
111 7193   70   38
121 7221   70   46
131 7206   70   54
141 7318   57   63
152 7327   30   73
163 7426   30   83
173 7509   30   95
183 7543   30  104
193 7595   30  114
203 7746   30  123
213 7752   30  131
223 7790 -101  139
233 7793 -101  148
243 7671 -101  156
253 7544 -101  161
263 7601 -101  167
273 7648 -101  173
283 7632 -101  178
293 7295 -101  181
304 7221 -101  182
314 7278 -101  182
324 7358 -101  182
335 7339 -103  169
345 7254 -103  153
355 6953 -103  138
365 7017 -103  121
376 6968 -103  103
387 7178 -103   83
398 7329 -103   59
408 7326 -103   39
419 7433 -103   14
429 7443 -103   -9
440 7452   81  -22
450 7417   81  -33
460 7371   81  -48
470 7374   81  -61
480 7461   81  -75
490 7048   81  -90
500 7079   81 -105
511 7231   81 -119
521 7271   81 -126
531 7205   48 -127
541 7322    0 -127
552 7352   10 -125
563 7061   10 -110
574 7156   10  -97
584 7486   10  -84
595 7613   10  -69
605 7624   10  -55
616 7807   10  -41
626 7844   10  -26
636 7847   10  -13
99999 0 0 0 
  0 789   70   -5
 10 7899   70   -5
 20 7896   70   -5
 30 7770   70   -5
 42 7758   70   -5
 52 7778   70   -5
 62 7760   70   -5
 72 7576   70   -3
 82 7528   70    2
 92 7505   70    9
102 7358   70   19
112 7358   70   27
122 7245   70   37
132 7243   70   46
142 7263   70   55
152 7337   44   65
162 7435   30   75
172 7429   30   86
182 7468   30   99
192 7505   30  109
202 7544   30  122
212 7561   30  133
222 7781 -101  143
232 7789 -101  152
242 7635 -101  162
253 7541 -101  173
263 7568 -101  182
274 7625 -101  190
284 7168 -101  196
294 7115 -101  199
304 7178 -101  199
314 7328 -101  199
325 7302  -95  192
336 7237  -95  177
346 6896  -95  161
358 6869  -95  140
369 6927  -95  122
379 7103  -95  103
389 7259  -95   82
400 7257  -95   59
410 7433  -95   36
420 7479  -95   12
430 7496  -95  -11
440 7501   81  -22
451 7462   81  -35
462 7402   81  -51
473 7433   81  -65
483 7486   81  -80
494 7107   81  -95
504 7101   81 -110
515 7224   81 -121
525 7351   73 -125
535 7304   23 -125
545 7393   10 -125
555 7243   10 -117
567 7182   10 -102
577 7212   10  -91
587 7793   10  -79
597 7801   10  -66
607 7805   10  -53
617 7845   10  -41
627 7848   10  -27
99999 0 0 0 
  0 789   70   -1
 10 7898   70   -1
 20 7891   70   -1
 30 7764   70   -1
 40 7752   70    0
 50 7768   70    0
 60 7769   70    0
 70 7745   70    0
 80 7507   70    7
 90 7508   70   14
102 7344   70   24
112 7345   70   33
122 7260   70   42
132 7316   70   51
142 7324   70   61
152 7329   30   71
162 7432   30   82
172 7494   30   92
182 7539   30  104
192 7523   30  115
202 7531   30  123
212 7784   30  132
222 7789 -101  142
232 7791 -101  151
242 7631 -101  159
252 7573 -101  167
262 7595 -101  175
272 7608 -101  181
282 7131 -101  186
292 7133 -101  189
302 7213 -101  190
312 7327 -101  190
322 7279 -101  187
332 7300  -99  175
342 6973  -99  160
352 7031  -99  144
362 6955  -99  127
372 7075  -99  110
383 7105  -99   90
394 7219  -99   68
404 7432  -99   45
414 7432  -99   22
425 7445  -99   -2
435 7494   81  -18
445 7477   81  -29
456 7392   81  -44
466 7405   81  -58
477 7458   81  -74
487 7503   81  -87
497 7079   81 -101
507 7260   81 -115
518 7151   81 -125
528 7324   65 -127
538 7326    6 -127
549 7482   10 -126
560 7286   10 -113
570 7194   10 -104
580 7214   10  -91
590 7795   10  -78
601 7803   10  -66
612 7843   10  -52
623 7844   10  -40
633 7848   10  -28
99999 0 0 0 
  0 789   70    1
 10 7895   70    1
 20 7896   70    1
 30 7835   70    1
 40 7759   70    1
 50 7759   70    1
 60 7764   70    1
 70 7399   70    1
 82 7443   70    3
 93 7414   70   11
103 7458   70   19
113 7350   70   29
123 7364   70   38
133 7201   70   47
143 7322   70   56
153 7326   30   67
163 7400   30   77
173 7453   30   88
184 7523   30  100
195 7551   30  112
205 7562   30  123
215 7569   30  131
225 7750 -101  141
236 7790 -101  151
247 7679 -101  161
258 7534 -101  170
269 7587 -101  178
280 7648 -101  186
292 7069 -101  191
302 7046 -101  194
313 7282 -101  194
323 7347 -101  194
334 7312  -97  185
344 7200  -97  172
354 6860  -97  156
365 6929  -97  138
375 6952  -97  122
385 7171  -97  102
397 7329  -97   80
407 7327  -97   58
417 7431  -97   36
427 7436  -97   13
438 7452   81  -11
449 7457   81  -23
459 7458   81  -35
470 7364   81  -50
480 7434   81  -64
491 7455   81  -78
502 7288   81  -95
512 7283   81 -107
522 7291   81 -118
532 7390   81 -121
542 7345   14 -121
552 7296   10 -121
562 6944   10 -113
573 7064   10  -98
583 7126   10  -83
593 7147   10  -71
603 7176   10  -56
613 7719   10  -42
624 7800   10  -25
634 7804   10  -10
99999 0 0 0 
  0 785   71   42
 10 7851   71   46
 20 7886   71   49
 30 7863   71   50
 40 7822   71   51
 50 7817   71   54
 60 7781   71   55
 70 7762   71   55
 80 7537   71   55
 90 7560   71   55
100 7505   71   59
110 7514   37   65
120 7363   30   73
130 7375   30   82
140 7449   30   91
150 7392   30  101
160 7427   30  110
170 7375   30  119
180 7739   30  127
190 7745   30  134
200 7749   10  142
210 7784   10  149
220 7786   10  156
230 7795   10  163
240 7805   10  169
250 7809   10  175
260 7847   10  180
270 7884   10  185
280 7884 -103  188
291 7885 -103  191
301 7797 -103  195
311 7672 -103  197
321 7675 -103  199
331 7713 -103  200
341 7752 -103  200
351 7265 -103  200
361 7445 -103  200
371 7333  -96  199
381 7345  -96  188
391 7292  -96  174
403 7199  -96  154
413 7266  -96  136
423 7109  -96  119
433 7152  -96   99
443 7168  -96   79
453 7344  -96   57
463 7411  -96   33
473 7414  -96   11
483 7497   82  -12
493 7496   82  -23
503 7460   82  -35
514 7429   82  -53
524 7414   82  -67
534 7456   82  -82
544 7295   82  -98
554 7060   82 -115
564 7042   82 -130
575 7258   82 -141
585 7288   75 -145
596 7249   23 -145
606 7274   10 -145
617 7239   10 -133
628 7176   10 -118
638 7205   10 -107
648 7681   10  -93
658 7795   10  -81
668 7801   10  -67
678 7840   10  -54
688 7843   10  -41
99999 0 0 0 
  0 789   70    2
 10 7892   70    2
 20 7783   70    2
 31 7751   70    2
 41 7761   70    2
 51 7405   70    2
 61 7374   70    2
 71 7404   70    6
 81 7444   70   15
 92 7439   70   24
102 7315   70   33
112 7241   70   43
123 7259   70   52
134 7296   50   63
144 7401   30   74
156 7431   30   87
167 7503   30   99
177 7540   30  111
187 7555   30  121
197 7563   30  131
207 7780 -101  140
217 7745 -101  150
227 7752 -101  159
238 7586 -101  168
248 7531 -101  177
258 7568 -101  183
268 7618 -101  190
278 7030 -101  195
288 7007 -101  198
298 7255 -101  198
308 7317  -95  197
318 7279  -95  191
328 7204  -95  178
338 7029  -95  163
348 7090  -95  147
358 6938  -95  130
368 7018  -95  111
378 7039  -95   94
389 7291  -95   71
400 7394  -95   46
411 7469  -95   21
422 7483  -95   -4
432 7498   81  -19
442 7479   81  -29
452 7381   81  -44
462 7418   81  -57
473 7430   81  -72
483 7480   81  -86
494 7079   81 -101
505 7333   81 -113
515 7340   81 -120
525 7287   48 -121
535 7311    0 -121
545 7320   10 -117
555 7404   10 -105
565 7196   10  -94
575 7680   10  -81
585 7686   10  -69
595 7800   10  -55
606 7803   10  -42
616 7807   10  -30
626 7843   10  -18
99999 0 0 0 
  0 788   71   15
 10 7847   71   12
 20 7733   71   10
 31 7733   71    8
 41 7758   71    7
 51 7336   71    7
 63 7351   71    8
 74 7297   71    9
 84 7317   71   18
 94 7149   71   26
105 7178   71   35
115 7239   71   45
125 7357   71   54
136 7354   51   64
146 7387   30   75
156 7450   30   86
166 7508   30   98
177 7503   30  110
187 7518   30  121
199 7739   30  131
210 7746 -101  141
220 7748 -101  151
230 7633 -101  160
240 7537 -101  167
251 7558 -101  175
261 7612 -101  183
271 7663 -101  187
282 7193 -101  191
292 7242 -101  191
303 7313 -101  191
313 7278  -99  187
324 7237  -99  173
334 6917  -99  159
345 6987  -99  140
355 6942  -99  123
365 7089  -99  107
376 7110  -99   85
386 7253  -99   66
396 7431  -99   42
408 7468  -99   16
418 7479  -99   -7
428 7452   81  -18
438 7428   81  -29
448 7340   81  -41
459 7436   81  -56
469 7444   81  -67
480 7493   81  -81
490 7190   81  -95
500 7342   81 -105
510 7233   74 -111
520 7325   40 -111
531 7361   10 -111
541 7545   10 -107
552 7304   10  -94
563 7167   10  -83
573 7783   10  -71
583 7794   10  -59
593 7801   10  -46
603 7837   10  -33
613 7839   10  -21
99999 0 0 0 
  0 788   71   32
 10 7888   71   31
 20 7772   71   28
 30 7709   71   26
 40 7716   71   24
 51 7719   71   23
 61 7322   71   23
 71 7386   71   24
 81 7370   71   24
 91 7330   71   27
101 7210   71   34
112 7244   71   43
122 7268   71   51
132 7204   71   59
144 7268   30   69
154 7263   30   79
165 7434   30   89
175 7486   30  100
186 7510   30  111
197 7486   30  119
207 7740   30  128
219 7743   30  137
230 7746 -101  147
241 7784 -101  156
251 7727 -101  163
262 7552 -101  168
272 7554 -101  174
282 7598 -101  179
292 7650 -101  183
302 7044 -101  186
312 7374 -101  187
324 7358 -101  187
334 7283 -101  187
344 7323 -101  175
355 7191 -101  160
366 7248 -101  142
377 6960 -101  123
387 6972 -101  107
397 7001 -101   88
407 7259 -101   67
418 7363 -101   45
429 7433 -101   20
440 7441 -101   -5
450 7449   81  -18
460 7466   81  -29
471 7381   81  -43
481 7381   81  -57
491 7393   81  -70
501 7441   81  -85
512 7149   81  -99
522 7349   81 -111
532 7315   81 -118
543 7263   48 -119
553 7310    0 -119
564 7357   10 -115
575 7447   10 -102
585 7163   10  -92
595 7568   10  -78
606 7577   10  -65
616 7797   10  -52
626 7798   10  -39
636 7803   10  -27
646 7840   10  -16
99999 0 0 0 
  0 788   71   -2
 10 7888   71   -2
 21 7835   71   -2
 31 7748   71   -2
 41 7748   71   -2
 51 7768   71   -2
 62 7392   71   -2
 72 7539   71    3
 82 7489   71    9
 92 7480   71   18
102 7256   71   27
112 7273   71   37
122 7263   71   46
132 7283   71   55
142 7288   44   65
153 7357   30   76
163 7433   30   88
173 7503   30   99
184 7537   30  111
194 7520   30  123
205 7739   30  131
216 7742 -101  142
226 7783 -101  151
236 7727 -101  161
246 7551 -101  170
256 7541 -101  177
267 7586 -101  185
277 7636 -101  190
287 7137 -101  194
298 7284 -101  196
308 7169 -101  196
318 7300  -96  195
328 7238  -96  183
338 6910  -96  167
348 6952  -96  154
358 6910  -96  137
368 6963  -96  120
378 7069  -96  101
388 7253  -96   83
398 7255  -96   63
408 7431  -96   40
418 7435  -96   17
430 7449  -96  -10
440 7455   81  -23
450 7469   81  -35
460 7408   81  -49
470 7430   81  -62
480 7473   81  -75
490 7059   81  -90
500 7079   81 -103
510 7222   81 -115
521 7374   81 -122
531 7325   43 -122
541 7366   10 -122
551 7219   10 -117
561 7303   10 -105
572 7198   10  -94
582 7748   10  -81
593 7754   10  -67
604 7798   10  -53
614 7800   10  -40
625 7839   10  -27
99999 0 0 0 
  0 788   71   -1
 11 7889   71   -1
 21 7891   71   -1
 31 7881   71   -1
 41 7764   71   -1
 51 7748   71   -1
 61 7762   71   -1
 71 7410   71   -1
 81 7389   71   -1
 91 7442   71    3
101 7489   71   12
111 7468   71   20
121 7352   71   30
131 7150   71   39
141 7163   71   48
151 7279   71   58
161 7319   30   69
171 7319   30   79
181 7439   30   89
191 7527   30  101
201 7548   30  112
211 7594   30  121
221 7777   30  131
232 7781 -101  140
242 7779 -101  150
252 7647 -101  159
263 7540 -101  167
274 7566 -101  176
285 7625 -101  183
297 7244 -101  188
308 7200 -101  191
319 7217 -101  191
330 7334 -101  191
341 7205  -99  178
352 7228  -99  163
362 6925  -99  148
372 6916  -99  131
382 6965  -99  114
393 7175  -99   94
404 7288  -99   72
414 7288  -99   50
425 7431  -99   25
436 7441  -99    1
446 7453   81  -17
457 7443   81  -29
467 7398   81  -43
478 7374   81  -58
488 7418   81  -72
498 7428   81  -85
509 7250   81 -101
519 7218   81 -114
529 7266   81 -122
539 7376   56 -125
551 7272   14 -125
561 7417   10 -122
571 7135   10 -110
581 7219   10  -98
591 7244   10  -88
601 7752   10  -74
611 7795   10  -62
621 7798   10  -50
631 7837   10  -37
641 7841   10  -25
99999 0 0 0 
  0 788   71   -1
 10 7888   71   -1
 20 7886   71   -1
 30 7801   71   -1
 40 7745   71   -1
 50 7752   71    0
 60 7770   71    0
 71 7761   71    0
 82 7520   71    4
 92 7497   71   11
102 7468   71   19
112 7314   71   28
123 7178   71   38
134 7232   71   48
144 7243   71   58
154 7319   30   67
164 7392   30   79
174 7437   30   90
184 7522   30  100
194 7509   30  112
204 7520   30  121
215 7740   30  131
226 7780 -101  141
237 7783 -101  151
247 7784 -101  160
257 7786 -101  170
269 7575 -101  178
279 7540 -101  183
289 7575 -101  189
300 6956 -101  195
310 6999 -101  198
320 7310 -101  200
330 7350 -101  200
340 7259 -101  200
350 7327  -94  194
360 7178  -94  179
370 7212  -94  166
380 6956  -94  149
391 6986  -94  130
402 7025  -94  111
412 7222  -94   91
422 7333  -94   71
432 7329  -94   48
442 7433  -94   27
453 7445  -94    0
464 7463   81  -18
474 7443   81  -29
484 7370   81  -42
494 7425   81  -55
504 7465   81  -67
515 7443   81  -81
525 7364   81  -95
535 7309   81 -106
546 7317   81 -113
557 7364   43 -113
567 7373   10 -113
577 7382   10 -109
588 7115   10  -95
599 7147   10  -81
610 7172   10  -69
620 7718   10  -55
630 7795   10  -41
641 7797   10  -26
652 7800   10  -12
99999 0 0 0 
  0 788   71   -1
 10 7888   71   -1
 20 7820   71   -1
 30 7750   71   -1
 40 7755   71   -1
 50 7775   71   -1
 60 7443   71   -1
 70 7525   71   -1
 81 7491   71    3
 91 7487   71   11
102 7366   71   20
113 7216   71   31
123 7238   71   40
133 7272   71   50
143 7367   71   59
153 7374   30   70
163 7367   30   81
173 7429   30   91
183 7469   30  103
193 7488   30  115
203 7510   30  127
213 7523   30  137
223 7740 -101  146
234 7780 -101  157
244 7783 -101  167
254 7678 -101  177
264 7534 -101  185
274 7535 -101  193
284 7584 -101  200
294 7138 -101  205
304 7165 -101  210
314 7252 -101  211
324 7351 -101  211
335 7296 -101  211
345 7276  -89  198
356 6905  -89  183
366 6956  -89  168
376 6916  -89  151
386 7040  -89  133
398 7211  -89  111
408 7219  -89   91
418 7395  -89   70
429 7432  -89   45
440 7441  -89   19
451 7461  -89   -8
462 7471   81  -21
473 7416   81  -34
484 7407   81  -47
494 7453   81  -59
505 7005   81  -72
515 7043   81  -85
526 7230   81  -97
536 7378   81 -103
546 7305   40 -105
557 7373    6 -105
567 7304   10 -103
578 7205   10  -91
588 7236   10  -82
598 7748   10  -73
609 7793   10  -61
619 7795   10  -49
630 7800   10  -37
640 7839   10  -25
651 7839   10  -13
99999 0 0 0 
  0 788   71    0
 10 7888   71    0
 20 7889   71    0
 30 7889   71    0
 41 7762   71    0
 51 7750   71    0
 61 7765   71    0
 71 7789   71    0
 81 7508   71    0
 92 7497   71    2
102 7428   71   10
112 7394   71   19
122 7289   71   29
132 7315   71   38
142 7205   71   47
152 7257   71   56
162 7257   30   66
172 7392   30   77
182 7483   30   87
192 7529   30   99
202 7512   30  110
212 7521   30  118
222 7528   30  128
232 7779 -101  137
242 7748 -101  147
252 7602 -101  155
262 7530 -101  163
272 7545 -101  170
284 6969 -101  178
295 7022 -101  183
306 7146 -101  186
316 7322 -101  186
326 7243 -101  186
336 7319 -101  181
347 7104 -101  167
357 7141 -101  151
367 6986 -101  136
377 6938 -101  119
387 6979 -101  101
397 7106 -101   82
407 7326 -101   61
417 7324 -101   41
427 7395 -101   19
437 7442 -101   -6
449 7450   81  -21
459 7422   81  -33
469 7413   81  -46
479 7413   81  -61
490 7459   81  -75
500 7368   81  -89
510 7147   81 -103
522 7082   81 -117
532 7303   81 -124
543 7321   48 -125
554 7170    0 -125
564 7282   10 -119
575 7240   10 -104
585 7130   10  -91
595 7164   10  -80
606 7573   10  -65
616 7791   10  -50
627 7795   10  -36
637 7798   10  -21
647 7837   10   -8
99999 0 0 0 
  0 788   71   -3
 10 7886   71   -3
 20 7838   71   -2
 30 7748   71   -2
 40 7744   71   -2
 50 7765   71   -2
 60 7399   71   -2
 71 7399   71    0
 81 7525   71    5
 91 7491   71   12
101 7454   71   21
111 7310   71   30
121 7268   71   39
131 7306   71   48
141 7291   71   58
151 7332   30   67
161 7323   30   77
172 7433   30   89
182 7458   30  101
194 7500   30  114
205 7514   30  125
215 7664   30  134
225 7742 -101  143
235 7702 -101  153
246 7547 -101  162
256 7545 -101  170
266 7584 -101  177
277 7640 -101  183
287 7201 -101  188
298 7307 -101  190
309 7193 -101  190
320 7323  -99  187
331 7207  -99  173
343 6853  -99  156
353 6913  -99  140
363 6900  -99  123
373 7119  -99  105
384 7138  -99   86
394 7247  -99   66
404 7424  -99   43
414 7428  -99   21
424 7435  -99   -2
434 7449   81  -17
445 7438   81  -29
455 7385   81  -43
466 7409   81  -58
476 7451   81  -71
486 7460   81  -85
497 7212   81 -101
508 7308   81 -115
518 7213   81 -122
528 7332   48 -123
538 7307    0 -123
548 7482   10 -121
558 7218   10 -110
568 7151   10 -101
578 7171   10  -89
588 7784   10  -76
598 7791   10  -65
608 7795   10  -53
618 7798   10  -41
628 7836   10  -29
638 7839   10  -19
99999 0 0 0 
  0 788   71    0
 10 7886   71    0
 20 7885   71    0
 30 7807   71    0
 40 7742   71    0
 50 7745   71    0
 60 7751   71    0
 70 7416   71    0
 80 7400   71    2
 90 7458   71    9
100 7407   71   17
111 7391   71   26
122 7248   71   36
132 7219   71   46
142 7231   71   55
152 7272   37   65
162 7387   30   75
172 7411   30   87
182 7512   30   98
192 7503   30  109
204 7517   30  121
214 7523   30  129
224 7740 -101  139
234 7743 -101  148
245 7665 -101  157
256 7543 -101  167
267 7554 -101  175
277 7605 -101  182
287 7014 -101  187
297 7165 -101  190
307 7081 -101  191
317 7266 -101  191
327 7326  -99  190
339 7105  -99  175
349 7129  -99  160
359 6972  -99  144
369 6927  -99  127
379 6973  -99  110
390 7141  -99   90
401 7327  -99   68
412 7323  -99   43
422 7397  -99   22
432 7439  -99   -1
442 7452   81  -18
453 7435   81  -29
463 7388   81  -43
475 7377   81  -59
486 7424   81  -74
496 7367   81  -89
506 7147   81 -101
517 7089   81 -115
528 7308   81 -122
538 7327   43 -122
550 7222   10 -122
560 7345   10 -115
570 7248   10 -103
580 7135   10  -90
590 7165   10  -78
601 7606   10  -64
611 7790   10  -49
621 7795   10  -37
631 7797   10  -21
99999 0 0 0 
  0 788   71   -1
 11 7885   71   -1
 21 7885   71   -1
 31 7790   71   -1
 41 7744   71   -1
 52 7755   71   -1
 62 7779   71   -1
 72 7400   71   -1
 82 7371   71    0
 92 7483   71    7
102 7400   71   16
113 7388   71   25
123 7232   71   35
133 7263   71   44
144 7283   71   54
155 7326   44   65
166 7354   30   76
176 7483   30   87
186 7523   30   98
196 7510   30  109
206 7731   30  117
216 7738   30  127
226 7742 -101  136
236 7743 -101  145
246 7596 -101  153
256 7535 -101  161
266 7551 -101  169
276 7597 -101  175
287 7120 -101  179
298 7300 -101  183
308 7202 -101  184
318 7222 -102  183
328 7286 -102  181
339 7279 -102  167
350 7173 -102  151
360 6875 -102  135
371 6938 -102  117
382 6979 -102   99
392 7211 -102   79
402 7322 -102   59
413 7320 -102   36
423 7429 -102   13
433 7439 -102   -9
444 7445   81  -22
454 7414   81  -35
465 7333   81  -49
477 7394   81  -65
487 7437   81  -79
497 7378   81  -94
508 7278   81 -109
519 7187   81 -121
529 7247   81 -125
539 7347   23 -125
551 7271   10 -125
561 7404   10 -117
571 7154   10 -105
581 7160   10  -94
592 7179   10  -80
602 7718   10  -68
612 7793   10  -54
623 7797   10  -41
633 7797   10  -29
99999 0 0 0 
  0 788   71   -1
 10 7885   71   -1
 20 7877   71   -1
 30 7758   71   -1
 40 7745   71   -1
 50 7762   71   -1
 60 7392   71   -1
 70 7380   71   -1
 80 7449   71    3
 90 7465   71   11
100 7430   71   20
110 7328   71   29
120 7139   71   39
132 7205   71   49
143 7216   71   59
154 7354   30   70
165 7427   30   81
175 7502   30   93
185 7534   30  104
196 7516   30  115
208 7735   30  125
218 7739 -101  134
228 7742 -101  143
238 7671 -101  152
249 7506 -101  160
260 7538 -101  168
270 7584 -101  175
280 7633 -101  179
291 7025 -101  184
301 7319 -101  185
312 7308 -101  185
322 7259 -101  184
332 7208 -101  171
342 7016 -101  157
352 7070 -101  141
362 6916 -101  124
372 7033 -101  108
383 7065 -101   88
393 7288 -101   68
403 7360 -101   46
413 7360 -101   23
424 7438 -101   -1
434 7449   81  -17
445 7432   81  -29
455 7369   81  -42
465 7367   81  -57
477 7346   81  -73
487 7395   81  -87
498 7074   81 -102
508 7346   81 -117
518 7258   81 -124
528 7300   48 -126
538 7266    6 -126
548 7407   10 -126
559 7382   10 -114
569 7149   10 -103
580 7171   10  -92
590 7680   10  -79
600 7790   10  -67
610 7795   10  -56
621 7797   10  -44
631 7836   10  -32
99999 0 0 0 
  0 788   71    2
 10 7884   71    2
 20 7824   71    2
 30 7747   71    2
 40 7745   71    2
 51 7754   71    2
 61 7384   71    3
 71 7473   71    3
 81 7449   71    8
 91 7430   71   17
101 7238   71   26
111 7238   71   35
121 7219   71   44
131 7270   71   53
141 7280   63   63
151 7356   33   73
161 7427   30   83
171 7455   30   95
182 7448   30  107
192 7493   30  119
204 7548   30  132
215 7559   30  143
225 7740 -101  153
235 7715 -101  162
245 7549 -101  171
255 7547 -101  180
265 7591 -101  188
276 7637 -101  194
286 7155 -101  199
297 7239 -101  201
307 7147 -101  201
317 7282  -98  200
327 7235  -98  187
337 7256  -98  173
347 6921  -98  157
357 6913  -98  139
367 6960  -98  123
377 7099  -98  105
387 7253  -98   85
397 7252  -98   63
408 7395  -98   39
418 7436  -98   16
430 7452   81  -12
441 7456   81  -24
451 7452   81  -37
461 7396   81  -50
472 7340   81  -68
482 7381   81  -85
492 7214   81  -99
502 7269   81 -117
513 7228   81 -134
523 7300   81 -149
534 7285   81 -157
545 7243   50 -157
555 7228   10 -157
565 7178   10 -150
576 7284   10 -135
587 7151   10 -123
597 7420   10 -107
607 7430   10  -93
618 7791   10  -77
628 7794   10  -63
639 7797   10  -49
99999 0 0 0 
  0 788   71    3
 10 7884   71    3
 20 7885   71    3
 30 7884   71    3
 40 7803   71    3
 50 7741   71    3
 61 7740   71    3
 72 7348   71    3
 82 7323   71    3
 92 7415   71    4
102 7496   71   11
112 7482   71   21
122 7376   71   30
132 7213   71   39
142 7229   71   48
152 7206   71   58
162 7353   48   68
172 7356   30   79
182 7443   30   91
193 7439   30  103
203 7478   30  115
213 7502   30  125
224 7659   30  137
235 7667 -101  147
245 7705 -101  157
255 7650 -101  167
267 7530 -101  177
277 7555 -101  186
287 7601 -101  193
297 7012 -101  198
307 7007 -101  202
317 7269 -101  203
327 7283 -101  203
337 7248  -97  200
348 7204  -97  187
359 7026  -97  171
369 7084  -97  155
379 6892  -97  139
390 7013  -97  119
400 7032  -97   99
410 7286  -97   79
421 7356  -97   56
433 7431  -97   29
443 7441  -97    4
453 7457   81  -14
463 7486   81  -26
473 7445   81  -38
483 7381   81  -53
493 7373   81  -69
503 7402   81  -82
513 7348   81 -101
523 7075   81 -117
533 7080   81 -133
543 7144   81 -145
553 7310   81 -152
563 7269   48 -153
573 7287    0 -152
583 7178   10 -147
593 7284   10 -134
603 7181   10 -123
613 7666   10 -111
624 7675   10  -97
634 7790   10  -83
645 7793   10  -70
655 7795   10  -58
666 7797   10  -46
99999 0 0 0 
  0 788   71    5
 10 7884   71    5
 22 7807   71    5
 32 7740   71    5
 42 7734   71    5
 52 7343   71    5
 62 7330   71    5
 72 7415   71    5
 83 7435   71   12
 94 7418   71   22
104 7311   71   31
114 7215   71   40
125 7227   71   49
135 7233   71   59
145 7381   45   69
157 7388   30   82
167 7436   30   93
177 7485   30  104
187 7504   30  115
197 7517   30  125
208 7735   30  134
218 7739   30  143
229 7742 -101  153
240 7779 -101  163
250 7745 -101  173
260 7560 -101  181
270 7570 -101  185
280 7562 -101  191
290 7611 -101  197
301 7025 -101  201
312 7237 -101  203
322 7394 -101  203
332 7294 -101  203
342 7323  -97  198
352 7104  -97  185
362 7133  -97  171
372 7016  -97  153
382 6968  -97  136
392 7011  -97  119
402 7141  -97  101
412 7363  -97   80
422 7359  -97   59
432 7392  -97   36
443 7436  -97   11
453 7453   81  -12
463 7456   81  -22
473 7391   81  -34
483 7371   81  -47
493 7413   81  -58
503 6996   81  -70
513 7036   81  -83
523 7205   81  -96
533 7402   81 -104
543 7312   56 -107
553 7311   14 -107
564 7285   10 -107
574 7402   10  -99
584 7283   10  -87
595 7663   10  -77
607 7746   10  -65
617 7754   10  -52
627 7794   10  -41
637 7793   10  -28
648 7797   10  -15
99999 0 0 0 
  0 788   71   -4
 10 7882   71   -4
 20 7884   71   -4
 30 7860   71   -4
 40 7747   71   -4
 50 7741   71   -4
 60 7761   71   -4
 70 7431   71   -4
 80 7441   71   -4
 90 7565   71    0
100 7459   71    8
110 7404   71   17
120 7313   71   27
130 7185   71   36
140 7219   71   45
150 7245   71   55
160 7398   63   64
170 7392   30   75
181 7424   30   87
191 7429   30   99
202 7503   30  111
213 7500   30  123
223 7479   30  135
235 7734   30  145
246 7738 -101  156
257 7779 -101  167
267 7613 -101  177
279 7529 -101  186
289 7549 -101  193
299 7595 -101  199
310 7120 -101  205
320 7119 -101  209
330 7245 -101  209
340 7321 -101  209
350 7279  -94  206
360 7232  -94  194
370 6899  -94  179
380 6955  -94  165
391 6919  -94  147
401 7037  -94  130
411 7065  -94  111
421 7246  -94   92
431 7387  -94   71
442 7388  -94   45
452 7431  -94   23
463 7450  -94   -3
474 7464   81  -19
484 7438   81  -30
495 7402   81  -45
506 7384   81  -61
516 7418   81  -75
527 7325   81  -92
538 7266   81 -109
550 7350   81 -126
561 7252   81 -137
571 7261   74 -139
581 7270    6 -140
591 7371    0 -139
601 7322   10 -128
611 7133   10 -113
622 7163   10 -102
632 7282   10  -87
643 7787   10  -73
654 7793   10  -58
665 7794   10  -45
675 7831   10  -31
686 7836   10  -18
99999 0 0 0 
  0 788   71    2
 10 7882   71    2
 20 7806   71    2
 30 7740   71    2
 40 7737   71    2
 50 7733   71    2
 60 7468   71    2
 70 7485   71    3
 80 7461   71   10
 90 7443   71   19
101 7260   71   28
111 7280   71   38
122 7228   71   47
132 7242   71   57
143 7353   51   67
153 7350   30   78
163 7438   30   90
173 7466   30  100
184 7505   30  113
194 7500   30  125
204 7582   30  135
214 7592   30  145
225 7736 -101  155
236 7777 -101  166
246 7777 -101  175
257 7600 -101  185
268 7526 -101  191
278 7557 -101  198
288 7609 -101  204
298 6983 -101  208
308 7343 -101  211
318 7259 -101  211
328 7260  -92  211
338 7286  -92  209
348 7271  -92  197
358 7110  -92  183
368 6812  -92  167
378 6875  -92  151
388 6962  -92  134
398 7239  -92  115
408 7250  -92   95
418 7320  -92   74
428 7424  -92   52
439 7429  -92   27
449 7446  -92    3
459 7464   81  -15
469 7386   81  -26
479 7313   81  -37
489 7416   81  -47
499 7464   81  -58
509 7264   81  -70
519 7328   81  -81
529 7274   81  -90
540 7285   65  -95
550 7370   27  -95
560 7434   10  -95
570 7443   10  -89
581 7157   10  -77
591 7192   10  -66
602 7352   10  -53
612 7784   10  -38
624 7791   10  -23
634 7793   10   -9
645 7795   10    4
99999 0 0 0 
  0 788   71   -2
 11 7881   71   -2
 21 7806   71   -2
 31 7742   71   -2
 41 7747   71   -2
 51 7766   71   -2
 61 7789   71   -2
 71 7517   71   -2
 81 7565   71    1
 91 7504   71    7
101 7399   71   17
111 7314   71   27
123 7159   71   38
133 7192   71   48
143 7286   71   58
153 7398   51   67
163 7404   30   78
173 7425   30   89
183 7492   30  100
193 7530   30  111
203 7512   30  122
213 7695   30  131
223 7701   30  140
233 7734 -101  149
243 7740 -101  159
254 7648 -101  169
264 7535 -101  175
275 7534 -101  183
285 7584 -101  190
295 7637 -101  195
305 7239 -101  198
315 7195 -101  199
325 7215 -101  199
335 7333 -101  199
345 7306  -99  189
355 7208  -99  174
366 6907  -99  158
376 6971  -99  141
387 6958  -99  123
397 7134  -99  103
408 7283  -99   83
418 7282  -99   62
428 7422  -99   39
438 7428  -99   15
448 7442  -99   -7
460 7450   81  -22
471 7406   81  -35
481 7363   81  -49
491 7404   81  -61
502 7452   81  -75
514 7212   81  -91
525 7177   81 -103
535 7225   81 -111
545 7331   56 -113
555 7303    6 -113
565 7374   10 -113
575 7090   10 -101
586 7202   10  -86
596 7180   10  -75
607 7521   10  -61
618 7748   10  -45
628 7752   10  -31
638 7789   10  -17
648 7793   10   -3
99999 0 0 0 
