  0 799   80    0
 11 7920   80    0
 21 7813   80    0
 32 7821   80    0
 42 7850   80    0
 52 7351   80    0
 62 7552   80    0
 72 7524   80    1
 82 7579   80   10
 92 7396   80   19
103 7355   80   31
113 7043   80   41
123 7003   80   50
134 7027   80   59
144 7204   73   68
154 7335   64   77
164 7319   54   87
175 7364   50   97
185 7394   50  107
197 7322   50  118
207 7341   50  128
218 7602   50  137
228 7647   50  146
238 7652   50  155
248 7692  -90  165
258 7727  -90  173
268 7725  -90  183
278 7758  -90  192
289 7534  -90  200
299 7527  -90  205
309 7612  -90  213
320 7037  -90  219
330 7064  -90  224
340 7210  -90  225
350 7406  -90  225
362 7398  -75  223
372 7381  -75  211
382 7191  -75  196
392 7070  -75  180
402 7162  -75  161
412 7042  -75  143
422 7182  -75  124
432 7195  -75  103
442 7596  -75   82
452 7671  -75   61
462 7675  -75   38
472 7718  -75   14
482 7728  -75   -8
492 7731   80  -19
502 7737   80  -31
513 7680   80  -44
523 7587   80  -60
533 7612   80  -72
543 7552   80  -87
553 7596   80 -103
564 7208   80 -118
574 7315   80 -127
585 7245   64 -129
595 7386    5 -129
605 7459   10 -129
615 7623   10 -117
626 7270   10 -103
636 7231   10  -91
647 7886   10  -77
657 7894   10  -63
668 7899   10  -49
678 7903   10  -35
689 7904   10  -23
99999 0 0 0 
  0 799   80   -4
 11 7990   80   -4
 21 7828   80   -4
 31 7804   80   -4
 41 7830   80   -4
 51 7833   80   -4
 61 7861   80   -4
 71 7619   80   -3
 81 7636   80    4
 91 7551   80   13
101 7266   80   25
111 7070   80   35
121 7085   80   45
131 7043   80   54
141 7200   77   63
151 7200   69   71
161 7333   59   81
171 7362   50   91
181 7429   50  101
191 7369   50  111
201 7322   50  121
211 7340   50  130
221 7673   50  139
231 7611   50  149
241 7617  -90  157
251 7689  -90  167
262 7725  -90  177
273 7542  -90  187
283 7525  -90  193
294 7610  -90  201
304 7671  -90  208
314 7097  -90  212
325 7235  -90  215
336 7382  -90  215
347 7321  -83  214
358 7373  -83  201
369 7117  -83  185
381 6965  -83  165
392 7046  -83  145
402 7057  -83  126
413 7227  -83  105
424 7232  -83   81
435 7517  -83   57
446 7560  -83   31
456 7609  -83    5
466 7626   80  -14
477 7615   80  -25
488 7516   80  -39
498 7512   80  -52
509 7598   80  -66
519 7222   80  -79
529 7249   80  -92
540 7178   80 -104
551 7383   80 -109
561 7397   27 -110
571 7398    0 -110
581 7430   10 -103
591 7225   10  -91
601 7278   10  -77
611 7624   10  -65
621 7815   10  -51
631 7824   10  -36
641 7897   10  -23
651 7899   10   -8
661 7902   10    5
99999 0 0 0 
  0 798   80   -3
 11 7989   80   -3
 21 7989   80   -3
 31 7929   80   -3
 41 7807   80   -3
 51 7808   80   -3
 61 7841   80   -2
 71 7378   80   -2
 81 7375   80   -2
 91 7589   80   -2
101 7538   80    5
111 7479   80   14
121 7334   80   25
131 7148   80   36
141 7188   80   45
151 7106   80   55
161 7178   75   65
171 7160   63   73
181 7292   50   83
191 7326   50   94
202 7402   50  105
213 7372   50  116
223 7365   50  127
233 7382   50  137
243 7609   50  146
254 7650  -90  157
264 7592  -90  167
275 7518  -90  176
285 7515  -90  182
296 7011  -90  191
306 7067  -90  197
317 7159  -90  202
328 7412  -90  204
338 7299  -90  204
348 7354  -87  203
358 7158  -87  189
368 7181  -87  173
378 7000  -87  157
389 6939  -87  137
399 6995  -87  119
410 7102  -87   99
420 7426  -87   77
431 7496  -87   52
442 7499  -87   25
452 7547  -87    0
462 7563   80  -16
473 7544   80  -29
483 7445   80  -44
494 7457   80  -59
506 7409   80  -77
516 7462   80  -92
527 7132   80 -107
537 7440   80 -120
548 7336   80 -127
558 7348   42 -127
568 7259   10 -127
578 7459   10 -121
589 7312   10 -107
599 7214   10  -96
611 7841   10  -80
622 7853   10  -64
632 7893   10  -51
643 7896   10  -36
653 7899   10  -23
99999 0 0 0 
  0 798   80   -3
 11 7988   80   -3
 22 7939   80   -3
 32 7808   80   -3
 42 7810   80   -3
 52 7836   80   -3
 62 7873   80   -3
 72 7542   80   -3
 82 7521   80   -3
 92 7532   80    5
102 7406   80   16
113 7364   80   27
123 7209   80   38
133 7035   80   47
143 7066   80   56
153 7103   72   65
163 7299   53   74
173 7281   50   84
183 7314   50   93
194 7344   50  105
204 7386   50  115
215 7334   50  125
226 7633   50  135
236 7679  -90  145
247 7685  -90  154
258 7630  -90  164
268 7510  -90  171
278 7531  -90  178
288 7628  -90  185
298 7113  -90  191
308 7126  -90  195
318 7317  -90  196
328 7300  -90  196
339 7243  -87  195
349 7327  -87  180
359 7221  -87  165
369 7285  -87  150
379 6939  -87  131
389 6995  -87  113
399 7028  -87   94
409 7287  -87   73
419 7391  -87   51
431 7498  -87   23
441 7508  -87   -1
451 7523   80  -17
461 7536   80  -28
471 7475   80  -43
481 7417   80  -57
492 7466   80  -73
502 7513   80  -87
512 7451   80 -103
523 7328   80 -118
533 7223   80 -127
543 7305   64 -129
553 7443    6 -129
563 7526   10 -129
573 7507   10 -118
583 7417   10 -106
593 7443   10  -96
603 7420   10  -82
614 7889   10  -68
624 7893   10  -55
635 7896   10  -43
645 7900   10  -30
99999 0 0 0 
  0 798   80   -3
 11 7986   80   -3
 21 7985   80   -3
 31 7839   80   -3
 41 7800   80   -3
 52 7822   80   -3
 62 7858   80   -3
 72 7428   80   -3
 82 7619   80   -2
 92 7569   80    4
102 7405   80   13
112 7228   80   24
123 7192   80   34
134 7033   80   45
144 7070   80   54
154 7276   55   65
164 7274   50   72
174 7325   50   81
184 7327   50   91
195 7352   50  101
205 7349   50  111
216 7367   50  121
227 7382   50  129
238 7675  -90  139
249 7678  -90  149
259 7607  -90  158
270 7484  -90  165
280 7528  -90  171
291 7552  -90  179
301 7607  -90  185
311 7269  -90  189
321 7407  -90  189
331 7273  -84  189
341 7357  -84  189
351 7300  -84  177
361 7328  -84  162
372 7008  -84  145
382 6940  -84  129
392 7001  -84  111
402 7213  -84   91
412 7367  -84   71
422 7366  -84   49
432 7509  -84   25
442 7551  -84    1
452 7561   80  -15
462 7555   80  -26
472 7503   80  -40
482 7419   80  -55
492 7476   80  -69
502 7453   80  -83
512 7502   80  -99
522 7187   80 -115
532 7312   80 -126
542 7221   80 -131
553 7349   31 -132
563 7331    0 -132
573 7522   10 -126
583 7202   10 -112
594 7208   10 -100
606 7838   10  -84
616 7848   10  -70
627 7853   10  -56
637 7892   10  -43
648 7896   10  -30
658 7896   10  -17
99999 0 0 0 
  0 798   80   -3
 11 7984   80   -3
 21 7984   80   -3
 31 7864   80   -3
 41 7800   80   -3
 51 7813   80   -3
 61 7846   80   -3
 71 7347   80   -3
 82 7616   80   -3
 92 7577   80    4
102 7532   80   13
112 7176   80   23
122 7146   80   33
132 7010   80   43
142 7067   80   52
152 7082   80   61
162 7153   50   69
173 7330   50   79
183 7299   50   90
193 7353   50   99
204 7298   50  109
215 7360   50  120
226 7374   50  129
236 7630  -90  138
246 7675  -90  147
257 7681  -90  157
268 7545  -90  166
279 7511  -90  173
291 7601  -90  181
301 7658  -90  188
311 7129  -90  193
321 7426  -90  195
331 7297  -90  195
341 7331  -77  194
351 7231  -77  185
361 7239  -77  170
371 7101  -77  154
382 6946  -77  137
392 7017  -77  118
403 7129  -77   98
414 7506  -77   76
426 7582  -77   51
436 7585  -77   29
446 7624  -77    6
456 7629   80  -12
467 7616   80  -23
477 7590   80  -36
488 7507   80  -51
498 7548   80  -63
508 7518   80  -76
519 7095   80  -91
530 7417   80 -105
540 7308   80 -112
550 7340   48 -115
560 7349   14 -115
571 7468   10 -112
581 7349   10  -99
592 7196   10  -85
603 7228   10  -72
613 7808   10  -58
624 7851   10  -43
635 7890   10  -27
646 7893   10  -13
657 7894   10    1
99999 0 0 0 
  0 794   80   -7
 10 7947   80   -7
 20 7948   80   -7
 30 7913   80   -7
 40 7772   80   -7
 51 7769   80   -7
 61 7801   80   -7
 71 7374   80   -7
 81 7395   80   -7
 91 7545   80   -5
101 7595   80    2
113 7470   80   13
123 7429   80   25
133 7091   80   35
143 7065   80   45
153 7102   80   53
163 7180   76   62
173 7274   57   71
183 7247   50   81
193 7326   50   90
203 7341   50  101
213 7374   50  110
223 7290   50  119
233 7624   50  128
243 7636   50  137
253 7641  -90  145
263 7678  -90  153
273 7678  -90  162
283 7644  -90  171
293 7514  -90  179
303 7529  -90  185
313 7581  -90  193
323 7031  -90  198
333 7055  -90  203
343 7399  -90  204
353 7350  -90  204
364 7290  -90  204
375 7300  -75  189
385 7109  -75  173
396 7212  -75  156
407 6949  -75  137
418 7081  -75  116
428 7466  -75   97
439 7480  -75   75
450 7592  -75   51
460 7664  -75   29
471 7668  -75    3
482 7675   80  -15
492 7663   80  -27
504 7566   80  -40
514 7553   80  -54
524 7595   80  -66
535 7427   80  -79
545 7458   80  -91
555 7359   80 -103
565 7361   80 -108
575 7288    0 -109
585 7383    0 -109
596 7432   10 -105
606 7528   10  -92
617 7214   10  -80
628 7484   10  -67
638 7848   10  -53
649 7853   10  -39
659 7890   10  -26
669 7894   10  -14
680 7894   10   -1
99999 0 0 0 
  0 794   80   -3
 10 7947   80   -3
 20 7944   80   -3
 30 7945   80   -3
 40 7801   80   -3
 50 7761   80   -3
 60 7780   80   -3
 72 7360   80   -3
 83 7389   80   -3
 93 7558   80   -3
103 7573   80    3
114 7481   80   13
124 7338   80   25
134 7101   80   35
145 7140   80   45
155 7098   80   55
166 7211   75   65
178 7262   60   76
189 7243   50   87
200 7333   50   98
211 7363   50  109
222 7320   50  121
233 7337   50  130
244 7670   50  141
254 7677  -90  150
264 7679  -90  159
274 7516  -90  168
284 7506  -90  173
294 7542  -90  181
304 7563  -90  189
314 7222  -90  193
324 7208  -90  197
334 7266  -90  197
344 7383  -90  197
354 7340  -97  193
365 7299  -97  179
375 6983  -97  163
385 7059  -97  145
395 6952  -97  127
405 7108  -97  109
415 7132  -97   89
425 7277  -97   68
435 7491  -97   45
447 7495  -97   17
457 7510  -97   -8
468 7517   80  -20
478 7482   80  -32
489 7389   80  -47
499 7462   80  -61
510 7483   80  -77
522 7112   80  -95
532 7115   80 -109
542 7306   80 -120
552 7398   80 -125
562 7349   31 -125
573 7391   10 -125
583 7194   10 -117
594 7280   10 -103
604 7213   10  -91
614 7798   10  -77
625 7808   10  -63
635 7849   10  -49
645 7889   10  -35
657 7892   10  -20
99999 0 0 0 
  0 794   80   -3
 11 7944   80   -3
 21 7856   80   -3
 31 7759   80   -3
 41 7767   80   -3
 51 7798   80   -3
 61 7796   80   -3
 71 7570   80   -3
 82 7538   80   -2
 92 7502   80    8
103 7307   80   18
114 7118   80   30
124 7151   80   41
134 7048   80   50
144 7213   80   58
154 7207   71   68
164 7256   57   77
174 7310   50   87
184 7357   50   97
194 7349   50  107
204 7308   50  117
214 7327   50  126
224 7623   50  134
234 7600   50  144
244 7606  -90  152
254 7678  -90  161
264 7678  -90  170
274 7561  -90  180
284 7479  -90  186
295 7548  -90  193
305 7604  -90  201
315 7045  -90  206
325 7285  -90  210
335 7172  -90  211
345 7315  -90  211
355 7344  -77  209
365 7334  -77  196
375 7110  -77  181
385 6955  -77  165
395 7041  -77  147
405 7058  -77  129
416 7235  -77  109
426 7253  -77   88
437 7544  -77   64
447 7582  -77   42
457 7583  -77   21
467 7630  -77   -4
477 7636   80  -17
487 7591   80  -27
497 7498   80  -40
507 7521   80  -50
517 7185   80  -64
527 7221   80  -73
537 7243   80  -85
549 7436   80  -96
560 7336   66  -99
570 7359   12  -99
580 7349   10  -99
591 7489   10  -88
601 7301   10  -75
612 7648   10  -64
622 7663   10  -51
633 7848   10  -36
644 7849   10  -22
654 7889   10   -8
664 7890   10    4
99999 0 0 0 
  0 794   80  -10
 11 7943   80  -10
 21 7943   80  -10
 31 7938   80  -10
 41 7775   80  -10
 51 7761   80  -10
 62 7818   80  -10
 72 7294   80  -10
 83 7259   80   -7
 93 7336   80   -3
103 7445   80    5
114 7412   80   16
124 7432   80   27
134 7196   80   37
146 7133   80   47
156 7137   80   55
166 7084   75   64
176 7205   65   73
187 7188   52   82
198 7312   50   93
208 7342   50  102
218 7377   50  112
228 7326   50  121
238 7551   50  129
249 7559   50  137
259 7600   50  146
270 7673  -90  155
282 7673  -90  165
293 7492  -90  174
303 7517  -90  180
314 7534  -90  188
326 7174  -90  195
336 7194  -90  198
346 7298  -90  200
356 7415  -90  200
366 7355  -90  200
376 7333  -93  188
386 6994  -93  172
397 7054  -93  155
407 6952  -93  138
418 7058  -93  117
428 7096  -93   98
439 7281  -93   77
449 7455  -93   54
459 7458  -93   30
469 7535  -93    5
479 7516   80  -13
489 7508   80  -25
499 7464   80  -38
509 7411   80  -54
521 7451   80  -70
531 7501   80  -86
541 7118   80 -101
551 7315   80 -114
561 7212   80 -124
571 7377   73 -128
581 7405   23 -128
591 7436   10 -128
601 7197   10 -119
611 7270   10 -107
621 7313   10  -95
631 7794   10  -81
641 7771   10  -67
651 7776   10  -55
661 7849   10  -41
671 7889   10  -27
681 7889   10  -14
99999 0 0 0 
  0 794   80   -4
 10 7943   80   -4
 20 7941   80   -4
 30 7804   80   -4
 40 7761   80   -4
 50 7776   80   -4
 60 7773   80   -4
 70 7375   80   -4
 80 7388   80   -4
 90 7582   80   -1
100 7516   80    8
110 7451   80   18
120 7142   80   29
130 7033   80   39
140 7072   80   48
150 7100   80   57
160 7207   75   65
170 7192   63   73
180 7318   50   83
190 7316   50   93
200 7358   50  103
210 7321   50  112
221 7282   50  121
231 7298   50  131
241 7523   50  139
251 7668   50  148
261 7673  -90  157
271 7673  -90  165
281 7577  -90  174
292 7513  -90  181
303 7553  -90  189
313 7573  -90  196
324 7298  -90  201
334 7264  -90  204
345 7272  -90  204
356 7368  -90  204
366 7338  -87  195
376 7306  -87  180
386 6928  -87  165
396 6999  -87  148
406 6960  -87  129
416 7185  -87  110
426 7207  -87   89
437 7314  -87   67
447 7492  -87   43
457 7496  -87   19
467 7509  -87   -6
477 7516   80  -20
487 7491   80  -32
498 7425   80  -47
508 7464   80  -63
519 7445   80  -77
530 7495   80  -94
540 7224   80 -109
550 7311   80 -121
561 7211   80 -127
571 7336   35 -128
581 7304    0 -128
592 7511   10 -121
602 7171   10 -107
613 7170   10  -96
625 7831   10  -80
635 7839   10  -67
646 7845   10  -53
656 7849   10  -40
667 7852   10  -27
678 7889   10  -15
99999 0 0 0 
  0 794   80   -3
 11 7941   80   -3
 21 7941   80   -3
 32 7912   80   -3
 42 7770   80   -3
 53 7762   80   -3
 63 7793   80   -3
 73 7329   80   -3
 83 7355   80   -3
 93 7565   80    1
103 7533   80    9
114 7449   80   20
124 7036   80   31
135 6998   80   41
146 7056   80   51
156 7072   80   60
166 7180   70   68
176 7321   57   77
186 7328   50   87
196 7323   50   97
207 7282   50  107
217 7309   50  117
228 7363   50  127
239 7588   50  136
249 7596   50  145
259 7637  -90  153
269 7673  -90  163
279 7671  -90  171
290 7556  -90  181
300 7513  -90  187
311 7517  -90  195
321 7575  -90  201
331 7119  -90  206
341 7303  -90  209
351 7171  -90  209
361 7305  -90  209
371 7338  -80  205
381 7331  -80  191
391 7049  -80  176
401 6933  -80  159
412 7015  -80  141
422 7061  -80  121
432 7263  -80  102
443 7272  -80   81
453 7523  -80   58
463 7560  -80   35
474 7568  -80   10
484 7582   80  -11
494 7616   80  -22
504 7510   80  -34
514 7460   80  -47
524 7533   80  -59
534 7579   80  -71
544 7055   80  -83
555 7252   80  -95
566 7419   80 -104
576 7341   57 -106
586 7343    6 -106
596 7293   10 -105
606 7395   10  -95
616 7265   10  -83
626 7753   10  -72
636 7766   10  -60
646 7841   10  -48
656 7849   10  -35
666 7851   10  -23
676 7888   10  -11
686 7890   10    0
99999 0 0 0 
  0 794   80   -7
 10 7940   80   -7
 20 7921   80   -7
 30 7779   80   -7
 40 7758   80   -7
 50 7781   80   -7
 60 7817   80   -7
 70 7455   80   -7
 82 7556   80   -6
 93 7467   80    1
104 7436   80   13
114 7289   80   24
124 7295   80   33
134 7048   80   43
145 7086   80   53
155 7204   79   62
165 7194   68   70
176 7281   55   80
187 7299   50   91
198 7344   50  101
208 7322   50  112
219 7351   50  121
229 7367   50  131
239 7484   50  139
250 7632  -90  149
260 7636  -90  157
271 7637  -90  167
281 7506  -90  176
292 7513  -90  182
303 7559  -90  191
313 7545  -90  197
323 7153  -90  201
334 7101  -90  204
344 7289  -90  204
354 7330  -90  204
364 7304  -87  195
375 7202  -87  179
386 7048  -87  161
397 6915  -87  141
408 6978  -87  122
418 7094  -87  102
429 7353  -87   78
439 7350  -87   57
449 7459  -87   31
460 7500  -87    6
470 7519   80  -14
480 7508   80  -24
490 7446   80  -39
502 7419   80  -55
513 7463   80  -70
523 7443   80  -85
533 7089   80  -99
544 7043   80 -114
555 7280   80 -123
566 7319   57 -124
577 7253    0 -124
587 7445   10 -119
597 7329   10 -107
607 7162   10  -95
617 7183   10  -83
627 7800   10  -68
637 7841   10  -55
647 7845   10  -42
657 7849   10  -29
667 7851   10  -17
99999 0 0 0 
  0 793   80   -4
 10 7938   80   -4
 20 7831   80   -4
 30 7756   80   -4
 40 7766   80   -4
 50 7800   80   -4
 60 7336   80   -4
 70 7497   80   -4
 80 7469   80    0
 90 7522   80    8
100 7337   80   19
110 7303   80   29
120 6960   80   39
130 7026   80   48
140 7048   80   56
150 7193   72   64
160 7250   55   73
170 7229   50   81
180 7298   50   91
190 7297   50  101
202 7229   50  112
212 7250   50  121
222 7583   50  129
232 7558   50  137
242 7562  -90  146
252 7671  -90  155
262 7671  -90  164
272 7537  -90  173
282 7506  -90  179
293 7539  -90  187
303 7593  -90  193
313 7003  -90  199
324 7379  -90  203
334 7267  -90  203
345 7271  -90  203
356 7300  -77  196
367 7122  -77  181
378 7190  -77  163
389 6942  -77  143
400 7006  -77  125
410 7050  -77  105
421 7425  -77   84
432 7503  -77   60
443 7610  -77   37
453 7616  -77   13
464 7623   80  -11
474 7620   80  -21
484 7584   80  -33
495 7498   80  -47
505 7521   80  -59
515 7572   80  -73
526 7543   80  -87
537 7359   80 -101
547 7362   80 -109
557 7281   56 -112
567 7387   14 -112
577 7338   10 -112
587 7473   10 -101
598 7147   10  -88
608 7216   10  -76
619 7231   10  -63
630 7807   10  -48
640 7847   10  -33
650 7848   10  -20
660 7849   10   -7
99999 0 0 0 
  0 793   80   -7
 10 7937   80   -7
 21 7937   80   -7
 32 7930   80   -7
 42 7770   80   -7
 52 7755   80   -7
 62 7787   80   -7
 72 7320   80   -7
 82 7490   80   -7
 92 7477   80   -6
102 7571   80    0
114 7438   80   11
124 7392   80   21
134 7118   80   32
144 7087   80   42
154 7123   80   51
164 7104   80   60
174 7234   70   69
184 7213   57   77
194 7302   50   87
204 7314   50   97
215 7358   50  107
226 7315   50  117
236 7542   50  126
247 7556   50  135
258 7597   50  145
269 7634   50  154
279 7668  -90  163
289 7671  -90  172
299 7670  -90  180
309 7516  -90  189
319 7473  -90  195
330 7510  -90  203
341 7008  -90  209
352 7048  -90  214
363 7205  -90  217
373 7361  -90  217
384 7361  -90  216
394 7335  -75  205
405 7141  -75  189
415 6937  -75  173
425 7025  -75  156
436 7020  -75  135
447 7161  -75  116
459 7541  -75   92
469 7544  -75   70
479 7582  -75   48
489 7622  -75   25
499 7630  -75    1
509 7640   80  -16
519 7665   80  -27
529 7626   80  -40
539 7545   80  -55
549 7492   80  -70
560 7530   80  -85
570 7472   80 -102
581 7218   80 -119
592 7143   80 -132
602 7215   80 -140
612 7340   56 -141
624 7248    0 -141
634 7331   10 -136
644 7014   10 -123
654 7096   10 -110
664 7153   10  -98
674 7464   10  -84
684 7797   10  -68
694 7804   10  -55
705 7844   10  -40
715 7847   10  -27
99999 0 0 0 
