  0 794   80   -5
 10 7943   80   -5
 21 7943   80   -5
 31 7887   80   -5
 41 7761   80   -5
 51 7762   80   -5
 62 7794   80   -5
 72 7333   80   -5
 84 7564   80   -3
 94 7509   80    1
104 7549   80    9
114 7478   80   19
124 7461   80   31
134 7100   80   41
144 7004   80   53
154 7041   77   64
164 7195   65   76
174 7261   53   87
184 7271   50  100
194 7395   50  113
204 7419   50  127
214 7443   50  141
224 7493  -90  154
234 7681  -90  167
244 7688  -90  180
254 7440  -90  192
265 7469  -90  201
275 7527  -90  213
285 7272  -90  223
296 6983  -90  231
307 6884  -90  236
318 7194  -90  236
329 7253  -90  236
339 7027  -75  225
349 7044  -75  209
359 6923  -75  193
370 6915  -75  175
380 6981  -75  156
391 7059  -75  136
401 7468  -75  116
411 7477  -75   95
421 7550  -75   74
432 7620  -75   49
444 7629  -75   21
454 7638  -75   -3
465 7675   80  -15
475 7647   80  -27
485 7531   80  -39
495 7546   80  -52
506 7555   80  -65
516 7604   80  -80
526 7133   80  -93
537 7279   80 -105
547 7168   80 -111
557 7354   39 -112
567 7368    0 -112
579 7175   10 -106
589 7273   10  -92
599 7204   10  -81
609 7792   10  -68
619 7804   10  -55
629 7848   10  -41
639 7849   10  -28
649 7852   10  -15
659 7852   10   -3
99999 0 0 0 
  0 794   80    5
 10 7940   80    5
 20 7895   80    5
 30 7759   80    5
 40 7756   80    5
 50 7786   80    5
 60 7273   80    5
 70 7246   80    5
 80 7393   80   13
 90 7302   80   22
100 7274   80   33
110 7093   80   43
120 7054   80   54
130 7082   75   65
140 7171   64   76
150 7225   52   89
160 7236   50  101
170 7387   50  114
180 7376   50  127
190 7406   50  141
200 7490  -90  154
211 7643  -90  169
221 7520  -90  182
231 7435  -90  192
241 7497  -90  204
251 7555  -90  213
261 6904  -90  222
272 7093  -90  230
283 7272  -90  232
293 7204  -90  232
303 7241  -90  229
313 6879  -75  216
324 6913  -75  200
334 6846  -75  183
345 6937  -75  164
355 6995  -75  145
365 7134  -75  125
375 7506  -75  105
385 7510  -75   85
395 7582  -75   63
405 7618  -75   41
415 7624  -75   17
425 7636  -75   -5
436 7673   80  -17
446 7598   80  -29
456 7493   80  -43
467 7510   80  -56
478 7524   80  -71
489 7573   80  -87
499 7197   80  -99
509 7322   80 -111
519 7229   80 -116
530 7346   31 -116
540 7290   10 -116
551 7495   10 -108
561 7198   10  -95
572 7170   10  -83
584 7796   10  -67
594 7804   10  -52
605 7810   10  -38
615 7848   10  -23
625 7851   10  -11
99999 0 0 0 
  0 793   80   -1
 10 7938   80   -1
 20 7847   80   -1
 31 7756   80   -1
 41 7761   80   -1
 51 7753   80   -1
 61 7464   80    0
 73 7421   80    6
 83 7383   80   15
 93 7304   80   24
103 7144   80   34
113 7150   80   45
123 7027   80   56
133 7081   77   66
143 7090   69   77
153 7282   62   90
163 7325   53  103
173 7361   50  116
183 7389   50  129
193 7394   50  143
203 7415   50  157
213 7500  -90  172
224 7688  -90  186
234 7685  -90  199
244 7465  -90  211
254 7437  -90  221
265 7492  -90  233
275 6992  -90  243
285 7010  -90  252
295 6911  -90  256
305 7163  -90  257
315 7252  -90  257
325 7238  -75  251
335 7027  -75  237
346 6844  -75  220
356 6947  -75  203
366 6914  -75  185
376 6997  -75  166
388 7459  -75  142
399 7469  -75  121
409 7545  -75  100
419 7618  -75   77
429 7620  -75   53
440 7629  -75   29
451 7641  -75    3
461 7646   80  -12
471 7601   80  -23
483 7484   80  -37
493 7553   80  -46
503 7602   80  -58
513 7044   80  -70
523 7304   80  -80
533 7211   80  -89
543 7358   64  -91
553 7349    6  -91
563 7450   10  -91
573 7306   10  -82
583 7183   10  -71
593 7214   10  -60
603 7797   10  -48
613 7839   10  -35
624 7844   10  -20
634 7848   10   -8
644 7849   10    4
99999 0 0 0 
  0 790   81    4
 11 7899   81    4
 22 7753   81    4
 32 7708   81    4
 42 7729   81    4
 52 7764   81    4
 62 7784   81    4
 72 7430   81    7
 82 7424   81   15
 92 7350   81   25
102 7112   81   36
112 6985   81   47
123 7024   81   59
133 7052   75   71
143 7134   67   83
153 7131   59   95
163 7300   50  109
174 7391   50  123
184 7427   50  139
194 7377   50  153
204 7637  -91  167
215 7644  -91  181
225 7688  -91  194
235 7539  -91  207
247 7462  -91  219
257 7499  -91  231
267 7523  -91  241
277 6975  -91  249
287 6946  -91  257
297 7036  -91  259
307 7242  -91  259
317 7207  -91  259
328 7234  -75  246
338 6795  -75  232
348 6902  -75  215
358 6882  -75  197
368 6976  -75  179
380 7017  -75  157
391 7356  -75  136
401 7538  -75  115
412 7578  -75   91
422 7581  -75   68
433 7622  -75   43
443 7632  -75   20
453 7643  -75   -4
463 7678   81  -15
473 7650   81  -26
483 7590   81  -39
493 7529   81  -53
503 7515   81  -67
513 7562   81  -81
523 7427   81  -97
533 7133   81 -111
543 7030   81 -120
553 7259   65 -125
563 7380   31 -125
573 7409   10 -125
584 7321   10 -116
594 7182   10 -103
604 7229   10  -89
614 7396   10  -76
625 7690   10  -62
635 7699   10  -47
646 7844   10  -32
657 7845   10  -18
99999 0 0 0 
  0 790   81    0
 10 7900   81    0
 22 7899   81    0
 32 7726   81    0
 42 7704   81    0
 52 7735   81    0
 62 7759   81    0
 73 7346   81    3
 83 7401   81   11
 94 7351   81   21
104 7204   81   31
114 7026   81   42
126 6939   81   54
136 6962   78   65
146 7043   71   77
156 7276   63   89
166 7288   54  101
176 7363   50  114
186 7389   50  129
196 7429   50  142
206 7450   50  157
216 7566  -91  170
226 7573  -91  183
236 7684  -91  197
246 7499  -91  209
256 7429  -91  219
266 7468  -91  229
276 6858  -91  240
286 6908  -91  249
296 7007  -91  255
307 7227  -91  257
317 7161  -91  257
327 7241  -75  254
337 6950  -75  241
347 6986  -75  225
357 6876  -75  210
367 6889  -75  193
378 6948  -75  172
389 7056  -75  151
400 7466  -75  129
412 7577  -75  105
422 7581  -75   82
432 7619  -75   59
443 7626  -75   33
454 7637  -75    8
464 7679  -75   -9
474 7633   81  -20
484 7590   81  -31
495 7529   81  -47
505 7488   81  -62
517 7394   81  -77
527 7447   81  -93
538 7074   81 -108
549 7294   81 -120
559 7196   81 -125
569 7256   31 -126
579 7236    0 -126
589 7202   10 -119
599 7283   10 -107
609 7121   10  -95
621 7713   10  -79
631 7724   10  -64
641 7801   10  -51
651 7804   10  -39
662 7810   10  -24
672 7845   10  -11
99999 0 0 0 
  0 789   81    4
 11 7897   81    4
 21 7762   81    4
 31 7706   81    4
 41 7716   81    4
 51 7179   81    4
 62 7150   81    5
 72 7271   81   12
 83 7343   81   21
 94 7173   81   33
104 7168   81   44
114 6972   81   54
124 6994   80   65
134 7008   72   77
144 7230   65   89
154 7274   58  103
165 7321   50  117
176 7360   50  133
186 7394   50  147
197 7414   50  162
208 7602  -91  177
218 7610  -91  192
229 7685  -91  207
239 7470  -91  219
249 7431  -91  228
259 7511  -91  239
269 7574  -91  249
279 6905  -91  257
289 7237  -91  264
299 7112  -91  265
309 7193  -91  265
319 7130  -91  264
329 7125  -75  249
339 6944  -75  233
350 6765  -75  217
361 6861  -75  197
371 6972  -75  178
381 7255  -75  159
391 7272  -75  137
401 7459  -75  115
411 7574  -75   92
422 7581  -75   69
432 7626  -75   45
442 7636  -75   21
452 7644  -75   -3
462 7678   81  -15
472 7654   81  -25
482 7593   81  -39
493 7528   81  -55
503 7480   81  -68
514 7423   81  -85
525 7465   81 -101
535 7250   81 -115
545 7272   81 -124
555 7203   65 -127
565 7279   14 -127
576 7252   10 -127
586 7412   10 -115
597 7094   10 -100
607 7132   10  -88
619 7755   10  -72
630 7763   10  -56
641 7804   10  -41
651 7841   10  -27
661 7844   10  -15
99999 0 0 0 
  0 789   81    3
 11 7896   81    3
 22 7896   81    3
 32 7763   81    3
 42 7703   81    3
 52 7721   81    4
 62 7734   81    4
 72 7213   81    3
 82 7358   81    8
 92 7322   81   17
102 7323   81   26
112 7164   81   37
122 7175   81   48
132 6949   81   58
142 7004   77   69
152 7016   69   81
162 7245   63   93
172 7329   55  107
182 7359   50  120
192 7386   50  135
202 7381   50  149
213 7405   50  164
224 7527  -91  180
234 7606  -91  193
244 7561  -91  208
255 7399  -91  219
266 7481  -91  232
277 7476  -91  245
288 7531  -91  254
299 6895  -91  263
310 7182  -91  265
322 7215  -91  265
332 7196  -76  260
343 7016  -76  247
353 6821  -76  231
363 6927  -76  214
373 6896  -76  197
384 6987  -76  177
395 7018  -76  157
405 7459  -76  137
415 7497  -76  115
425 7497  -76   93
436 7572  -76   69
446 7581  -76   45
458 7630  -76   17
468 7638  -76   -7
479 7640   81  -18
489 7640   81  -31
499 7541   81  -44
509 7491   81  -59
520 7496   81  -73
532 7445   81  -91
542 7464   81 -107
553 7262   81 -119
563 7262   81 -124
574 7218   31 -125
584 7273    0 -125
594 7334   10 -119
604 7435   10 -105
615 7124   10  -93
626 7180   10  -79
637 7798   10  -64
647 7798   10  -51
657 7803   10  -38
668 7841   10  -24
678 7842   10  -12
99999 0 0 0 
  0 789   81    5
 10 7894   81    5
 20 7894   81    5
 30 7892   81    5
 40 7722   81    5
 50 7699   81    5
 60 7718   81    6
 70 7210   81    6
 80 7180   81    7
 90 7283   81   15
100 7272   81   24
110 7262   81   34
120 7100   81   44
130 6952   81   55
140 6970   79   65
150 7048   72   77
160 7231   65   89
170 7244   58  102
180 7341   50  116
190 7327   50  129
200 7374   50  145
210 7401   50  158
220 7520  -91  173
230 7528  -91  187
241 7643  -91  202
251 7502  -91  215
263 7423  -91  226
273 7459  -91  237
283 7523  -91  249
293 6934  -91  258
303 6892  -91  265
313 7153  -91  267
323 7229  -91  267
333 7200  -91  267
344 7087  -76  252
354 6855  -76  237
364 6964  -76  221
375 6880  -76  201
385 6973  -76  183
396 7013  -76  161
406 7418  -76  141
416 7497  -76  120
426 7497  -76  100
436 7606  -76   77
447 7610  -76   52
458 7620  -76   25
468 7630  -76    1
478 7638   81  -13
488 7651   81  -25
498 7597   81  -37
508 7488   81  -51
518 7471   81  -64
528 7514   81  -79
538 7451   81  -93
548 7274   81 -108
558 7179   81 -119
568 7261   81 -123
578 7317   23 -124
588 7302    0 -123
598 7317   10 -116
608 7054   10 -103
619 7112   10  -89
629 7139   10  -76
639 7719   10  -62
650 7726   10  -47
660 7800   10  -32
671 7804   10  -18
681 7804   10   -3
99999 0 0 0 
  0 789   81    4
 10 7893   81    4
 20 7837   81    4
 30 7708   81    4
 40 7706   81    4
 50 7731   81    4
 60 7191   81    4
 70 7293   81    6
 80 7261   81   14
 90 7325   81   24
100 7161   81   34
110 7156   81   44
120 6971   81   55
130 7034   79   66
140 7049   72   77
150 7202   65   89
160 7272   57  102
170 7321   50  117
180 7349   50  130
190 7350   50  145
200 7368   50  159
210 7593  -91  173
221 7602  -91  188
233 7679  -91  203
243 7467  -91  215
253 7392  -91  225
263 7475  -91  236
273 7538  -91  247
284 6901  -91  256
295 7193  -91  261
306 7083  -91  262
317 7177  -76  261
327 7124  -76  253
339 6888  -76  236
350 6986  -76  219
360 6856  -76  202
371 6961  -76  181
381 7001  -76  162
391 7378  -76  141
401 7493  -76  122
411 7497  -76  101
421 7569  -76   77
432 7574  -76   53
443 7619  -76   27
453 7630  -76    1
463 7636   81  -11
473 7616   81  -23
483 7563   81  -35
493 7501   81  -49
503 7420   81  -64
513 7462   81  -77
523 7437   81  -92
533 7284   81 -108
543 7193   81 -120
553 7238   81 -127
563 7328   48 -127
573 7304   10 -127
583 7265   10 -124
593 6950   10 -111
603 7056   10  -96
613 7106   10  -84
623 7525   10  -68
633 7539   10  -55
643 7789   10  -40
653 7797   10  -24
664 7801   10   -9
99999 0 0 0 
  0 789   81    1
 10 7892   81    1
 20 7890   81    1
 30 7889   81    1
 40 7745   81    1
 50 7697   81    1
 60 7722   81    1
 71 7760   81    1
 81 7265   81    1
 91 7336   81    6
102 7241   81   16
113 7302   81   28
123 7210   81   39
134 6969   81   51
144 7007   81   62
154 7024   75   73
164 7204   70   85
174 7200   62   98
184 7292   55  113
194 7347   50  126
204 7385   50  141
214 7376   50  155
224 7476   50  171
235 7488  -91  186
246 7569  -91  202
256 7495  -91  215
266 7422  -91  225
276 7465  -91  238
286 7492  -91  249
296 7531  -91  258
306 6877  -91  265
317 7173  -91  268
329 7180  -91  268
339 7159  -76  263
349 6980  -76  248
359 6814  -76  233
369 6911  -76  217
379 6886  -76  200
389 6945  -76  180
400 6979  -76  161
410 7419  -76  140
420 7496  -76  118
430 7497  -76   98
440 7604  -76   75
451 7609  -76   49
461 7620  -76   25
472 7632  -76   -1
483 7636   81  -15
494 7606   81  -28
505 7508   81  -43
516 7488   81  -59
526 7490   81  -72
537 7539   81  -88
548 7461   81 -104
558 7238   81 -117
569 7234   81 -123
579 7184   35 -124
589 7272    0 -124
599 7322   10 -119
610 7425   10 -105
621 7117   10  -93
631 7138   10  -80
642 7149   10  -65
652 7794   10  -51
663 7798   10  -37
675 7801   10  -22
685 7806   10  -10
99999 0 0 0 
  0 788   81    2
 11 7889   81    2
 21 7890   81    2
 31 7792   81    2
 41 7703   81    2
 51 7707   81    2
 61 7708   81    2
 71 7688   81    3
 81 7344   81   10
 91 7310   81   19
101 7318   81   29
111 7023   81   39
121 7037   81   49
131 6948   81   60
141 7031   76   71
151 7037   71   82
161 7156   64   95
171 7308   58  108
181 7341   51  121
192 7339   50  137
202 7349   50  151
212 7370   50  165
223 7450  -91  181
234 7637  -91  196
245 7566  -91  211
256 7391  -91  221
267 7442  -91  234
278 7188  -91  247
290 6964  -91  257
301 6911  -91  265
311 7177  -91  267
321 7224  -91  267
331 7198  -76  264
342 6978  -76  250
352 6797  -76  234
362 6906  -76  217
372 6880  -76  201
382 6973  -76  181
393 7010  -76  162
403 7418  -76  142
414 7496  -76  120
425 7568  -76   95
435 7569  -76   73
445 7572  -76   49
455 7619  -76   25
465 7630  -76    2
475 7636   81  -12
485 7615   81  -24
495 7563   81  -36
505 7489   81  -51
515 7438   81  -63
525 7480   81  -78
535 7491   81  -93
545 7309   81 -107
555 7209   81 -117
565 7223   74 -122
575 7305   31 -123
585 7311    0 -123
595 7289   10 -115
605 7151   10 -103
615 7209   10  -88
625 7203   10  -76
635 7749   10  -63
645 7757   10  -49
655 7797   10  -35
665 7835   10  -21
675 7837   10   -7
99999 0 0 0 
  0 788   81    2
 10 7888   81    2
 20 7888   81    2
 30 7888   81    2
 40 7750   81    2
 50 7694   81    2
 60 7711   81    2
 70 7721   81    2
 80 7165   81    2
 90 7320   81    8
100 7281   81   16
110 7354   81   26
120 7197   81   37
132 6928   81   49
142 6952   81   61
152 7040   76   72
162 7194   69   84
172 7204   63   97
182 7293   56  110
192 7312   50  124
202 7355   50  139
212 7388   50  153
222 7476   50  167
233 7488  -91  184
243 7602  -91  197
254 7530  -91  211
264 7385  -91  221
274 7398  -91  233
285 7505  -91  245
295 7562  -91  255
305 6869  -91  263
315 7164  -91  265
325 7089  -91  265
335 7166  -91  265
345 7053  -76  255
355 6854  -76  240
365 6933  -76  225
375 6816  -76  207
387 6922  -76  187
397 6965  -76  167
407 7374  -76  147
417 7492  -76  127
427 7493  -76  105
438 7565  -76   79
448 7571  -76   57
459 7577  -76   32
469 7591  -76    7
480 7597   81  -12
492 7613   81  -25
502 7564   81  -38
512 7489   81  -53
522 7472   81  -65
532 7514   81  -79
542 7488   81  -95
552 7235   81 -109
562 7139   81 -119
572 7186   74 -124
582 7311   31 -124
592 7322   10 -124
602 7360   10 -117
612 7159   10 -103
622 7209   10  -91
632 7664   10  -78
642 7678   10  -64
652 7683   10  -51
662 7794   10  -36
672 7798   10  -23
682 7798   10   -9
99999 0 0 0 
  0 788   81    4
 10 7886   81    4
 20 7886   81    4
 31 7742   81    4
 41 7659   81    4
 51 7681   81    5
 61 7734   81    5
 71 7318   81    5
 81 7284   81    9
 91 7346   81   17
101 7206   81   27
113 7046   81   39
123 7066   81   50
133 6947   81   61
143 7071   76   72
153 7086   69   85
163 7281   63   97
173 7303   57  110
183 7326   50  125
193 7355   50  138
203 7377   50  152
213 7400   50  165
223 7520  -91  181
234 7595  -91  195
244 7473  -91  209
254 7421  -91  219
264 7408  -91  230
274 7462  -91  241
284 6885  -91  251
294 7017  -91  259
304 6899  -91  263
314 7171  -91  263
324 7208  -91  263
334 7193  -76  253
345 6926  -76  237
355 6797  -76  221
366 6895  -76  203
377 6885  -76  183
387 7031  -76  163
398 7410  -76  141
408 7417  -76  121
418 7527  -76  100
428 7564  -76   75
438 7572  -76   53
448 7613  -76   29
458 7627  -76    5
469 7630   81  -11
479 7612   81  -22
489 7557   81  -34
499 7460   81  -48
509 7498   81  -63
520 7438   81  -77
531 7484   81  -93
541 7055   81 -108
551 7234   81 -119
563 7245   81 -123
573 7205   17 -123
583 7235   10 -123
593 7030   10 -115
603 7120   10 -100
614 7026   10  -84
624 7092   10  -73
634 7122   10  -58
644 7707   10  -43
655 7751   10  -27
665 7756   10  -11
99999 0 0 0 
  0 788   81    4
 11 7886   81    4
 21 7885   81    4
 31 7886   81    4
 41 7731   81    4
 51 7694   81    4
 61 7697   81    4
 71 7367   81    4
 81 7340   81    5
 91 7311   81   12
101 7272   81   20
111 7254   81   29
121 7122   81   40
131 7074   81   51
141 7097   81   61
151 7041   75   73
161 7156   70   85
171 7163   63   97
181 7288   56  111
191 7310   50  125
201 7353   50  140
211 7387   50  154
221 7476   50  169
231 7486  -91  182
242 7634  -91  197
253 7511  -91  212
263 7380  -91  221
273 7394  -91  233
283 7491  -91  245
293 7554  -91  254
303 7017  -91  263
313 7116  -91  265
323 7034  -91  265
333 7206  -91  265
343 7160  -76  256
353 7162  -76  241
363 6782  -76  227
374 6843  -76  208
384 6912  -76  189
395 7028  -76  170
405 7336  -76  150
416 7527  -76  127
426 7526  -76  105
436 7527  -76   84
447 7567  -76   59
458 7577  -76   31
469 7588  -76    6
480 7632   81  -12
491 7613   81  -25
501 7566   81  -37
511 7487   81  -52
521 7501   81  -64
532 7549   81  -80
542 7169   81  -96
553 7117   81 -111
563 7003   81 -120
573 7245   65 -123
583 7344   14 -124
593 7413    0 -123
603 7287   10 -115
613 7130   10 -103
623 7163   10  -92
633 7638   10  -79
643 7753   10  -66
653 7759   10  -53
663 7796   10  -41
673 7797   10  -28
683 7800   10  -16
693 7801   10   -5
99999 0 0 0 
  0 784   81    4
 10 7886   81    4
 20 7858   81    4
 31 7676   81    4
 41 7702   81    4
 51 7713   81    4
 62 7693   81    4
 72 7346   81    8
 83 7316   81   16
 93 7315   81   26
104 7052   81   37
115 6925   81   49
125 6945   81   59
135 6997   78   70
145 7183   72   81
155 7186   67   93
165 7264   61  107
175 7313   56  120
185 7344   50  135
195 7299   50  149
205 7499   50  163
215 7515   50  177
225 7595  -91  191
235 7600  -91  205
245 7603  -91  217
255 7639  -91  231
265 7410  -91  241
276 7406  -91  252
286 7498  -91  264
296 6843  -91  273
306 6856  -91  282
316 7143  -91  287
326 7181  -91  287
336 7140  -91  287
347 7156  -76  279
357 6912  -76  264
367 6982  -76  249
378 6826  -76  232
389 6867  -76  213
400 7276  -76  191
410 7299  -76  171
421 7418  -76  149
431 7528  -76  129
441 7531  -76  104
451 7571  -76   83
461 7577  -76   59
471 7586  -76   34
481 7632  -76   11
492 7638  -76  -11
502 7630   81  -21
512 7578   81  -35
522 7552   81  -49
532 7464   81  -65
542 7437   81  -79
552 7349   81  -96
562 7396   81 -111
573 6955   81 -128
584 7238   81 -140
595 7264   81 -144
605 7232   20 -144
616 7119   10 -143
626 6880   10 -131
636 7006   10 -116
647 7034   10 -101
657 7098   10  -87
668 7126   10  -71
679 7743   10  -54
689 7751   10  -39
700 7790   10  -21
99999 0 0 0 
  0 784   81    1
 11 7849   81    1
 22 7785   81    1
 32 7663   81    1
 42 7665   81    1
 53 7675   81    1
 63 7652   81    1
 74 7294   81    6
 86 7366   81   16
 96 7341   81   26
106 7194   81   37
116 7030   81   48
127 7056   81   59
137 7002   77   70
147 7081   72   83
157 7081   66   95
167 7278   61  108
177 7318   54  123
187 7350   50  137
197 7337   50  151
208 7504   50  166
218 7518   50  181
228 7596  -91  195
238 7600  -91  208
248 7671  -91  221
258 7543  -91  234
269 7432  -91  243
281 7467  -91  257
291 7527  -91  269
301 6968  -91  277
311 7168  -91  285
321 7042  -91  287
332 7119  -91  287
342 7197  -76  285
353 7192  -76  271
364 7057  -76  254
374 6798  -76  238
385 6880  -76  219
395 6934  -76  201
406 7290  -76  179
416 7413  -76  159
426 7417  -76  137
436 7526  -76  117
446 7565  -76   94
456 7569  -76   70
466 7579  -76   47
476 7589  -76   22
486 7599  -76   -3
497 7637   81  -16
507 7609   81  -28
518 7548   81  -43
528 7495   81  -59
538 7461   81  -75
548 7499   81  -89
558 7374   81 -107
568 7050   81 -123
578 6983   81 -136
588 7167   81 -145
598 7186   65 -147
608 7158    6 -147
618 7266   10 -145
628 7191   10 -132
638 7270   10 -119
648 7117   10 -107
658 7668   10  -94
670 7749   10  -77
681 7755   10  -63
691 7792   10  -49
701 7794   10  -37
99999 0 0 0 
  0 788   81    7
 10 7883   81    7
 20 7847   81    7
 30 7882   81    7
 41 7724   81    7
 51 7652   81    7
 61 7655   81    7
 72 7642   81    7
 82 7149   81    7
 92 7314   81   15
102 7287   81   25
112 7215   81   35
122 6987   81   45
132 7012   81   56
142 6992   79   66
152 7105   74   77
162 7113   69   90
172 7230   63  102
182 7293   57  116
192 7312   51  129
202 7346   50  144
212 7370   50  159
222 7394   50  173
232 7477   50  188
243 7593  -91  201
255 7460  -91  217
265 7384  -91  228
275 7454  -91  240
286 7521  -91  252
296 7561  -91  261
306 7074  -91  269
316 7131  -91  270
326 7078  -91  270
336 7194  -76  268
346 7047  -76  255
356 7072  -76  239
366 6782  -76  223
376 6829  -76  205
387 6886  -76  187
398 7176  -76  165
408 7373  -76  145
419 7524  -76  121
429 7526  -76   99
440 7565  -76   75
450 7568  -76   51
460 7578  -76   26
470 7591  -76    1
480 7629   81  -13
490 7616   81  -25
500 7568   81  -38
510 7478   81  -55
521 7491   81  -68
531 7504   81  -84
542 7019   81 -100
554 7241   81 -117
564 7129   81 -127
574 7268   74 -131
585 7265   23 -131
595 7374   10 -131
605 7105   10 -119
616 7078   10 -105
626 7117   10  -95
636 7702   10  -80
646 7710   10  -67
656 7716   10  -53
667 7792   10  -39
677 7794   10  -25
99999 0 0 0 
  0 784   81    5
 10 7845   81    5
 21 7726   81    5
 31 7656   81    5
 41 7670   81    5
 51 7684   81    5
 61 7663   81    5
 71 7275   81   10
 81 7318   81   19
 91 7283   81   29
101 7129   81   39
112 6993   81   50
122 7015   81   61
132 7029   76   73
143 7108   71   85
153 7115   65   98
163 7245   59  111
173 7318   54  125
184 7352   50  140
194 7304   50  155
204 7501   50  169
214 7514   50  184
224 7592  -91  196
234 7633  -91  210
246 7671  -91  225
256 7503  -91  237
266 7392  -91  247
277 7465  -91  260
288 7527  -91  271
298 6967  -91  280
309 7135  -91  287
319 7016  -91  288
329 7108  -91  288
339 7156  -76  285
349 6758  -76  271
359 6801  -76  256
370 6791  -76  239
381 6916  -76  219
392 6969  -76  201
402 7285  -76  181
412 7444  -76  161
422 7449  -76  139
432 7523  -76  117
442 7563  -76   94
453 7567  -76   70
463 7577  -76   45
473 7622  -76   20
483 7630  -76   -3
493 7632   81  -15
504 7636   81  -27
514 7571   81  -41
524 7485   81  -56
534 7393   81  -72
546 7335   81  -88
556 7388   81 -105
567 7149   81 -121
578 7216   81 -135
588 7130   81 -139
598 7266   23 -139
609 7147   10 -139
619 7356   10 -131
630 7061   10 -118
640 7107   10 -106
652 7734   10  -91
662 7745   10  -76
672 7749   10  -63
682 7789   10  -50
693 7792   10  -36
99999 0 0 0 
  0 784   81    5
 10 7842   81    5
 20 7845   81    5
 30 7712   81    5
 40 7649   81    5
 50 7663   81    5
 60 7663   81    5
 70 7140   81    5
 80 7094   81   12
 90 7292   81   21
100 7201   81   31
110 7213   81   41
120 7007   81   51
130 6965   81   61
140 6976   76   73
150 7150   71   85
160 7200   65   97
170 7213   59  111
180 7306   54  123
191 7339   50  139
202 7369   50  154
212 7428   50  169
222 7476   50  183
234 7593  -91  199
245 7456  -91  213
255 7384  -91  224
266 7447  -91  237
276 7509  -91  248
286 7524  -91  257
296 7098  -91  265
307 6972  -91  268
317 7047  -77  267
327 7196  -77  267
337 7224  -77  255
347 7121  -77  240
358 6801  -77  221
369 6872  -77  204
380 6931  -77  184
391 7214  -77  162
402 7339  -77  141
412 7345  -77  120
423 7516  -77   97
434 7550  -77   73
444 7558  -77   48
454 7568  -77   24
464 7581  -77    1
474 7588   81  -13
484 7568   81  -25
494 7535   81  -38
504 7478   81  -52
515 7506   81  -67
525 7520   81  -81
535 7061   81  -95
546 7026   81 -111
556 7134   81 -119
566 7270   57 -122
576 7232   14 -122
586 7360   10 -122
596 7117   10 -111
606 7191   10  -97
616 7117   10  -87
626 7737   10  -73
636 7746   10  -60
646 7751   10  -47
656 7789   10  -35
666 7790   10  -20
99999 0 0 0 
  0 784   81    1
 10 7845   81    1
 21 7844   81    1
 31 7680   81    1
 41 7652   81    1
 51 7676   81    1
 61 7687   81    1
 71 7302   81    5
 81 7267   81   11
 91 7288   81   21
101 7120   81   31
112 7118   81   42
122 6996   81   53
132 6986   80   64
142 6999   75   75
152 7079   70   88
162 7254   64  101
173 7288   58  114
184 7317   51  130
194 7321   50  145
206 7315   50  162
216 7329   50  177
226 7551  -91  190
236 7595  -91  204
246 7597  -91  217
256 7632  -91  229
266 7460  -91  241
276 7428  -91  252
286 7474  -91  263
296 7533  -91  274
306 7565  -91  283
316 7071  -91  289
327 7126  -91  290
337 7076  -76  289
347 7237  -76  285
357 7107  -76  272
367 7150  -76  257
377 6826  -76  240
387 6850  -76  224
397 6896  -76  207
407 7214  -76  188
417 7336  -76  169
428 7345  -76  145
438 7523  -76  124
448 7560  -76  101
458 7564  -76   77
468 7571  -76   55
479 7622  -76   28
490 7626  -76    0
500 7630   81  -13
510 7615   81  -24
520 7593   81  -38
530 7502   81  -53
540 7464   81  -68
550 7396   81  -83
560 7439   81  -99
570 7375   81 -115
580 7244   81 -128
590 7137   81 -137
600 7181   65 -139
610 7193    6 -139
620 7292   10 -139
630 7264   10 -127
640 7083   10 -115
650 7115   10 -104
660 7131   10  -91
670 7745   10  -78
680 7749   10  -65
690 7752   10  -53
700 7790   10  -41
99999 0 0 0 
  0 784   81    8
 10 7844   81    8
 20 7685   81    8
 30 7651   81    8
 40 7658   81    8
 50 7154   81    8
 60 7115   81    8
 70 7201   81   16
 80 7126   81   25
 90 7133   81   35
100 7056   81   45
110 6986   81   56
120 7002   79   67
130 7038   74   79
140 7175   69   90
151 7183   63  104
161 7290   57  118
172 7259   51  133
183 7332   51  149
193 7351   51  163
204 7542   51  178
214 7588  -91  193
225 7592  -91  206
235 7444  -91  220
245 7380  -91  228
255 7419  -91  241
266 7517  -91  252
276 6850  -91  261
286 6793  -91  268
296 7063  -91  269
306 7112  -91  269
316 7088  -91  269
326 7119  -76  255
336 6963  -76  241
346 7023  -76  224
356 6783  -76  207
366 6971  -76  189
376 7017  -76  169
386 7180  -76  147
396 7473  -76  126
408 7551  -76  101
418 7558  -76   78
428 7565  -76   55
438 7577  -76   31
448 7588  -76    5
458 7629  -76  -11
468 7619   81  -22
478 7570   81  -35
488 7484   81  -51
498 7451   81  -63
508 7497   81  -78
519 7118   81  -93
529 7160   81 -109
539 7067   81 -120
549 7224   81 -125
559 7280    0 -126
569 7266    0 -126
580 7180   10 -120
590 7061   10 -105
601 7127   10  -91
612 7298   10  -77
622 7633   10  -63
634 7748   10  -46
644 7749   10  -31
655 7787   10  -16
665 7790   10   -1
99999 0 0 0 
  0 784   81    5
 11 7841   81    5
 22 7841   81    5
 32 7795   81    5
 42 7663   81    5
 53 7658   81    5
 63 7683   81    5
 73 7642   81    5
 83 7610   81    5
 93 7321   81   12
103 7347   81   21
113 7317   81   31
124 7147   81   43
134 6961   81   53
145 6918   79   65
155 6928   74   77
165 7149   69   89
175 7257   64  103
185 7284   58  116
195 7343   52  130
205 7314   51  144
216 7345   51  160
227 7398   51  176
238 7585  -91  192
248 7589  -91  205
258 7556  -91  219
268 7532  -91  232
280 7387  -91  242
290 7409  -91  254
300 7471  -91  265
311 6849  -91  276
321 6819  -91  284
332 7080  -91  287
342 7154  -91  287
353 7125  -76  285
363 7115  -76  273
374 6936  -76  257
385 6756  -76  239
396 6834  -76  221
406 6923  -76  203
417 7282  -76  181
427 7298  -76  161
438 7410  -76  138
449 7519  -76  114
461 7561  -76   88
471 7567  -76   65
482 7577  -76   37
492 7586  -76   14
503 7593  -76   -9
514 7620   81  -21
525 7571   81  -35
536 7540   81  -51
547 7457   81  -68
557 7457   81  -83
567 7326   81  -99
577 7365   81 -115
587 6964   81 -129
597 7218   81 -139
607 7147   74 -143
617 7226   23 -143
627 7144   10 -143
637 7323   10 -132
647 7055   10 -119
657 7098   10 -107
667 7124   10  -93
677 7702   10  -80
687 7743   10  -65
697 7748   10  -53
707 7786   10  -39
717 7789   10  -27
99999 0 0 0 
  0 784   81    5
 10 7844   81    5
 20 7844   81    5
 30 7690   81    5
 40 7656   81    5
 50 7662   81    5
 60 7154   81    5
 70 7125   81    5
 80 7202   81   13
 90 7274   81   21
100 7259   81   32
110 7156   81   42
120 6930   81   53
130 6949   81   63
140 7000   75   75
150 7185   70   87
160 7190   65  100
170 7289   59  114
181 7287   53  128
191 7322   51  143
201 7342   51  157
211 7503   51  171
221 7550   51  187
232 7555  -91  199
243 7629  -91  214
253 7630  -91  227
263 7457  -91  239
273 7432  -91  249
283 7471  -91  260
293 7526  -91  271
303 6931  -91  280
314 7076  -91  287
324 6958  -91  289
334 7184  -91  289
344 7193  -76  288
354 7186  -76  275
364 6818  -76  259
374 6777  -76  243
384 6857  -76  225
394 6916  -76  209
404 7238  -76  189
415 7260  -76  169
426 7448  -76  145
436 7520  -76  124
446 7523  -76  101
456 7561  -76   78
466 7569  -76   55
476 7582  -76   29
486 7591  -76    4
496 7633   81  -11
506 7618   81  -21
516 7597   81  -35
527 7530   81  -51
538 7418   81  -67
548 7452   81  -81
558 7397   81  -98
568 7117   81 -112
579 7063   81 -127
589 7132   81 -137
599 7286   74 -139
610 7253    6 -139
620 7281   10 -139
630 7050   10 -127
641 7119   10 -112
651 7120   10 -101
661 7735   10  -88
673 7745   10  -72
683 7749   10  -59
693 7787   10  -46
703 7790   10  -35
99999 0 0 0 
  0 784   81    6
 10 7844   81    6
 20 7842   81    6
 30 7784   81    6
 40 7655   81    6
 50 7652   81    6
 60 7651   81    7
 70 7168   81    6
 81 7121   81   10
 91 7227   81   19
101 7169   81   30
112 7173   81   41
122 7101   81   52
132 6985   81   62
142 6996   76   73
152 7040   71   85
162 7231   66   98
172 7240   60  111
182 7303   54  125
192 7328   51  139
204 7323   51  155
214 7350   51  171
224 7472   51  184
234 7585  -91  199
244 7530  -91  213
254 7392  -91  223
264 7426  -91  235
274 7482  -91  246
284 7186  -91  257
294 6947  -91  265
304 6849  -91  271
314 7106  -91  271
324 7207  -91  271
334 7189  -76  264
344 6985  -76  250
354 6799  -76  233
364 6882  -76  219
374 6848  -76  201
384 6934  -76  182
394 6968  -76  162
404 7363  -76  141
415 7444  -76  119
426 7446  -76   95
437 7558  -76   71
447 7567  -76   47
457 7577  -76   23
468 7589  -76   -4
478 7624   81  -15
489 7594   81  -27
500 7480   81  -42
510 7448   81  -57
521 7486   81  -71
532 7538   81  -87
542 7457   81 -101
553 7229   81 -113
565 7221   81 -120
575 7172   38 -120
585 7234   10 -120
596 7306   10 -112
606 7391   10  -99
617 7074   10  -87
627 7129   10  -73
639 7743   10  -59
650 7749   10  -44
660 7752   10  -31
671 7787   10  -17
99999 0 0 0 
  0 784   81    4
 10 7839   81    4
 20 7839   81    4
 30 7751   81    4
 40 7655   81    4
 50 7663   81    4
 60 7654   81    4
 70 7656   81    4
 80 7186   81    8
 90 7302   81   16
100 7256   81   25
110 7173   81   36
120 6906   81   47
130 6933   81   57
140 6961   78   68
150 7183   73   80
160 7203   68   92
170 7243   62  105
180 7306   57  118
190 7321   51  132
200 7350   51  145
210 7446   51  161
220 7466   51  175
230 7441  -91  189
240 7551  -91  202
250 7359  -91  215
260 7380  -91  225
270 7422  -91  237
280 7483  -91  248
290 6992  -91  257
300 7146  -91  264
310 7023  -91  265
320 7102  -91  265
330 7155  -91  265
342 6936  -79  249
353 6978  -79  233
363 6753  -79  216
373 6833  -79  198
383 6883  -79  181
394 7238  -79  160
405 7360  -79  137
415 7362  -79  117
426 7467  -79   91
436 7506  -79   69
447 7516  -79   43
457 7530  -79   19
468 7544  -79   -7
478 7578   81  -18
489 7535   81  -31
499 7474   81  -45
509 7433   81  -60
519 7475   81  -73
529 7452   81  -91
539 7129   81 -104
550 7066   81 -119
561 7132   81 -127
571 7249   51 -129
582 7188    6 -129
593 7374   10 -125
603 7086   10 -113
613 7098   10 -103
623 7122   10  -89
633 7735   10  -76
644 7745   10  -63
654 7748   10  -49
665 7786   10  -37
675 7786   10  -25
99999 0 0 0 
  0 784   81    5
 11 7841   81    5
 21 7841   81    5
 31 7839   81    5
 41 7673   81    5
 51 7652   81    5
 61 7659   81    5
 71 7153   81    5
 81 7108   81    8
 91 7214   81   16
101 7183   81   25
111 7178   81   36
121 7056   81   46
131 6941   81   57
141 6956   78   67
151 7068   74   79
161 7183   68   91
171 7193   63  104
181 7285   57  117
191 7271   51  132
201 7318   51  147
211 7345   51  161
221 7431   51  175
231 7439  -91  189
241 7588  -91  203
252 7485  -91  217
263 7371  -91  228
273 7402  -91  240
283 7462  -91  251
293 7511  -91  260
303 6859  -91  268
313 7129  -91  271
323 7055  -91  271
333 7128  -76  270
344 7048  -76  257
356 6836  -76  239
366 6932  -76  223
377 6831  -76  205
387 6924  -76  187
397 6960  -76  167
408 7370  -76  145
418 7446  -76  125
429 7449  -76  101
439 7523  -76   77
449 7527  -76   53
459 7536  -76   31
469 7581  -76    7
480 7589   81  -11
491 7601   81  -23
501 7527   81  -34
512 7446   81  -48
522 7441   81  -61
533 7489   81  -76
544 7457   81  -91
554 7239   81 -103
564 7126   81 -111
574 7198   57 -113
584 7272    6 -113
596 7280   10 -111
606 7400   10  -98
617 7097   10  -87
627 7121   10  -73
638 7135   10  -59
649 7743   10  -45
660 7751   10  -31
672 7784   10  -16
682 7787   10   -3
99999 0 0 0 
  0 783   81    2
 10 7841   81    2
 20 7839   81    2
 30 7679   81    2
 41 7658   81    3
 51 7680   81    3
 62 7687   81    3
 74 7319   81    7
 85 7260   81   16
 95 7282   81   26
105 7028   81   37
116 7049   81   47
126 6978   81   59
137 6997   78   70
149 7079   72   85
159 7076   67   97
169 7278   62  111
179 7307   57  124
189 7335   51  138
199 7290   51  152
209 7422   51  167
219 7435   51  181
230 7551  -91  197
240 7552  -91  209
251 7555  -91  224
261 7488  -91  236
271 7381  -91  245
281 7406  -91  257
292 7475  -91  269
303 6883  -91  280
314 7149  -91  287
325 7016  -91  289
335 7109  -91  289
345 7155  -76  285
355 7148  -76  273
366 6981  -76  257
376 6761  -76  240
386 6836  -76  223
396 6889  -76  205
407 7278  -76  185
418 7367  -76  162
428 7370  -76  141
438 7514  -76  119
448 7554  -76   97
458 7560  -76   73
469 7533  -76   48
479 7581  -76   21
489 7589  -76   -2
500 7626   81  -15
510 7601   81  -28
521 7535   81  -43
532 7434   81  -60
542 7436   81  -75
554 7349   81  -93
565 7395   81 -110
576 6976   81 -127
586 7187   81 -137
596 7116   74 -141
607 7185   23 -141
617 7168   10 -141
628 7134   10 -130
638 7214   10 -116
648 7107   10 -107
658 7693   10  -92
669 7703   10  -78
679 7742   10  -64
690 7746   10  -51
700 7749   10  -38
99999 0 0 0 
  0 783   81    6
 11 7837   81    6
 21 7838   81    6
 31 7833   81    6
 41 7670   81    6
 51 7648   81    7
 61 7665   81    7
 71 7130   81    7
 82 7086   81    8
 93 7229   81   17
103 7197   81   27
113 7201   81   38
123 6911   81   48
133 6944   81   58
143 6962   78   69
153 7106   74   80
163 7180   69   93
173 7185   64  106
183 7279   59  120
193 7231   53  134
203 7278   51  148
214 7340   51  163
224 7392   51  178
236 7544   51  194
247 7550  -91  209
257 7623  -91  223
267 7564  -91  236
278 7392  -91  245
289 7401  -91  259
300 7496  -91  271
311 6878  -91  281
321 6854  -91  289
331 7123  -91  293
342 7187  -91  293
352 7157  -76  292
362 7075  -76  281
372 6845  -76  266
382 6935  -76  251
392 6806  -76  233
402 6903  -76  216
412 6944  -76  198
422 7321  -76  179
432 7438  -76  158
442 7441  -76  137
452 7516  -76  114
462 7519  -76   91
473 7524  -76   66
483 7571  -76   41
493 7579  -76   17
504 7591  -76   -7
514 7620   81  -17
524 7581   81  -31
534 7521   81  -44
544 7429   81  -60
555 7448   81  -75
567 7323   81  -93
577 7365   81 -110
587 7036   81 -124
597 7258   81 -133
607 7186   65 -137
617 7224   23 -137
627 7053   10 -137
637 7210   10 -129
647 7086   10 -115
657 7097   10 -104
668 7118   10  -91
678 7664   10  -76
689 7741   10  -63
699 7745   10  -50
710 7746   10  -36
99999 0 0 0 
  0 783   81    5
 11 7835   81    5
 21 7835   81    5
 31 7825   81    5
 42 7663   81    5
 52 7649   81    5
 62 7659   81    5
 72 7109   81    5
 82 7084   81    9
 92 7259   81   17
102 7190   81   26
112 7180   81   36
122 6981   81   46
132 6934   81   57
142 6952   79   67
152 7065   75   79
162 7182   70   91
172 7188   65  104
183 7245   60  117
194 7230   54  133
206 7282   51  151
216 7306   51  165
226 7428   51  180
236 7578   51  193
247 7583  -91  208
257 7620  -91  221
267 7578  -91  233
277 7399  -91  244
287 7392  -91  255
298 7489  -91  268
308 7544  -91  277
319 6868  -91  287
329 7149  -91  291
339 7051  -91  291
350 7133  -76  290
361 7047  -76  281
371 6804  -76  265
381 6891  -76  249
391 6798  -76  233
401 6896  -76  216
411 6940  -76  197
421 7353  -76  179
431 7438  -76  159
441 7442  -76  137
451 7513  -76  115
461 7517  -76   91
471 7522  -76   68
481 7531  -76   43
491 7579  -76   19
501 7586  -76   -3
511 7589   81  -16
521 7599   81  -28
531 7539   81  -43
541 7478   81  -57
551 7430   81  -73
561 7465   81  -87
571 7374   81 -103
581 7077   81 -119
591 7004   81 -132
601 7224   81 -139
611 7240   49 -141
621 7218    6 -140
631 7055   10 -137
641 6961   10 -126
651 7061   10 -112
661 7052   10  -99
671 7469   10  -86
681 7483   10  -71
691 7738   10  -57
701 7741   10  -43
711 7746   10  -29
99999 0 0 0 
  0 783   81    3
 10 7834   81    3
 21 7669   81    3
 31 7649   81    4
 41 7661   81    4
 51 7151   81    4
 61 7122   81    5
 71 7273   81   12
 81 7250   81   21
 91 7229   81   31
101 7082   81   41
111 6920   81   52
122 6939   80   64
132 6988   76   76
143 7179   71   88
153 7186   66  101
163 7244   61  114
173 7258   55  129
184 7304   51  144
194 7296   51  159
204 7386   51  173
216 7577   51  190
227 7582  -91  205
238 7622  -91  219
249 7489  -91  233
259 7351  -91  242
270 7437  -91  255
281 7462  -91  267
292 7021  -91  277
302 6989  -91  285
313 7034  -91  288
324 7217  -91  288
334 7192  -76  287
345 7112  -76  272
355 6726  -76  257
366 6747  -76  240
377 6831  -76  221
388 6961  -76  201
399 7280  -76  179
411 7438  -76  156
421 7441  -76  134
431 7513  -76  112
441 7516  -76   89
451 7520  -76   67
461 7528  -76   41
471 7577  -76   17
481 7583  -76   -5
491 7583   81  -16
501 7590   81  -27
511 7522   81  -41
521 7437   81  -57
531 7359   81  -72
541 7398   81  -85
551 7341   81 -103
561 7181   81 -117
571 7102   81 -130
581 7148   81 -137
591 7236   49 -139
601 7217    6 -139
612 7197   10 -136
622 6894   10 -123
633 7004   10 -109
643 7092   10  -97
653 7505   10  -83
663 7518   10  -69
674 7702   10  -55
684 7742   10  -40
696 7746   10  -25
99999 0 0 0 
  0 783   81    3
 10 7833   81    3
 21 7834   81    3
 32 7663   81    3
 43 7648   81    3
 53 7663   81    3
 63 7659   81    3
 73 7131   81    7
 83 7310   81   14
 95 7235   81   25
106 7218   81   37
116 6951   81   47
126 6900   81   58
136 6917   78   69
146 7102   74   81
156 7188   70   92
167 7194   64  106
177 7255   59  119
187 7279   53  134
197 7300   51  148
208 7363   51  163
219 7417   51  179
230 7537   51  195
241 7544  -91  209
252 7582  -91  224
263 7443  -91  238
273 7378  -91  248
284 7383  -91  261
295 7055  -91  273
305 6913  -91  282
315 6846  -91  289
325 7123  -91  290
335 7177  -91  290
345 7152  -76  289
355 6966  -76  275
365 6784  -76  260
375 6883  -76  244
385 6813  -76  228
395 6940  -76  209
405 6982  -76  191
415 7356  -76  171
425 7404  -76  149
435 7405  -76  130
445 7512  -76  107
455 7517  -76   84
465 7526  -76   59
475 7533  -76   35
485 7579  -76   10
496 7585  -76  -10
506 7575   81  -21
517 7450   81  -34
527 7438   81  -47
538 7479   81  -59
548 7490   81  -73
558 7521   81  -84
568 7188   81  -96
580 7208   81 -103
590 7291   38 -103
600 7323   10 -103
611 7308   10  -98
621 7036   10  -84
631 7089   10  -71
642 7115   10  -59
653 7695   10  -45
663 7702   10  -31
674 7742   10  -15
684 7743   10   -1
99999 0 0 0 
  0 783   81    3
 10 7833   81    3
 21 7693   81    3
 31 7647   81    3
 41 7665   81    3
 51 7691   81    3
 61 7673   81    3
 71 7352   81    8
 81 7360   81   15
 91 7321   81   24
101 7119   81   34
111 6975   81   45
121 6992   81   56
131 6978   79   66
141 7065   75   78
151 7071   70   90
161 7223   65  102
171 7272   60  116
181 7304   55  129
191 7263   51  145
201 7363   51  158
211 7381   51  172
221 7536   51  187
231 7509  -91  201
241 7513  -91  214
251 7531  -91  227
261 7350  -91  236
271 7353  -91  248
282 7448  -91  261
293 6833  -91  271
304 6817  -91  280
314 7051  -91  284
324 7119  -91  284
334 7075  -76  283
345 7101  -76  273
356 6947  -76  257
367 6728  -76  241
377 6809  -76  223
387 6867  -76  207
397 7224  -76  188
407 7248  -76  168
417 7367  -76  147
427 7473  -76  127
437 7475  -76  105
447 7513  -76   83
457 7519  -76   59
467 7531  -76   35
477 7541  -76   11
487 7583  -76   -8
497 7578   81  -19
507 7535   81  -32
517 7510   81  -47
527 7422   81  -63
537 7434   81  -75
547 7308   81  -92
557 7348   81 -107
567 6978   81 -123
577 7206   81 -134
587 7121   81 -139
597 7191   32 -140
607 7106    0 -139
618 7277   10 -133
628 7123   10 -119
639 7082   10 -105
649 7111   10  -93
660 7587   10  -79
670 7737   10  -64
681 7741   10  -50
692 7743   10  -36
703 7745   10  -22
99999 0 0 0 
  0 779   82    4
 10 7794   82    4
 20 7796   82    4
 30 7638   82    4
 40 7604   82    4
 50 7655   82    4
 60 7617   82    4
 70 7592   82    5
 80 7246   82   13
 90 7246   82   21
100 7224   82   31
111 6990   82   43
121 6903   82   54
131 6930   81   65
141 6986   77   77
151 7143   71   89
161 7150   66  101
172 7235   61  115
182 7247   55  129
194 7263   51  147
205 7290   51  162
215 7384   51  177
226 7571   51  193
237 7578  -92  208
248 7548  -92  223
258 7540  -92  237
270 7381  -92  248
280 7392  -92  259
291 7452  -92  272
301 6832  -92  281
311 6817  -92  290
321 7024  -92  293
331 7117  -92  293
341 7085  -92  293
351 7107  -76  284
361 6939  -76  272
371 6992  -76  256
381 6743  -76  239
391 6942  -76  222
401 6996  -76  204
411 7126  -76  184
421 7281  -76  163
432 7284  -76  140
443 7471  -76  116
454 7513  -76   90
464 7524  -76   67
474 7538  -76   41
485 7544  -76   17
496 7586  -76   -9
506 7581   82  -19
516 7544   82  -31
526 7520   82  -45
536 7430   82  -61
546 7451   82  -75
556 7350   82  -90
566 7391   82 -105
576 6946   82 -120
586 7192   82 -131
596 7117   82 -136
606 7215   32 -136
616 7136   10 -136
626 7318   10 -129
636 7014   10 -117
646 7005   10 -104
657 7039   10  -92
667 7583   10  -79
677 7698   10  -65
687 7702   10  -53
697 7739   10  -39
99999 0 0 0 
  0 779   82    1
 10 7793   82    1
 21 7650   82    1
 32 7606   82    1
 42 7621   82    1
 52 7128   82    1
 63 7093   82    5
 74 7198   82   13
 84 7217   82   23
 94 7056   82   35
105 7073   82   44
115 6890   82   55
126 6912   80   67
136 6918   76   79
147 7135   71   91
157 7206   65  105
167 7229   60  119
178 7218   54  133
188 7266   51  148
199 7292   51  164
209 7383   51  180
219 7499   51  193
231 7577  -92  209
241 7581  -92  222
251 7500  -92  236
261 7390  -92  245
271 7394  -92  257
281 7443  -92  269
291 6862  -92  279
301 6868  -92  287
311 6973  -92  292
321 7167  -92  293
331 7129  -76  292
341 7151  -76  285
352 6800  -76  272
363 6880  -76  255
373 6783  -76  239
383 6885  -76  221
393 6933  -76  202
403 7133  -76  184
414 7397  -76  162
424 7399  -76  141
435 7472  -76  117
446 7512  -76   92
456 7519  -76   68
466 7528  -76   43
476 7538  -76   19
486 7581  -76   -5
497 7582   82  -17
508 7543   82  -31
519 7513   82  -47
529 7423   82  -64
539 7444   82  -75
550 7420   82  -93
562 7076   82 -112
572 7010   82 -127
582 7087   82 -135
592 7242   57 -137
602 7212    6 -137
612 7226   10 -136
623 6882   10 -125
633 6998   10 -111
644 7004   10  -98
654 7388   10  -84
666 7619   10  -68
676 7624   10  -55
687 7737   10  -40
697 7739   10  -27
99999 0 0 0 
  0 779   82    1
 10 7793   82    1
 20 7793   82    1
 30 7793   82    1
 40 7670   82    1
 50 7603   82    1
 60 7615   82    1
 70 7626   82    1
 80 7072   82    2
 90 7220   82    9
100 7177   82   17
110 7246   82   27
120 7099   82   37
130 7122   82   48
140 6896   82   58
150 6911   79   69
160 6920   74   81
170 7135   70   93
180 7213   64  107
190 7237   59  121
200 7231   53  135
210 7268   51  149
220 7294   51  163
231 7386   51  180
241 7501   51  195
253 7577  -92  209
264 7581  -92  225
275 7421  -92  239
286 7333  -92  249
297 7409  -92  263
308 7474  -92  275
319 6872  -92  285
330 7037  -92  292
342 7174  -76  293
352 7133  -76  292
362 7171  -76  287
372 6822  -76  273
382 6877  -76  257
392 6794  -76  241
402 7030  -76  224
412 7072  -76  207
422 7207  -76  187
433 7399  -76  167
444 7399  -76  144
455 7472  -76  121
465 7509  -76   97
477 7516  -76   70
487 7524  -76   45
497 7536  -76   21
507 7579  -76   -3
517 7582   82  -15
527 7560   82  -25
537 7531   82  -39
548 7429   82  -55
558 7440   82  -69
568 7380   82  -84
579 7422   82 -100
589 7060   82 -115
599 7127   82 -126
609 7049   82 -131
619 7221   32 -131
630 7202   10 -131
640 7363   10 -123
651 7063   10 -109
661 7084   10  -95
673 7573   10  -81
683 7584   10  -67
694 7698   10  -53
704 7735   10  -39
715 7739   10  -25
99999 0 0 0 
  0 779   82    1
 10 7790   82    1
 20 7792   82    1
 30 7657   82    1
 40 7600   82    1
 50 7611   82    1
 60 7611   82    1
 70 7587   82    3
 80 7213   82    9
 90 7288   82   17
100 7260   82   27
110 7112   82   38
120 6977   82   49
130 6995   82   59
140 6979   79   71
150 7058   74   82
160 7062   69   95
170 7180   63  108
181 7255   57  123
191 7282   52  137
201 7274   51  153
211 7369   51  166
221 7386   51  181
232 7466   51  196
243 7542  -92  211
253 7615  -92  224
263 7479  -92  237
273 7381  -92  247
283 7406  -92  259
293 7461  -92  270
303 7048  -92  280
313 7098  -92  288
324 6977  -92  291
334 7085  -92  291
344 7159  -77  290
354 7153  -77  280
364 6989  -77  265
374 6713  -77  251
384 6791  -77  233
394 6851  -77  217
404 7179  -77  197
414 7203  -77  178
424 7319  -77  157
434 7467  -77  137
445 7467  -77  113
455 7506  -77   89
465 7513  -77   65
476 7527  -77   40
487 7536  -77   13
497 7577  -77   -7
509 7568   82  -20
519 7516   82  -33
530 7478   82  -49
541 7416   82  -65
551 7452   82  -79
561 7358   82  -96
571 7108   82 -111
581 7045   82 -125
591 7122   82 -133
601 7168   57 -136
611 7140   14 -136
621 7216   10 -136
631 7171   10 -125
641 7241   10 -113
651 7060   10 -103
661 7541   10  -90
671 7551   10  -77
681 7696   10  -65
691 7735   10  -53
701 7738   10  -40
99999 0 0 0 
  0 779   82    6
 11 7792   82    6
 21 7786   82    6
 31 7622   82    6
 41 7600   82    6
 51 7612   82    6
 62 7598   82    6
 72 7057   82    9
 83 7211   82   18
 93 7186   82   28
103 7082   82   38
114 6902   82   49
124 6934   82   60
134 7026   79   71
145 7099   74   83
155 7098   69   96
165 7164   63  109
175 7206   58  123
185 7231   52  137
195 7263   51  152
206 7396   51  167
216 7417   51  182
227 7428  -92  197
237 7540  -92  211
249 7577  -92  226
260 7466  -92  241
271 7343  -92  251
282 7408  -92  264
293 6870  -92  277
304 6906  -92  287
314 6884  -92  294
324 7131  -92  296
335 7070  -92  296
346 7155  -77  293
356 6971  -77  279
366 7008  -77  265
376 6852  -77  249
387 6823  -77  231
398 6950  -77  212
409 6982  -77  192
420 7315  -77  169
431 7424  -77  147
441 7427  -77  125
451 7468  -77  101
461 7510  -77   77
471 7520  -77   55
481 7530  -77   30
492 7540  -77    3
504 7579   82  -15
515 7554   82  -28
525 7495   82  -43
535 7426   82  -59
546 7436   82  -73
557 7451   82  -91
567 6961   82 -107
578 7216   82 -123
588 7106   82 -133
599 7143   74 -137
609 7142   20 -137
619 7224   10 -136
630 7196   10 -127
640 7025   10 -113
651 7062   10 -103
661 7508   10  -89
671 7692   10  -77
683 7734   10  -63
693 7735   10  -50
704 7738   10  -37
99999 0 0 0 
