  0 813  117    2
 11 813  117    2
 21 813  117    2
 31 813  117    2
 43 717  117    2
 53 691  117    2
 63 695  117    2
 73 697  117    2
 83 677  117    2
 93 642  117    9
103 615  117   19
113 608  117   29
123 621  117   39
133 644  117   49
143 663  117   59
153 671   98   69
163 667   73   80
173 659   49   92
183 662   29  105
193 674   29  118
203 720   29  130
213 758   29  145
223 774   29  157
233 782   29  168
243 786 -117  180
253 789 -117  191
263 791 -117  201
273 730 -117  211
284 650 -117  221
294 654 -117  229
304 679 -117  237
314 704 -117  243
325 713 -117  248
336 680 -117  249
346 636 -117  249
356 608 -117  248
367 598 -117  234
377 609 -117  221
388 637 -117  205
398 669 -117  189
408 692 -117  173
418 710 -117  154
429 716 -117  134
440 716 -117  111
451 715 -117   87
461 720 -117   62
471 725 -117   40
482 734 -117   12
493 744   78  -13
504 752   78  -27
514 781   78  -39
525 738   78  -54
536 702   78  -66
546 709   78  -81
557 726   78  -96
569 732   78 -112
579 698   78 -123
590 656   78 -127
600 629   19 -127
610 620    9 -127
621 712    9 -118
631 756    9 -105
643 783    9  -94
653 793    9  -81
664 798    9  -68
674 801    9  -55
685 803    9  -43
696 804    9  -29
99999 0 0 0 
  0 809  118   25
 11 809  118   25
 21 794  118   25
 31 699  118   25
 41 673  118   25
 51 668  118   25
 61 659  118   25
 71 645  118   25
 81 629  118   30
 91 617  118   37
101 615  118   45
111 620  118   53
121 630  116   61
131 638   96   70
141 643   76   79
151 646   54   89
161 646   29  100
171 699   29  111
181 741   29  123
191 763   29  134
201 773   29  142
211 780   29  153
221 783   29  163
231 786   29  173
241 787   29  181
251 789   29  191
261 790 -118  200
271 790 -118  207
281 684 -118  213
291 654 -118  217
301 667 -118  222
312 692 -118  227
322 717 -118  230
332 731 -118  232
342 710 -118  232
352 662 -118  232
362 627 -118  230
372 608 -118  218
383 612 -118  203
393 636 -118  187
403 665 -118  171
413 691 -118  153
423 708 -118  136
433 716 -118  117
443 716 -118   97
453 716 -118   75
464 717 -118   50
474 722 -118   25
484 730 -118    1
494 737   79  -19
504 731   79  -31
514 665   79  -41
524 659   79  -54
534 682   79  -64
544 706   79  -79
554 726   79  -92
564 723   79 -105
574 689   79 -113
584 648   55 -115
594 623    6 -115
604 652    9 -115
614 675    9 -105
624 741    9  -92
635 772    9  -81
646 788    9  -67
657 795    9  -53
667 798    9  -39
678 800    9  -27
688 800    9  -13
99999 0 0 0 
  0 808  118   21
 10 808  118   18
 21 808  118   15
 31 752  118   13
 42 679  118   10
 52 673  118    8
 62 673  118    8
 72 658  118    8
 82 631  118    8
 92 606  118   12
102 600  118   21
112 611  118   30
122 631  118   40
132 651  118   49
142 660  118   59
152 660   98   69
162 654   72   81
172 650   45   93
182 669   29  105
192 697   29  119
202 738   29  131
212 761   29  145
222 773   29  156
232 779   29  168
242 783   29  179
252 786 -118  189
263 758 -118  201
273 661 -118  209
283 645 -118  218
293 663 -118  227
303 688 -118  233
313 711 -118  238
323 702 -118  241
333 659 -118  241
343 619 -118  241
353 601 -118  237
363 595 -118  225
373 609 -118  212
383 638 -118  197
393 666 -118  181
403 691 -118  164
414 708 -118  145
424 713 -118  125
435 712 -118  103
447 712 -118   76
458 716 -118   51
468 724 -118   24
478 732 -118    0
489 739   79  -19
499 732   79  -30
510 702   79  -44
520 660   79  -59
530 662   79  -73
541 686   79  -89
552 713   79 -107
563 723   79 -123
573 689   79 -136
583 648   79 -141
594 618   31 -141
604 618    9 -141
614 713    9 -137
624 755    9 -126
634 777    9 -116
645 788    9 -104
655 794    9  -92
666 797    9  -79
676 798    9  -68
688 800    9  -55
99999 0 0 0 
  0 806  119   14
 10 806  119   14
 20 806  119   14
 30 806  119   14
 40 720  119   13
 50 681  119   12
 60 681  119   11
 70 681  119   11
 81 655  119   11
 92 617  119   11
102 598  119   21
112 601  119   29
122 617  119   39
132 638  119   48
142 653  119   57
152 658  104   67
162 655   81   78
172 649   54   89
182 651   29  101
192 660   29  115
202 708   29  127
212 749   29  141
222 766   29  153
232 775   29  165
242 780   29  176
253 782 -119  188
263 784 -119  198
273 708 -119  208
283 646 -119  217
293 648 -119  225
303 673 -119  233
313 696 -119  239
323 708 -119  244
333 679 -119  245
344 633 -119  245
354 604 -119  245
364 594 -119  233
374 602 -119  220
384 626 -119  205
395 657 -119  189
405 683 -119  172
417 703 -119  151
427 710 -119  132
438 710 -119  110
448 710 -119   87
458 713 -119   65
469 720 -119   40
479 729 -119   14
489 737 -119  -10
499 740   79  -23
510 661   79  -35
520 654   79  -47
531 677   79  -55
541 703   79  -69
553 727   79  -83
563 723   79  -95
574 682   79 -101
584 641   34 -103
594 643    6 -103
604 705    9 -100
614 743    9  -89
624 772    9  -77
635 785    9  -67
645 791    9  -55
655 795    9  -43
665 797    9  -31
675 798    9  -19
685 799    9   -5
99999 0 0 0 
  0 807  118   -1
 10 807  118   -1
 20 788  118   -1
 30 700  118   -1
 40 687  118   -1
 50 697  118   -1
 60 703  118   -1
 71 689  118    1
 81 651  118    8
 91 615  118   17
101 601  118   27
112 611  118   38
122 634  118   49
133 658  118   60
143 668   96   70
154 665   70   82
164 659   45   94
174 676   29  108
184 700   29  120
195 746   29  135
205 764   29  147
215 775   29  158
225 781   29  169
236 783   29  181
247 785 -118  193
257 725 -118  204
268 647 -118  213
279 647 -118  221
290 673 -118  229
301 701 -118  236
312 710 -118  241
323 670 -118  241
334 622 -118  241
345 600 -118  237
356 597 -118  223
366 612 -118  209
376 641 -118  193
387 670 -118  177
398 695 -118  157
410 709 -118  135
420 711 -118  115
431 710 -118   93
442 712 -118   67
452 717 -118   45
462 724 -118   18
472 732 -118   -4
482 739   79  -21
493 726   79  -33
503 695   79  -48
515 654   79  -63
525 667   79  -79
535 689   79  -95
545 713   79 -111
555 719   79 -127
565 690   79 -138
575 647   79 -143
585 619   31 -144
595 606    0 -143
605 709    9 -139
615 753    9 -129
625 775    9 -120
635 785    9 -108
645 791    9  -96
655 794    9  -85
665 796    9  -74
676 798    9  -63
686 798    9  -52
99999 0 0 0 
  0 805  119    1
 10 805  119    1
 20 719  119    1
 30 684  119    1
 40 682  119    1
 50 674  119    1
 60 648  119    5
 70 620  119   13
 80 605  119   21
 90 608  119   31
100 624  119   40
110 643  119   49
120 654  119   59
130 656   99   69
142 651   68   83
152 647   41   95
162 663   29  107
172 683   29  120
182 724   29  133
192 755   29  146
202 769   29  157
213 776   29  171
223 780   29  181
233 782 -119  192
244 784 -119  203
254 688 -119  213
265 643 -119  221
275 653 -119  230
285 678 -119  237
295 701 -119  242
307 706 -119  247
317 667 -119  248
327 626 -119  248
337 599 -119  245
347 592 -119  232
357 604 -119  219
367 629 -119  205
378 661 -119  189
388 688 -119  171
398 703 -119  153
408 709 -119  134
418 709 -119  115
428 707 -119   92
438 710 -119   69
448 717 -119   47
458 725 -119   23
468 733 -119   -3
478 739   79  -19
488 730   79  -31
498 701   79  -43
508 657   79  -58
518 665   79  -72
529 688   79  -88
539 713   79 -105
550 721   79 -121
560 686   79 -133
570 644   79 -138
580 614   31 -139
590 614    0 -138
601 694    9 -134
611 739    9 -123
623 772    9 -110
633 785    9  -99
644 791    9  -87
654 794    9  -75
665 795    9  -63
675 797    9  -52
686 797    9  -40
99999 0 0 0 
  0 801  119    1
 10 801  119    6
 20 781  119   10
 30 727  119   13
 40 720  119   15
 50 730  119   17
 60 742  119   21
 70 742  119   22
 80 712  119   25
 90 674  119   29
100 646  119   37
110 619  119   47
120 606  119   57
130 613  104   68
140 631   79   78
150 650   54   89
160 661   32   99
170 713   29  111
180 740   29  121
190 760   29  134
200 769   29  144
210 775   29  154
221 778   29  165
231 780   29  176
242 782   29  185
253 783 -119  195
264 784 -119  204
274 731 -119  212
284 650 -119  217
295 647 -119  222
306 672 -119  228
316 698 -119  232
327 719 -119  233
339 706 -119  235
350 659 -119  235
360 622 -119  233
370 602 -119  220
381 606 -119  205
391 630 -119  190
402 660 -119  173
412 689 -119  155
422 703 -119  138
433 711 -119  118
444 710 -119   94
454 708 -119   73
465 711 -119   49
475 717 -119   23
486 726 -119   -3
497 733   79  -20
507 721   79  -31
519 686   79  -47
529 651   79  -60
540 658   79  -75
550 682   79  -92
560 706   79 -108
571 718   79 -124
581 689   79 -136
592 646   79 -142
602 616   34 -143
612 604    0 -142
622 707    9 -139
633 754    9 -127
643 775    9 -117
655 785    9 -104
665 790    9  -92
676 793    9  -80
686 795    9  -69
696 796    9  -59
707 796    9  -48
99999 0 0 0 
  0 802  119   13
 10 802  119   14
 20 802  119   14
 30 760  119   15
 40 691  119   15
 50 674  119   15
 60 666  119   16
 70 655  119   19
 81 643  119   23
 91 628  119   28
101 611  119   35
111 608  119   43
121 614  119   51
131 624  119   59
141 632  104   68
151 638   81   77
162 639   59   87
172 644   36   98
183 676   29  111
193 705   29  121
204 743   29  134
214 760   29  145
225 770   29  157
235 775   29  166
245 777   29  176
256 780 -119  186
267 781 -119  197
279 780 -119  207
289 666 -119  214
300 643 -119  219
310 661 -119  225
320 685 -119  230
331 709 -119  233
341 716 -119  236
352 684 -119  236
363 636 -119  236
373 605 -119  229
384 596 -119  217
394 612 -119  201
404 639 -119  187
414 668 -119  171
424 689 -119  154
434 704 -119  135
444 710 -119  117
454 708 -119   97
464 706 -119   73
474 709 -119   52
484 715 -119   28
494 724 -119    5
504 732   79  -17
514 718   79  -27
524 648   79  -39
534 654   79  -51
544 676   79  -60
554 702   79  -74
564 721   79  -85
574 717   79  -97
584 680   79 -104
594 640   47 -106
604 619    6 -106
614 673    9 -105
624 709    9  -95
634 754    9  -81
645 775    9  -71
655 785    9  -57
665 790    9  -44
675 793    9  -31
686 794    9  -17
696 795    9   -4
99999 0 0 0 
  0 799  120   42
 10 800  120   42
 20 800  120   42
 30 761  120   42
 40 713  120   42
 50 703  120   42
 60 686  120   42
 70 661  120   42
 80 646  120   42
 90 633  120   45
100 619  120   52
110 607  120   61
120 605  100   69
130 615   78   79
140 629   57   88
150 642   37   97
160 698   30  109
170 728   30  118
180 752   30  129
190 764   30  139
200 770   30  147
210 774   30  157
220 776   30  165
230 778   30  175
240 780   30  183
250 780   30  192
260 781 -120  198
271 781 -120  205
281 737 -120  212
292 663 -120  217
302 663 -120  221
312 681 -120  225
322 704 -120  229
333 724 -120  232
344 714 -120  233
354 671 -120  232
364 630 -120  232
374 604 -120  221
384 600 -120  208
394 617 -120  193
404 644 -120  178
414 672 -120  162
424 695 -120  144
434 708 -120  126
444 711 -120  106
454 709 -120   86
464 708 -120   63
474 710 -120   41
484 716 -120   17
494 725 -120   -8
504 730   80  -22
514 720   80  -33
525 687   80  -48
535 652   80  -61
545 646   80  -79
555 667   80  -93
566 694   80 -111
577 711   80 -128
587 688   80 -141
597 647   80 -148
607 613   48 -150
617 598    6 -149
627 679   10 -148
637 738   10 -137
647 766   10 -127
657 778   10 -117
667 785   10 -105
677 789   10  -94
687 791   10  -83
697 793   10  -72
707 794   10  -61
99999 0 0 0 
  0 795  120  -41
 10 795  120  -33
 21 768  120  -25
 31 715  120  -19
 41 712  120  -11
 51 722  120   -6
 61 736  120    0
 71 748  120    7
 81 755  120   14
 91 742  120   20
102 703  120   28
112 660  120   38
122 631  120   50
132 620  118   62
142 626   91   74
152 643   62   86
162 660   35   98
172 707   30  110
182 732   30  123
192 755   30  135
202 766   30  148
212 771   30  158
222 775   30  170
232 776   30  180
242 778 -120  191
252 778 -120  200
262 662 -120  209
273 636 -120  217
283 651 -120  225
293 676 -120  231
303 701 -120  236
313 703 -120  239
323 664 -120  240
334 621 -120  240
344 595 -120  236
354 589 -120  225
366 606 -120  208
376 634 -120  193
386 663 -120  177
397 687 -120  159
407 702 -120  141
417 705 -120  123
427 703 -120  103
437 703 -120   80
447 705 -120   58
457 712 -120   34
467 720 -120   10
477 728   80  -12
487 731   80  -24
497 713   80  -35
507 671   80  -50
517 649   80  -63
527 666   80  -77
537 689   80  -93
547 711   80 -109
557 711   80 -123
567 673   80 -133
577 630   73 -137
587 603   23 -138
597 636    0 -137
607 718   10 -133
617 756   10 -123
627 773   10 -115
637 782   10 -104
647 787   10  -95
657 790   10  -84
667 791   10  -74
677 792   10  -65
687 793   10  -56
698 794   10  -47
99999 0 0 0 
  0 797    0  -13
 10 797  120   -8
 20 798  120   -4
 30 747  120    0
 40 712  120    3
 52 714  120    6
 62 727  120   13
 73 731  120   14
 83 711  120   17
 93 681  120   22
103 654  120   29
114 631  120   39
124 614  120   49
134 613  120   59
144 623  102   69
154 640   78   80
164 651   55   90
174 669   30  101
185 679   30  113
195 719   30  126
206 745   30  139
217 762   30  152
228 769   30  162
239 773   30  175
249 775 -120  185
259 777 -120  195
270 778 -120  205
280 744 -120  213
290 647 -120  220
301 637 -120  227
311 659 -120  233
323 688 -120  239
333 709 -120  242
344 704 -120  244
354 660 -120  244
364 616 -120  243
375 594 -120  233
386 594 -120  220
397 618 -120  205
407 648 -120  189
418 676 -120  172
429 695 -120  153
439 704 -120  133
449 704 -120  114
459 703 -120   91
470 705 -120   67
480 710 -120   45
490 718 -120   20
500 725 -120   -3
510 733   80  -20
521 720   80  -31
532 674   80  -47
543 649   80  -60
553 668   80  -75
564 693   80  -91
574 713   80 -106
584 708   80 -120
594 667   80 -129
604 628   64 -132
614 603   14 -132
624 659   10 -131
634 722   10 -125
644 757   10 -114
654 775   10 -105
665 783   10  -95
675 788   10  -83
685 790   10  -73
695 791   10  -63
706 791   10  -52
99999 0 0 0 
  0 793  121  -33
 10 794  121  -23
 20 793  121  -15
 30 713  121   -7
 40 700  121    0
 50 710  121    6
 60 725  121   12
 70 739  121   17
 80 750  121   25
 90 753  121   28
100 730  121   33
110 681  121   41
120 638  121   51
130 610  115   63
140 605   90   75
150 620   65   86
160 641   37   97
170 684   30  109
180 713   30  121
190 743   30  133
201 760   30  146
212 768   30  159
223 772   30  170
233 774   30  181
244 776 -121  192
254 773 -121  201
264 662 -121  209
274 633 -121  218
284 648 -121  225
295 674 -121  232
305 698 -121  236
317 695 -121  240
327 653 -121  240
338 611 -121  240
348 591 -121  232
358 589 -121  221
369 607 -121  206
379 637 -121  191
390 666 -121  174
400 688 -121  157
411 701 -121  137
423 703 -121  115
433 701 -121   93
443 702 -121   72
453 707 -121   48
463 713 -121   25
474 722 -121   -1
484 730   80  -18
494 661   80  -29
504 633   80  -41
514 652   80  -50
525 679   80  -61
535 703   80  -73
545 719   80  -85
555 697   80  -95
565 652   73  -99
576 616   23  -99
587 687   10  -99
598 736   10  -92
608 765   10  -81
619 778   10  -73
630 786   10  -61
640 788   10  -49
650 790   10  -39
662 791   10  -26
672 792   10  -14
99999 0 0 0 
  0 800  120   -1
 11 799  120   -1
 21 799  120   -1
 31 768  120   -1
 41 687  120   -1
 51 677  120   -1
 61 690  120   -1
 71 697  120   -1
 81 690  120   -1
 91 659  120    5
101 620  120   15
111 600  120   25
121 602  120   36
131 622  120   46
141 644  120   57
151 659  109   66
162 660   82   78
173 652   55   91
183 644   30  103
193 656   30  116
203 710   30  130
214 740   30  143
224 759   30  157
236 768   30  169
247 773 -120  183
258 775 -120  193
268 708 -120  205
278 637 -120  213
289 637 -120  223
300 662 -120  231
312 692 -120  238
322 699 -120  243
332 663 -120  244
342 620 -120  244
352 593 -120  244
363 584 -120  232
374 594 -120  217
384 620 -120  203
395 652 -120  187
406 679 -120  169
416 694 -120  151
427 702 -120  131
438 700 -120  109
448 700 -120   86
459 703 -120   63
469 710 -120   38
479 719 -120   15
489 727 -120  -10
499 731   80  -23
509 717   80  -35
519 666   80  -51
530 645   80  -65
541 666   80  -81
551 691   80  -98
562 710   80 -113
573 693   80 -129
584 647   80 -137
594 611   50 -139
604 593    6 -139
614 694   10 -138
624 742   10 -129
635 767   10 -119
645 779   10 -108
657 785   10  -96
668 788   10  -85
678 790   10  -75
689 791   10  -64
699 791   10  -55
99999 0 0 0 
  0 799  120    3
 10 799  120    3
 20 800  120    3
 30 800  120    3
 40 710  120    3
 50 676  120    3
 61 675  120    3
 72 667  120    3
 82 643  120    5
 92 617  120   12
102 598  120   21
112 601  120   30
122 616  120   39
132 636  120   49
142 647  120   58
152 650  102   68
162 646   78   79
172 640   55   90
182 643   30  102
192 653   30  115
202 702   30  126
212 742   30  140
222 758   30  151
233 767   30  164
243 772   30  175
253 774 -120  185
263 776 -120  196
273 699 -120  205
283 637 -120  213
293 640 -120  221
303 664 -120  229
313 689 -120  235
323 702 -120  239
333 680 -120  240
343 632 -120  240
353 600 -120  240
363 586 -120  231
373 589 -120  218
383 608 -120  205
394 640 -120  189
404 669 -120  171
415 690 -120  153
426 701 -120  133
436 702 -120  113
448 700 -120   87
459 702 -120   63
469 708 -120   39
480 717 -120   14
492 726   80  -14
503 726   80  -26
513 706   80  -38
523 658   80  -53
534 646   80  -67
545 667   80  -83
556 694   80 -100
567 712   80 -117
578 687   80 -131
588 641   80 -138
598 607   48 -139
608 593    0 -139
618 644   10 -139
628 687   10 -127
639 743   10 -115
649 768   10 -105
660 779   10  -93
672 786   10  -78
682 788   10  -67
692 790   10  -55
703 791   10  -43
99999 0 0 0 
  0 792  121  -24
 10 792  121  -15
 20 793  121   -4
 30 793  121    3
 40 735  121    9
 50 708  121   14
 60 712  121   19
 70 725  121   21
 80 738  121   24
 90 747  121   29
100 738  121   32
110 696  121   37
120 652  121   43
130 616  121   53
140 596  112   64
150 598   90   75
160 616   65   85
170 638   40   96
180 671   30  107
190 701   30  117
200 728   30  129
210 751   30  141
220 761   30  153
230 767   30  162
240 770   30  173
252 773 -121  185
262 774 -121  195
273 693 -121  204
283 634 -121  212
294 640 -121  219
304 665 -121  225
315 690 -121  229
327 698 -121  233
338 660 -121  234
348 617 -121  233
359 591 -121  228
370 584 -121  215
381 603 -121  201
391 632 -121  185
403 665 -121  167
414 688 -121  149
424 698 -121  130
434 699 -121  112
444 697 -121   90
455 697 -121   67
465 702 -121   43
475 709 -121   20
485 718 -121   -3
496 725   80  -21
507 654   80  -35
518 631   80  -48
528 652   80  -56
539 679   80  -71
549 703   80  -84
560 712   80  -97
570 676   80 -106
580 634   65 -109
590 606   14 -109
601 701   10 -108
613 748   10  -98
623 769   10  -88
634 779   10  -77
644 784   10  -65
654 787   10  -55
665 789   10  -43
675 790   10  -31
687 791   10  -19
99999 0 0 0 
  0 792  121   -2
 10 791  121    7
 20 793  121   14
 30 793  121   19
 40 729  121   23
 50 706  121   26
 60 711  121   28
 70 724  121   29
 80 736  121   33
 90 734  121   33
100 700  121   35
110 659  121   40
120 626  121   48
130 599  121   57
140 589  103   68
150 598   81   79
160 619   56   89
170 644   30  100
180 678   30  110
190 716   30  121
200 740   30  133
210 756   30  144
220 764   30  154
230 768   30  164
240 771   30  173
250 773   30  184
261 774 -121  193
271 775 -121  201
281 776 -121  211
291 684 -121  217
301 633 -121  221
312 640 -121  227
322 664 -121  232
333 691 -121  236
344 711 -121  238
354 695 -121  239
364 650 -121  239
374 610 -121  238
384 589 -121  227
394 589 -121  213
404 609 -121  200
414 637 -121  185
424 667 -121  168
434 687 -121  151
444 699 -121  133
454 701 -121  113
464 699 -121   93
474 697 -121   72
484 700 -121   49
494 708 -121   25
505 716 -121    0
516 725   80  -20
527 715   80  -32
537 680   80  -46
547 640   80  -59
558 654   80  -72
569 681   80  -90
580 704   80 -106
590 704   80 -121
601 662   80 -131
611 618   65 -135
621 592   23 -135
631 641   10 -135
641 708   10 -128
651 746   10 -119
661 768   10 -109
671 779   10  -99
681 783   10  -89
691 786   10  -79
701 788   10  -68
711 789   10  -59
99999 0 0 0 
  0 790  121  -37
 10 791  121  -28
 20 770  121  -19
 30 694  121  -10
 40 688  121   -2
 50 700  121    5
 60 717  121   11
 70 733  121   17
 80 745  121   26
 90 750  121   30
100 732  121   36
110 684  121   43
120 632  121   54
130 602  108   66
140 595   81   78
150 612   56   90
160 635   30  101
170 689   30  113
180 715   30  124
190 746   30  136
200 759   30  147
211 765   30  161
221 768   30  171
231 770   30  181
242 772 -121  191
252 769 -121  201
263 649 -121  209
273 628 -121  217
283 644 -121  224
293 670 -121  231
303 693 -121  235
313 694 -121  237
324 653 -121  238
334 610 -121  237
345 584 -121  233
355 577 -121  220
365 591 -121  208
376 621 -121  192
386 652 -121  176
396 675 -121  160
406 691 -121  141
416 696 -121  123
427 694 -121  102
437 692 -121   80
447 695 -121   58
458 703 -121   33
468 712 -121    8
478 720   80  -16
489 681   80  -25
499 620   80  -39
511 636   80  -49
522 666   80  -60
532 693   80  -72
543 711   80  -84
555 684   80  -95
565 636   66  -99
575 602   23  -99
585 683   10  -99
595 725   10  -94
605 757   10  -84
615 774   10  -75
625 781   10  -65
635 784   10  -55
645 787   10  -44
655 788   10  -33
665 789   10  -23
675 790   10  -11
99999 0 0 0 
  0 796  120    4
 11 796  120    3
 21 796  120    1
 31 719  120    1
 41 665  120    1
 51 662  120    1
 61 669  120    1
 71 672  120    1
 81 655  120    1
 91 627  120    2
101 600  120   11
111 593  120   22
121 604  120   32
131 622  120   42
141 638  120   52
151 646  116   63
161 645   93   73
171 638   64   85
181 632   37   97
191 652   30  110
201 695   30  123
211 726   30  135
221 750   30  148
231 761   30  159
241 767   30  171
251 770   30  181
261 772 -120  192
271 773 -120  203
281 723 -120  213
292 631 -120  220
302 626 -120  227
312 647 -120  235
323 675 -120  241
333 696 -120  245
344 687 -120  249
356 631 -120  249
367 591 -120  248
377 574 -120  239
387 574 -120  225
397 595 -120  213
408 629 -120  196
419 659 -120  179
429 681 -120  161
440 693 -120  142
450 694 -120  122
462 690 -120   98
473 690 -120   73
484 697 -120   49
494 706 -120   24
504 715 -120    1
514 724   80  -18
525 715   80  -29
537 642   80  -45
548 638   80  -59
558 661   80  -71
569 687   80  -87
581 707   80 -103
591 685   80 -115
601 640   80 -121
611 602   39 -123
621 592    6 -123
631 661   10 -120
641 709   10 -109
651 750   10  -97
662 770   10  -87
672 779   10  -75
683 784   10  -63
693 786   10  -51
703 788   10  -39
714 789   10  -27
99999 0 0 0 
  0 790  121   -6
 10 790  121    5
 20 791  121   13
 30 792  121   19
 40 721  121   23
 50 698  121   27
 60 704  121   29
 70 718  121   31
 80 731  121   35
 90 734  121   35
100 706  121   37
110 657  121   42
120 619  121   49
130 588  121   59
140 576  101   69
150 583   78   80
160 605   53   90
170 632   30  100
180 668   30  110
190 708   30  121
200 735   30  132
210 752   30  142
220 760   30  153
230 765   30  162
240 767   30  171
250 769   30  181
261 771 -121  190
271 772 -121  199
282 773 -121  207
292 659 -121  214
303 619 -121  218
315 634 -121  224
325 661 -121  229
336 688 -121  232
347 703 -121  233
359 672 -121  233
369 623 -121  233
379 590 -121  229
389 572 -121  217
400 579 -121  201
410 606 -121  186
421 637 -121  169
431 664 -121  152
442 683 -121  133
452 690 -121  114
464 689 -121   91
474 686 -121   69
485 688 -121   45
495 695 -121   21
506 704 -121   -3
517 711   80  -21
527 701   80  -33
539 653   80  -48
549 623   80  -61
559 641   80  -75
570 666   80  -91
580 691   80 -107
590 693   80 -120
600 652   80 -131
610 601   80 -135
620 569   23 -135
630 612   10 -135
640 687   10 -131
650 736   10 -121
660 761   10 -112
670 774   10 -104
680 781   10  -93
690 784   10  -84
700 786   10  -75
710 787   10  -65
99999 0 0 0 
  0 794  120   11
 10 794  120   11
 20 770  120   11
 30 669  120   11
 40 638  120   11
 50 625  120   11
 61 616  120   11
 71 610  120   13
 81 601  120   18
 91 591  120   24
102 583  120   30
112 577  120   38
122 576  120   46
132 578  120   53
142 581  118   62
152 584   98   71
162 585   78   79
172 582   60   88
182 585   35   98
193 621   30  109
203 663   30  119
214 711   30  131
225 735   30  141
235 748   30  151
246 755   30  160
256 759   30  169
267 762   30  179
278 763   30  188
289 764 -120  196
300 765 -120  203
311 697 -120  209
321 616 -120  215
331 608 -120  219
342 628 -120  224
352 655 -120  228
364 680 -120  230
374 672 -120  231
385 620 -120  231
395 565 -120  231
405 497 -120  221
416 425 -120  208
426 390 -120  197
437 386 -120  181
447 409 -120  165
458 441 -120  149
470 480 -120  131
480 517 -120  114
490 549 -120   99
500 575 -120   84
511 519 -120   68
521 488 -120   53
531 486 -120   41
541 486 -120   29
552 489 -120   15
562 497 -120    0
574 507   80  -11
584 498   80  -15
594 457   80  -21
604 451   80  -27
615 505   80  -33
625 558   80  -39
635 604   80  -47
645 639   80  -52
656 647   31  -55
666 581   12  -61
676 511   39  -67
686 459   39  -72
697 457   31  -76
707 476   20  -79
717 507   14  -81
728 602    6  -83
739 678    5  -85
749 733    5  -86
759 759    0  -87
769 774    0  -88
779 780    0  -89
789 784    0  -91
799 786    6  -91
809 788   10  -92
819 788   10  -93
829 789   10  -95
839 784   10  -96
850 783   10  -97
860 783   10  -99
870 784   10 -100
881 785   10 -101
891 786   10 -103
99999 0 0 0 
  0 793  121 -105
 10 793  121 -105
 20 659  121 -105
 30 506  121 -105
 40 437  121 -105
 50 407  121 -105
 60 393  121 -105
 70 386  121 -105
 80 377  121 -105
 90 362  121 -105
100 348  121 -105
110 340  121 -105
120 334  121 -104
130 514  121 -104
140 652  121 -103
150 515  121 -102
160 451  121 -102
170 411  121 -102
180 419  121 -102
190 448  121 -101
200 484  121  -99
210 498  121  -99
220 429  121  -99
230 405  121  -97
240 415  121  -96
250 424  121  -95
260 403  121  -95
270 367  121  -93
280 346  121  -91
290 335  121  -89
301 329  121  -88
311 325  121  -86
321 457  121  -84
331 621  121  -83
341 646  121  -81
351 495  121  -81
361 501  121  -80
371 650  121  -79
381 717  121  -78
391 748  121  -76
401 764  121  -75
411 741  121  -75
421 759  121  -74
431 772  121  -73
441 777  121  -72
451 683  121  -72
461 548  121  -71
471 513  121  -71
481 522  121  -71
491 538  121  -68
501 514   80  -67
511 448   80  -67
522 451   80  -65
532 488   80  -64
542 464   80  -63
552 438   80  -62
562 416   80  -60
572 385   80  -59
583 365   10  -56
594 440   10  -54
605 627   10  -51
615 703   10  -50
625 737   10  -50
635 755   10  -50
646 763   10  -50
656 766   10  -50
667 767   10  -50
677 768   10  -50
99999 0 0 0 
  0 783  122  -50
 10 785  122  -50
 20 786  122  -50
 30 600  122  -50
 40 530  122  -50
 50 503  122  -50
 60 467  122  -50
 70 411  122  -50
 80 373  122  -50
 90 353  122  -49
100 340  122  -47
110 333  122  -43
120 329  122  -41
130 337  122  -40
140 537  122  -37
150 661  122  -34
160 724  122  -31
170 751  122  -27
180 766  122  -23
190 773  122  -19
200 776  122  -16
210 779  122  -13
220 753  122  -10
230 567  122   -7
240 517  122   -4
250 517  122   -2
260 540  122    1
270 565  122    2
280 595  122    3
290 619  122    4
300 631  122    5
310 580  122    7
320 486  122    7
330 473  122    7
340 492  122    7
350 524  122    7
360 558  122    7
370 584  122    7
380 576  122    7
390 489  122    7
400 517  122    7
410 427  122    8
420 414  122    8
431 438  122    8
441 469  122    8
451 505  122    8
461 538  122    8
471 551  122    8
481 495  122    8
491 462  122    8
501 428   18    8
511 446   17    8
521 475   16    8
531 579   13    8
541 677   11    8
551 728   11    8
561 751   10    8
571 763   10    8
581 763 -122    8
591 752 -122    8
601 656 -122    8
611 503 -122    8
622 476 -122    8
632 488 -122    8
644 519 -122    7
654 536 -122    7
664 490 -122    6
675 407 -122    5
685 367 -122    2
695 524 -122    0
705 653 -122   -1
715 494 -122   -2
726 443 -122   -4
736 446 -122   -5
748 475 -122   -5
758 504 -122   -5
768 519 -122   -5
779 487 -122   -6
789 398 -122   -7
800 371 -122   -7
811 383 -122   -7
821 411 -122   -7
831 440 -122   -7
841 426 -122   -7
853 456 -122   -7
863 628 -122   -7
874 583 -122   -7
884 500 -122   -7
895 417 -122   -7
905 379 -122   -7
915 374 -122   -7
925 392 -122   -7
935 421 -122   -7
946 448 -122   -7
956 481 -122   -7
967 504 -122   -7
978 479 -122   -7
988 637   81   -7
1000 686   81   -7
1010 734   81   -7
1020 756   81   -7
1030 723   81   -7
1041 525   81   -7
1051 457   81   -7
1063 450   10   -7
1073 422   10   -7
1083 416   10   -7
1093 582   10   -7
1103 679   10   -7
1113 717   10   -6
1123 735   10   -4
1133 746   10   -3
1143 751   10   -3
1153 755   10   -1
99999 0 0 0 
  0 797  120    2
 10 797  120    2
 21 658  120    2
 31 512  120    2
 41 440  120    2
 51 413  120    2
 61 396  120    2
 71 368  120    2
 81 375  120    2
 91 401  120    2
101 431  120    3
111 469  120    6
121 628  120    9
131 508  120   11
141 467  120   12
151 474  120   14
161 490  120   17
171 484  120   18
181 429  120   19
191 398  120   19
201 450  120   20
211 525  120   20
221 473  120   20
231 454  120   20
241 472  120   20
251 501  120   20
261 519  120   20
271 455  120   20
281 406  120   20
291 512  120   20
301 653  120   19
311 512  120   19
321 454  120   19
331 452  120   19
341 465  120   19
351 448  120   19
361 495  120   19
371 646  120   19
381 536  120   19
391 444  120   19
401 400  120   19
411 515  120   19
421 649  120   18
431 719  120   18
441 751  120   17
451 635  120   17
462 530  120   15
472 433  120   15
482 378  120   14
492 406  120   13
503 453 -120   13
513 470 -120   12
524 543 -120   12
534 674 -120   12
546 526 -120   12
556 450 -120   12
567 440 -120   12
578 450 -120   12
588 452 -120   11
598 582 -120   10
608 680 -120    9
618 544 -120    8
628 502 -120    8
639 509 -120    7
651 528 -120    6
661 512 -120    5
672 424 -120    4
682 392 -120    3
693 440 -120    2
703 481 -120    2
713 517 -120    2
724 462 -120    1
735 412 -120   -1
745 381 -120   -1
757 517 -120   -2
768 666 -120   -2
778 525 -120   -3
788 451 -120   -3
798 422 -120   -3
809 386 -120   -4
820 506 -120   -4
831 659 -120   -5
842 723 -120   -5
852 716 -120   -5
863 673 -120   -5
873 509 -120   -5
883 458 -120   -5
893 457 -120   -5
904 442   80   -5
914 432   80   -5
924 389   80   -5
934 375   80   -5
945 590   80   -5
956 664   80   -5
966 723   80   -5
976 750   80   -5
986 763   10   -5
996 770   10   -5
1006 773   10   -5
1016 772   10   -5
1026 766   10   -5
1036 756   10   -5
1046 750   10   -5
1056 746   10   -5
1066 744   10   -5
1077 744   10   -4
99999 0 0 0 
  0 801  119   -4
 10 801  119   -4
 20 801  119   -4
 30 694  119   -4
 40 662  119   -4
 50 670  119   -4
 60 689  119   -4
 70 709  119   -4
 80 715  119   -3
 90 687  119    0
101 639  119    7
112 598  119   17
122 575  119   29
132 579  119   39
142 599  119   49
152 623  119   59
163 640   99   69
174 641   74   81
184 632   50   92
194 619   29  105
205 651   29  118
215 718   29  131
226 747   29  144
236 761   29  154
247 768   29  167
257 772   29  177
268 775   29  189
279 776 -119  199
290 778 -119  209
300 655 -119  217
310 608 -119  224
321 619 -119  230
332 649 -119  236
342 677 -119  240
353 693 -119  244
364 661 -119  244
375 602 -119  244
385 567 -119  241
395 552 -119  228
406 560 -119  215
416 589 -119  200
426 620 -119  185
437 651 -119  167
447 672 -119  149
457 682 -119  130
467 681 -119  111
478 678 -119   89
488 680 -119   65
500 688 -119   39
511 699 -119   13
522 709   79  -11
532 711   79  -24
544 684   79  -36
555 617   79  -51
565 630   79  -62
576 656   79  -77
586 683   79  -92
597 697   79 -107
608 657   79 -118
619 598   72 -123
629 561   27 -123
639 548    9 -123
649 546    9 -116
660 658    9 -104
671 733    9  -92
681 764    9  -81
692 777    9  -69
702 784    9  -56
713 788    9  -44
725 790    9  -30
99999 0 0 0 
  0 801  119    1
 10 801  119    1
 20 758  119    1
 30 673  119    1
 40 662  119    1
 50 673  119    1
 60 677  119    1
 70 655  119    1
 80 615  119    8
 90 582  119   17
100 567  119   28
110 579  119   37
120 602  119   47
130 626  119   57
140 638  108   65
150 637   83   76
160 624   59   87
170 652   36   98
180 672   29  111
190 725   29  122
200 748   29  133
210 762   29  143
221 768   29  154
231 772   29  165
242 774   29  175
252 776   29  185
264 777 -119  195
275 696 -119  203
285 619 -119  208
296 618 -119  215
306 643 -119  220
317 673 -119  225
327 696 -119  227
339 688 -119  229
349 638 -119  229
359 594 -119  229
369 565 -119  219
380 560 -119  205
390 581 -119  190
401 613 -119  175
411 645 -119  157
421 668 -119  141
431 682 -119  123
442 685 -119  103
452 684 -119   82
462 681 -119   59
472 685 -119   38
482 692 -119   16
492 703 -119   -8
504 708   79  -23
514 688   79  -35
525 640   79  -49
535 619   79  -63
546 639   79  -76
556 667   79  -93
567 692   79 -108
579 680   79 -124
589 628   79 -133
599 579   64 -135
609 549    6 -135
619 649    9 -135
629 727    9 -128
639 758    9 -120
649 773    9 -112
659 781    9 -103
669 786    9  -95
679 789    9  -85
689 790    9  -76
699 791    9  -68
709 791    9  -61
99999 0 0 0 
  0 801  119    5
 10 801  119    5
 20 801  119    5
 30 742  119    5
 40 673  119    5
 50 659  119    5
 60 655  119    5
 70 643  119    5
 80 626  119    8
 90 610  119   15
100 602  119   23
110 602  119   31
120 606  119   40
130 613  119   49
140 618  119   58
150 622  105   69
162 625   87   81
173 624   64   92
183 626   42  104
194 661   29  116
204 695   29  129
215 734   29  141
225 755   29  153
237 766   29  166
247 771   29  177
258 774   29  187
269 776   29  198
280 777 -119  208
290 779 -119  217
300 719 -119  225
312 627 -119  232
323 627 -119  237
333 652 -119  244
343 679 -119  249
354 701 -119  252
364 692 -119  253
375 645 -119  253
385 598 -119  253
396 573 -119  241
407 574 -119  228
417 596 -119  213
427 626 -119  199
437 657 -119  181
447 679 -119  165
458 692 -119  145
468 695 -119  125
478 693 -119  105
488 693 -119   81
498 696 -119   60
509 704 -119   34
519 713 -119    9
529 723   79  -14
539 723   79  -24
549 697   79  -37
559 633   79  -51
569 641   79  -62
579 665   79  -75
589 690   79  -91
599 707   79 -105
610 683   79 -118
620 635   79 -124
631 594   39 -125
642 609    0 -125
652 670    9 -120
662 721    9 -109
672 758    9  -99
682 775    9  -87
692 783    9  -75
702 788    9  -64
712 790    9  -52
723 791    9  -40
733 791    9  -27
99999 0 0 0 
  0 799    0    2
 11 800  119    2
 21 800  119    2
 31 779  119    2
 41 681  119    2
 51 665  119    2
 62 670  119    2
 72 670  119    2
 82 652  119    3
 92 616  119   10
102 588  119   19
112 579  119   28
122 592  119   38
132 615  119   48
142 632  119   57
152 641  109   67
162 639   91   77
172 629   71   88
182 623   49  100
193 631   29  113
205 710   29  127
215 742   29  139
225 759   29  151
236 767   29  162
247 772   29  173
258 774   29  185
268 776   29  195
278 777   29  205
288 778 -119  213
299 778 -119  221
311 651 -119  230
321 627 -119  234
331 642 -119  240
341 669 -119  245
352 694 -119  249
362 706 -119  252
372 682 -119  253
383 626 -119  253
394 588 -119  249
404 573 -119  236
416 583 -119  220
427 613 -119  205
437 647 -119  188
447 672 -119  171
458 690 -119  152
468 696 -119  133
478 695 -119  112
488 693 -119   90
499 695 -119   66
510 702 -119   39
520 711 -119   17
530 720 -119   -7
540 726   79  -21
550 710   79  -34
560 640   79  -47
570 636   79  -59
580 659   79  -73
590 683   79  -87
600 704   79 -103
610 697   79 -115
620 657   79 -124
630 612   64 -127
640 585   14 -127
650 671    9 -127
660 726    9 -119
670 760    9 -108
680 775    9  -99
690 783    9  -88
701 787    9  -77
711 789    9  -66
721 790    9  -55
731 791    9  -45
99999 0 0 0 
  0 799  120    3
 10 798  120    3
 20 798  120    3
 30 782  120    3
 40 683  120    3
 51 664  120    3
 61 670  120    3
 72 670  120    3
 82 647  120    3
 92 610  120   10
102 582  120   20
112 577  120   29
122 593  120   40
132 613  120   48
142 632  120   57
152 639  108   67
162 636   90   78
172 627   70   89
182 621   48  100
192 624   30  112
202 673   30  125
212 704   30  137
222 741   30  150
232 756   30  162
242 765   30  173
252 769   30  184
262 772   30  194
273 773 -120  205
283 774 -120  215
294 775 -120  225
304 700 -120  233
315 626 -120  238
327 629 -120  247
338 656 -120  253
348 683 -120  259
359 700 -120  261
370 676 -120  263
381 622 -120  263
392 583 -120  261
402 565 -120  251
413 571 -120  236
423 598 -120  221
433 629 -120  207
444 657 -120  189
454 679 -120  172
465 687 -120  152
477 687 -120  129
487 685 -120  106
497 689 -120   84
508 697 -120   60
519 708 -120   33
529 716 -120    8
540 725   80  -15
550 719   80  -25
561 686   80  -36
571 643   80  -51
583 625   80  -67
594 648   80  -82
604 676   80  -99
615 696   80 -115
625 674   80 -128
635 632   80 -136
645 588   56 -139
655 564   14 -139
665 639   10 -138
675 713   10 -131
687 755   10 -119
697 772   10 -110
708 781   10  -99
718 784   10  -88
729 787   10  -77
739 789   10  -67
750 789   10  -57
99999 0 0 0 
  0 792  121  -31
 10 793  121  -23
 20 793  121  -15
 30 735  121   -9
 40 689  121   -3
 50 688  121    1
 60 702  121    5
 70 719  121    9
 80 732  121   17
 90 735  121   20
100 709  121   23
110 655  121   30
120 615  121   39
130 581  121   49
140 569  121   61
150 579  101   71
160 601   83   81
170 622   65   92
180 647   47  102
190 666   30  113
200 696   30  124
210 723   30  136
220 744   30  147
230 756   30  157
240 761   30  167
250 765   30  177
260 767   30  187
270 769   30  196
281 770   30  205
291 770 -121  214
301 773 -121  221
311 772 -121  228
322 658 -121  235
332 623 -121  239
344 636 -121  245
354 662 -121  249
365 687 -121  253
377 696 -121  256
387 660 -121  256
397 606 -121  255
408 564 -121  249
420 539 -121  235
430 544 -121  221
441 568 -121  205
451 599 -121  189
462 629 -121  171
472 652 -121  153
483 662 -121  133
495 663 -121  110
505 660 -121   89
515 661 -121   66
526 667 -121   42
537 677 -121   17
547 689 -121   -7
558 695   80  -22
569 623   80  -35
580 568   80  -47
590 573   80  -57
600 592   80  -70
611 620   80  -84
622 640   80  -97
632 604   80 -108
642 510   80 -114
652 447   39 -115
663 411    0 -115
674 409   10 -115
684 600   10 -113
694 696   10 -110
704 738   10 -105
714 757   10 -103
724 770   10  -99
734 766   10  -97
744 768   10  -97
754 773   10  -97
99999 0 0 0 
  0 795  120 -149
 10 795  120 -152
 20 795  120 -156
 30 648  120 -160
 40 565  120 -163
 50 478  120 -167
 60 423  120 -168
 70 397  120 -168
 80 389  120 -168
 90 391  120 -168
101 387  120 -168
111 366  120 -168
121 359  120 -167
132 355  120 -165
143 362  120 -163
154 366  120 -160
164 357  120 -159
174 517  120 -157
184 638  120 -156
194 500  120 -155
204 460  120 -155
214 470  120 -155
224 502  120 -155
234 536  120 -155
244 485  120 -155
254 424  120 -155
264 395  120 -155
274 406  120 -155
284 441  120 -155
294 482  120 -155
304 520  120 -155
314 556  120 -155
324 563  120 -155
334 523  120 -155
345 448  120 -155
355 391  120 -156
365 379  120 -157
375 379  120 -159
385 365  120 -159
395 345  120 -159
405 385  120 -160
415 419  120 -160
425 472  120 -160
436 636  120 -160
447 716  120 -159
458 613  120 -160
468 472  120 -160
478 421  120 -160
488 423  120 -160
498 447  120 -160
508 483   80 -161
518 527   80 -163
528 566   80 -164
538 560   80 -166
548 486   80 -167
558 456   80 -168
568 470   80 -168
578 500   80 -169
588 443    0 -169
598 420   10 -170
608 594   10 -171
618 679   10 -171
628 714   10 -171
638 725   10 -171
648 728   10 -171
658 738   10 -171
668 744   10 -171
678 748   10 -172
99999 0 0 0 
  0 804  119   -2
 10 804  119   -2
 20 803  119   -2
 30 803  119   -2
 40 703  119   -2
 50 680  119   -2
 60 689  119   -2
 70 708  119   -1
 80 724  119   -2
 90 710  119   -1
100 665  119    5
110 620  119   14
120 599  119   25
130 601  119   36
140 619  119   47
150 644  119   57
160 661  105   68
170 667   87   79
180 662   67   90
190 652   44  102
200 693   29  116
211 720   29  129
221 752   29  143
231 766   29  154
241 774   29  165
251 777   29  177
261 780   29  188
271 782   29  199
281 783   29  208
291 783 -119  218
301 784 -119  227
311 662 -119  235
321 638 -119  239
332 654 -119  245
342 680 -119  252
354 708 -119  257
364 712 -119  260
374 682 -119  260
384 636 -119  260
394 604 -119  256
404 594 -119  243
415 605 -119  228
425 632 -119  213
436 662 -119  196
446 687 -119  178
456 702 -119  160
467 708 -119  139
478 707 -119  117
489 707 -119   93
500 711 -119   67
510 719 -119   42
520 726 -119   18
531 735 -119   -8
542 738   79  -24
552 719   79  -36
564 654   79  -52
574 663   79  -64
585 688   79  -79
595 710   79  -95
606 720   79 -110
617 686   79 -121
627 644   72 -126
637 615   31 -127
647 655    0 -126
657 727    9 -120
667 765    9 -108
678 778    9  -99
688 786    9  -87
700 790    9  -75
710 792    9  -63
720 793    9  -53
730 794    9  -43
741 795    9  -33
99999 0 0 0 
  0 802  119    1
 10 802  119    1
 20 802  119    1
 30 712  119    1
 40 679  119    1
 50 681  119    1
 60 682  119    1
 70 662  119    1
 80 627  119    9
 90 603  119   17
100 598  119   28
110 610  119   37
120 631  119   47
130 647  119   57
140 654  109   66
150 652   91   77
160 645   69   89
170 648   47  101
181 660   29  114
191 700   29  127
203 732   29  142
214 758   29  155
224 769   29  168
235 775   29  180
245 778   29  191
256 780 -119  201
266 780 -119  212
278 742 -119  223
289 645 -119  230
300 641 -119  238
310 665 -119  245
322 694 -119  252
332 709 -119  256
343 690 -119  257
354 640 -119  257
365 603 -119  256
375 589 -119  243
385 596 -119  229
395 622 -119  215
406 654 -119  197
417 681 -119  180
427 699 -119  161
438 706 -119  141
449 706 -119  117
460 705 -119   93
472 710 -119   66
482 716 -119   41
492 724 -119   18
502 732 -119   -7
512 737   79  -21
523 718   79  -33
533 661   79  -48
544 656   79  -61
554 678   79  -75
565 701   79  -91
575 719   79 -107
585 703   79 -119
595 661   79 -127
605 624   55 -128
615 604    0 -128
626 698    9 -127
638 753    9 -115
648 772    9 -107
659 782    9  -95
669 787    9  -83
680 790    9  -72
690 792    9  -62
700 793    9  -53
710 793    9  -43
99999 0 0 0 
  0 801  119    2
 11 801  119    2
 21 801  119    2
 31 739  119    2
 41 684  119    2
 51 677  119    2
 61 677  119    2
 71 664  119    2
 81 638  119    7
 91 615  119   15
101 603  119   25
111 606  119   34
121 621  119   44
131 639  119   53
141 649  116   63
151 650   96   73
161 645   76   84
171 641   56   97
181 653   35  109
191 673   29  121
201 715   29  133
211 742   29  145
221 760   29  157
231 769   29  169
241 774   29  180
251 777   29  191
261 779   29  201
271 779 -119  210
281 747 -119  221
291 652 -119  226
301 636 -119  234
311 655 -119  241
321 682 -119  247
332 705 -119  251
342 703 -119  254
353 663 -119  254
363 618 -119  253
373 594 -119  247
383 590 -119  234
394 608 -119  220
404 637 -119  204
416 670 -119  185
427 691 -119  167
437 703 -119  147
448 704 -119  126
458 703 -119  103
468 705 -119   81
479 710 -119   56
489 717 -119   33
499 726 -119    7
509 734   79  -15
521 729   79  -27
531 701   79  -40
542 651   79  -55
552 665   79  -67
563 688   79  -83
573 711   79  -99
584 715   79 -113
594 672   79 -124
604 636   79 -128
614 608   22 -128
624 637    9 -128
634 706    9 -123
644 747    9 -111
656 772    9 -101
666 781    9  -89
677 787    9  -77
687 789    9  -65
698 791    9  -54
708 792    9  -43
99999 0 0 0 
  0 802  119    1
 11 802  119    1
 21 733  119    1
 32 683  119    1
 42 682  119    1
 52 688  119    1
 62 681  119    1
 72 652  119    5
 82 615  119   13
 92 598  119   23
102 601  119   33
112 620  119   43
122 640  119   53
133 654  116   63
143 657   94   74
154 650   73   86
164 643   51   98
175 642   29  112
185 699   29  125
195 739   29  137
205 760   29  150
216 769   29  162
226 774   29  174
237 777   29  185
247 779   29  196
257 780 -119  205
267 781 -119  215
278 782 -119  225
289 744 -119  234
300 650 -119  241
311 645 -119  247
321 665 -119  252
331 692 -119  257
341 712 -119  261
351 711 -119  263
362 670 -119  263
372 626 -119  263
383 598 -119  255
393 592 -119  241
403 609 -119  227
413 637 -119  213
424 667 -119  196
434 691 -119  177
446 704 -119  156
457 706 -119  134
467 705 -119  112
478 707 -119   88
488 712 -119   63
499 719 -119   39
509 728 -119   14
521 737   79  -14
531 736   79  -26
541 712   79  -39
552 676   79  -54
562 643   79  -70
572 642   79  -84
582 667   79 -103
593 694   79 -120
603 708   79 -137
614 680   79 -151
625 635   79 -159
636 609   49 -160
646 599    0 -159
656 696    9 -155
666 748    9 -143
677 769    9 -133
687 781    9 -121
697 786    9 -109
707 789    9  -99
717 791    9  -87
728 792    9  -76
738 793    9  -67
99999 0 0 0 
  0 800  120    6
 10 800  120    6
 21 700  120    6
 31 673  120    6
 41 670  120    6
 51 662  120    6
 61 640  120    6
 71 618  120   13
 81 606  120   21
 91 608  120   30
101 619  120   40
111 633  120   49
122 642  120   60
133 644  101   71
143 643   81   82
153 641   63   93
163 642   39  105
173 644   30  118
184 711   30  131
194 746   30  145
204 760   30  157
214 767   30  167
225 772   30  179
236 775   30  192
246 776   30  201
256 777 -120  211
266 779 -120  220
276 779 -120  229
286 731 -120  237
296 645 -120  244
306 640 -120  248
316 661 -120  254
326 685 -120  260
336 709 -120  263
346 712 -120  265
356 677 -120  265
366 632 -120  265
376 603 -120  262
387 590 -120  249
397 600 -120  235
407 625 -120  221
419 660 -120  202
429 682 -120  186
439 697 -120  167
449 702 -120  149
459 702 -120  127
469 702 -120  106
479 705 -120   84
489 711 -120   59
499 720 -120   36
510 729 -120    9
521 736   80  -15
531 732   80  -26
541 708   80  -38
551 674   80  -53
561 639   80  -69
571 647   80  -83
581 673   80 -101
591 696   80 -116
601 706   80 -133
611 675   80 -145
621 632   80 -152
631 604   48 -152
641 591   10 -152
651 687   10 -148
661 737   10 -138
671 764   10 -127
681 776   10 -116
691 783   10 -105
701 787   10  -93
711 789   10  -81
721 790   10  -71
99999 0 0 0 
  0 791  121  -48
 10 792  121  -39
 20 794  121  -31
 30 748  121  -23
 40 707  121  -16
 50 707  121   -9
 60 720  121   -3
 70 734  121    2
 80 746  121   12
 90 752  121   17
100 738  121   22
110 699  121   29
120 655  121   39
130 624  121   51
140 612  118   62
150 618   96   74
160 636   74   86
170 654   54   98
180 687   32  109
190 708   30  122
200 735   30  134
210 752   30  147
220 763   30  160
230 768   30  169
240 771   30  181
250 774   30  192
260 775   30  202
271 776   10  212
281 777   10  221
291 777   10  231
301 783   10  238
311 788   10  245
321 791   10  253
331 792   10  260
341 792   10  266
351 793   10  271
361 793   10  276
371 793   10  281
381 793   10  285
391 792   10  290
401 794   10  293
411 794   10  296
421 794   10  297
431 794 -121  299
441 779 -121  300
451 682 -121  300
461 668 -121  301
471 681 -121  301
481 702 -121  301
491 717 -121  300
501 707 -121  300
512 668 -121  300
524 625 -121  289
534 609 -121  275
545 617 -121  260
556 640 -121  244
566 666 -121  227
577 685 -121  209
587 696 -121  189
599 700 -121  166
610 701 -121  143
620 705 -121  119
630 710 -121   97
640 718 -121   72
651 728 -121   45
661 735 -121   19
671 739 -121   -5
681 741   80  -21
691 726   80  -33
701 690   80  -47
711 661   80  -60
721 636   80  -77
731 652   80  -92
741 679   80 -111
751 700   80 -127
761 697   80 -141
771 659   80 -153
781 619   80 -157
791 598   23 -157
802 620   10 -156
812 710   10 -149
823 753   10 -135
833 770   10 -127
843 780   10 -114
853 783   10 -102
863 787   10  -91
873 788   10  -79
883 789   10  -69
99999 0 0 0 
