SSS v= 8136  t=  240 
SSS   -6     6    12     2
%P VOLT1   = 8037
%P VOLT2   = 8136
%P S2_SC   =  0.98
%P L_ANG_MAX = 240
S 8136    -6     6    12
B   0 813  117    2
B  11 813  117    2
B  21 813  117    2
B  31 813  117    2
B  43 717  117    2
B  53 691  117    2
B  63 695  117    2
B  73 697  117    2
B  83 677  117    2
B  93 642  117    9
B 103 615  117   19
B 113 608  117   29
B 123 621  117   39
B 133 644  117   49
B 143 663  117   59
B 153 671   98   69
B 163 667   73   80
B 173 659   49   92
B 183 662   29  105
B 193 674   29  118
B 203 720   29  130
B 213 758   29  145
B 223 774   29  157
B 233 782   29  168
pull out 176
B 243 786 -117  180
B 253 789 -117  191
B 263 791 -117  201
B 273 730 -117  211
B 284 650 -117  221
B 294 654 -117  229
B 304 679 -117  237
B 314 704 -117  243
B 325 713 -117  248
B 336 680 -117  249
B 346 636 -117  249
B 356 608 -117  248
B 367 598 -117  234
B 377 609 -117  221
B 388 637 -117  205
B 398 669 -117  189
B 408 692 -117  173
B 418 710 -117  154
B 429 716 -117  134
B 440 716 -117  111
B 451 715 -117   87
B 461 720 -117   62
B 471 725 -117   40
B 482 734 -117   12
push -11 -10
push out at target
B 493 744   78  -13
B 504 752   78  -27
B 514 781   78  -39
B 525 738   78  -54
B 536 702   78  -66
B 546 709   78  -81
B 557 726   78  -96
B 569 732   78 -112
B 579 698   78 -123
B 590 656   78 -127
B 600 629   19 -127
B 610 620    9 -127
B 621 712    9 -118
B 631 756    9 -105
B 643 783    9  -94
B 653 793    9  -81
B 664 798    9  -68
B 674 801    9  -55
B 685 803    9  -43
B 696 804    9  -29
pb end 
SSS v= 8094  t=  240 
SSS   -8     6     6    25
%P VOLT1   = 8037
%P VOLT2   = 8094
%P S2_SC   =  0.99
%P L_ANG_MAX = 240
S 8094    -8     6     6
B   0 809  118   25
B  11 809  118   25
B  21 794  118   25
B  31 699  118   25
B  41 673  118   25
B  51 668  118   25
B  61 659  118   25
B  71 645  118   25
B  81 629  118   30
B  91 617  118   37
B 101 615  118   45
B 111 620  118   53
B 121 630  116   61
B 131 638   96   70
B 141 643   76   79
B 151 646   54   89
B 161 646   29  100
B 171 699   29  111
B 181 741   29  123
B 191 763   29  134
B 201 773   29  142
B 211 780   29  153
B 221 783   29  163
B 231 786   29  173
B 241 787   29  181
B 251 789   29  191
pull out 197
B 261 790 -118  200
B 271 790 -118  207
B 281 684 -118  213
B 291 654 -118  217
B 301 667 -118  222
B 312 692 -118  227
B 322 717 -118  230
B 332 731 -118  232
B 342 710 -118  232
B 352 662 -118  232
B 362 627 -118  230
B 372 608 -118  218
B 383 612 -118  203
B 393 636 -118  187
B 403 665 -118  171
B 413 691 -118  153
B 423 708 -118  136
B 433 716 -118  117
B 443 716 -118   97
B 453 716 -118   75
B 464 717 -118   50
B 474 722 -118   25
B 484 730 -118    1
push -10 -10
push out at target
B 494 737   79  -19
B 504 731   79  -31
B 514 665   79  -41
B 524 659   79  -54
B 534 682   79  -64
B 544 706   79  -79
B 554 726   79  -92
B 564 723   79 -105
B 574 689   79 -113
B 584 648   55 -115
B 594 623    6 -115
B 604 652    9 -115
B 614 675    9 -105
B 624 741    9  -92
B 635 772    9  -81
B 646 788    9  -67
B 657 795    9  -53
B 667 798    9  -39
B 678 800    9  -27
B 688 800    9  -13
pb end 
SSS v= 8080  t=  240 
SSS   -8     6     6    22
%P VOLT1   = 8037
%P VOLT2   = 8080
%P S2_SC   =  0.99
%P L_ANG_MAX = 240
S 8080    -8     6     6
B   0 808  118   21
B  10 808  118   18
B  21 808  118   15
B  31 752  118   13
B  42 679  118   10
B  52 673  118    8
B  62 673  118    8
B  72 658  118    8
B  82 631  118    8
B  92 606  118   12
B 102 600  118   21
B 112 611  118   30
B 122 631  118   40
B 132 651  118   49
B 142 660  118   59
B 152 660   98   69
B 162 654   72   81
B 172 650   45   93
B 182 669   29  105
B 192 697   29  119
B 202 738   29  131
B 212 761   29  145
B 222 773   29  156
B 232 779   29  168
B 242 783   29  179
pull out 181
B 252 786 -118  189
B 263 758 -118  201
B 273 661 -118  209
B 283 645 -118  218
B 293 663 -118  227
B 303 688 -118  233
B 313 711 -118  238
B 323 702 -118  241
B 333 659 -118  241
B 343 619 -118  241
B 353 601 -118  237
B 363 595 -118  225
B 373 609 -118  212
B 383 638 -118  197
B 393 666 -118  181
B 403 691 -118  164
B 414 708 -118  145
B 424 713 -118  125
B 435 712 -118  103
B 447 712 -118   76
B 458 716 -118   51
B 468 724 -118   24
B 478 732 -118    0
push -11 -10
push out at target
B 489 739   79  -19
B 499 732   79  -30
B 510 702   79  -44
B 520 660   79  -59
B 530 662   79  -73
B 541 686   79  -89
B 552 713   79 -107
B 563 723   79 -123
B 573 689   79 -136
B 583 648   79 -141
B 594 618   31 -141
B 604 618    9 -141
B 614 713    9 -137
B 624 755    9 -126
B 634 777    9 -116
B 645 788    9 -104
B 655 794    9  -92
B 666 797    9  -79
B 676 798    9  -68
B 688 800    9  -55
pb end 
SSS v= 8062  t=  240 
SSS   -9     6     6    14
%P VOLT1   = 8037
%P VOLT2   = 8062
%P S2_SC   =  0.99
%P L_ANG_MAX = 240
S 8062    -9     6     6
B   0 806  119   14
B  10 806  119   14
B  20 806  119   14
B  30 806  119   14
B  40 720  119   13
B  50 681  119   12
B  60 681  119   11
B  70 681  119   11
B  81 655  119   11
B  92 617  119   11
B 102 598  119   21
B 112 601  119   29
B 122 617  119   39
B 132 638  119   48
B 142 653  119   57
B 152 658  104   67
B 162 655   81   78
B 172 649   54   89
B 182 651   29  101
B 192 660   29  115
B 202 708   29  127
B 212 749   29  141
B 222 766   29  153
B 232 775   29  165
B 242 780   29  176
pull out 179
B 253 782 -119  188
B 263 784 -119  198
B 273 708 -119  208
B 283 646 -119  217
B 293 648 -119  225
B 303 673 -119  233
B 313 696 -119  239
B 323 708 -119  244
B 333 679 -119  245
B 344 633 -119  245
B 354 604 -119  245
B 364 594 -119  233
B 374 602 -119  220
B 384 626 -119  205
B 395 657 -119  189
B 405 683 -119  172
B 417 703 -119  151
B 427 710 -119  132
B 438 710 -119  110
B 448 710 -119   87
B 458 713 -119   65
B 469 720 -119   40
B 479 729 -119   14
B 489 737 -119  -10
push -11 -10
push out at target
B 499 740   79  -23
B 510 661   79  -35
B 520 654   79  -47
B 531 677   79  -55
B 541 703   79  -69
B 553 727   79  -83
B 563 723   79  -95
B 574 682   79 -101
B 584 641   34 -103
B 594 643    6 -103
B 604 705    9 -100
B 614 743    9  -89
B 624 772    9  -77
B 635 785    9  -67
B 645 791    9  -55
B 655 795    9  -43
B 665 797    9  -31
B 675 798    9  -19
B 685 799    9   -5
pb end 
SSS v= 8073  t=  240 
SSS  -10     6     6    -1
%P VOLT1   = 8037
%P VOLT2   = 8073
%P S2_SC   =  0.99
%P L_ANG_MAX = 240
S 8069   -10     6     6
B   0 807  118   -1
B  10 807  118   -1
B  20 788  118   -1
B  30 700  118   -1
B  40 687  118   -1
B  50 697  118   -1
B  60 703  118   -1
B  71 689  118    1
B  81 651  118    8
B  91 615  118   17
B 101 601  118   27
B 112 611  118   38
B 122 634  118   49
B 133 658  118   60
B 143 668   96   70
B 154 665   70   82
B 164 659   45   94
B 174 676   29  108
B 184 700   29  120
B 195 746   29  135
B 205 764   29  147
B 215 775   29  158
B 225 781   29  169
B 236 783   29  181
pull out 188
B 247 785 -118  193
B 257 725 -118  204
B 268 647 -118  213
B 279 647 -118  221
B 290 673 -118  229
B 301 701 -118  236
B 312 710 -118  241
B 323 670 -118  241
B 334 622 -118  241
B 345 600 -118  237
B 356 597 -118  223
B 366 612 -118  209
B 376 641 -118  193
B 387 670 -118  177
B 398 695 -118  157
B 410 709 -118  135
B 420 711 -118  115
B 431 710 -118   93
B 442 712 -118   67
B 452 717 -118   45
B 462 724 -118   18
B 472 732 -118   -4
push -11 -10
push out at target
B 482 739   79  -21
B 493 726   79  -33
B 503 695   79  -48
B 515 654   79  -63
B 525 667   79  -79
B 535 689   79  -95
B 545 713   79 -111
B 555 719   79 -127
B 565 690   79 -138
B 575 647   79 -143
B 585 619   31 -144
B 595 606    0 -143
B 605 709    9 -139
B 615 753    9 -129
B 625 775    9 -120
B 635 785    9 -108
B 645 791    9  -96
B 655 794    9  -85
B 665 796    9  -74
B 676 798    9  -63
B 686 798    9  -52
pb end 
SSS v= 8062  t=  240 
SSS  -12     6     6     1
%P VOLT1   = 8037
%P VOLT2   = 8062
%P S2_SC   =  0.99
%P L_ANG_MAX = 240
S 8059   -12     6     6
B   0 805  119    1
B  10 805  119    1
B  20 719  119    1
B  30 684  119    1
B  40 682  119    1
B  50 674  119    1
B  60 648  119    5
B  70 620  119   13
B  80 605  119   21
B  90 608  119   31
B 100 624  119   40
B 110 643  119   49
B 120 654  119   59
B 130 656   99   69
B 142 651   68   83
B 152 647   41   95
B 162 663   29  107
B 172 683   29  120
B 182 724   29  133
B 192 755   29  146
B 202 769   29  157
B 213 776   29  171
B 223 780   29  181
pull out 184
B 233 782 -119  192
B 244 784 -119  203
B 254 688 -119  213
B 265 643 -119  221
B 275 653 -119  230
B 285 678 -119  237
B 295 701 -119  242
B 307 706 -119  247
B 317 667 -119  248
B 327 626 -119  248
B 337 599 -119  245
B 347 592 -119  232
B 357 604 -119  219
B 367 629 -119  205
B 378 661 -119  189
B 388 688 -119  171
B 398 703 -119  153
B 408 709 -119  134
B 418 709 -119  115
B 428 707 -119   92
B 438 710 -119   69
B 448 717 -119   47
B 458 725 -119   23
B 468 733 -119   -3
push -11 -10
push out at target
B 478 739   79  -19
B 488 730   79  -31
B 498 701   79  -43
B 508 657   79  -58
B 518 665   79  -72
B 529 688   79  -88
B 539 713   79 -105
B 550 721   79 -121
B 560 686   79 -133
B 570 644   79 -138
B 580 614   31 -139
B 590 614    0 -138
B 601 694    9 -134
B 611 739    9 -123
B 623 772    9 -110
B 633 785    9  -99
B 644 791    9  -87
B 654 794    9  -75
B 665 795    9  -63
B 675 797    9  -52
B 686 797    9  -40
pb end 
SSS v= 8013  t=  240 
SSS  -12     6     6     0
%P VOLT1   = 8037
%P VOLT2   = 8010
%P S2_SC   =  1.00
%P L_ANG_MAX = 240
S 8010   -12     6     6
B   0 801  119    1
B  10 801  119    6
B  20 781  119   10
B  30 727  119   13
B  40 720  119   15
B  50 730  119   17
B  60 742  119   21
B  70 742  119   22
B  80 712  119   25
B  90 674  119   29
B 100 646  119   37
B 110 619  119   47
B 120 606  119   57
B 130 613  104   68
B 140 631   79   78
B 150 650   54   89
B 160 661   32   99
B 170 713   29  111
B 180 740   29  121
B 190 760   29  134
B 200 769   29  144
B 210 775   29  154
B 221 778   29  165
B 231 780   29  176
B 242 782   29  185
pull out 193
B 253 783 -119  195
B 264 784 -119  204
B 274 731 -119  212
B 284 650 -119  217
B 295 647 -119  222
B 306 672 -119  228
B 316 698 -119  232
B 327 719 -119  233
B 339 706 -119  235
B 350 659 -119  235
B 360 622 -119  233
B 370 602 -119  220
B 381 606 -119  205
B 391 630 -119  190
B 402 660 -119  173
B 412 689 -119  155
B 422 703 -119  138
B 433 711 -119  118
B 444 710 -119   94
B 454 708 -119   73
B 465 711 -119   49
B 475 717 -119   23
B 486 726 -119   -3
push -10 -10
push out at target
B 497 733   79  -20
B 507 721   79  -31
B 519 686   79  -47
B 529 651   79  -60
B 540 658   79  -75
B 550 682   79  -92
B 560 706   79 -108
B 571 718   79 -124
B 581 689   79 -136
B 592 646   79 -142
B 602 616   34 -143
B 612 604    0 -142
B 622 707    9 -139
B 633 754    9 -127
B 643 775    9 -117
B 655 785    9 -104
B 665 790    9  -92
B 676 793    9  -80
B 686 795    9  -69
B 696 796    9  -59
B 707 796    9  -48
pb end 
SSS v= 8024  t=  240 
SSS  -15     6     6    13
%P VOLT1   = 8037
%P VOLT2   = 8020
%P S2_SC   =  1.00
%P L_ANG_MAX = 240
S 8020   -15     6     6
B   0 802  119   13
B  10 802  119   14
B  20 802  119   14
B  30 760  119   15
B  40 691  119   15
B  50 674  119   15
B  60 666  119   16
B  70 655  119   19
B  81 643  119   23
B  91 628  119   28
B 101 611  119   35
B 111 608  119   43
B 121 614  119   51
B 131 624  119   59
B 141 632  104   68
B 151 638   81   77
B 162 639   59   87
B 172 644   36   98
B 183 676   29  111
B 193 705   29  121
B 204 743   29  134
B 214 760   29  145
B 225 770   29  157
B 235 775   29  166
B 245 777   29  176
pull out 184
B 256 780 -119  186
B 267 781 -119  197
B 279 780 -119  207
B 289 666 -119  214
B 300 643 -119  219
B 310 661 -119  225
B 320 685 -119  230
B 331 709 -119  233
B 341 716 -119  236
B 352 684 -119  236
B 363 636 -119  236
B 373 605 -119  229
B 384 596 -119  217
B 394 612 -119  201
B 404 639 -119  187
B 414 668 -119  171
B 424 689 -119  154
B 434 704 -119  135
B 444 710 -119  117
B 454 708 -119   97
B 464 706 -119   73
B 474 709 -119   52
B 484 715 -119   28
B 494 724 -119    5
push -11 -10
push out at target
B 504 732   79  -17
B 514 718   79  -27
B 524 648   79  -39
B 534 654   79  -51
B 544 676   79  -60
B 554 702   79  -74
B 564 721   79  -85
B 574 717   79  -97
B 584 680   79 -104
B 594 640   47 -106
B 604 619    6 -106
B 614 673    9 -105
B 624 709    9  -95
B 634 754    9  -81
B 645 775    9  -71
B 655 785    9  -57
B 665 790    9  -44
B 675 793    9  -31
B 686 794    9  -17
B 696 795    9   -4
pb end 
SSS v= 8000  t=  240 
SSS  -15     6     6    42
%P VOLT1   = 8037
%P VOLT2   = 7996
%P S2_SC   =  1.00
%P L_ANG_MAX = 240
S 7996   -15     6     6
B   0 799  120   42
B  10 800  120   42
B  20 800  120   42
B  30 761  120   42
B  40 713  120   42
B  50 703  120   42
B  60 686  120   42
B  70 661  120   42
B  80 646  120   42
B  90 633  120   45
B 100 619  120   52
B 110 607  120   61
B 120 605  100   69
B 130 615   78   79
B 140 629   57   88
B 150 642   37   97
B 160 698   30  109
B 170 728   30  118
B 180 752   30  129
B 190 764   30  139
B 200 770   30  147
B 210 774   30  157
B 220 776   30  165
B 230 778   30  175
B 240 780   30  183
B 250 780   30  192
pull out 197
B 260 781 -120  198
B 271 781 -120  205
B 281 737 -120  212
B 292 663 -120  217
B 302 663 -120  221
B 312 681 -120  225
B 322 704 -120  229
B 333 724 -120  232
B 344 714 -120  233
B 354 671 -120  232
B 364 630 -120  232
B 374 604 -120  221
B 384 600 -120  208
B 394 617 -120  193
B 404 644 -120  178
B 414 672 -120  162
B 424 695 -120  144
B 434 708 -120  126
B 444 711 -120  106
B 454 709 -120   86
B 464 708 -120   63
B 474 710 -120   41
B 484 716 -120   17
B 494 725 -120   -8
push -11 -10
push out at target
B 504 730   80  -22
B 514 720   80  -33
B 525 687   80  -48
B 535 652   80  -61
B 545 646   80  -79
B 555 667   80  -93
B 566 694   80 -111
B 577 711   80 -128
B 587 688   80 -141
B 597 647   80 -148
B 607 613   48 -150
B 617 598    6 -149
B 627 679   10 -148
B 637 738   10 -137
B 647 766   10 -127
B 657 778   10 -117
B 667 785   10 -105
B 677 789   10  -94
B 687 791   10  -83
B 697 793   10  -72
B 707 794   10  -61
pb end 
SSS v= 7951  t=  240 
SSS  -18     6     6   -43
%P VOLT1   = 8037
%P VOLT2   = 7954
%P S2_SC   =  1.01
%P L_ANG_MAX = 240
S 7954   -18     6     6
B   0 795  120  -41
B  10 795  120  -33
B  21 768  120  -25
B  31 715  120  -19
B  41 712  120  -11
B  51 722  120   -6
B  61 736  120    0
B  71 748  120    7
B  81 755  120   14
B  91 742  120   20
B 102 703  120   28
B 112 660  120   38
B 122 631  120   50
B 132 620  118   62
B 142 626   91   74
B 152 643   62   86
B 162 660   35   98
B 172 707   30  110
B 182 732   30  123
B 192 755   30  135
B 202 766   30  148
B 212 771   30  158
B 222 775   30  170
B 232 776   30  180
pull out 187
B 242 778 -120  191
B 252 778 -120  200
B 262 662 -120  209
B 273 636 -120  217
B 283 651 -120  225
B 293 676 -120  231
B 303 701 -120  236
B 313 703 -120  239
B 323 664 -120  240
B 334 621 -120  240
B 344 595 -120  236
B 354 589 -120  225
B 366 606 -120  208
B 376 634 -120  193
B 386 663 -120  177
B 397 687 -120  159
B 407 702 -120  141
B 417 705 -120  123
B 427 703 -120  103
B 437 703 -120   80
B 447 705 -120   58
B 457 712 -120   34
B 467 720 -120   10
push -10 -10
push out at target
B 477 728   80  -12
B 487 731   80  -24
B 497 713   80  -35
B 507 671   80  -50
B 517 649   80  -63
B 527 666   80  -77
B 537 689   80  -93
B 547 711   80 -109
B 557 711   80 -123
B 567 673   80 -133
B 577 630   73 -137
B 587 603   23 -138
B 597 636    0 -137
B 607 718   10 -133
B 617 756   10 -123
B 627 773   10 -115
B 637 782   10 -104
B 647 787   10  -95
B 657 790   10  -84
B 667 791   10  -74
B 677 792   10  -65
B 687 793   10  -56
B 698 794   10  -47
pb end 
SSS v= 7972  t=  240 
SSS  -20     6     6   -15
%P VOLT1   = 8037
B   0 797    0  -13
%P VOLT2   = 7975
%P S2_SC   =  1.00
%P L_ANG_MAX = 240
S 7979   -20     6     6
B  10 797  120   -8
B  20 798  120   -4
B  30 747  120    0
B  40 712  120    3
B  52 714  120    6
B  62 727  120   13
B  73 731  120   14
B  83 711  120   17
B  93 681  120   22
B 103 654  120   29
B 114 631  120   39
B 124 614  120   49
B 134 613  120   59
B 144 623  102   69
B 154 640   78   80
B 164 651   55   90
B 174 669   30  101
B 185 679   30  113
B 195 719   30  126
B 206 745   30  139
B 217 762   30  152
B 228 769   30  162
B 239 773   30  175
pull out 184
B 249 775 -120  185
B 259 777 -120  195
B 270 778 -120  205
B 280 744 -120  213
B 290 647 -120  220
B 301 637 -120  227
B 311 659 -120  233
B 323 688 -120  239
B 333 709 -120  242
B 344 704 -120  244
B 354 660 -120  244
B 364 616 -120  243
B 375 594 -120  233
B 386 594 -120  220
B 397 618 -120  205
B 407 648 -120  189
B 418 676 -120  172
B 429 695 -120  153
B 439 704 -120  133
B 449 704 -120  114
B 459 703 -120   91
B 470 705 -120   67
B 480 710 -120   45
B 490 718 -120   20
B 500 725 -120   -3
push -11 -10
push out at target
B 510 733   80  -20
B 521 720   80  -31
B 532 674   80  -47
B 543 649   80  -60
B 553 668   80  -75
B 564 693   80  -91
B 574 713   80 -106
B 584 708   80 -120
B 594 667   80 -129
B 604 628   64 -132
B 614 603   14 -132
B 624 659   10 -131
B 634 722   10 -125
B 644 757   10 -114
B 654 775   10 -105
B 665 783   10  -95
B 675 788   10  -83
B 685 790   10  -73
B 695 791   10  -63
B 706 791   10  -52
pb end 
SSS v= 7933  t=  240 
SSS  -22     6     6   -35
%P VOLT1   = 8037
%P VOLT2   = 7933
%P S2_SC   =  1.01
%P L_ANG_MAX = 240
S 7933   -22     6     6
B   0 793  121  -33
B  10 794  121  -23
B  20 793  121  -15
B  30 713  121   -7
B  40 700  121    0
B  50 710  121    6
B  60 725  121   12
B  70 739  121   17
B  80 750  121   25
B  90 753  121   28
B 100 730  121   33
B 110 681  121   41
B 120 638  121   51
B 130 610  115   63
B 140 605   90   75
B 150 620   65   86
B 160 641   37   97
B 170 684   30  109
B 180 713   30  121
B 190 743   30  133
B 201 760   30  146
B 212 768   30  159
B 223 772   30  170
B 233 774   30  181
pull out 184
B 244 776 -121  192
B 254 773 -121  201
B 264 662 -121  209
B 274 633 -121  218
B 284 648 -121  225
B 295 674 -121  232
B 305 698 -121  236
B 317 695 -121  240
B 327 653 -121  240
B 338 611 -121  240
B 348 591 -121  232
B 358 589 -121  221
B 369 607 -121  206
B 379 637 -121  191
B 390 666 -121  174
B 400 688 -121  157
B 411 701 -121  137
B 423 703 -121  115
B 433 701 -121   93
B 443 702 -121   72
B 453 707 -121   48
B 463 713 -121   25
B 474 722 -121   -1
push -11 -10
push out at target
B 484 730   80  -18
B 494 661   80  -29
B 504 633   80  -41
B 514 652   80  -50
B 525 679   80  -61
B 535 703   80  -73
B 545 719   80  -85
B 555 697   80  -95
B 565 652   73  -99
B 576 616   23  -99
B 587 687   10  -99
B 598 736   10  -92
B 608 765   10  -81
B 619 778   10  -73
B 630 786   10  -61
B 640 788   10  -49
B 650 790   10  -39
B 662 791   10  -26
B 672 792   10  -14
pb end 
SSS v= 7996  t=  240 
SSS  -23     6     6    -1
%P VOLT1   = 8037
%P VOLT2   = 7996
%P S2_SC   =  1.00
%P L_ANG_MAX = 240
S 7996   -23     6     6
B   0 800  120   -1
B  11 799  120   -1
B  21 799  120   -1
B  31 768  120   -1
B  41 687  120   -1
B  51 677  120   -1
B  61 690  120   -1
B  71 697  120   -1
B  81 690  120   -1
B  91 659  120    5
B 101 620  120   15
B 111 600  120   25
B 121 602  120   36
B 131 622  120   46
B 141 644  120   57
B 151 659  109   66
B 162 660   82   78
B 173 652   55   91
B 183 644   30  103
B 193 656   30  116
B 203 710   30  130
B 214 740   30  143
B 224 759   30  157
B 236 768   30  169
pull out 179
B 247 773 -120  183
B 258 775 -120  193
B 268 708 -120  205
B 278 637 -120  213
B 289 637 -120  223
B 300 662 -120  231
B 312 692 -120  238
B 322 699 -120  243
B 332 663 -120  244
B 342 620 -120  244
B 352 593 -120  244
B 363 584 -120  232
B 374 594 -120  217
B 384 620 -120  203
B 395 652 -120  187
B 406 679 -120  169
B 416 694 -120  151
B 427 702 -120  131
B 438 700 -120  109
B 448 700 -120   86
B 459 703 -120   63
B 469 710 -120   38
B 479 719 -120   15
B 489 727 -120  -10
push -11 -10
push out at target
B 499 731   80  -23
B 509 717   80  -35
B 519 666   80  -51
B 530 645   80  -65
B 541 666   80  -81
B 551 691   80  -98
B 562 710   80 -113
B 573 693   80 -129
B 584 647   80 -137
B 594 611   50 -139
B 604 593    6 -139
B 614 694   10 -138
B 624 742   10 -129
B 635 767   10 -119
B 645 779   10 -108
B 657 785   10  -96
B 668 788   10  -85
B 678 790   10  -75
B 689 791   10  -64
B 699 791   10  -55
pb end 
SSS v= 8000  t=  240 
SSS  -26     6     6     3
%P VOLT1   = 8037
%P VOLT2   = 8000
%P S2_SC   =  1.00
%P L_ANG_MAX = 240
S 8000   -26     6     6
B   0 799  120    3
B  10 799  120    3
B  20 800  120    3
B  30 800  120    3
B  40 710  120    3
B  50 676  120    3
B  61 675  120    3
B  72 667  120    3
B  82 643  120    5
B  92 617  120   12
B 102 598  120   21
B 112 601  120   30
B 122 616  120   39
B 132 636  120   49
B 142 647  120   58
B 152 650  102   68
B 162 646   78   79
B 172 640   55   90
B 182 643   30  102
B 192 653   30  115
B 202 702   30  126
B 212 742   30  140
B 222 758   30  151
B 233 767   30  164
B 243 772   30  175
pull out 180
B 253 774 -120  185
B 263 776 -120  196
B 273 699 -120  205
B 283 637 -120  213
B 293 640 -120  221
B 303 664 -120  229
B 313 689 -120  235
B 323 702 -120  239
B 333 680 -120  240
B 343 632 -120  240
B 353 600 -120  240
B 363 586 -120  231
B 373 589 -120  218
B 383 608 -120  205
B 394 640 -120  189
B 404 669 -120  171
B 415 690 -120  153
B 426 701 -120  133
B 436 702 -120  113
B 448 700 -120   87
B 459 702 -120   63
B 469 708 -120   39
B 480 717 -120   14
push -13 -10
push out at target
B 492 726   80  -14
B 503 726   80  -26
B 513 706   80  -38
B 523 658   80  -53
B 534 646   80  -67
B 545 667   80  -83
B 556 694   80 -100
B 567 712   80 -117
B 578 687   80 -131
B 588 641   80 -138
B 598 607   48 -139
B 608 593    0 -139
B 618 644   10 -139
B 628 687   10 -127
B 639 743   10 -115
B 649 768   10 -105
B 660 779   10  -93
B 672 786   10  -78
B 682 788   10  -67
B 692 790   10  -55
B 703 791   10  -43
pb end 
SSS v= 7923  t=  240 
SSS  -27     6     6   -25
%P VOLT1   = 8037
%P VOLT2   = 7926
%P S2_SC   =  1.01
%P L_ANG_MAX = 240
S 7923   -27     6     6
B   0 792  121  -24
B  10 792  121  -15
B  20 793  121   -4
B  30 793  121    3
B  40 735  121    9
B  50 708  121   14
B  60 712  121   19
B  70 725  121   21
B  80 738  121   24
B  90 747  121   29
B 100 738  121   32
B 110 696  121   37
B 120 652  121   43
B 130 616  121   53
B 140 596  112   64
B 150 598   90   75
B 160 616   65   85
B 170 638   40   96
B 180 671   30  107
B 190 701   30  117
B 200 728   30  129
B 210 751   30  141
B 220 761   30  153
B 230 767   30  162
B 240 770   30  173
pull out 181
B 252 773 -121  185
B 262 774 -121  195
B 273 693 -121  204
B 283 634 -121  212
B 294 640 -121  219
B 304 665 -121  225
B 315 690 -121  229
B 327 698 -121  233
B 338 660 -121  234
B 348 617 -121  233
B 359 591 -121  228
B 370 584 -121  215
B 381 603 -121  201
B 391 632 -121  185
B 403 665 -121  167
B 414 688 -121  149
B 424 698 -121  130
B 434 699 -121  112
B 444 697 -121   90
B 455 697 -121   67
B 465 702 -121   43
B 475 709 -121   20
B 485 718 -121   -3
push -11 -10
push out at target
B 496 725   80  -21
B 507 654   80  -35
B 518 631   80  -48
B 528 652   80  -56
B 539 679   80  -71
B 549 703   80  -84
B 560 712   80  -97
B 570 676   80 -106
B 580 634   65 -109
B 590 606   14 -109
B 601 701   10 -108
B 613 748   10  -98
B 623 769   10  -88
B 634 779   10  -77
B 644 784   10  -65
B 654 787   10  -55
B 665 789   10  -43
B 675 790   10  -31
B 687 791   10  -19
pb end 
SSS v= 7919  t=  240 
SSS  -30     6     6    -3
%P VOLT1   = 8037
%P VOLT2   = 7919
%P S2_SC   =  1.01
%P L_ANG_MAX = 240
S 7919   -30     6     6
B   0 792  121   -2
B  10 791  121    7
B  20 793  121   14
B  30 793  121   19
B  40 729  121   23
B  50 706  121   26
B  60 711  121   28
B  70 724  121   29
B  80 736  121   33
B  90 734  121   33
B 100 700  121   35
B 110 659  121   40
B 120 626  121   48
B 130 599  121   57
B 140 589  103   68
B 150 598   81   79
B 160 619   56   89
B 170 644   30  100
B 180 678   30  110
B 190 716   30  121
B 200 740   30  133
B 210 756   30  144
B 220 764   30  154
B 230 768   30  164
B 240 771   30  173
B 250 773   30  184
pull out 189
B 261 774 -121  193
B 271 775 -121  201
B 281 776 -121  211
B 291 684 -121  217
B 301 633 -121  221
B 312 640 -121  227
B 322 664 -121  232
B 333 691 -121  236
B 344 711 -121  238
B 354 695 -121  239
B 364 650 -121  239
B 374 610 -121  238
B 384 589 -121  227
B 394 589 -121  213
B 404 609 -121  200
B 414 637 -121  185
B 424 667 -121  168
B 434 687 -121  151
B 444 699 -121  133
B 454 701 -121  113
B 464 699 -121   93
B 474 697 -121   72
B 484 700 -121   49
B 494 708 -121   25
B 505 716 -121    0
push -11 -10
push out at target
B 516 725   80  -20
B 527 715   80  -32
B 537 680   80  -46
B 547 640   80  -59
B 558 654   80  -72
B 569 681   80  -90
B 580 704   80 -106
B 590 704   80 -121
B 601 662   80 -131
B 611 618   65 -135
B 621 592   23 -135
B 631 641   10 -135
B 641 708   10 -128
B 651 746   10 -119
B 661 768   10 -109
B 671 779   10  -99
B 681 783   10  -89
B 691 786   10  -79
B 701 788   10  -68
B 711 789   10  -59
pb end 
SSS v= 7905  t=  240 
SSS  -32     6     6   -40
%P VOLT1   = 8037
%P VOLT2   = 7909
%P S2_SC   =  1.01
%P L_ANG_MAX = 240
S 7909   -32     6     6
B   0 790  121  -37
B  10 791  121  -28
B  20 770  121  -19
B  30 694  121  -10
B  40 688  121   -2
B  50 700  121    5
B  60 717  121   11
B  70 733  121   17
B  80 745  121   26
B  90 750  121   30
B 100 732  121   36
B 110 684  121   43
B 120 632  121   54
B 130 602  108   66
B 140 595   81   78
B 150 612   56   90
B 160 635   30  101
B 170 689   30  113
B 180 715   30  124
B 190 746   30  136
B 200 759   30  147
B 211 765   30  161
B 221 768   30  171
B 231 770   30  181
pull out 184
B 242 772 -121  191
B 252 769 -121  201
B 263 649 -121  209
B 273 628 -121  217
B 283 644 -121  224
B 293 670 -121  231
B 303 693 -121  235
B 313 694 -121  237
B 324 653 -121  238
B 334 610 -121  237
B 345 584 -121  233
B 355 577 -121  220
B 365 591 -121  208
B 376 621 -121  192
B 386 652 -121  176
B 396 675 -121  160
B 406 691 -121  141
B 416 696 -121  123
B 427 694 -121  102
B 437 692 -121   80
B 447 695 -121   58
B 458 703 -121   33
B 468 712 -121    8
push -11 -10
push out at target
B 478 720   80  -16
B 489 681   80  -25
B 499 620   80  -39
B 511 636   80  -49
B 522 666   80  -60
B 532 693   80  -72
B 543 711   80  -84
B 555 684   80  -95
B 565 636   66  -99
B 575 602   23  -99
B 585 683   10  -99
B 595 725   10  -94
B 605 757   10  -84
B 615 774   10  -75
B 625 781   10  -65
B 635 784   10  -55
B 645 787   10  -44
B 655 788   10  -33
B 665 789   10  -23
B 675 790   10  -11
pb end 
SSS v= 7965  t=  240 
SSS  -33     6     6     4
%P VOLT1   = 8037
%P VOLT2   = 7965
%P S2_SC   =  1.00
%P L_ANG_MAX = 240
S 7965   -33     6     6
B   0 796  120    4
B  11 796  120    3
B  21 796  120    1
B  31 719  120    1
B  41 665  120    1
B  51 662  120    1
B  61 669  120    1
B  71 672  120    1
B  81 655  120    1
B  91 627  120    2
B 101 600  120   11
B 111 593  120   22
B 121 604  120   32
B 131 622  120   42
B 141 638  120   52
B 151 646  116   63
B 161 645   93   73
B 171 638   64   85
B 181 632   37   97
B 191 652   30  110
B 201 695   30  123
B 211 726   30  135
B 221 750   30  148
B 231 761   30  159
B 241 767   30  171
B 251 770   30  181
pull out 184
B 261 772 -120  192
B 271 773 -120  203
B 281 723 -120  213
B 292 631 -120  220
B 302 626 -120  227
B 312 647 -120  235
B 323 675 -120  241
B 333 696 -120  245
B 344 687 -120  249
B 356 631 -120  249
B 367 591 -120  248
B 377 574 -120  239
B 387 574 -120  225
B 397 595 -120  213
B 408 629 -120  196
B 419 659 -120  179
B 429 681 -120  161
B 440 693 -120  142
B 450 694 -120  122
B 462 690 -120   98
B 473 690 -120   73
B 484 697 -120   49
B 494 706 -120   24
B 504 715 -120    1
push -11 -10
push out at target
B 514 724   80  -18
B 525 715   80  -29
B 537 642   80  -45
B 548 638   80  -59
B 558 661   80  -71
B 569 687   80  -87
B 581 707   80 -103
B 591 685   80 -115
B 601 640   80 -121
B 611 602   39 -123
B 621 592    6 -123
B 631 661   10 -120
B 641 709   10 -109
B 651 750   10  -97
B 662 770   10  -87
B 672 779   10  -75
B 683 784   10  -63
B 693 786   10  -51
B 703 788   10  -39
B 714 789   10  -27
pb end 
SSS v= 7898  t=  240 
SSS  -35     6     6    -9
%P VOLT1   = 8037
%P VOLT2   = 7902
%P S2_SC   =  1.01
%P L_ANG_MAX = 240
S 7905   -35     6     6
B   0 790  121   -6
B  10 790  121    5
B  20 791  121   13
B  30 792  121   19
B  40 721  121   23
B  50 698  121   27
B  60 704  121   29
B  70 718  121   31
B  80 731  121   35
B  90 734  121   35
B 100 706  121   37
B 110 657  121   42
B 120 619  121   49
B 130 588  121   59
B 140 576  101   69
B 150 583   78   80
B 160 605   53   90
B 170 632   30  100
B 180 668   30  110
B 190 708   30  121
B 200 735   30  132
B 210 752   30  142
B 220 760   30  153
B 230 765   30  162
B 240 767   30  171
B 250 769   30  181
pull out 188
B 261 771 -121  190
B 271 772 -121  199
B 282 773 -121  207
B 292 659 -121  214
B 303 619 -121  218
B 315 634 -121  224
B 325 661 -121  229
B 336 688 -121  232
B 347 703 -121  233
B 359 672 -121  233
B 369 623 -121  233
B 379 590 -121  229
B 389 572 -121  217
B 400 579 -121  201
B 410 606 -121  186
B 421 637 -121  169
B 431 664 -121  152
B 442 683 -121  133
B 452 690 -121  114
B 464 689 -121   91
B 474 686 -121   69
B 485 688 -121   45
B 495 695 -121   21
B 506 704 -121   -3
push -11 -10
push out at target
B 517 711   80  -21
B 527 701   80  -33
B 539 653   80  -48
B 549 623   80  -61
B 559 641   80  -75
B 570 666   80  -91
B 580 691   80 -107
B 590 693   80 -120
B 600 652   80 -131
B 610 601   80 -135
B 620 569   23 -135
B 630 612   10 -135
B 640 687   10 -131
B 650 736   10 -121
B 660 761   10 -112
B 670 774   10 -104
B 680 781   10  -93
B 690 784   10  -84
B 700 786   10  -75
B 710 787   10  -65
pb end 
SSS v= 7947  t=  240 
SSS  -38     6     6    11
%P VOLT1   = 8037
%P VOLT2   = 7944
%P S2_SC   =  1.01
%P L_ANG_MAX = 240
S 7944   -38     6     6
B   0 794  120   11
B  10 794  120   11
B  20 770  120   11
B  30 669  120   11
B  40 638  120   11
B  50 625  120   11
B  61 616  120   11
B  71 610  120   13
B  81 601  120   18
B  91 591  120   24
B 102 583  120   30
B 112 577  120   38
B 122 576  120   46
B 132 578  120   53
B 142 581  118   62
B 152 584   98   71
B 162 585   78   79
B 172 582   60   88
B 182 585   35   98
B 193 621   30  109
B 203 663   30  119
B 214 711   30  131
B 225 735   30  141
B 235 748   30  151
B 246 755   30  160
B 256 759   30  169
B 267 762   30  179
B 278 763   30  188
pull out 189
B 289 764 -120  196
B 300 765 -120  203
B 311 697 -120  209
B 321 616 -120  215
B 331 608 -120  219
B 342 628 -120  224
B 352 655 -120  228
B 364 680 -120  230
B 374 672 -120  231
B 385 620 -120  231
B 395 565 -120  231
B 405 497 -120  221
B 416 425 -120  208
B 426 390 -120  197
B 437 386 -120  181
B 447 409 -120  165
B 458 441 -120  149
B 470 480 -120  131
B 480 517 -120  114
B 490 549 -120   99
B 500 575 -120   84
B 511 519 -120   68
B 521 488 -120   53
B 531 486 -120   41
B 541 486 -120   29
B 552 489 -120   15
B 562 497 -120    0
push -10 -10
push out at target
B 574 507   80  -11
B 584 498   80  -15
B 594 457   80  -21
B 604 451   80  -27
B 615 505   80  -33
B 625 558   80  -39
B 635 604   80  -47
B 645 639   80  -52
B 656 647   31  -55
B 666 581   12  -61
B 676 511   39  -67
B 686 459   39  -72
B 697 457   31  -76
B 707 476   20  -79
B 717 507   14  -81
B 728 602    6  -83
B 739 678    5  -85
B 749 733    5  -86
B 759 759    0  -87
B 769 774    0  -88
B 779 780    0  -89
B 789 784    0  -91
B 799 786    6  -91
B 809 788   10  -92
B 819 788   10  -93
B 829 789   10  -95
B 839 784   10  -96
B 850 783   10  -97
B 860 783   10  -99
B 870 784   10 -100
B 881 785   10 -101
B 891 786   10 -103
pb end 
SSS v= 7926  t=  240 
SSS  -38     6     6  -105
%P VOLT1   = 8037
%P VOLT2   = 7926
%P S2_SC   =  1.01
%P L_ANG_MAX = 240
S 7926   -38     6     6
B   0 793  121 -105
B  10 793  121 -105
B  20 659  121 -105
B  30 506  121 -105
B  40 437  121 -105
B  50 407  121 -105
B  60 393  121 -105
B  70 386  121 -105
B  80 377  121 -105
B  90 362  121 -105
B 100 348  121 -105
B 110 340  121 -105
B 120 334  121 -104
B 130 514  121 -104
B 140 652  121 -103
B 150 515  121 -102
B 160 451  121 -102
B 170 411  121 -102
B 180 419  121 -102
B 190 448  121 -101
B 200 484  121  -99
B 210 498  121  -99
B 220 429  121  -99
B 230 405  121  -97
B 240 415  121  -96
B 250 424  121  -95
B 260 403  121  -95
B 270 367  121  -93
B 280 346  121  -91
B 290 335  121  -89
B 301 329  121  -88
B 311 325  121  -86
B 321 457  121  -84
B 331 621  121  -83
B 341 646  121  -81
B 351 495  121  -81
B 361 501  121  -80
B 371 650  121  -79
B 381 717  121  -78
B 391 748  121  -76
B 401 764  121  -75
B 411 741  121  -75
B 421 759  121  -74
B 431 772  121  -73
B 441 777  121  -72
B 451 683  121  -72
B 461 548  121  -71
B 471 513  121  -71
B 481 522  121  -71
B 491 538  121  -68
pull bail out
push -67 -10
push out at target
B 501 514   80  -67
B 511 448   80  -67
B 522 451   80  -65
B 532 488   80  -64
B 542 464   80  -63
B 552 438   80  -62
B 562 416   80  -60
B 572 385   80  -59
B 583 365   10  -56
B 594 440   10  -54
B 605 627   10  -51
B 615 703   10  -50
B 625 737   10  -50
B 635 755   10  -50
B 646 763   10  -50
B 656 766   10  -50
B 667 767   10  -50
B 677 768   10  -50
pb end 
SSS v= 7832  t=  240 
SSS  -38     6     6   -50
%P VOLT1   = 8037
%P VOLT2   = 7835
%P S2_SC   =  1.02
%P L_ANG_MAX = 240
S 7832   -38     6     6
B   0 783  122  -50
B  10 785  122  -50
B  20 786  122  -50
B  30 600  122  -50
B  40 530  122  -50
B  50 503  122  -50
B  60 467  122  -50
B  70 411  122  -50
B  80 373  122  -50
B  90 353  122  -49
B 100 340  122  -47
B 110 333  122  -43
B 120 329  122  -41
B 130 337  122  -40
B 140 537  122  -37
B 150 661  122  -34
B 160 724  122  -31
B 170 751  122  -27
B 180 766  122  -23
B 190 773  122  -19
B 200 776  122  -16
B 210 779  122  -13
B 220 753  122  -10
B 230 567  122   -7
B 240 517  122   -4
B 250 517  122   -2
B 260 540  122    1
B 270 565  122    2
B 280 595  122    3
B 290 619  122    4
B 300 631  122    5
B 310 580  122    7
B 320 486  122    7
B 330 473  122    7
B 340 492  122    7
B 350 524  122    7
B 360 558  122    7
B 370 584  122    7
B 380 576  122    7
B 390 489  122    7
B 400 517  122    7
B 410 427  122    8
B 420 414  122    8
B 431 438  122    8
B 441 469  122    8
B 451 505  122    8
B 461 538  122    8
B 471 551  122    8
B 481 495  122    8
B 491 462  122    8
pull bail out
B 501 428   18    8
B 511 446   17    8
B 521 475   16    8
B 531 579   13    8
B 541 677   11    8
B 551 728   11    8
B 561 751   10    8
B 571 763   10    8
B 581 763 -122    8
B 591 752 -122    8
B 601 656 -122    8
B 611 503 -122    8
B 622 476 -122    8
B 632 488 -122    8
B 644 519 -122    7
B 654 536 -122    7
B 664 490 -122    6
B 675 407 -122    5
B 685 367 -122    2
B 695 524 -122    0
B 705 653 -122   -1
B 715 494 -122   -2
B 726 443 -122   -4
B 736 446 -122   -5
B 748 475 -122   -5
B 758 504 -122   -5
B 768 519 -122   -5
B 779 487 -122   -6
B 789 398 -122   -7
B 800 371 -122   -7
B 811 383 -122   -7
B 821 411 -122   -7
B 831 440 -122   -7
B 841 426 -122   -7
B 853 456 -122   -7
B 863 628 -122   -7
B 874 583 -122   -7
B 884 500 -122   -7
B 895 417 -122   -7
B 905 379 -122   -7
B 915 374 -122   -7
B 925 392 -122   -7
B 935 421 -122   -7
B 946 448 -122   -7
B 956 481 -122   -7
B 967 504 -122   -7
B 978 479 -122   -7
push bail out 
B 988 637   81   -7
B 1000 686   81   -7
B 1010 734   81   -7
B 1020 756   81   -7
B 1030 723   81   -7
B 1041 525   81   -7
B 1051 457   81   -7
B 1063 450   10   -7
B 1073 422   10   -7
B 1083 416   10   -7
B 1093 582   10   -7
B 1103 679   10   -7
B 1113 717   10   -6
B 1123 735   10   -4
B 1133 746   10   -3
B 1143 751   10   -3
B 1153 755   10   -1
pb end 
SSS v= 7975  t=  240 
SSS  -38     6     6     2
%P VOLT1   = 8037
%P VOLT2   = 7979
%P S2_SC   =  1.00
%P L_ANG_MAX = 240
S 7979   -38     6     6
B   0 797  120    2
B  10 797  120    2
B  21 658  120    2
B  31 512  120    2
B  41 440  120    2
B  51 413  120    2
B  61 396  120    2
B  71 368  120    2
B  81 375  120    2
B  91 401  120    2
B 101 431  120    3
B 111 469  120    6
B 121 628  120    9
B 131 508  120   11
B 141 467  120   12
B 151 474  120   14
B 161 490  120   17
B 171 484  120   18
B 181 429  120   19
B 191 398  120   19
B 201 450  120   20
B 211 525  120   20
B 221 473  120   20
B 231 454  120   20
B 241 472  120   20
B 251 501  120   20
B 261 519  120   20
B 271 455  120   20
B 281 406  120   20
B 291 512  120   20
B 301 653  120   19
B 311 512  120   19
B 321 454  120   19
B 331 452  120   19
B 341 465  120   19
B 351 448  120   19
B 361 495  120   19
B 371 646  120   19
B 381 536  120   19
B 391 444  120   19
B 401 400  120   19
B 411 515  120   19
B 421 649  120   18
B 431 719  120   18
B 441 751  120   17
B 451 635  120   17
B 462 530  120   15
B 472 433  120   15
B 482 378  120   14
B 492 406  120   13
pull bail out
B 503 453 -120   13
B 513 470 -120   12
B 524 543 -120   12
B 534 674 -120   12
B 546 526 -120   12
B 556 450 -120   12
B 567 440 -120   12
B 578 450 -120   12
B 588 452 -120   11
B 598 582 -120   10
B 608 680 -120    9
B 618 544 -120    8
B 628 502 -120    8
B 639 509 -120    7
B 651 528 -120    6
B 661 512 -120    5
B 672 424 -120    4
B 682 392 -120    3
B 693 440 -120    2
B 703 481 -120    2
B 713 517 -120    2
B 724 462 -120    1
B 735 412 -120   -1
B 745 381 -120   -1
B 757 517 -120   -2
B 768 666 -120   -2
B 778 525 -120   -3
B 788 451 -120   -3
B 798 422 -120   -3
B 809 386 -120   -4
B 820 506 -120   -4
B 831 659 -120   -5
B 842 723 -120   -5
B 852 716 -120   -5
B 863 673 -120   -5
B 873 509 -120   -5
B 883 458 -120   -5
B 893 457 -120   -5
push bail out 
B 904 442   80   -5
B 914 432   80   -5
B 924 389   80   -5
B 934 375   80   -5
B 945 590   80   -5
B 956 664   80   -5
B 966 723   80   -5
B 976 750   80   -5
B 986 763   10   -5
B 996 770   10   -5
B 1006 773   10   -5
B 1016 772   10   -5
B 1026 766   10   -5
B 1036 756   10   -5
B 1046 750   10   -5
B 1056 746   10   -5
B 1066 744   10   -5
B 1077 744   10   -4
pb end 
SSS v= 8017  t=  240 
SSS  -38     6     6    -4
%P VOLT1   = 8037
%P VOLT2   = 8017
%P S2_SC   =  1.00
%P L_ANG_MAX = 240
S 8013   -38     6     6
B   0 801  119   -4
B  10 801  119   -4
B  20 801  119   -4
B  30 694  119   -4
B  40 662  119   -4
B  50 670  119   -4
B  60 689  119   -4
B  70 709  119   -4
B  80 715  119   -3
B  90 687  119    0
B 101 639  119    7
B 112 598  119   17
B 122 575  119   29
B 132 579  119   39
B 142 599  119   49
B 152 623  119   59
B 163 640   99   69
B 174 641   74   81
B 184 632   50   92
B 194 619   29  105
B 205 651   29  118
B 215 718   29  131
B 226 747   29  144
B 236 761   29  154
B 247 768   29  167
B 257 772   29  177
B 268 775   29  189
pull out 191
B 279 776 -119  199
B 290 778 -119  209
B 300 655 -119  217
B 310 608 -119  224
B 321 619 -119  230
B 332 649 -119  236
B 342 677 -119  240
B 353 693 -119  244
B 364 661 -119  244
B 375 602 -119  244
B 385 567 -119  241
B 395 552 -119  228
B 406 560 -119  215
B 416 589 -119  200
B 426 620 -119  185
B 437 651 -119  167
B 447 672 -119  149
B 457 682 -119  130
B 467 681 -119  111
B 478 678 -119   89
B 488 680 -119   65
B 500 688 -119   39
B 511 699 -119   13
push -11 -10
push out at target
B 522 709   79  -11
B 532 711   79  -24
B 544 684   79  -36
B 555 617   79  -51
B 565 630   79  -62
B 576 656   79  -77
B 586 683   79  -92
B 597 697   79 -107
B 608 657   79 -118
B 619 598   72 -123
B 629 561   27 -123
B 639 548    9 -123
B 649 546    9 -116
B 660 658    9 -104
B 671 733    9  -92
B 681 764    9  -81
B 692 777    9  -69
B 702 784    9  -56
B 713 788    9  -44
B 725 790    9  -30
pb end 
SSS v= 8010  t=  240 
SSS  -40     6     6     1
%P VOLT1   = 8037
%P VOLT2   = 8010
%P S2_SC   =  1.00
%P L_ANG_MAX = 240
S 8010   -40     6     6
B   0 801  119    1
B  10 801  119    1
B  20 758  119    1
B  30 673  119    1
B  40 662  119    1
B  50 673  119    1
B  60 677  119    1
B  70 655  119    1
B  80 615  119    8
B  90 582  119   17
B 100 567  119   28
B 110 579  119   37
B 120 602  119   47
B 130 626  119   57
B 140 638  108   65
B 150 637   83   76
B 160 624   59   87
B 170 652   36   98
B 180 672   29  111
B 190 725   29  122
B 200 748   29  133
B 210 762   29  143
B 221 768   29  154
B 231 772   29  165
B 242 774   29  175
B 252 776   29  185
pull out 193
B 264 777 -119  195
B 275 696 -119  203
B 285 619 -119  208
B 296 618 -119  215
B 306 643 -119  220
B 317 673 -119  225
B 327 696 -119  227
B 339 688 -119  229
B 349 638 -119  229
B 359 594 -119  229
B 369 565 -119  219
B 380 560 -119  205
B 390 581 -119  190
B 401 613 -119  175
B 411 645 -119  157
B 421 668 -119  141
B 431 682 -119  123
B 442 685 -119  103
B 452 684 -119   82
B 462 681 -119   59
B 472 685 -119   38
B 482 692 -119   16
B 492 703 -119   -8
push -11 -10
push out at target
B 504 708   79  -23
B 514 688   79  -35
B 525 640   79  -49
B 535 619   79  -63
B 546 639   79  -76
B 556 667   79  -93
B 567 692   79 -108
B 579 680   79 -124
B 589 628   79 -133
B 599 579   64 -135
B 609 549    6 -135
B 619 649    9 -135
B 629 727    9 -128
B 639 758    9 -120
B 649 773    9 -112
B 659 781    9 -103
B 669 786    9  -95
B 679 789    9  -85
B 689 790    9  -76
B 699 791    9  -68
B 709 791    9  -61
pb end 
SSS v= 8010  t=  260 
SSS  -42     6     6     5
%P VOLT1   = 8037
%P VOLT2   = 8013
%P S2_SC   =  1.00
%P L_ANG_MAX = 260
S 8013   -42     6     6
B   0 801  119    5
B  10 801  119    5
B  20 801  119    5
B  30 742  119    5
B  40 673  119    5
B  50 659  119    5
B  60 655  119    5
B  70 643  119    5
B  80 626  119    8
B  90 610  119   15
B 100 602  119   23
B 110 602  119   31
B 120 606  119   40
B 130 613  119   49
B 140 618  119   58
B 150 622  105   69
B 162 625   87   81
B 173 624   64   92
B 183 626   42  104
B 194 661   29  116
B 204 695   29  129
B 215 734   29  141
B 225 755   29  153
B 237 766   29  166
B 247 771   29  177
B 258 774   29  187
B 269 776   29  198
pull out 204
B 280 777 -119  208
B 290 779 -119  217
B 300 719 -119  225
B 312 627 -119  232
B 323 627 -119  237
B 333 652 -119  244
B 343 679 -119  249
B 354 701 -119  252
B 364 692 -119  253
B 375 645 -119  253
B 385 598 -119  253
B 396 573 -119  241
B 407 574 -119  228
B 417 596 -119  213
B 427 626 -119  199
B 437 657 -119  181
B 447 679 -119  165
B 458 692 -119  145
B 468 695 -119  125
B 478 693 -119  105
B 488 693 -119   81
B 498 696 -119   60
B 509 704 -119   34
B 519 713 -119    9
push -11 -10
push out at target
B 529 723   79  -14
B 539 723   79  -24
B 549 697   79  -37
B 559 633   79  -51
B 569 641   79  -62
B 579 665   79  -75
B 589 690   79  -91
B 599 707   79 -105
B 610 683   79 -118
B 620 635   79 -124
B 631 594   39 -125
B 642 609    0 -125
B 652 670    9 -120
B 662 721    9 -109
B 672 758    9  -99
B 682 775    9  -87
B 692 783    9  -75
B 702 788    9  -64
B 712 790    9  -52
B 723 791    9  -40
B 733 791    9  -27
pb end 
SSS v= 8006  t=  260 
SSS  -45     6     6     2
%P VOLT1   = 8037
%P VOLT2   = 7993
%P S2_SC   =  1.00
%P L_ANG_MAX = 260
S 7996   -45     6     6
B   0 799    0    2
B  11 800  119    2
B  21 800  119    2
B  31 779  119    2
B  41 681  119    2
B  51 665  119    2
B  62 670  119    2
B  72 670  119    2
B  82 652  119    3
B  92 616  119   10
B 102 588  119   19
B 112 579  119   28
B 122 592  119   38
B 132 615  119   48
B 142 632  119   57
B 152 641  109   67
B 162 639   91   77
B 172 629   71   88
B 182 623   49  100
B 193 631   29  113
B 205 710   29  127
B 215 742   29  139
B 225 759   29  151
B 236 767   29  162
B 247 772   29  173
B 258 774   29  185
B 268 776   29  195
B 278 777   29  205
pull out 206
B 288 778 -119  213
B 299 778 -119  221
B 311 651 -119  230
B 321 627 -119  234
B 331 642 -119  240
B 341 669 -119  245
B 352 694 -119  249
B 362 706 -119  252
B 372 682 -119  253
B 383 626 -119  253
B 394 588 -119  249
B 404 573 -119  236
B 416 583 -119  220
B 427 613 -119  205
B 437 647 -119  188
B 447 672 -119  171
B 458 690 -119  152
B 468 696 -119  133
B 478 695 -119  112
B 488 693 -119   90
B 499 695 -119   66
B 510 702 -119   39
B 520 711 -119   17
B 530 720 -119   -7
push -11 -10
push out at target
B 540 726   79  -21
B 550 710   79  -34
B 560 640   79  -47
B 570 636   79  -59
B 580 659   79  -73
B 590 683   79  -87
B 600 704   79 -103
B 610 697   79 -115
B 620 657   79 -124
B 630 612   64 -127
B 640 585   14 -127
B 650 671    9 -127
B 660 726    9 -119
B 670 760    9 -108
B 680 775    9  -99
B 690 783    9  -88
B 701 787    9  -77
B 711 789    9  -66
B 721 790    9  -55
B 731 791    9  -45
pb end 
SSS v= 7989  t=  260 
SSS  -47     6     6     3
%P VOLT1   = 8037
%P VOLT2   = 7989
%P S2_SC   =  1.00
%P L_ANG_MAX = 260
S 7989   -47     6     6
B   0 799  120    3
B  10 798  120    3
B  20 798  120    3
B  30 782  120    3
B  40 683  120    3
B  51 664  120    3
B  61 670  120    3
B  72 670  120    3
B  82 647  120    3
B  92 610  120   10
B 102 582  120   20
B 112 577  120   29
B 122 593  120   40
B 132 613  120   48
B 142 632  120   57
B 152 639  108   67
B 162 636   90   78
B 172 627   70   89
B 182 621   48  100
B 192 624   30  112
B 202 673   30  125
B 212 704   30  137
B 222 741   30  150
B 232 756   30  162
B 242 765   30  173
B 252 769   30  184
B 262 772   30  194
pull out 200
B 273 773 -120  205
B 283 774 -120  215
B 294 775 -120  225
B 304 700 -120  233
B 315 626 -120  238
B 327 629 -120  247
B 338 656 -120  253
B 348 683 -120  259
B 359 700 -120  261
B 370 676 -120  263
B 381 622 -120  263
B 392 583 -120  261
B 402 565 -120  251
B 413 571 -120  236
B 423 598 -120  221
B 433 629 -120  207
B 444 657 -120  189
B 454 679 -120  172
B 465 687 -120  152
B 477 687 -120  129
B 487 685 -120  106
B 497 689 -120   84
B 508 697 -120   60
B 519 708 -120   33
B 529 716 -120    8
push -10 -10
push out at target
B 540 725   80  -15
B 550 719   80  -25
B 561 686   80  -36
B 571 643   80  -51
B 583 625   80  -67
B 594 648   80  -82
B 604 676   80  -99
B 615 696   80 -115
B 625 674   80 -128
B 635 632   80 -136
B 645 588   56 -139
B 655 564   14 -139
B 665 639   10 -138
B 675 713   10 -131
B 687 755   10 -119
B 697 772   10 -110
B 708 781   10  -99
B 718 784   10  -88
B 729 787   10  -77
B 739 789   10  -67
B 750 789   10  -57
pb end 
SSS v= 7923  t=  260 
SSS  -49     6     6   -32
%P VOLT1   = 8037
%P VOLT2   = 7926
%P S2_SC   =  1.01
%P L_ANG_MAX = 260
S 7926   -49     6     6
B   0 792  121  -31
B  10 793  121  -23
B  20 793  121  -15
B  30 735  121   -9
B  40 689  121   -3
B  50 688  121    1
B  60 702  121    5
B  70 719  121    9
B  80 732  121   17
B  90 735  121   20
B 100 709  121   23
B 110 655  121   30
B 120 615  121   39
B 130 581  121   49
B 140 569  121   61
B 150 579  101   71
B 160 601   83   81
B 170 622   65   92
B 180 647   47  102
B 190 666   30  113
B 200 696   30  124
B 210 723   30  136
B 220 744   30  147
B 230 756   30  157
B 240 761   30  167
B 250 765   30  177
B 260 767   30  187
B 270 769   30  196
B 281 770   30  205
pull out 209
B 291 770 -121  214
B 301 773 -121  221
B 311 772 -121  228
B 322 658 -121  235
B 332 623 -121  239
B 344 636 -121  245
B 354 662 -121  249
B 365 687 -121  253
B 377 696 -121  256
B 387 660 -121  256
B 397 606 -121  255
B 408 564 -121  249
B 420 539 -121  235
B 430 544 -121  221
B 441 568 -121  205
B 451 599 -121  189
B 462 629 -121  171
B 472 652 -121  153
B 483 662 -121  133
B 495 663 -121  110
B 505 660 -121   89
B 515 661 -121   66
B 526 667 -121   42
B 537 677 -121   17
B 547 689 -121   -7
push -11 -10
push out at target
B 558 695   80  -22
B 569 623   80  -35
B 580 568   80  -47
B 590 573   80  -57
B 600 592   80  -70
B 611 620   80  -84
B 622 640   80  -97
B 632 604   80 -108
B 642 510   80 -114
B 652 447   39 -115
B 663 411    0 -115
B 674 409   10 -115
B 684 600   10 -113
B 694 696   10 -110
B 704 738   10 -105
B 714 757   10 -103
B 724 770   10  -99
B 734 766   10  -97
B 744 768   10  -97
B 754 773   10  -97
pb end 
SSS v= 7951  t=  260 
SSS  -51     6     6  -148
%P VOLT1   = 8037
%P VOLT2   = 7954
%P S2_SC   =  1.01
%P L_ANG_MAX = 260
S 7954   -51     6     6
B   0 795  120 -149
B  10 795  120 -152
B  20 795  120 -156
B  30 648  120 -160
B  40 565  120 -163
B  50 478  120 -167
B  60 423  120 -168
B  70 397  120 -168
B  80 389  120 -168
B  90 391  120 -168
B 101 387  120 -168
B 111 366  120 -168
B 121 359  120 -167
B 132 355  120 -165
B 143 362  120 -163
B 154 366  120 -160
B 164 357  120 -159
B 174 517  120 -157
B 184 638  120 -156
B 194 500  120 -155
B 204 460  120 -155
B 214 470  120 -155
B 224 502  120 -155
B 234 536  120 -155
B 244 485  120 -155
B 254 424  120 -155
B 264 395  120 -155
B 274 406  120 -155
B 284 441  120 -155
B 294 482  120 -155
B 304 520  120 -155
B 314 556  120 -155
B 324 563  120 -155
B 334 523  120 -155
B 345 448  120 -155
B 355 391  120 -156
B 365 379  120 -157
B 375 379  120 -159
B 385 365  120 -159
B 395 345  120 -159
B 405 385  120 -160
B 415 419  120 -160
B 425 472  120 -160
B 436 636  120 -160
B 447 716  120 -159
B 458 613  120 -160
B 468 472  120 -160
B 478 421  120 -160
B 488 423  120 -160
B 498 447  120 -160
pull bail out
push -160 -10
push out at target
B 508 483   80 -161
B 518 527   80 -163
B 528 566   80 -164
B 538 560   80 -166
B 548 486   80 -167
B 558 456   80 -168
B 568 470   80 -168
B 578 500   80 -169
B 588 443    0 -169
B 598 420   10 -170
B 608 594   10 -171
B 618 679   10 -171
B 628 714   10 -171
B 638 725   10 -171
B 648 728   10 -171
B 658 738   10 -171
B 668 744   10 -171
B 678 748   10 -172
pb end 
SSS v= 8038  t=  260 
SSS  -51     6     6    -2
%P VOLT1   = 7978
%P VOLT2   = 8038
%P S2_SC   =  0.99
%P L_ANG_MAX = 260
S 8038   -51     6     6
B   0 804  119   -2
B  10 804  119   -2
B  20 803  119   -2
B  30 803  119   -2
B  40 703  119   -2
B  50 680  119   -2
B  60 689  119   -2
B  70 708  119   -1
B  80 724  119   -2
B  90 710  119   -1
B 100 665  119    5
B 110 620  119   14
B 120 599  119   25
B 130 601  119   36
B 140 619  119   47
B 150 644  119   57
B 160 661  105   68
B 170 667   87   79
B 180 662   67   90
B 190 652   44  102
B 200 693   29  116
B 211 720   29  129
B 221 752   29  143
B 231 766   29  154
B 241 774   29  165
B 251 777   29  177
B 261 780   29  188
B 271 782   29  199
B 281 783   29  208
pull out 209
B 291 783 -119  218
B 301 784 -119  227
B 311 662 -119  235
B 321 638 -119  239
B 332 654 -119  245
B 342 680 -119  252
B 354 708 -119  257
B 364 712 -119  260
B 374 682 -119  260
B 384 636 -119  260
B 394 604 -119  256
B 404 594 -119  243
B 415 605 -119  228
B 425 632 -119  213
B 436 662 -119  196
B 446 687 -119  178
B 456 702 -119  160
B 467 708 -119  139
B 478 707 -119  117
B 489 707 -119   93
B 500 711 -119   67
B 510 719 -119   42
B 520 726 -119   18
B 531 735 -119   -8
push -11 -10
push out at target
B 542 738   79  -24
B 552 719   79  -36
B 564 654   79  -52
B 574 663   79  -64
B 585 688   79  -79
B 595 710   79  -95
B 606 720   79 -110
B 617 686   79 -121
B 627 644   72 -126
B 637 615   31 -127
B 647 655    0 -126
B 657 727    9 -120
B 667 765    9 -108
B 678 778    9  -99
B 688 786    9  -87
B 700 790    9  -75
B 710 792    9  -63
B 720 793    9  -53
B 730 794    9  -43
B 741 795    9  -33
pb end 
SSS v= 8024  t=  260 
SSS  -54     6     6     1
%P VOLT1   = 7978
%P VOLT2   = 8024
%P S2_SC   =  1.00
%P L_ANG_MAX = 260
S 8024   -54     6     6
B   0 802  119    1
B  10 802  119    1
B  20 802  119    1
B  30 712  119    1
B  40 679  119    1
B  50 681  119    1
B  60 682  119    1
B  70 662  119    1
B  80 627  119    9
B  90 603  119   17
B 100 598  119   28
B 110 610  119   37
B 120 631  119   47
B 130 647  119   57
B 140 654  109   66
B 150 652   91   77
B 160 645   69   89
B 170 648   47  101
B 181 660   29  114
B 191 700   29  127
B 203 732   29  142
B 214 758   29  155
B 224 769   29  168
B 235 775   29  180
B 245 778   29  191
pull out 199
B 256 780 -119  201
B 266 780 -119  212
B 278 742 -119  223
B 289 645 -119  230
B 300 641 -119  238
B 310 665 -119  245
B 322 694 -119  252
B 332 709 -119  256
B 343 690 -119  257
B 354 640 -119  257
B 365 603 -119  256
B 375 589 -119  243
B 385 596 -119  229
B 395 622 -119  215
B 406 654 -119  197
B 417 681 -119  180
B 427 699 -119  161
B 438 706 -119  141
B 449 706 -119  117
B 460 705 -119   93
B 472 710 -119   66
B 482 716 -119   41
B 492 724 -119   18
B 502 732 -119   -7
push -11 -10
push out at target
B 512 737   79  -21
B 523 718   79  -33
B 533 661   79  -48
B 544 656   79  -61
B 554 678   79  -75
B 565 701   79  -91
B 575 719   79 -107
B 585 703   79 -119
B 595 661   79 -127
B 605 624   55 -128
B 615 604    0 -128
B 626 698    9 -127
B 638 753    9 -115
B 648 772    9 -107
B 659 782    9  -95
B 669 787    9  -83
B 680 790    9  -72
B 690 792    9  -62
B 700 793    9  -53
B 710 793    9  -43
pb end 
SSS v= 8013  t=  260 
SSS  -56     6     6     2
%P VOLT1   = 7978
%P VOLT2   = 8013
%P S2_SC   =  1.00
%P L_ANG_MAX = 260
S 8013   -56     6     6
B   0 801  119    2
B  11 801  119    2
B  21 801  119    2
B  31 739  119    2
B  41 684  119    2
B  51 677  119    2
B  61 677  119    2
B  71 664  119    2
B  81 638  119    7
B  91 615  119   15
B 101 603  119   25
B 111 606  119   34
B 121 621  119   44
B 131 639  119   53
B 141 649  116   63
B 151 650   96   73
B 161 645   76   84
B 171 641   56   97
B 181 653   35  109
B 191 673   29  121
B 201 715   29  133
B 211 742   29  145
B 221 760   29  157
B 231 769   29  169
B 241 774   29  180
B 251 777   29  191
B 261 779   29  201
pull out 201
B 271 779 -119  210
B 281 747 -119  221
B 291 652 -119  226
B 301 636 -119  234
B 311 655 -119  241
B 321 682 -119  247
B 332 705 -119  251
B 342 703 -119  254
B 353 663 -119  254
B 363 618 -119  253
B 373 594 -119  247
B 383 590 -119  234
B 394 608 -119  220
B 404 637 -119  204
B 416 670 -119  185
B 427 691 -119  167
B 437 703 -119  147
B 448 704 -119  126
B 458 703 -119  103
B 468 705 -119   81
B 479 710 -119   56
B 489 717 -119   33
B 499 726 -119    7
push -11 -10
push out at target
B 509 734   79  -15
B 521 729   79  -27
B 531 701   79  -40
B 542 651   79  -55
B 552 665   79  -67
B 563 688   79  -83
B 573 711   79  -99
B 584 715   79 -113
B 594 672   79 -124
B 604 636   79 -128
B 614 608   22 -128
B 624 637    9 -128
B 634 706    9 -123
B 644 747    9 -111
B 656 772    9 -101
B 666 781    9  -89
B 677 787    9  -77
B 687 789    9  -65
B 698 791    9  -54
B 708 792    9  -43
pb end 
SSS v= 8027  t=  260 
SSS  -61     6     6     1
%P VOLT1   = 7978
%P VOLT2   = 8027
%P S2_SC   =  1.00
%P L_ANG_MAX = 260
S 8027   -61     6     6
B   0 802  119    1
B  11 802  119    1
B  21 733  119    1
B  32 683  119    1
B  42 682  119    1
B  52 688  119    1
B  62 681  119    1
B  72 652  119    5
B  82 615  119   13
B  92 598  119   23
B 102 601  119   33
B 112 620  119   43
B 122 640  119   53
B 133 654  116   63
B 143 657   94   74
B 154 650   73   86
B 164 643   51   98
B 175 642   29  112
B 185 699   29  125
B 195 739   29  137
B 205 760   29  150
B 216 769   29  162
B 226 774   29  174
B 237 777   29  185
B 247 779   29  196
pull out 203
B 257 780 -119  205
B 267 781 -119  215
B 278 782 -119  225
B 289 744 -119  234
B 300 650 -119  241
B 311 645 -119  247
B 321 665 -119  252
B 331 692 -119  257
B 341 712 -119  261
B 351 711 -119  263
B 362 670 -119  263
B 372 626 -119  263
B 383 598 -119  255
B 393 592 -119  241
B 403 609 -119  227
B 413 637 -119  213
B 424 667 -119  196
B 434 691 -119  177
B 446 704 -119  156
B 457 706 -119  134
B 467 705 -119  112
B 478 707 -119   88
B 488 712 -119   63
B 499 719 -119   39
B 509 728 -119   14
push -13 -10
push out at target
B 521 737   79  -14
B 531 736   79  -26
B 541 712   79  -39
B 552 676   79  -54
B 562 643   79  -70
B 572 642   79  -84
B 582 667   79 -103
B 593 694   79 -120
B 603 708   79 -137
B 614 680   79 -151
B 625 635   79 -159
B 636 609   49 -160
B 646 599    0 -159
B 656 696    9 -155
B 666 748    9 -143
B 677 769    9 -133
B 687 781    9 -121
B 697 786    9 -109
B 707 789    9  -99
B 717 791    9  -87
B 728 792    9  -76
B 738 793    9  -67
pb end 
SSS v= 8000  t=  260 
SSS  -63     6     6     6
%P VOLT1   = 7978
%P VOLT2   = 8000
%P S2_SC   =  1.00
%P L_ANG_MAX = 260
S 8000   -63     6     6
B   0 800  120    6
B  10 800  120    6
B  21 700  120    6
B  31 673  120    6
B  41 670  120    6
B  51 662  120    6
B  61 640  120    6
B  71 618  120   13
B  81 606  120   21
B  91 608  120   30
B 101 619  120   40
B 111 633  120   49
B 122 642  120   60
B 133 644  101   71
B 143 643   81   82
B 153 641   63   93
B 163 642   39  105
B 173 644   30  118
B 184 711   30  131
B 194 746   30  145
B 204 760   30  157
B 214 767   30  167
B 225 772   30  179
B 236 775   30  192
B 246 776   30  201
pull out 208
B 256 777 -120  211
B 266 779 -120  220
B 276 779 -120  229
B 286 731 -120  237
B 296 645 -120  244
B 306 640 -120  248
B 316 661 -120  254
B 326 685 -120  260
B 336 709 -120  263
B 346 712 -120  265
B 356 677 -120  265
B 366 632 -120  265
B 376 603 -120  262
B 387 590 -120  249
B 397 600 -120  235
B 407 625 -120  221
B 419 660 -120  202
B 429 682 -120  186
B 439 697 -120  167
B 449 702 -120  149
B 459 702 -120  127
B 469 702 -120  106
B 479 705 -120   84
B 489 711 -120   59
B 499 720 -120   36
B 510 729 -120    9
push -11 -10
push out at target
B 521 736   80  -15
B 531 732   80  -26
B 541 708   80  -38
B 551 674   80  -53
B 561 639   80  -69
B 571 647   80  -83
B 581 673   80 -101
B 591 696   80 -116
B 601 706   80 -133
B 611 675   80 -145
B 621 632   80 -152
B 631 604   48 -152
B 641 591   10 -152
B 651 687   10 -148
B 661 737   10 -138
B 671 764   10 -127
B 681 776   10 -116
B 691 783   10 -105
B 701 787   10  -93
B 711 789   10  -81
B 721 790   10  -71
pb end 
SSS v= 7916  t=  260 
SSS  -64     6     6   -52
%P VOLT1   = 7978
%P VOLT2   = 7916
%P S2_SC   =  1.01
%P L_ANG_MAX = 260
S 7916   -64     6     6
B   0 791  121  -48
B  10 792  121  -39
B  20 794  121  -31
B  30 748  121  -23
B  40 707  121  -16
B  50 707  121   -9
B  60 720  121   -3
B  70 734  121    2
B  80 746  121   12
B  90 752  121   17
B 100 738  121   22
B 110 699  121   29
B 120 655  121   39
B 130 624  121   51
B 140 612  118   62
B 150 618   96   74
B 160 636   74   86
B 170 654   54   98
B 180 687   32  109
B 190 708   30  122
B 200 735   30  134
B 210 752   30  147
B 220 763   30  160
B 230 768   30  169
B 240 771   30  181
B 250 774   30  192
B 260 775   30  202
pull out 209
B 271 776   10  212
B 281 777   10  221
B 291 777   10  231
B 301 783   10  238
B 311 788   10  245
B 321 791   10  253
B 331 792   10  260
B 341 792   10  266
B 351 793   10  271
B 361 793   10  276
B 371 793   10  281
B 381 793   10  285
B 391 792   10  290
B 401 794   10  293
B 411 794   10  296
B 421 794   10  297
B 431 794 -121  299
B 441 779 -121  300
B 451 682 -121  300
B 461 668 -121  301
B 471 681 -121  301
B 481 702 -121  301
B 491 717 -121  300
B 501 707 -121  300
B 512 668 -121  300
B 524 625 -121  289
B 534 609 -121  275
B 545 617 -121  260
B 556 640 -121  244
B 566 666 -121  227
B 577 685 -121  209
B 587 696 -121  189
B 599 700 -121  166
B 610 701 -121  143
B 620 705 -121  119
B 630 710 -121   97
B 640 718 -121   72
B 651 728 -121   45
B 661 735 -121   19
B 671 739 -121   -5
push -11 -10
push out at target
B 681 741   80  -21
B 691 726   80  -33
B 701 690   80  -47
B 711 661   80  -60
B 721 636   80  -77
B 731 652   80  -92
B 741 679   80 -111
B 751 700   80 -127
B 761 697   80 -141
B 771 659   80 -153
B 781 619   80 -157
B 791 598   23 -157
B 802 620   10 -156
B 812 710   10 -149
B 823 753   10 -135
B 833 770   10 -127
B 843 780   10 -114
B 853 783   10 -102
B 863 787   10  -91
B 873 788   10  -79
B 883 789   10  -69
pb end 