usercontrol
L   20   73   50
L   40   73    0
L   60   82  450
L   80   86  200
L  100   80  300
L  120  208 6400
L  140  193  750
L  160   44 7450
L  180   47  150
L  200   43  200
L  220   51  400
L  240 3394 167150
L  260   97 164850
L  280   59 1900
L  300   19 2000
L  320  119 5000
L  340 3394 163750
L  360 1109 114250
L  380   42 53350
L  400   72 1500
L  420   90  900
L  440   95  250
L  460  103  400
L  480  109  300
L  500  100  450
L  520  868 38400
L  540  190 33900
L  560  111 3950
L  580  131 1000
L  600  118  650
L  620   99  950
L  640  185 4300
L  660   99 4300
L  680  102  150
L  700  112  500
L  720  107  250
L  740  100  350
L  760   95  250
L  780   97  100
L  800   95  100
L  820  110  750
L  840  111   50
L  860   85 1300
L  880   85    0
L  900   99  700
L  920   83  800
L  940   89  300
L  960   90   50
L  980   87  150
L 1000   84  150
L 1020   81  150
L 1040   86  250
L 1060   89  150
L 1080   88   50
L 1100   88    0
L 1120   88    0
L 1140   86  100
L 1160   85   50
L 1180   85    0
L 1200   84   50
L 1220   84    0
L 1240   83   50
L 1260   83    0
L 1280   85  100
L 1300   84   50
L 1320   82  100
L 1340   83   50
L 1360   84   50
L 1380   83   50
L 1400   84   50
L 1420   83   50
L 1440   85  100
L 1460   82  150
L 1480   83   50
L 1500   84   50
L 1520   84    0
L 1540   84    0
L 1560   82  100
L 1580   82    0
L 1600   82    0
L 1620   83   50
L 1640   82   50
L 1660   82    0
L 1680   82    0
L 1700   81   50
L 1720   82   50
L 1740   82    0
L 1760   82    0
L 1780   83   50
L 1800   82   50
L 1820   83   50
L 1840   82   50
L 1860   82    0
L 1880   81   50
L 1900   82   50
L 1920   81   50
L 1940   81    0
L 1960   82   50
L 1980   83   50
L 2000   85  100
L 2020   84   50
L 2040   89  250
L 2060   90   50
L 2080   90    0
L 2100   90    0
L 2120   87  150
L 2140 1232 57250
L 2160   92 57000
L 2180   81  550
L 2200   81    0
L 2220   87  300
L 2240  291 10200
L 2260 3393 155100
L 2280 3393    0
L 2300 3393    0
L 2320 3393    0
L 2340 3393    0
L 2360 3393    0
L 2380 3393    0
L 2400 3393    0
L 2420 3393    0
L 2440 3393    0
L 2460 3393    0
L 2480 3393    0
L 2500   90 165150
L 2520   86  200
L 2540   87   50
L 2560   87    0
L 2580   85  100
L 2600   84   50
L 2620   88  200
L 2640   89   50
L 2660   96  350
L 2680  125 1450
L 2700  127  100
L 2720   83 2200
L 2740  163 4000
L 2760  164   50
L 2780  148  800
L 2800  159  550
L 2820   89 3500
L 2840  151 3100
L 2860  157  300
L 2880  167  500
L 2900  165  100
L 2920   85 4000
L 2940   81  200
L 2960   79  100
L 2980   79    0
L 3000   90  550
L 3020  156 3300
L 3040   83 3650
L 3060  132 2450
L 3080  131   50
L 3100  122  450
L 3120   79 2150
L 3140   80   50
L 3160   86  300
L 3180   82  200
L 3200   73  450
L 3220   77  200
L 3240   88  550
L 3260   80  400
L 3280   79   50
L 3300   79    0
L 3320   83  200
L 3340   87  200
L 3360   82  250
L 3380   82    0
L 3400  152 3500
L 3420   96 2800
L 3440   54 2100
L 3460  120 3300
L 3480  101  950
L 3500  110  450
L 3520  108  100
L 3540  101  350
L 3560   91  500
L 3580   99  400
L 3600   97  100
L 3620  102  250
L 3640  103   50
L 3660  552 22450
L 3680   74 23900
L 3700  101 1350
L 3720   88  650
L 3740   88    0
L 3760   84  200
L 3780  121 1850
L 3800   76 2250
L 3820   71  250
L 3840   71    0
L 3860   77  300
L 3880   78   50
L 3900   77   50
L 3920   77    0
L 3940   78   50
L 3960   75  150
L 3980   73  100
L 4000   75  100
L 4020   79  200
L 4040   78   50
L 4060   77   50
L 4080   77    0
L 4100   77    0
L 4120   77    0
L 4140   77    0
L 4160   77    0
L 4180   83  300
L 4200   91  400
L 4220   88  150
L 4240   87   50
L 4260   86   50
L 4280   90  200
L 4300  224 6700
L 4320   66 7900
L 4340   86 1000
L 4360   91  250
L 4380   89  100
L 4400   86  150
L 4420   86    0
L 4440   77  450
L 4460   66  550
L 4480   43 1150
L 4500 3393 167500
L 4520  833 128000
L 4540 1804 48550
L 4560 1472 16600
L 4580    3 73450
L 4600   -6  450
L 4620    1  350
L 4640   -5  300
L 4660   -3  100
L 4680   -4   50
L 4700   -1  150
L 4720   -1    0
L 4740    0   50
L 4760   -2  100
L 4780   22 1200
L 4800   -2 1200
L 4820    1  150
L 4840   -2  150
L 4860   12  700
L 4880  -12 1200
L 4900   -8  200
L 4920   -5  150
L 4940   -3  100
L 4960   -4   50
L 4980   -6  100
L 5000   -7   50
L 5020   -9  100
L 5040   -8   50
L 5060  -10  100
L 5080   15 1250
L 5100 1684 83450
L 5120 3393 85450
L 5140 3389  200
L 5160 3393  200
L 5180 3393    0
L 5200 3393    0
L 5220  112 164050
L 5240  785 33650
L 5260   93 34600
L 5280 3393 165000
L 5300  142 162550
L 5320  148  300
L 5340  108 2000
L 5360  866 37900
L 5380  108 37900
L 5400   81 1350
L 5420   39 2100
L 5440    8 1550
L 5460 1685 83850
L 5480   -9 84700
L 5500  -14  250
L 5520   -9  250
L 5540    4  650
L 5560   62 2900
L 5580   36 1300
L 5600   46  500
L 5620   39  350
L 5640   46  350
L 5660   77 1550
L 5680   81  200
L 5700   81    0
L 5720   77  200
L 5740   69  400
L 5760   59  500
L 5780   56  150
L 5800   53  150
L 5820   49  200
L 5840   45  200
L 5860   45    0
L 5880   46   50
L 5900   56  500
L 5920   66  500
L 5940   59  350
L 5960   52  350
L 5980   47  250
L 6000   45  100
L 6020   46   50
L 6040   46    0
L 6060   59  650
L 6080   57  100
L 6100   54  150
L 6120   49  250
L 6140   48   50
L 6160   47   50
L 6180   48   50
L 6200   57  450
L 6220   54  150
L 6240   52  100
L 6260   51   50
L 6280   53  100
L 6300   54   50
L 6320   51  150
L 6340   51    0
L 6360   47  200
L 6380   46   50
L 6400   44  100
L 6420   46  100
L 6440   45   50
L 6460   45    0
L 6480   45    0
L 6500   44   50
L 6520   45   50
L 6540   45    0
L 6560   45    0
L 6580   44   50
L 6600   45   50
L 6620   44   50
L 6640   44    0
L 6660   44    0
L 6680   43   50
L 6700   44   50
L 6720   45   50
L 6740   44   50
L 6760   43   50
L 6780   45  100
L 6800   44   50
L 6820   42  100
L 6840   44  100
L 6860   45   50
L 6880   44   50
L 6900   44    0
L 6920   44    0
L 6940   44    0
L 6960   44    0
L 6980   44    0
L 7000   44    0
L 7020   43   50
L 7040   43    0
L 7060   43    0
L 7080   43    0
L 7100   41  100
L 7120   44  150
L 7140   44    0
L 7160   43   50
L 7180   44   50
L 7200   43   50
L 7220   43    0
L 7240   43    0
L 7260   43    0
L 7280   43    0
L 7300   43    0
L 7320   43    0
L 7340   43    0
L 7360   43    0
L 7380   44   50
L 7400   43   50
L 7420   43    0
L 7440   43    0
L 7460   43    0
L 7480   43    0
L 7500   43    0
L 7520   44   50
L 7540   44    0
L 7560   44    0
L 7580   43   50
L 7600   44   50
L 7620   43   50
L 7640   43    0
L 7660   44   50
L 7680   44    0
L 7700   43   50
L 7720   43    0
L 7740   43    0
L 7760   45  100
L 7780   44   50
L 7800   44    0
L 7820   43   50
L 7840   40  150
L 7860   63 1150
L 7880   85 1100
L 7900  109 1200
L 7920  106  150
L 7940  112  300
L 7960  105  350
L 7980  118  650
L 8000  157 1950
L 8020  164  350
L 8040  184 1000
L 8060  216 1600
L 8080  273 2850
L 8100  327 2700
L 8120  347 1000
L 8140  396 2450
L 8160  460 3200
L 8180  542 4100
L 8200  637 4750
L 8220  734 4850
L 8240  856 6100
L 8260  990 6700
L 8280 1134 7200
L 8300 1297 8150
L 8320 1437 7000
L 8340 1540 5150
L 8360 1590 2500
L 8380 1599  450
L 8400 1592  350
L 8420 1592    0
L 8440 1593   50
L 8460 1594   50
L 8480 1592  100
L 8500 1592    0
L 8520 1593   50
L 8540 1592   50
L 8560 1592    0
L 8580 1593   50
L 8600 1593    0
L 8620 1593    0
L 8640 1594   50
L 8660 1592  100
L 8680 1593   50
L 8700 1592   50
L 8720 1592    0
L 8740 1593   50
L 8760 1593    0
L 8780 1593    0
L 8800 1594   50
L 8820 1594    0
L 8840 1593   50
L 8860 1592   50
L 8880 1593   50
L 8900 1593    0
L 8920 1593    0
L 8940 1593    0
L 8960 1594   50
L 8980 1593   50
L 9000 1593    0
L 9020 1592   50
L 9040 1593   50
L 9060 1593    0
L 9080 1593    0
L 9100 1593    0
L 9120 1593    0
L 9140 1593    0
L 9160 1593    0
L 9180 1593    0
L 9200 1594   50
L 9220 1594    0
L 9240 1592  100
L 9260 1592    0
L 9280 1593   50
L 9300 1593    0
L 9320 1593    0
L 9340 1593    0
L 9360 1594   50
L 9380 1590  200
L 9400 1592  100
L 9420 1593   50
L 9440 1594   50
L 9460 1593   50
L 9480 1593    0
L 9500 1593    0
L 9520 1592   50
L 9540 1593   50
L 9560 1593    0
L 9580 1593    0
L 9600 1592   50
L 9620 1594  100
L 9640 1594    0
L 9660 1592  100
L 9680 1593   50
L 9700 1593    0
L 9720 1593    0
L 9740 1592   50
L 9760 1593   50
L 9780 1593    0
L 9800 1592   50
L 9820 1592    0
L 9840 1593   50
L 9860 1594   50
L 9880 1592  100
L 9900 1593   50
L 9920 1593    0
L 9940 1593    0
L 9960 1593    0
L 9980 1593    0
L 10000 1593    0
L 10020 1593    0
L 10040 1593    0
L 10060 1593    0
L 10080 1592   50
L 10100 1592    0
L 10120 1594  100
L 10140 1593   50
L 10160 1592   50
L 10180 1592    0
L 10200 1593   50
L 10220 1592   50
L 10240 1593   50
L 10260 1593    0
L 10280 1592   50
L 10300 1593   50
L 10320 1592   50
L 10340 1593   50
L 10360 1593    0
L 10380 1594   50
L 10400 1594    0
L 10420 1594    0
L 10440 1594    0
L 10460 1595   50
L 10480 1600  250
L 10500 1607  350
L 10520 1616  450
L 10540 1628  600
L 10560 1646  900
L 10580 1660  700
L 10600 1675  750
L 10620 1690  750
L 10640 1708  900
L 10660 1727  950
L 10680 1746  950
L 10700 1760  700
L 10720 1773  650
L 10740 1787  700
L 10760 1797  500
L 10780 1811  700
L 10800 1820  450
L 10820 1830  500
L 10840 1841  550
L 10860 1853  600
L 10880 1867  700
L 10900 1881  700
L 10920 1894  650
L 10940 1908  700
L 10960 1920  600
L 10980 1930  500
L 11000 1937  350
L 11020 1943  300
L 11040 1945  100
L 11060 1949  200
L 11080 1955  300
L 11100 1960  250
L 11120 1962  100
L 11140 1966  200
L 11160 1972  300
L 11180 1985  650
L 11200 2136 7550
L 11220 2215 3950
L 11240 2500 14250
L 11260 2045 22750
L 11280 2561 25800
L 11300 2238 16150
L 11320 2108 6500
L 11340 2123  750
L 11360 2137  700
L 11380 2148  550
L 11400 2162  700
L 11420 2181  950
L 11440 2196  750
L 11460 2214  900
L 11480 2226  600
L 11500 2232  300
L 11520 2238  300
L 11540 2241  150
L 11560 2242   50
L 11580 2242    0
L 11600 2243   50
L 11620 2244   50
L 11640 2244    0
L 11660 2247  150
L 11680 2249  100
L 11700 2252  150
L 11720 2254  100
L 11740 2254    0
L 11760 2253   50
L 11780 2254   50
L 11800 2254    0
L 11820 2254    0
L 11840 2254    0
L 11860 2253   50
L 11880 2254   50
L 11900 2254    0
L 11920 2254    0
L 11940 2254    0
L 11960 2254    0
L 11980 2255   50
L 12000 2255    0
L 12020 2255    0
L 12040 2255    0
L 12060 2255    0
L 12080 2256   50
L 12100 2257   50
L 12120 2258   50
L 12140 2259   50
L 12160 2259    0
L 12180 2260   50
L 12200 2260    0
L 12220 2261   50
L 12240 2261    0
L 12260 2261    0
L 12280 2261    0
L 12300 2262   50
L 12320 2261   50
L 12340 2262   50
L 12360 2261   50
L 12380 2261    0
L 12400 2262   50
L 12420 2262    0
L 12440 2262    0
L 12460 2262    0
L 12480 2262    0
L 12500 2262    0
L 12520 2262    0
L 12540 2262    0
L 12560 2262    0
L 12580 2262    0
L 12600 2261   50
L 12620 2262   50
L 12640 2262    0
L 12660 2262    0
L 12680 2262    0
L 12700 2262    0
L 12720 2262    0
L 12740 2261   50
L 12760 2262   50
L 12780 2262    0
L 12800 2261   50
L 12820 2262   50
L 12840 2262    0
L 12860 2262    0
L 12880 2262    0
L 12900 2261   50
L 12920 2262   50
L 12940 2262    0
L 12960 2262    0
L 12980 2261   50
L 13000 2262   50
L 13020 2262    0
L 13040 2262    0
L 13060 2262    0
L 13080 2262    0
L 13100 2262    0
L 13120 2262    0
L 13140 2262    0
L 13160 2261   50
L 13180 2262   50
L 13200 2262    0
L 13220 2261   50
L 13240 2262   50
L 13260 2262    0
L 13280 2262    0
L 13300 2262    0
L 13320 2262    0
L 13340 2262    0
L 13360 2262    0
L 13380 2262    0
L 13400 2261   50
L 13420 2262   50
L 13440 2262    0
L 13460 2262    0
L 13480 2262    0
L 13500 2262    0
L 13520 2262    0
L 13540 2262    0
L 13560 2262    0
L 13580 2262    0
L 13600 2261   50
L 13620 2262   50
L 13640 2262    0
L 13660 2262    0
L 13680 2262    0
L 13700 2262    0
L 13720 2262    0
L 13740 2261   50
L 13760 2262   50
L 13780 2262    0
L 13800 2262    0
L 13820 2262    0
L 13840 2262    0
L 13860 2263   50
L 13880 2262   50
L 13900 2262    0
L 13920 2262    0
L 13940 2262    0
L 13960 2262    0
L 13980 2262    0
L 14000 2262    0
L 14020 2262    0
L 14040 2262    0
L 14060 2262    0
L 14080 2262    0
L 14100 2262    0
L 14120 2262    0
L 14140 2262    0
L 14160 2262    0
L 14180 2263   50
L 14200 2262   50
L 14220 2262    0
L 14240 2261   50
L 14260 2264  150
L 14280 2281  850
L 14300 2290  450
L 14320 2305  750
L 14340 2687 19100
L 14360 3111 21200
L 14380 2585 26300
L 14400 3284 34950
L 14420 3305 1050
L 14440 3297  400
L 14460 3382 4250
L 14480 3388  300
L 14500 3260 6400
L 14520 2412 42400
L 14540 2412    0
L 14560 2904 24600
L 14580 3383 23950
L 14600 3393  500
L 14620 3393    0
L 14640 3394   50
L 14660 3389  250
L 14680 3388   50
L 14700 3394  300
L 14720 3393   50
L 14740 3394   50
L 14760 3393   50
L 14780 3393    0
L 14800 3378  750
L 14820 3386  400
L 14840 3340 2300
L 14860 2964 18800
L 14880 3319 17750
L 14900 3393 3700
L 14920 3390  150
L 14940 3394  200
L 14960 3394    0
L 14980 3393   50
L 15000 3393    0
L 15020 3394   50
L 15040 3393   50
L 15060 3393    0
L 15080 3379  700
L 15100 3368  550
L 15120 3376  400
L 15140 3324 2600
L 15160 3099 11250
L 15180 2539 28000
L 15200 2539    0
L 15220 2543  200
L 15240 2543    0
L 15260 3349 40300
L 15280 2934 20750
L 15300 3382 22400
L 15320 2587 39750
L 15340 2658 3550
L 15360 3355 34850
L 15380 3056 14950
L 15400 3374 15900
L 15420 3322 2600
L 15440 3176 7300
L 15460 3371 9750
L 15480 2612 37950
L 15500 2541 3550
L 15520 2529  600
L 15540 2529    0
L 15560 2529    0
L 15580 2528   50
L 15600 2526  100
L 15620 2528  100
L 15640 2525  150
L 15660 2525    0
L 15680 2530  250
L 15700 2535  250
L 15720 2542  350
L 15740 2552  500
L 15760 2560  400
L 15780 2561   50
L 15800 2562   50
L 15820 2985 21150
L 15840 2763 11100
L 15860 2545 10900
L 15880 2540  250
L 15900 2553  650
L 15920 2530 1150
L 15940 2587 2850
L 15960 2526 3050
L 15980 2527   50
L 16000 2526   50
L 16020 2525   50
L 16040 2526   50
L 16060 2524  100
L 16080 2524    0
L 16100 2526  100
L 16120 2527   50
L 16140 2527    0
L 16160 2528   50
L 16180 2528    0
L 16200 2527   50
L 16220 2527    0
L 16240 2523  200
L 16260 2524   50
L 16280 2527  150
L 16300 2727 10000
L 16320 3127 20000
L 16340 3335 10400
L 16360 2752 29150
L 16380 3333 29050
L 16400 3374 2050
L 16420 3393  950
L 16440 3393    0
L 16460 3372 1050
L 16480 3365  350
L 16500 3350  750
L 16520 3364  700
L 16540 3136 11400
L 16560 3294 7900
L 16580 3118 8800
L 16600 3266 7400
L 16620 3348 4100
L 16640 3344  200
L 16660 2464 44000
L 16680 2466  100
L 16700 2681 10750
L 16720 2468 10650
L 16740 2470  100
L 16760 2470    0
L 16780 2470    0
L 16800 2470    0
L 16820 2471   50
L 16840 2471    0
L 16860 2471    0
L 16880 2473  100
L 16900 2474   50
L 16920 2475   50
L 16940 3217 37100
L 16960 3391 8700
L 16980 2502 44450
L 17000 2925 21150
L 17020 2511 20700
L 17040 2512   50
L 17060 2510  100
L 17080 2510    0
L 17100 2510    0
L 17120 2510    0
L 17140 2510    0
L 17160 2510    0
L 17180 2509   50
L 17200 2510   50
L 17220 2510    0
L 17240 2509   50
L 17260 2510   50
L 17280 2510    0
L 17300 2510    0
L 17320 2510    0
L 17340 2510    0
L 17360 2509   50
L 17380 3297 39400
L 17400 3335 1900
L 17420 3333  100
L 17440 2523 40500
L 17460 3119 29800
L 17480 2444 33750
L 17500 2447  150
L 17520 2456  450
L 17540 2462  300
L 17560 2475  650
L 17580 2518 2150
L 17600 2505  650
L 17620 2522  850
L 17640 2524  100
L 17660 2528  200
L 17680 2529   50
L 17700 2530   50
L 17720 2530    0
L 17740 2530    0
L 17760 2529   50
L 17780 2527  100
L 17800 2524  150
L 17820 3168 32200
L 17840 3027 7050
L 17860 3139 5600
L 17880 2522 30850
L 17900 2522    0
L 17920 2520  100
L 17940 2520    0
L 17960 2524  200
L 17980 2526  100
L 18000 2526    0
L 18020 2525   50
L 18040 2522  150
L 18060 2521   50
L 18080 2519  100
L 18100 2516  150
L 18120 2516    0
L 18140 2516    0
L 18160 2516    0
L 18180 2515   50
L 18200 2514   50
L 18220 2515   50
L 18240 2514   50
L 18260 2514    0
L 18280 2514    0
L 18300 2514    0
L 18320 2514    0
L 18340 2513   50
L 18360 2511  100
L 18380 2508  150
L 18400 2506  100
L 18420 2500  300
L 18440 2495  250
L 18460 2492  150
L 18480 2488  200
L 18500 2485  150
L 18520 2479  300
L 18540 2475  200
L 18560 2472  150
L 18580 2471   50
L 18600 2473  100
L 18620 2472   50
L 18640 2472    0
L 18660 2473   50
L 18680 2476  150
L 18700 2477   50
L 18720 2477    0
L 18740 2480  150
L 18760 2483  150
L 18780 2486  150
L 18800 2488  100
L 18820 2488    0
L 18840 2488    0
L 18860 2483  250
L 18880 2481  100
L 18900 2480   50
L 18920 2479   50
L 18940 3082 30150
L 18960 3348 13300
L 18980 3313 1750
L 19000 2768 27250
L 19020 2475 14650
L 19040 3169 34700
L 19060 2528 32050
L 19080 2470 2900
L 19100 2473  150
L 19120 2473    0
L 19140 2474   50
L 19160 2473   50
L 19180 2474   50
L 19200 2473   50
L 19220 2474   50
L 19240 2473   50
L 19260 2473    0
L 19280 2474   50
L 19300 2474    0
L 19320 2475   50
L 19340 2477  100
L 19360 2480  150
L 19380 2483  150
L 19400 2489  300
L 19420 3216 36350
L 19440 2964 12600
L 19460 3088 6200
L 19480 2634 22700
L 19500 2496 6900
L 19520 2526 1500
L 19540 2495 1550
L 19560 2495    0
L 19580 2495    0
L 19600 2496   50
L 19620 2496    0
L 19640 2495   50
L 19660 2496   50
L 19680 2495   50
L 19700 2495    0
L 19720 2495    0
L 19740 2496   50
L 19760 2530 1700
L 19780 2496 1700
L 19800 2496    0
L 19820 2496    0
L 19840 2496    0
L 19860 2496    0
L 19880 2496    0
L 19900 2496    0
L 19920 2496    0
L 19940 2496    0
L 19960 2495   50
L 19980 2496   50
L 20000 2496    0
L 20020 2496    0
L 20040 2495   50
L 20060 2495    0
L 20080 2496   50
L 20100 2496    0
L 20120 2496    0
L 20140 2496    0
L 20160 2496    0
L 20180 2495   50
L 20200 2496   50
L 20220 2496    0
L 20240 2496    0
L 20260 2496    0
L 20280 2496    0
L 20300 2496    0
L 20320 2496    0
L 20340 2496    0
L 20360 2496    0
L 20380 2496    0
L 20400 2496    0
L 20420 2496    0
L 20440 2496    0
L 20460 2496    0
L 20480 2496    0
L 20500 2496    0
L 20520 2496    0
L 20540 2496    0
L 20560 2496    0
L 20580 2496    0
L 20600 2496    0
L 20620 2496    0
L 20640 2496    0
L 20660 2496    0
L 20680 2497   50
L 20700 2495  100
L 20720 2496   50
L 20740 2496    0
L 20760 2496    0
L 20780 2496    0
L 20800 2496    0
L 20820 2496    0
L 20840 2495   50
L 20860 2496   50
L 20880 2496    0
L 20900 2496    0
L 20920 2496    0
L 20940 2496    0
L 20960 2496    0
L 20980 2496    0
L 21000 2496    0
L 21020 2496    0
L 21040 2496    0
L 21060 2496    0
L 21080 2496    0
L 21100 2496    0
L 21120 2496    0
L 21140 2496    0
L 21160 2496    0
L 21180 2496    0
L 21200 2496    0
L 21220 2497   50
L 21240 2496   50
L 21260 2496    0
L 21280 2496    0
L 21300 2496    0
L 21320 2496    0
L 21340 2496    0
L 21360 2496    0
L 21380 2496    0
L 21400 2496    0
L 21420 2496    0
L 21440 2496    0
L 21460 2496    0
L 21480 2496    0
L 21500 2496    0
L 21520 2497   50
L 21540 2496   50
L 21560 2496    0
L 21580 2496    0
L 21600 2496    0
L 21620 2496    0
L 21640 2497   50
L 21660 2497    0
L 21680 2496   50
L 21700 2496    0
L 21720 2496    0
L 21740 2495   50
L 21760 2496   50
L 21780 2496    0
L 21800 2496    0
L 21820 2496    0
L 21840 2496    0
L 21860 2497   50
L 21880 2496   50
L 21900 2496    0
L 21920 2496    0
L 21940 2496    0
L 21960 2496    0
L 21980 2496    0
L 22000 2496    0
L 22020 2496    0
L 22040 2496    0
L 22060 2496    0
L 22080 2496    0
L 22100 2496    0
L 22120 2496    0
L 22140 2496    0
L 22160 2497   50
L 22180 2497    0
L 22200 2496   50
L 22220 2496    0
L 22240 2496    0
L 22260 2496    0
L 22280 2496    0
L 22300 2496    0
L 22320 2496    0
L 22340 2498  100
L 22360 2497   50
L 22380 2497    0
L 22400 2496   50
L 22420 2496    0
L 22440 2496    0
L 22460 2497   50
L 22480 2496   50
L 22500 2496    0
L 22520 2497   50
L 22540 2496   50
L 22560 2496    0
L 22580 2497   50
L 22600 2497    0
L 22620 2496   50
L 22640 2496    0
L 22660 2496    0
L 22680 2496    0
L 22700 2496    0
L 22720 2496    0
L 22740 2497   50
L 22760 2496   50
L 22780 2497   50
L 22800 2496   50
L 22820 2497   50
L 22840 2496   50
L 22860 2496    0
L 22880 2496    0
L 22900 2496    0
L 22920 2496    0
L 22940 2496    0
L 22960 2497   50
L 22980 2497    0
L 23000 2496   50
L 23020 2497   50
L 23040 2496   50
L 23060 2496    0
L 23080 2496    0
L 23100 2496    0
L 23120 2496    0
L 23140 2496    0
L 23160 2497   50
L 23180 2495  100
L 23200 2496   50
L 23220 2496    0
L 23240 2496    0
L 23260 2497   50
L 23280 2497    0
L 23300 2497    0
L 23320 2496   50
L 23340 2496    0
L 23360 2496    0
L 23380 2497   50
L 23400 2496   50
L 23420 2496    0
L 23440 2497   50
L 23460 2497    0
L 23480 2496   50
L 23500 2496    0
L 23520 2496    0
L 23540 2497   50
L 23560 2497    0
L 23580 2497    0
L 23600 2496   50
L 23620 2496    0
L 23640 2496    0
L 23660 2496    0
L 23680 2496    0
L 23700 2496    0
L 23720 2497   50
L 23740 2497    0
L 23760 2496   50
L 23780 2496    0
L 23800 2497   50
L 23820 2496   50
L 23840 2496    0
L 23860 2497   50
L 23880 2496   50
L 23900 2496    0
L 23920 2497   50
L 23940 2497    0
L 23960 2496   50
L 23980 2497   50
L 24000 2496   50
L 24020 2496    0
L 24040 2496    0
L 24060 2496    0
L 24080 2498  100
L 24100 2497   50
L 24120 2497    0
L 24140 2496   50
L 24160 2496    0
L 24180 2496    0
L 24200 2497   50
L 24220 2497    0
L 24240 2497    0
L 24260 2496   50
L 24280 2496    0
L 24300 2496    0
L 24320 2496    0
L 24340 2496    0
L 24360 2497   50
L 24380 2497    0
L 24400 2497    0
L 24420 2497    0
L 24440 2496   50
L 24460 2496    0
L 24480 2496    0
L 24500 2498  100
L 24520 2496  100
L 24540 2496    0
L 24560 2497   50
L 24580 2497    0
L 24600 2496   50
L 24620 2496    0
L 24640 2496    0
L 24660 2497   50
L 24680 2496   50
L 24700 2494  100
L 24720 3273 38950
L 24740 2461 40600
L 24760 2430 1550
L 24780 2394 1800
L 24800 2394    0
L 24820 2395   50
L 24840 2394   50
L 24860 2394    0
L 24880 2394    0
L 24900 2394    0
L 24920 2394    0
L 24940 2394    0
L 24960 2395   50
L 24980 2397  100
L 25000 2396   50
L 25020 2396    0
L 25040 2395   50
L 25060 2396   50
L 25080 2395   50
L 25100 2396   50
L 25120 2396    0
L 25140 2396    0
L 25160 2397   50
L 25180 2396   50
L 25200 2395   50
L 25220 2395    0
L 25240 2395    0
L 25260 2395    0
L 25280 2395    0
L 25300 2394   50
L 25320 2394    0
L 25340 2395   50
L 25360 2395    0
L 25380 2394   50
L 25400 2394    0
L 25420 2395   50
L 25440 2395    0
L 25460 2396   50
L 25480 2395   50
L 25500 2395    0
L 25520 2395    0
L 25540 2395    0
L 25560 2396   50
L 25580 2396    0
L 25600 2395   50
L 25620 2395    0
L 25640 2394   50
L 25660 2395   50
L 25680 2395    0
L 25700 2395    0
L 25720 2394   50
L 25740 2394    0
L 25760 2394    0
L 25780 2394    0
L 25800 2394    0
L 25820 2394    0
L 25840 2394    0
L 25860 2394    0
L 25880 2393   50
L 25900 2394   50
L 25920 2393   50
L 25940 2394   50
L 25960 2394    0
L 25980 2394    0
L 26000 2395   50
L 26020 2393  100
L 26040 2394   50
L 26060 2393   50
L 26080 2393    0
L 26100 2394   50
L 26120 2395   50
L 26140 2395    0
L 26160 2394   50
L 26180 2393   50
L 26200 2393    0
L 26220 2393    0
L 26240 2394   50
L 26260 2394    0
L 26280 2393   50
L 26300 2394   50
L 26320 2394    0
L 26340 2393   50
L 26360 2393    0
L 26380 2394   50
L 26400 2393   50
L 26420 2392   50
L 26440 2394  100
L 26460 2394    0
L 26480 2393   50
L 26500 2393    0
L 26520 2393    0
L 26540 2393    0
L 26560 2393    0
L 26580 2393    0
L 26600 2393    0
L 26620 2393    0
L 26640 2393    0
L 26660 2393    0
L 26680 2394   50
L 26700 2394    0
L 26720 2394    0
L 26740 2393   50
L 26760 2394   50
L 26780 2394    0
L 26800 2393   50
L 26820 2393    0
L 26840 2393    0
L 26860 2393    0
L 26880 2393    0
L 26900 2394   50
L 26920 2393   50
L 26940 2394   50
L 26960 2394    0
L 26980 2394    0
L 27000 2394    0
L 27020 2393   50
L 27040 2394   50
L 27060 2394    0
L 27080 2393   50
L 27100 2394   50
L 27120 2394    0
L 27140 2394    0
L 27160 2394    0
L 27180 2394    0
L 27200 2394    0
L 27220 2394    0
L 27240 2394    0
L 27260 2394    0
L 27280 2395   50
L 27300 2394   50
L 27320 2394    0
L 27340 2393   50
L 27360 2392   50
L 27380 2392    0
L 27400 2390  100
L 27420 2389   50
L 27440 2387  100
L 27460 2386   50
L 27480 2385   50
L 27500 2382  150
L 27520 2383   50
L 27540 2382   50
L 27560 2382    0
L 27580 2382    0
L 27600 2381   50
L 27620 2381    0
L 27640 2382   50
L 27660 2381   50
L 27680 2381    0
L 27700 2380   50
L 27720 2381   50
L 27740 2381    0
L 27760 2381    0
L 27780 2381    0
L 27800 2381    0
L 27820 2383  100
L 27840 2381  100
L 27860 2378  150
L 27880 2371  350
L 27900 2364  350
L 27920 2359  250
L 27940 2352  350
L 27960 2349  150
L 27980 2344  250
L 28000 2342  100
L 28020 2342    0
L 28040 2341   50
L 28060 2342   50
L 28080 2342    0
L 28100 2341   50
L 28120 2341    0
L 28140 2341    0
L 28160 2341    0
L 28180 2341    0
L 28200 2341    0
L 28220 2341    0
L 28240 2341    0
L 28260 2342   50
L 28280 2342    0
L 28300 2341   50
L 28320 2341    0
L 28340 2342   50
L 28360 2341   50
L 28380 2342   50
L 28400 2343   50
L 28420 2342   50
L 28440 2342    0
L 28460 2342    0
L 28480 2341   50
L 28500 2341    0
L 28520 2342   50
L 28540 2342    0
L 28560 2341   50
L 28580 2341    0
L 28600 2341    0
L 28620 2341    0
L 28640 2341    0
L 28660 2341    0
L 28680 2341    0
L 28700 2340   50
L 28720 2342  100
L 28740 2341   50
L 28760 2341    0
L 28780 2341    0
L 28800 2341    0
L 28820 2341    0
L 28840 2341    0
L 28860 2341    0
L 28880 2342   50
L 28900 2341   50
L 28920 2341    0
L 28940 2341    0
L 28960 2342   50
L 28980 2341   50
L 29000 2341    0
L 29020 2341    0
L 29040 2342   50
L 29060 2341   50
L 29080 2341    0
L 29100 2342   50
L 29120 2341   50
L 29140 2341    0
L 29160 2341    0
L 29180 2341    0
L 29200 2341    0
L 29220 2340   50
L 29240 2341   50
L 29260 2341    0
L 29280 2341    0
L 29300 2341    0
L 29320 2342   50
L 29340 2341   50
L 29360 2341    0
L 29380 2341    0
L 29400 2341    0
L 29420 2341    0
L 29440 2342   50
L 29460 2341   50
L 29480 2341    0
L 29500 2340   50
L 29520 2342  100
L 29540 2341   50
L 29560 2341    0
L 29580 2341    0
L 29600 2341    0
L 29620 2341    0
L 29640 2340   50
L 29660 2341   50
L 29680 2341    0
L 29700 2341    0
L 29720 2341    0
L 29740 2341    0
L 29760 2341    0
L 29780 2341    0
L 29800 2341    0
L 29820 2341    0
L 29840 2342   50
L 29860 2341   50
L 29880 2341    0
L 29900 2341    0
L 29920 2340   50
L 29940 2341   50
L 29960 2341    0
L 29980 2341    0
L 30000 2341    0
L 30020 2341    0
L 30040 2341    0
L 30060 2341    0
L 30080 2341    0
L 30100 2341    0
L 30120 2341    0
L 30140 2341    0
L 30160 2341    0
L 30180 2341    0
L 30200 2341    0
L 30220 2340   50
L 30240 2340    0
L 30260 2341   50
L 30280 2341    0
L 30300 2341    0
L 30320 2340   50
L 30340 2342  100
L 30360 2341   50
L 30380 2340   50
L 30400 2340    0
L 30420 2341   50
L 30440 2341    0
L 30460 2342   50
L 30480 2342    0
L 30500 2342    0
L 30520 2342    0
L 30540 2342    0
L 30560 2341   50
L 30580 2341    0
L 30600 2341    0
L 30620 2341    0
L 30640 2340   50
L 30660 2341   50
L 30680 2341    0
L 30700 2341    0
L 30720 2341    0
L 30740 2341    0
L 30760 2340   50
L 30780 2341   50
L 30800 2341    0
L 30820 2340   50
L 30840 2341   50
L 30860 2341    0
L 30880 2338  150
L 30900 2346  400
L 30920 2347   50
L 30940 2348   50
L 30960 2347   50
L 30980 2345  100
L 31000 2345    0
L 31020 2341  200
L 31040 2338  150
L 31060 2337   50
L 31080 2334  150
L 31100 2333   50
L 31120 2333    0
L 31140 2333    0
L 31160 2329  200
L 31180 2326  150
L 31200 2324  100
L 31220 2322  100
L 31240 2320  100
L 31260 2317  150
L 31280 2315  100
L 31300 2314   50
L 31320 2313   50
L 31340 2311  100
L 31360 2310   50
L 31380 2308  100
L 31400 2308    0
L 31420 2309   50
L 31440 2309    0
L 31460 2308   50
L 31480 2309   50
L 31500 2309    0
L 31520 2308   50
L 31540 2309   50
L 31560 2308   50
L 31580 2308    0
L 31600 2308    0
L 31620 2308    0
L 31640 2308    0
L 31660 2308    0
L 31680 2308    0
L 31700 2308    0
L 31720 2308    0
L 31740 2308    0
L 31760 2308    0
L 31780 2308    0
L 31800 2308    0
L 31820 2309   50
L 31840 2308   50
L 31860 2308    0
L 31880 2309   50
L 31900 2308   50
L 31920 2308    0
L 31940 2308    0
L 31960 2308    0
L 31980 2308    0
L 32000 2308    0
L 32020 2308    0
L 32040 2308    0
L 32060 2308    0
L 32080 2308    0
L 32100 2308    0
L 32120 2308    0
L 32140 2308    0
L 32160 2308    0
L 32180 2308    0
L 32200 2308    0
L 32220 2308    0
L 32240 2308    0
L 32260 2308    0
L 32280 2309   50
L 32300 2309    0
L 32320 2308   50
L 32340 2308    0
L 32360 2309   50
L 32380 2309    0
L 32400 2308   50
L 32420 2308    0
L 32440 2308    0
L 32460 2308    0
L 32480 2308    0
L 32500 2309   50
L 32520 2308   50
L 32540 2308    0
L 32560 2309   50
L 32580 2309    0
L 32600 2308   50
L 32620 2309   50
L 32640 2308   50
L 32660 2308    0
L 32680 2309   50
L 32700 2309    0
L 32720 2309    0
L 32740 2309    0
L 32760 2308   50
L 32780 2308    0
L 32800 2309   50
L 32820 2308   50
L 32840 2309   50
L 32860 2308   50
L 32880 2309   50
L 32900 2308   50
L 32920 2308    0
L 32940 2309   50
L 32960 2308   50
L 32980 2308    0
L 33000 2309   50
L 33020 2308   50
L 33040 2309   50
L 33060 2308   50
L 33080 2308    0
L 33100 2308    0
L 33120 2309   50
L 33140 2308   50
L 33160 2309   50
L 33180 2309    0
L 33200 2309    0
L 33220 2308   50
L 33240 2309   50
L 33260 2308   50
L 33280 2309   50
L 33300 2309    0
L 33320 2308   50
L 33340 2308    0
L 33360 2309   50
L 33380 2309    0
L 33400 2309    0
L 33420 2309    0
L 33440 2308   50
L 33460 2309   50
L 33480 2309    0
L 33500 2308   50
L 33520 2308    0
L 33540 2309   50
L 33560 2308   50
L 33580 2308    0
L 33600 2308    0
L 33620 2309   50
L 33640 2308   50
L 33660 2309   50
L 33680 2309    0
L 33700 2309    0
L 33720 2309    0
L 33740 2309    0
L 33760 2309    0
L 33780 2309    0
L 33800 2309    0

