wheel_init
pre_auton
%  batt 7.33v 7.49v
usercontrol
DUMP_MONITOR=START
DUMP_MONITOR=MONITOR
WHEEL_MONITOR=MONITOR
D   40 -127 1358   -8
W   40  360  200 2700 40
D   80 -127 1350  -66
W   80  360  199 2700 70
D  120 -127 1311 -183
W  120  360  195 2700 100
D  160 -127 1263 -183
W  160  360  191 2701 127
D  200 -127 1239  -75
W  200  360  184 2699 127
D  240 -127 1203 -166
W  240  359  177 2699 127
D  280 -127 1156 -200
W  280  359  172 2698 127
D  320 -127 1115 -183
W  320  359  167 2695 127
D  360 -127 1070 -200
W  360  359  162 2692 127
D  400 -127 1020 -216
W  400  359  157 2689 127
D  440 -127  972 -191
W  440  359  151 2686 127
D  480 -127  919 -225
W  480  359  145 2685 127
D  520 -127  872 -158
W  520  359  138 2686 127
D  560 -127  828 -183
W  560  359  130 2687 127
D  600 -127  770 -275
W  600  358  121 2688 127
D  640 -127  705 -283
W  640  358  110 2688 127
D  680 -127  643 -250
W  680  358   99 2687 127
D  720 -127  595 -116
W  720  358   89 2685 127
D  760 -127  523 -266
W  760  358   81 2672 127
D  800 -127  418 -475
W  800  357   75 2648 127
D  840 -127  313 -391
W  840  357   70 2609 127
D  880 -127  230 -300
W  880  356   66 2564 127
D  920 -45  130 -391
W  920  355   63 2511 127
D  960 -45   50 -291
W  960  354   59 2456 127
D 1000 -45    8 -141
W 1000  354   59 2416 127
D 1040 -45   -4  -25
W 1040  355   61 2369 127
D 1080 -45   -1   25
W 1080  355   62 2311 127
D 1120 -45   -3  -16
W 1120  355   61 2257 127
D 1160 -45   -3  -16
W 1160  354   61 2201 127
D 1200 -45   -4    8
W 1200  354   61 2145 127
D 1240 -45   -7   -8
W 1240  354   61 2085 127
D 1280   0  -10   -8
W 1280  353   60 2020 0
D 1320   0  -11   -8
W 1320  352   60 1960 0
D 1360   0  -11   -8
W 1360  351   60 1914 0
D 1400   0  -11    0
W 1400  350   59 1889 40
D 1440   0  -11    0
W 1440  349   59 1868 54
D 1480   0  -11    0
W 1480  348   59 1836 0
D 1520   0  -12   -8
W 1520  347   59 1807 0
D 1560   0  -12   -8
W 1560  347   59 1788 -20
D 1600   0  -13    0
W 1600  347   59 1781 -5
D 1640   0  -13    0
W 1640  346   59 1784 40
D 1681   0  -13    0
W 1681  345   59 1790 70
D 1721   0  -11   16
W 1721  342   59 1799 85
D 1761   0   -4   50
W 1761  337   59 1805 127
D 1801   0  -10  -16
W 1801  332   59 1808 127
D 1841   0  -11   -8
W 1841  325   59 1811 127
D 1881   0  -12    0
W 1881  317   59 1814 127
D 1921   0  -12    8
W 1921  308   59 1815 127
D 1961   0  -13   -8
W 1961  298   58 1816 127
D 2001   0  -13    0
W 2001  288   58 1817 127
D 2041   0  -13    0
W 2041  277   58 1818 127
D 2081   0  -14   -8
W 2081  266   57 1819 127
D 2121   0  -14   -8
W 2121  255   57 1820 127
D 2161   0  -13    0
W 2161  244   57 1822 127
D 2201   0  -13    0
W 2201  233   56 1823 127
D 2241   0  -13    0
W 2241  221   56 1824 127
D 2281   0  -13    0
W 2281  209   55 1823 127
D 2321   0  -13    0
W 2321  198   55 1825 127
D 2361   0  -13    0
W 2361  186   54 1827 127
D 2401   0  -13    0
W 2401  175   54 1828 127
D 2441   0  -13    8
W 2441  163   53 1829 127
D 2481   0  -13    8
W 2481  151   53 1830 127
D 2521  40  -13    0
W 2521  139   52 1831 127
D 2561  40  -13    0
W 2561  128   51 1832 127
D 2601  40  -13    0
W 2601  117   51 1832 127
D 2641  40  -11    8
W 2641  106   50 1832 127
D 2681  40   13  133
W 2681   94   49 1827 75
D 2721  40   53  175
W 2721   84   49 1829 45
D 2761  40  101  200
W 2761   73   48 1830 15
D 2801  40  129   91
W 2801   64   48 1834 -25
D 2841  40  148  108
W 2841   58   48 1839 -55
D 2881  40  201  208
W 2881   57   48 1838 -85
D 2921  40  261  258
W 2921   59   48 1837 -127
D 2961  40  305  233
W 2961   63   48 1835 -127
D 3001  40  346  150
W 3001   69   48 1833 -127
D 3041  40  388  166
W 3041   75   49 1831 -127
D 3081  19  430  175
W 3081   82   49 1831 -127
D 3121  16  460   75
W 3121   90   49 1832 -127
D 3161  21  489  133
W 3161   98   50 1832 -127
D 3201  21  527  258
W 3201  110   51 1833 -127
D 3241   0  573  158
W 3241  121   51 1833 -127
D 3281   3  613  166
W 3281  132   52 1836 -127
D 3321   2  635   41
W 3321  142   52 1841 -127
D 3361   6  648   16
W 3361  149   53 1862 -127
D 3401   9  656   16
W 3401  154   54 1899 -127
D 3441   7  673   91
W 3441  159   55 1939 -127
D 3481   5  691   91
W 3481  163   56 1984 -127
D 3521   0  713  100
W 3521  167   57 2035 -127
D 3561   4  718    0
W 3561  169   58 2098 -127
D 3601   8  718    0
W 3601  170   59 2169 -127
D 3641   8  718    0
W 3641  170   59 2245 -127
D 3681   9  715  -16
W 3681  170   59 2322 -127
D 3721  13  702  -75
W 3721  170   59 2402 -127
D 3761  18  691  -25
W 3761  170   59 2477 0
D 3801  23  673  -41
W 3801  169   57 2538 0
D 3841  15  668  -16
W 3841  169   55 2594 0
D 3881  14  666   -8
W 3881  169   54 2641 0
D 3921  12  668    8
W 3921  169   51 2680 20
D 3961  13  671   25
W 3961  169   49 2712 20
D 4001 -127  673   16
W 4001  169   48 2730 20
D 4041 -127  675    0
W 4041  169   48 2734 20
D 4081 -127  675    0
W 4081  169   48 2732 20
D 4121 -127  656 -133
W 4121  169   48 2732 20
D 4161 -127  608 -225
W 4161  169   48 2731 20
D 4201 -127  551 -208
W 4201  169   49 2721 35
D 4241 -127  483 -350
W 4241  169   50 2704 65
D 4281 -127  418 -316
W 4281  169   48 2693 95
D 4321 -127  346 -291
W 4321  168   45 2688 127
D 4361 -127  278 -283
W 4361  168   40 2683 127
D 4401 -127  203 -283
W 4401  168   34 2682 127
D 4441 -45  124 -341
W 4441  168   26 2680 127
D 4481 -45    0 -483
W 4481  168   17 2677 127
D 4521   0  -15   -8
W 4521  167    7 2670 127
D 4561   0  -14   83
W 4561  166   -2 2658 127
D 4601   0  -20  -66
W 4601  166  -12 2653 127
D 4641   0  -16    0
W 4641  165  -22 2647 127
D 4681   0  -17    8
W 4681  164  -32 2649 127
D 4721   0  -17    8
W 4721  163  -43 2648 127
D 4761   0  -17    0
W 4761  162  -55 2647 127
D 4801   0  -18   -8
W 4801  161  -66 2649 127
D 4841   0  -17   -8
W 4841  160  -77 2650 127
D 4881   0  -18    0
W 4881  159  -89 2652 127
D 4921   0  -17    0
W 4921  158 -101 2651 127
D 4961   0  -18  -16
W 4961  157 -112 2653 127
D 5001   0  -17    0
W 5001  156 -124 2655 127
D 5041   0  -17    0
W 5041  155 -136 2657 127
D 5081   0  -17    0
W 5081  154 -147 2658 127
D 5121   0  -20  -25
W 5121  153 -159 2663 127
D 5161   0  -15    8
W 5161  153 -168 2673 127
D 5201  40  -17   -8
W 5201  153 -173 2693 0
D 5241  40  -14   33
W 5241  153 -173 2695 0
D 5281  40  -17  -16
W 5281  153 -171 2694 -25
D 5321  40  -18    0
W 5321  153 -167 2693 -55
D 5361  40  -17    0
W 5361  153 -162 2692 -85
D 5401  40  -15  -16
W 5401  153 -156 2694 -127
D 5441  40    3   83
W 5441  153 -147 2695 -127
D 5481  40   33  141
W 5481  153 -138 2695 -127
D 5521  40   73  158
W 5521  153 -128 2697 -127
D 5561  40  117  241
W 5561  153 -117 2699 -127
D 5601  40  147  100
W 5601  153 -105 2709 -127
D 5641  40  183  150
W 5641  153  -94 2713 -127
D 5681  40  231  191
W 5681  153  -83 2720 -127
D 5721  40  264  108
W 5721  152  -71 2723 -127
D 5761  40  308  200
W 5761  152  -59 2725 -127
D 5801  40  348  166
W 5801  151  -48 2726 -127
D 5841  40  380  100
W 5841  151  -36 2727 -127
D 5881   5  436  158
W 5881  150  -25 2727 -127
D 5921  14  483  216
W 5921  149  -13 2727 -127
D 5961  18  523  233
W 5961  149   -1 2727 -127
D 6001  19  556  225
W 6001  148   10 2728 -127
D 6041  18  580  166
W 6041  148   20 2730 -124
D 6081  13  602  116
W 6081  147   26 2747 20
D 6121  20  608   58
W 6121  147   30 2780 20
D 6161  11  631  141
W 6161  146   34 2792 -25
D 6201  -2  672  191
W 6201  146   39 2785 -55
D 6241  -4  700   91
W 6241  145   45 2788 -85
D 6281   3  711   41
W 6281  144   52 2790 -127
D 6321   5  716    8
W 6321  143   59 2793 -127
D 6361   8  715   -8
W 6361  141   66 2796 -127
D 6401   8  715    0
W 6401  140   74 2800 -127
D 6441  11  713    8
W 6441  138   83 2802 -127
D 6481   9  710  -16
W 6481  136   94 2801 -127
D 6521  13  700  -50
W 6521  135  104 2798 -127
D 6561  14  693  -16
W 6561  133  115 2796 -127
D 6601  11  690  -16
W 6601  131  126 2795 -127
D 6641  12  688   -8
W 6641  129  137 2795 -127
D 6681  10  686  -25
W 6681  127  149 2795 -127
D 6721   9  688    0
W 6721  125  161 2795 -127
D 6761  11  688    0
W 6761  123  172 2794 -127
D 6801  11  689    8
W 6801  121  184 2789 -127
D 6841   4  704   75
W 6841  119  195 2793 -127
D 6881   2  715   33
W 6881  118  205 2777 -127
D 6921   7  721   41
W 6921  117  215 2743 -127
D 6961   0  732   25
W 6961  116  222 2715 -127
D 7001   5  733    0
W 7001  116  225 2700 -127
D 7041   6  735   16
W 7041  116  227 2697 -127
D 7081   8  733    0
W 7081  116  229 2691 -127
D 7121   9  726  -41
W 7121  116  233 2680 -127
D 7161  13  715  -41
W 7161  117  237 2665 -127
D 7201  12  704  -58
W 7201  117  240 2654 -127
D 7241   0  709  -58
W 7241  117  242 2645 -127
D 7281   9  710    8
W 7281  117  243 2641 -127
D 7321   9  710    8
W 7321  117  244 2640 -127
D 7361 127  745  291
W 7361  117  244 2640 -127
D 7401 127  710   -8
W 7401  117  244 2640 -127
D 7441 127  722   91
W 7441  117  244 2640 -127
D 7481 127  743  100
W 7481  117  244 2640 -127
D 7521 127  775  133
W 7521  117  244 2640 -127
D 7561 127  816  191
W 7561  117  245 2639 -127
D 7601 127  873  233
W 7601  117  245 2639 -127
D 7641 127  927  225
W 7641  117  245 2639 -127
D 7681 127  995  225
W 7681  117  245 2639 -127
D 7721 127 1064  283
W 7721  117  245 2639 -127
D 7761 127 1132  275
W 7761  117  245 2639 -60
D 7801 127 1200  325
W 7801  117  245 2639 -50
D 7841   0 1279  341
W 7841  117  245 2639 -50
D 7881   0 1356  400
W 7881  117  245 2639 -50
