usercontrol
wheel_init
pre_auton
%  batt 7.39v 7.55v
usercontrol
DUMP_MONITOR=START
DUMP_MONITOR=MONITOR
WHEEL_MONITOR=MONITOR
D   40   0   79    8
W   40  360  200 2700 -40
D   80   0   78    0
W   80  360  200 2700 -70
D  120   0   80   16
W  120  359  202 2702 -100
D  160   0   82  -58
W  160  359  206 2702 -127
D  200   0   81    0
W  200  359  212 2701 -127
D  240   0   91   50
W  240  359  219 2701 -127
D  280   0  100   33
W  280  359  228 2701 -127
D  320   0  109   33
W  320  359  237 2700 -127
D  360   0  121   41
W  360  359  247 2700 -127
D  400   0  126    8
W  400  359  258 2700 -127
D  440 -45  132   41
W  440  359  269 2701 -127
D  480 -45  136    8
W  480  359  281 2700 -127
D  520 -45  136    0
W  520  359  292 2700 -127
D  560 -45  136    0
W  560  359  304 2702 -127
D  600 -45  135   -8
W  600  359  316 2705 -127
D  640 -45  124  -33
W  640  359  327 2706 -127
D  680 -45  100 -108
W  680  359  339 2705 -127
D  720 -45   73 -133
W  720  359  351 2703 -127
D  760 -45   30 -175
W  760  359  362 2705 -127
D  800 -45   -3  -91
W  800  359  373 2705 -127
D  840 -45   -8    0
W  840  359  385 2703 -127
D  880   0  -10    0
W  880  359  397 2701 -127
D  920   0  -18  -58
W  920  359  409 2702 0
D  960   0  -20    0
W  960  359  420 2700 0
D 1000   0  -20    0
W 1000  359  430 2700 0
D 1040   0  -20    0
W 1040  359  440 2700 0
D 1080   0  -20   25
W 1080  359  448 2698 0
D 1120   0  -21    0
W 1120  359  455 2698 0
D 1160   0  -20    0
W 1160  359  462 2698 0
D 1200   0  -20    0
W 1200  359  468 2697 0
D 1240   0  -20   -8
W 1240  359  474 2698 0
D 1280   0  -20    0
W 1280  359  479 2698 0
D 1320   0  -20    0
W 1320  359  483 2698 25
D 1360   0  -19    8
W 1360  359  485 2698 55
D 1400   0  -18    8
W 1400  359  485 2697 85
D 1440   0  -16  -91
W 1440  359  482 2697 127
D 1480   0  -16   -8
W 1480  359  478 2698 127
D 1520   0  -18  -16
W 1520  359  472 2700 127
D 1560   0  -18    0
W 1560  359  464 2700 127
D 1600   0  -20    0
W 1600  359  456 2700 127
D 1640   0  -20    0
W 1640  359  447 2700 127
D 1680   0  -15   41
W 1680  359  437 2701 127
D 1720   0  -20    0
W 1720  359  427 2704 127
D 1760   0  -20    0
W 1760  359  416 2708 127
D 1800   0  -19   33
W 1800  359  406 2713 127
D 1840   0  -20    0
W 1840  359  395 2718 127
D 1880   0  -20  -25
W 1880  360  384 2725 127
D 1920   0  -20    0
W 1920  360  374 2726 127
D 1960   0  -20    0
W 1960  361  363 2726 127
D 2000   0  -20    0
W 2000  361  352 2727 127
D 2040   0  -20    0
W 2040  362  342 2731 127
D 2080   0  -20    0
W 2080  362  331 2731 127
D 2120   0  -20    0
W 2120  363  319 2728 127
D 2160   0  -20    0
W 2160  363  309 2726 127
D 2200   0  -20    0
W 2200  364  298 2721 127
D 2240  40  -20    0
W 2240  364  289 2717 0
D 2280  40  -20    0
W 2280  364  283 2714 0
D 2320  40  -20    8
W 2320  364  282 2715 -25
D 2360  40  -20    0
W 2360  364  284 2717 -55
D 2400  40  -21   -8
W 2400  364  288 2718 -85
D 2440  40  -20    0
W 2440  364  294 2720 -127
D 2480  40  -10   83
W 2480  364  303 2722 -127
D 2520  40   26  191
W 2520  363  312 2720 -127
D 2560  40   81  216
W 2560  363  322 2721 -127
D 2600  40  112  100
W 2600  363  331 2719 -127
D 2640  40  128   25
W 2640  362  342 2711 -127
D 2680  40  133    0
W 2680  362  352 2705 -127
D 2720  40  133    0
W 2720  362  362 2700 -127
D 2760  40  138   25
W 2760  362  373 2698 -127
D 2800  40  145   33
W 2800  362  384 2700 -127
D 2840  40  148   16
W 2840  362  395 2704 -127
D 2880  40  148    0
W 2880  362  407 2708 -127
D 2920  40  148   -8
W 2920  362  418 2708 -127
D 2960 127  152   25
W 2960  362  429 2709 -127
D 3000 127  152    8
W 3000  362  441 2710 -127
D 3040 127  159   33
W 3040  361  452 2710 -127
D 3080 127  173   58
W 3080  361  464 2710 -127
D 3120 127  183   25
W 3120  361  476 2710 -127
D 3160 127  193   41
W 3160  361  487 2711 -127
D 3200 127  210   66
W 3200  360  499 2711 -127
D 3240 127  235  108
W 3240  360  510 2711 -127
D 3280 127  256  175
W 3280  360  522 2711 -127
D 3320 127  269   83
W 3320  360  534 2711 -127
D 3360 127  294  116
W 3360  360  545 2711 -60
D 3400 127  318  108
W 3400  359  557 2711 -50
D 3440 127  336   83
W 3440  359  568 2710 -50
D 3480 127  363   91
W 3480  359  578 2710 -50
D 3520 127  386  100
W 3520  359  588 2710 -50
D 3560 127  412  100
W 3560  359  598 2711 -50
D 3600 127  436   83
W 3600  358  607 2710 -50
D 3640 127  458   33
W 3640  358  616 2711 -50
D 3680 127  485  125
W 3680  358  624 2711 -50
D 3720 127  525  241
W 3720  358  633 2711 -50
D 3760 127  527   41
W 3760  358  640 2711 -50
D 3800 127  546   75
W 3800  358  647 2711 -50
D 3840 127  571  125
W 3840  358  655 2711 -50
D 3880 127  593  100
W 3880  357  662 2712 -50
D 3920 127  620  116
W 3920  357  669 2712 -50
D 3960 127  651  125
W 3960  357  674 2711 -50
D 4000 127  678  125
W 4000  357  677 2710 -50
D 4040 127  711  133
W 4040  357  677 2709 -50
D 4080 127  736  100
W 4080  357  677 2709 -50
D 4120 127  767  116
W 4120  357  677 2709 -50
D 4160 127  797  125
W 4160  357  677 2709 -50
D 4200 127  828  150
W 4200  357  677 2709 -50
D 4240 127  858  125
W 4240  357  677 2710 -50
D 4280 127  889  108
W 4280  357  677 2710 -50
D 4320 127  923  108
W 4320  357  677 2710 -50
D 4360 127  969  183
W 4360  357  677 2710 -50
D 4400 127 1000  125
W 4400  357  677 2710 -50
D 4440 127 1038  166
W 4440  357  677 2710 -50
D 4480 127 1078  191
W 4480  357  677 2710 -50
D 4520 127 1114  150
W 4520  357  677 2710 -50
D 4560 127 1160  166
W 4560  357  677 2710 -50
D 4600 127 1207  175
W 4600  357  677 2710 -50
D 4640   0 1259  216
W 4640  357  677 2710 -50
D 4680   0 1316  233
W 4680  357  677 2710 -50
D 4720 -127 1363  208
W 4720  357  677 2710 -50
D 4760 -127 1406  141
W 4760  357  677 2710 -50
D 4800 -127 1413   16
W 4800  357  677 2710 -50
D 4840 -127 1413    0
W 4840  357  677 2710 -50
D 4880 -127 1412   -8
W 4880  357  677 2710 -50
D 4920 -127 1412   -8
W 4920  357  677 2710 -50
D 4960 -127 1375 -216
W 4960  357  677 2710 -50
D 5000 -127 1313 -233
W 5000  357  677 2710 -50
D 5040 -127 1231 -325
W 5040  357  677 2710 -50
D 5080 -127 1163 -266
W 5080  357  677 2710 0
D 5120 -127 1105 -250
W 5120  357  675 2710 0
D 5160 -127 1050 -233
W 5160  357  673 2710 0
D 5200 -127  991 -250
W 5200  357  670 2710 0
D 5240 -127  925 -291
W 5240  357  668 2712 0
D 5280 -127  856 -266
W 5280  357  639 2700 25
D 5320 -127  784 -325
W 5320  357  637 2699 55
D 5360 -127  713 -341
W 5360  357  635 2699 70
D 5400 -127  636 -308
W 5400  357  631 2697 100
D 5440 -127  556 -333
W 5440  357  625 2698 127
D 5480 -127  482 -383
W 5480  357  619 2698 127
D 5520 -127  423 -225
W 5520  357  611 2698 127
D 5560 -127  329 -325
W 5560  357  601 2698 127
D 5600 -127  251 -300
W 5600  357  591 2700 127
D 5640 -127  161 -375
W 5640  357  580 2702 127
D 5680 -45   75 -391
W 5680  357  568 2706 127
D 5720 -45   -7 -241
W 5720  357  556 2708 127
D 5760   0  -17    0
W 5760  358  546 2711 127
D 5800   0  -19   -8
W 5800  358  534 2711 127
D 5840   0  -19    0
W 5840  358  523 2710 127
D 5880   0  -19    0
W 5880  358  512 2712 127
D 5920   0  -19    0
W 5920  358  500 2711 127
D 5960   0  -20  -16
W 5960  359  489 2710 127
D 6000   0  -19    0
W 6000  359  478 2711 127
D 6040   0  -19    8
W 6040  359  466 2712 127
D 6080   0  -19    0
W 6080  359  455 2713 127
D 6120   0  -19   -8
W 6120  360  443 2714 127
D 6160   0  -19    8
W 6160  360  432 2715 127
D 6200   0  -19    8
W 6200  360  420 2717 127
D 6240   0  -19    0
W 6240  360  409 2719 127
D 6280   0  -19    8
W 6280  361  398 2721 127
D 6320   0  -19    0
W 6320  361  386 2723 127
D 6360   0  -19    0
W 6360  362  374 2724 127
D 6400   0  -20  -16
W 6400  362  363 2727 127
D 6440   0  -19    0
W 6440  363  351 2730 127
D 6480   0  -20  -16
W 6480  363  340 2732 127
D 6520   0  -19    0
W 6520  364  329 2734 127
D 6560   0  -19    8
W 6560  365  317 2736 127
D 6600   0  -21   -8
W 6600  366  306 2739 127
D 6640  40  -19    0
W 6640  366  294 2741 0
D 6680  40  -20   -8
W 6680  367  285 2740 0
D 6720  40  -18    8
W 6720  368  277 2736 0
D 6760  40  -19    0
W 6760  368  270 2728 -25
D 6800  40  -17    8
W 6800  368  269 2710 -55
D 6840  40  -16   16
W 6840  368  271 2713 -85
D 6880  40   -6   75
W 6880  368  275 2714 -127
D 6920  40   28  175
W 6920  368  283 2711 -127
D 6960  40   78  200
W 6960  368  291 2709 -127
D 7000  40  111  108
W 7000  367  300 2709 -127
D 7040  40  126   25
W 7040  367  309 2707 -127
D 7080  40  137   33
W 7080  367  318 2707 -127
D 7120  40  144   33
W 7120  367  328 2708 -127
D 7160  40  154   33
W 7160  367  339 2709 -127
D 7200  40  159   25
W 7200  367  349 2710 -127
D 7240  40  165   25
W 7240  367  360 2710 -127
D 7280  40  168   16
W 7280  366  371 2711 -127
D 7320  40  171   16
W 7320  366  383 2711 -127
D 7360  40  174   16
W 7360  366  395 2710 -127
D 7400  40  178   16
W 7400  366  406 2710 -127
D 7440  40  183   16
W 7440  366  418 2710 -127
D 7480 127  185   25
W 7480  365  430 2710 -127
D 7520 127  190   33
W 7520  365  442 2709 -127
D 7560 127  203   50
W 7560  365  454 2709 -127
D 7600 127  223  100
W 7600  365  466 2709 -127
D 7640 127  237   58
W 7640  365  478 2710 -127
D 7680 127  260   41
W 7680  364  489 2711 -127
D 7720 127  293  141
W 7720  364  501 2711 -127
D 7760 127  324  133
W 7760  364  512 2712 -127
D 7800 127  362  158
W 7800  364  525 2711 -127
D 7840 127  406  166
W 7840  363  536 2711 -127
D 7880 127  455  208
W 7880  363  548 2710 -75
D 7920 127  498  208
W 7920  363  559 2710 -50
D 7960 127  543  141
W 7960  363  569 2710 -50
D 8000 127  589  225
W 8000  363  579 2709 -50
D 8040 127  641  225
W 8040  363  588 2709 -50
D 8080 127  691  191
W 8080  362  597 2709 -50
D 8120 127  739  191
W 8120  362  605 2710 -50
D 8160 127  791  241
W 8160  362  612 2711 -50
D 8200 127  845  233
W 8200  362  619 2710 -50
D 8240 127  899  216
W 8240  362  626 2710 -50
D 8280 127  962  308
W 8280  362  631 2711 -50
D 8320 127 1021  275
W 8320  362  637 2711 -50
D 8360 127 1085  308
W 8360  362  642 2710 -50
D 8400 127 1153  300
W 8400  362  645 2711 -50
D 8440   0 1231  316
W 8440  362  646 2709 -50
D 8480   0 1316  358
W 8480  362  646 2710 -50
D 8520   0 1396  333
W 8520  362  646 2710 -50
D 8560 -127 1461  266
W 8560  362  646 2710 -50
D 8600 -127 1469    0
W 8600  362  646 2709 -50
D 8640 -127 1471    8
W 8640  362  646 2709 -50
D 8680 -127 1470   -8
W 8680  362  646 2709 -50
D 8720 -127 1446 -141
W 8720  362  646 2710 -50
D 8760 -127 1403 -208
W 8760  362  646 2710 -50
D 8800 -127 1332 -325
W 8800  362  646 2710 -50
D 8840 -127 1250 -341
W 8840  362  646 2710 -50
D 8880 -127 1175 -300
W 8880  362  646 2710 -50
D 8920 -127 1109 -266
W 8920  362  646 2710 0
D 8960 -127 1051 -250
W 8960  362  645 2709 0
D 9000 -127  995 -233
W 9000  362  644 2709 0
D 9040 -127  935 -275
W 9040  362  642 2709 0
D 9080 -127  866 -275
W 9080  362  642 2709 0
D 9120 -127  795 -291
W 9120  362  639 2700 40
D 9160 -127  718 -333
W 9160  362  638 2700 70
D 9200 -127  643 -333
W 9200  362  634 2698 100
D 9240 -127  562 -358
W 9240  362  629 2697 127
D 9280 -127  491 -325
W 9280  362  623 2695 127
D 9320 -127  421 -316
W 9320  361  616 2693 127
D 9360 -127  339 -316
W 9360  361  607 2691 127
D 9400 -127  256 -366
W 9400  361  596 2691 127
D 9440 -127  171 -375
W 9440  361  586 2692 127
D 9480 -45   85 -358
W 9480  361  574 2694 127
D 9520 -45   -1 -341
W 9520  361  563 2696 127
D 9560   0  -19   -8
W 9560  361  552 2698 127
D 9600   0  -20    8
W 9600  361  541 2696 127
D 9640   0  -20  -16
W 9640  361  530 2694 127
D 9680   0  -21   -8
W 9680  360  519 2698 127
D 9720   0  -20  -41
W 9720  360  507 2698 127
D 9760   0  -20    8
W 9760  360  496 2698 127
D 9800   0  -20    8
W 9800  360  484 2698 127
D 9840   0  -20    0
W 9840  360  473 2700 127
D 9880   0  -21   -8
W 9880  360  461 2701 127
D 9920   0  -21   -8
W 9920  360  450 2702 127
D 9960   0  -20    0
W 9960  360  438 2704 127
D 10000   0  -20    0
W 10000  361  426 2706 127
D 10040   0  -20    0
W 10040  361  415 2707 127
D 10080   0  -20    0
W 10080  361  404 2708 127
D 10120   0  -20    0
W 10120  361  392 2711 127
D 10160   0  -21   -8
W 10160  361  380 2712 127
D 10200   0  -21   -8
W 10200  361  369 2714 127
D 10240   0  -20    8
W 10240  362  357 2717 127
D 10280   0  -20    0
W 10280  362  345 2719 127
D 10320   0  -21   -8
W 10320  363  334 2720 127
D 10360   0  -20    0
W 10360  363  322 2720 127
D 10400   0  -20    8
W 10400  363  311 2722 127
D 10440   0  -20    0
W 10440  364  299 2724 127
D 10480  40  -18   16
W 10480  364  288 2722 0
D 10520  40  -21   -8
W 10520  365  280 2717 0
D 10560  40  -20  -41
W 10560  365  271 2710 -25
D 10600  40  -18   16
W 10600  365  267 2700 -55
D 10640  40  -18   -8
W 10640  365  268 2693 -85
D 10680  40  -10   41
W 10680  365  272 2693 -127
D 10720  40   15  116
W 10720  365  278 2689 -127
D 10760  40   55  175
W 10760  365  286 2687 -127
D 10800  40   91  141
W 10800  365  295 2685 -127
D 10840  40  108   66
W 10840  366  304 2686 -127
D 10880  40  116   33
W 10880  366  314 2685 -127
D 10920  40  118    8
W 10920  366  324 2685 -127
D 10960  40  125   16
W 10960  366  334 2685 -127
D 11000  40  130   33
W 11000  367  345 2686 -127
D 11040  40  133    8
W 11040  367  356 2688 -127
D 11080  40  134    8
W 11080  367  367 2689 -127
D 11120  40  136    8
W 11120  367  379 2689 -127
D 11160  40  140   16
W 11160  368  390 2689 -127
D 11200  40  143   16
W 11200  368  402 2688 -127
D 11240  40  145   16
W 11240  368  414 2689 -127
D 11280 127  146    0
W 11280  368  426 2688 -127
D 11320 127  150   16
W 11320  369  437 2687 -127
D 11360 127  155   25
W 11360  369  449 2686 -127
D 11400 127  173   83
W 11400  369  461 2687 -127
D 11440 127  195  100
W 11440  369  473 2687 -127
D 11480 127  216   83
W 11480  370  485 2689 -127
D 11520 127  240   91
W 11520  370  496 2689 -127
D 11560 127  275  150
W 11560  370  508 2690 -127
D 11600 127  318  166
W 11600  370  520 2690 -127
D 11640 127  360  208
W 11640  370  532 2691 -127
D 11680 127  407  183
W 11680  371  543 2689 -75
D 11720 127  455  183
W 11720  371  554 2690 -45
D 11760 127  505  241
W 11760  371  565 2689 -45
D 11800 127  548  183
W 11800  371  574 2689 -45
D 11840 127  601  166
W 11840  371  584 2689 -45
D 11880 127  653  191
W 11880  372  593 2689 -45
D 11920 127  705  225
W 11920  372  600 2690 -45
D 11960 127  753  225
W 11960  372  607 2690 -45
D 12000 127  803  216
W 12000  372  614 2690 -45
D 12040 127  860  208
W 12040  372  620 2689 -45
D 12080 127  913  233
W 12080  372  625 2690 -45
D 12120 127  971  208
W 12120  372  630 2690 -45
D 12160 127 1035  266
W 12160  372  635 2690 -45
D 12200 127 1100  283
W 12200  372  639 2690 -45
D 12240 127 1172  300
W 12240  372  641 2690 -45
D 12280   0 1251  333
W 12280  372  642 2690 -45
D 12320   0 1333  325
W 12320  372  642 2690 -45
D 12360   0 1408  275
W 12360  372  642 2690 -45
D 12400 -127 1467  191
W 12400  372  642 2690 -45
D 12440 -127 1466    0
W 12440  372  642 2690 -45
D 12480 -127 1465   -8
W 12480  372  642 2691 -45
D 12520 -127 1451 -108
W 12520  372  642 2691 -45
D 12560 -127 1417 -141
W 12560  372  642 2691 -45
D 12600 -127 1361 -283
W 12600  372  642 2691 -45
D 12640 -127 1287 -350
W 12640  372  642 2691 -45
D 12680 -127 1203 -333
W 12680  372  642 2691 -45
D 12720 -127 1131 -300
W 12720  372  640 2700 25
D 12760 -127 1070 -233
W 12760  372  639 2700 55
D 12800 -127 1012 -258
W 12800  372  637 2700 85
D 12840 -127  956 -241
W 12840  372  632 2699 100
D 12880 -127  892 -266
W 12880  372  626 2703 127
D 12920 -127  843 -233
W 12920  373  619 2703 127
D 12960 -127  775 -316
W 12960  373  611 2701 127
D 13000 -127  715 -300
W 13000  373  602 2698 127
D 13040 -127  656 -258
W 13040  372  592 2699 127
D 13080 -127  593 -308
W 13080  372  582 2700 127
D 13120 -127  518 -291
W 13120  372  570 2701 127
D 13160 -127  436 -308
W 13160  373  559 2701 127
D 13200 -127  346 -333
W 13200  373  546 2701 127
D 13240 -127  256 -416
W 13240  373  534 2702 127
D 13280 -127  164 -408
W 13280  373  522 2703 127
D 13320 -45   75 -341
W 13320  373  508 2704 127
D 13360   0  -13 -308
W 13360  373  496 2706 127
D 13400   0  -19  -58
W 13400  373  485 2706 127
D 13440   0  -20    0
W 13440  373  473 2700 127
D 13480   0  -20   16
W 13480  373  462 2698 127
D 13520   0  -22   -8
W 13520  373  451 2700 127
D 13560   0  -20    8
W 13560  373  439 2702 127
D 13600   0  -21    0
W 13600  373  427 2702 127
D 13640   0  -21   -8
W 13640  373  416 2700 127
D 13680   0  -20    8
W 13680  373  406 2698 127
D 13720   0  -21   -8
W 13720  373  396 2694 127
D 13760   0  -16   33
W 13760  373  389 2677 127
D 13800   0  -16   16
W 13800  373  385 2646 127
D 13840   0  -10    8
W 13840  372  380 2613 127
D 13880   0  -10    0
W 13880  372  377 2583 127
D 13920   0  -10    0
W 13920  371  376 2552 127
D 13960   0  -10    0
W 13960  371  374 2519 127
D 14000   0  -11    0
W 14000  371  373 2482 127
D 14040   0  -11   -8
W 14040  370  373 2440 127
D 14080   0  -11    0
W 14080  370  372 2397 127
D 14120   0  -11    0
W 14120  370  372 2350 127
D 14160   0  -13  -16
W 14160  370  372 2296 127
D 14200   0  -11    0
W 14200  370  372 2243 127
D 14240   0  -12   -8
W 14240  369  371 2183 127
D 14280   0  -13    0
W 14280  369  371 2119 127
D 14320   0  -15  -16
W 14320  369  371 2053 0
D 14360   0  -16   -8
W 14360  368  371 1991 0
D 14400   0  -15    0
W 14400  367  371 1943 0
D 14440   0  -16    0
W 14440  367  370 1909 0
D 14480   0  -16    0
W 14480  366  370 1891 68
D 14520   0  -15    8
W 14520  365  370 1880 82
D 14560   0  -15   -8
W 14560  365  370 1856 0
D 14600   0  -15    0
W 14600  365  370 1839 82
D 14640   0  -11   16
W 14640  364  370 1829 82
D 14680   0  -14    0
W 14680  364  370 1810 54
D 14720   0  -15    0
W 14720  364  370 1792 68
D 14760   0  -15   -8
W 14760  364  370 1776 -20
D 14800   0  -15    0
W 14800  364  370 1760 -20
D 14840   0  -15    0
W 14840  364  370 1755 -5
D 14880   0  -15    0
W 14880  364  370 1757 40
D 14920   0  -15    8
W 14920  362  370 1767 70
D 14960   0  -12   16
W 14960  358  370 1778 100
D 15000   0  -13  -25
W 15000  353  371 1787 127
D 15040   0  -12  -25
W 15040  347  371 1792 127
D 15080   0  -14   -8
W 15080  339  371 1791 127
D 15120   0  -14    0
W 15120  331  371 1791 127
D 15160   0  -15    0
W 15160  322  371 1791 127
D 15200   0  -16   -8
W 15200  312  371 1793 127
D 15240   0  -15    8
W 15240  302  371 1794 127
D 15280   0  -15    8
W 15280  291  372 1794 127
D 15320   0  -16   -8
W 15320  281  372 1795 127
D 15360   0  -15    8
W 15360  270  372 1796 127
D 15400   0  -15    0
W 15400  259  372 1798 127
D 15440   0  -15    0
W 15440  247  372 1800 127
D 15480   0  -16    0
W 15480  236  372 1803 127
D 15520   0  -16    0
W 15520  225  372 1806 127
D 15560   0  -16    0
W 15560  215  372 1809 127
D 15600 127  -12   25
W 15600  204  371 1813 127
D 15640 127  -13    0
W 15640  194  371 1816 127
D 15680 127  -13    8
W 15680  185  371 1819 127
D 15720 127    3   75
W 15720  176  371 1819 127
D 15760 127   55  225
W 15760  167  370 1822 127
D 15800 127   98  250
W 15800  159  370 1826 127
D 15840 127  128   83
W 15840  149  369 1828 127
D 15880 127  148   66
W 15880  138  369 1827 127
D 15920 127  173  108
W 15920  127  368 1827 127
D 15960 127  205  141
W 15960  116  368 1828 127
D 16000 127  232  100
W 16000  106  367 1829 127
D 16040 127  270  133
W 16040   94  367 1830 127
D 16080  39  311  150
W 16080   83  366 1831 127
D 16120  40  353  200
W 16120   72  365 1831 127
D 16160  37  385  125
W 16160   60  365 1832 127
D 16200  33  420  141
W 16200   48  364 1831 127
D 16240  28  455  133
W 16240   36  364 1831 127
D 16280  29  481   91
W 16280   24  363 1832 127
D 16320  29  503   75
W 16320   13  362 1832 127
D 16360  25  522   33
W 16360    1  362 1832 127
D 16400  32  532   41
W 16400  -10  361 1831 127
D 16440  24  552   58
W 16440  -22  360 1832 127
D 16480  36  551    8
W 16480  -34  360 1832 127
D 16520  33  554    8
W 16520  -45  359 1832 127
D 16560  35  555   16
W 16560  -57  358 1833 127
D 16600  35  555    8
W 16600  -69  358 1834 127
D 16640  35  554    0
W 16640  -81  357 1835 127
D 16680  34  554    0
W 16680  -93  356 1835 127
D 16720  33  554   -8
W 16720 -105  355 1834 127
D 16760  33  555    0
W 16760 -117  355 1835 127
D 16800  34  555    0
W 16800 -128  354 1835 127
D 16840  35  555    8
W 16840 -141  353 1835 127
D 16880  34  555    0
W 16880 -152  353 1836 127
D 16920  34  555    0
W 16920 -164  352 1836 127
D 16960  34  556    8
W 16960 -176  351 1837 127
D 17000  35  556    8
W 17000 -188  350 1837 127
D 17040  35  555    0
W 17040 -199  350 1836 127
D 17080  33  556    0
W 17080 -211  349 1837 127
D 17120  35  555    0
W 17120 -223  348 1837 127
D 17160  33  555   -8
W 17160 -235  347 1837 127
D 17200  33  555   -8
W 17200 -247  347 1837 127
D 17240  34  555    0
W 17240 -258  346 1838 127
D 17280  33  556    0
W 17280 -270  345 1839 127
D 17320  35  555    0
W 17320 -282  344 1839 127
D 17360  34  555    0
W 17360 -293  343 1839 127
D 17400  33  556    0
W 17400 -305  343 1841 0
D 17440  35  556    8
W 17440 -316  342 1841 -40
D 17480  34  558   16
W 17480 -323  341 1849 -70
D 17520  31  562    8
W 17520 -328  341 1870 -100
D 17560  31  565    8
W 17560 -331  340 1899 -127
D 17600  33  565    0
W 17600 -333  340 1935 -127
D 17640  34  564    0
W 17640 -335  340 1978 -127
D 17680  33  563   -8
W 17680 -336  339 2026 -127
D 17720  34  561   -8
W 17720 -337  339 2075 -127
D 17760  33  562    8
W 17760 -337  339 2121 -127
D 17800  33  561   -8
W 17800 -336  339 2169 -127
D 17840  32  561  -16
W 17840 -337  339 2221 -127
D 17880  34  561    0
W 17880 -337  339 2275 -127
D 17920  34  560    0
W 17920 -337  339 2336 -127
D 17960  33  562    8
W 17960 -336  340 2402 -127
D 18000  32  564    8
W 18000 -336  340 2462 -127
D 18040  32  564   -8
W 18040 -336  340 2522 -127
D 18080  34  564    8
W 18080 -336  340 2585 -127
D 18120  35  561   -8
W 18120 -336  341 2644 0
D 18160  33  561    0
W 18160 -336  340 2691 0
D 18200  34  559   -8
W 18200 -336  338 2728 0
D 18240  35  558    0
W 18240 -336  338 2766 0
D 18280  34  558    0
W 18280 -336  338 2795 0
D 18320  34  558    0
W 18320 -335  336 2822 -40
D 18360  34  557   -8
W 18360 -335  334 2848 0
D 18400  34  557    0
W 18400 -334  333 2874 0
D 18440  33  558    0
W 18440 -334  331 2898 20
D 18480  35  558    8
W 18480 -334  330 2907 5
D 18520  34  558    0
W 18520 -334  330 2909 -40
D 18560  32  560    0
W 18560 -334  331 2905 -70
D 18600  31  565   16
W 18600 -335  334 2903 -100
D 18640  32  566    0
W 18640 -337  338 2902 -127
D 18680  32  567    0
W 18680 -339  343 2901 -127
D 18720  34  566    0
W 18720 -341  350 2897 -127
D 18760  34  563  -16
W 18760 -343  357 2893 -127
D 18800  32  563  -16
W 18800 -346  365 2892 -127
D 18840  33  563    0
W 18840 -349  373 2889 -127
D 18880  31  565    0
W 18880 -352  383 2888 -127
D 18920  32  566    0
W 18920 -356  392 2886 -127
D 18960  32  567    0
W 18960 -359  402 2887 -127
D 19000  33  569   16
W 19000 -362  413 2887 -127
D 19040 127  573   25
W 19040 -366  423 2888 -127
D 19080 127  581   33
W 19080 -370  434 2886 -127
D 19120 127  598   91
W 19120 -373  445 2887 -127
D 19160 127  613   58
W 19160 -377  456 2888 -127
D 19200 127  634   91
W 19200 -381  467 2887 -127
D 19240 127  654   91
W 19240 -384  477 2887 -127
D 19280 127  678  108
W 19280 -388  488 2888 -127
D 19320 127  708  125
W 19320 -391  498 2889 -127
D 19360 127  740  141
W 19360 -395  508 2890 -127
D 19400 127  777  158
W 19400 -398  518 2889 -127
D 19440 127  821  200
W 19440 -401  527 2889 -60
D 19480 127  865  183
W 19480 -404  536 2888 -45
D 19520 127  913  225
W 19520 -407  545 2887 -45
D 19560 127  971  250
W 19560 -410  552 2888 -45
D 19600 127 1027  258
W 19600 -412  559 2888 -45
D 19640 127 1090  283
W 19640 -414  565 2888 -45
D 19680 127 1153  266
W 19680 -416  571 2888 -45
D 19720   0 1225  291
W 19720 -418  576 2887 -45
D 19760   0 1303  358
W 19760 -420  581 2887 -45
D 19800   0 1373  308
W 19800 -421  585 2887 -45
D 19840 -127 1433  233
W 19840 -422  589 2886 -45
D 19880 -127 1451   16
W 19880 -424  593 2885 -45
D 19920 -127 1447  -25
W 19920 -425  596 2887 -45
D 19960 -127 1442    8
W 19960 -426  599 2890 -45
D 20000 -127 1443    0
W 20000 -427  602 2889 -45
D 20040 -127 1427  -75
W 20040 -428  605 2880 -45
D 20080 -127 1403 -108
W 20080 -429  608 2870 -45
D 20120 -127 1341 -300
W 20120 -429  610 2868 -45
D 20160 -127 1282 -258
W 20160 -430  612 2870 -45
D 20200 -127 1227 -233
W 20200 -431  614 2871 -45
D 20240 -127 1162 -325
W 20240 -431  617 2871 -45
D 20280 -127 1082 -325
W 20280 -432  618 2870 -45
D 20320 -127 1009 -283
W 20320 -432  620 2870 -45
D 20360 -127  949 -266
W 20360 -433  622 2870 -45
D 20400 -127  863 -383
W 20400 -433  623 2868 -45
D 20440 -127  769 -400
W 20440 -434  624 2865 -45
D 20480 -127  693 -300
W 20480 -434  625 2865 -45
D 20520 -127  629 -216
W 20520 -434  625 2864 -45
D 20560 -127  550 -291
W 20560 -434  625 2864 -45
D 20600 -127  458 -350
W 20600 -434  640 2700 40
D 20640 -127  379 -325
W 20640 -434  639 2700 70
D 20680 -127  307 -300
W 20680 -434  636 2700 100
D 20720 -127  220 -375
W 20720 -434  630 2701 127
D 20760 -45  131 -325
W 20760 -434  624 2700 127
D 20800 -45   49 -333
W 20800 -434  616 2701 127
D 20840   0  -11 -158
W 20840 -434  607 2704 127
D 20880   0  -14   -8
W 20880 -434  598 2704 127
D 20920   0  -15    0
W 20920 -434  589 2700 127
D 20960   0  -15    0
W 20960 -434  579 2700 127
D 21000   0  -16   -8
W 21000 -434  568 2704 127
D 21040   0  -18  -16
W 21040 -433  558 2704 127
D 21080   0  -16    0
W 21080 -433  547 2703 127
D 21120   0  -16    0
W 21120 -433  535 2705 127
D 21160   0  -16    0
W 21160 -433  524 2707 127
D 21200   0  -16    0
W 21200 -433  512 2708 127
D 21240   0  -16    0
W 21240 -433  501 2709 127
D 21280   0  -16    0
W 21280 -433  490 2709 127
D 21320   0  -16    0
W 21320 -433  478 2712 127
D 21360   0  -15    8
W 21360 -432  467 2713 127
D 21400   0  -16    0
W 21400 -432  455 2715 127
D 21440   0  -16    0
W 21440 -432  443 2716 127
D 21480   0  -15    8
W 21480 -431  431 2717 127
D 21520   0  -16    0
W 21520 -431  419 2719 127
D 21560   0  -16    0
W 21560 -431  408 2720 127
D 21600   0  -16    0
W 21600 -430  396 2721 127
D 21640   0  -16    0
W 21640 -430  385 2722 127
D 21680   0  -16    0
W 21680 -429  373 2722 127
D 21720   0  -16    0
W 21720 -429  362 2722 127
D 21760   0  -15    8
W 21760 -428  350 2721 127
D 21800   0  -16   -8
W 21800 -428  339 2720 127
D 21840   0  -16    0
W 21840 -428  328 2718 127
D 21880   0  -11   33
W 21880 -427  318 2713 127
D 21920   0  -15    8
W 21920 -427  307 2710 127
D 21960  40  -15    8
W 21960 -427  297 2708 0
D 22000  40  -16   -8
W 22000 -427  288 2708 0
D 22040  40  -15    8
W 22040 -427  280 2708 0
D 22080  40  -16    0
W 22080 -427  273 2705 -40
D 22120  40  -15   -8
W 22120 -427  272 2700 -70
D 22160  40  -23  -83
W 22160 -427  273 2697 -100
D 22200  40    6   83
W 22200 -427  277 2692 -127
D 22240  40   33  125
W 22240 -426  283 2691 -127
D 22280  40   75  175
W 22280 -426  292 2690 -127
D 22320  40  114  150
W 22320 -426  300 2690 -127
D 22360  40  131   41
W 22360 -426  309 2689 -127
D 22400  40  145   58
W 22400 -426  319 2688 -127
D 22440  40  153   25
W 22440 -426  329 2692 -127
D 22480  40  159   25
W 22480 -426  339 2696 -127
D 22520  40  165   16
W 22520 -425  350 2698 -127
D 22560  40  168   16
W 22560 -425  360 2700 -127
D 22600  40  170   16
W 22600 -425  372 2702 -127
D 22640  40  173   16
W 22640 -425  383 2703 -127
D 22680  40  175   16
W 22680 -426  394 2703 -127
D 22720  40  175    0
W 22720 -426  405 2702 -127
D 22760  40  176    8
W 22760 -426  417 2703 -127
D 22800 127  176    8
W 22800 -426  429 2703 -127
D 22840 127  183   58
W 22840 -426  440 2702 -127
D 22880 127  199   75
W 22880 -426  452 2702 -127
D 22920 127  216   75
W 22920 -426  465 2703 -127
D 22960 127  231   50
W 22960 -426  476 2703 -127
D 23000 127  254  133
W 23000 -426  488 2704 -127
D 23040 127  284  150
W 23040 -426  499 2704 -127
D 23080 127  316  133
W 23080 -426  511 2705 -127
D 23120 127  353  183
W 23120 -426  522 2706 -127
D 23160 127  395  175
W 23160 -426  534 2706 -127
D 23200 127  438  175
W 23200 -427  545 2706 -75
D 23240 127  479  158
W 23240 -427  556 2706 -45
D 23280 127  527  200
W 23280 -427  566 2706 -45
D 23320 127  570  183
W 23320 -427  575 2707 -45
D 23360 127  621  200
W 23360 -427  584 2707 -45
D 23400 127  673  216
W 23400 -427  593 2707 -45
D 23440 127  718  200
W 23440 -427  600 2707 -45
D 23480 127  764  200
W 23480 -427  607 2707 -45
D 23520 127  814  200
W 23520 -427  614 2707 -45
D 23560 127  867  200
W 23560 -427  620 2708 -45
D 23600 127  918  225
W 23600 -427  626 2707 -45
D 23640 127  981  250
W 23640 -428  631 2707 -45
D 23680 127 1033  233
W 23680 -428  635 2707 -45
D 23720 127 1098  291
W 23720 -428  638 2703 -45
D 23760 127 1165  266
W 23760 -428  640 2697 -45
D 23800   0 1240  325
W 23800 -428  640 2694 -45
D 23840   0 1315  308
W 23840 -428  640 2692 -45
D 23880   0 1388  308
W 23880 -428  640 2692 -45
D 23920 -127 1445  250
W 23920 -428  640 2692 -45
D 23960 -127 1456  -16
W 23960 -428  641 2690 -45
D 24000 -127 1455   -8
W 24000 -428  641 2681 -45
D 24040 -127 1446  -75
W 24040 -428  641 2674 -45
D 24080 -127 1426  -75
W 24080 -428  642 2670 -45
D 24120 -127 1385 -191
W 24120 -428  642 2671 -45
D 24160 -127 1318 -291
W 24160 -428  643 2670 -45
D 24200 -127 1233 -358
W 24200 -428  643 2668 -45
D 24240   0 1156 -316
W 24240 -428  640 2700 25
D 24280   0 1096 -241
W 24280 -428  639 2700 55
D 24320   0 1056 -166
W 24320 -428  636 2701 85
D 24360   0 1021 -141
W 24360 -428  631 2701 127
D 24400   0  993 -108
W 24400 -427  625 2706 127
D 24440   0  956 -175
W 24440 -427  617 2710 127
D 24480   0  926 -100
W 24480 -427  608 2708 127
D 24520   0  923    0
W 24520 -427  598 2706 127
D 24560   0  924    8
W 24560 -427  587 2706 127
D 24600   0  925    8
W 24600 -427  575 2708 60
D 24640   0  925    0
W 24640 -427  564 2712 30
D 24680   0  931   33
W 24680 -426  552 2715 0
D 24720   0  943   50
W 24720 -426  541 2719 -40
D 24760   0  956   41
W 24760 -426  535 2742 -70
D 24800   0  957   16
W 24800 -425  530 2774 -100
D 24840   0  958    0
W 24840 -425  525 2810 -127
D 24880   0  958  -16
W 24880 -424  522 2845 -127
D 24920   0  955   -8
W 24920 -423  520 2882 -127
D 24960   0  948  -25
W 24960 -423  519 2926 -127
D 25000   0  946    0
W 25000 -423  518 2972 -127
D 25040 -127  945   25
W 25040 -423  518 3016 -127
D 25080 -127  946    0
W 25080 -422  518 3063 -127
D 25120 -127  945    0
W 25120 -422  518 3113 -127
D 25160 -127  926 -100
W 25160 -422  518 3167 -127
D 25200 -127  890 -191
W 25200 -422  518 3228 -127
D 25240 -127  849 -191
W 25240 -423  518 3294 -127
D 25280 -127  791 -283
W 25280 -423  518 3364 0
D 25320 -127  735 -233
W 25320 -422  518 3423 0
D 25360 -127  675 -250
W 25360 -422  518 3469 0
D 25400 -127  625 -191
W 25400 -421  518 3506 0
D 25440 -127  553 -266
W 25440 -420  518 3537 0
D 25480 -127  483 -341
W 25480 -418  517 3569 0
D 25520 -127  388 -500
W 25520 -416  517 3594 20
D 25560 -127  276 -450
W 25560 -414  517 3607 20
D 25600 -127  178 -408
W 25600 -413  517 3606 5
D 25640 -45   81 -408
W 25640 -413  517 3606 -40
D 25680 -45    1 -258
W 25680 -413  517 3608 -70
D 25720 -45   -3    0
W 25720 -416  517 3609 -100
D 25760 -45   -5  -16
W 25760 -422  517 3603 -127
D 25800 -45   -6    0
W 25800 -428  517 3597 -127
D 25840   0   -8    0
W 25840 -436  517 3594 -127
D 25880 -45  -10   50
W 25880 -444  517 3592 -127
D 25920   0  -11   -8
W 25920 -453  517 3592 -127
D 25960   0  -11    8
W 25960 -464  518 3592 -127
D 26000   0  -12   -8
W 26000 -474  518 3592 -127
D 26040   0  -12   -8
W 26040 -484  518 3592 -127
D 26080   0  -13    0
W 26080 -494  518 3593 0
D 26120   0  -13    0
W 26120 -505  518 3591 0
D 26160   0  -13   -8
W 26160 -512  518 3590 25
D 26200   0  -11    8
W 26200 -516  518 3590 55
D 26240   0   -9   16
W 26240 -516  518 3592 85
D 26280 -45   -4    8
W 26280 -514  518 3592 127
D 26320 -45   -7    0
W 26320 -510  518 3592 127
D 26360 -45  -11  -33
W 26360 -505  518 3591 127
D 26400 -45   -7    0
W 26400 -500  518 3590 127
D 26440 -45  -12  -16
W 26440 -493  518 3590 127
D 26480   0  -14   -8
W 26480 -485  518 3590 127
D 26520   0  -13    8
W 26520 -475  518 3590 127
D 26560   0  -13    8
W 26560 -465  518 3593 127
D 26600   0   -8   41
W 26600 -457  517 3591 127
D 26640   0  -13    0
W 26640 -448  517 3585 127
D 26680   0  -15   -8
W 26680 -439  517 3581 127
D 26720   0  -14    0
W 26720 -430  517 3579 127
D 26760   0  -15   -8
W 26760 -419  516 3581 127
D 26800   0  -20  -41
W 26800 -409  516 3581 127
D 26840   0  -15    0
W 26840 -398  516 3581 127
D 26880   0  -15    0
W 26880 -387  515 3581 127
D 26920   0  -15    0
W 26920 -376  515 3582 127
D 26960   0  -15    0
W 26960 -365  515 3583 127
D 27000   0  -15    0
W 27000 -354  514 3586 127
D 27040   0  -18  -25
W 27040 -343  514 3587 127
D 27080   0  -15    0
W 27080 -331  514 3587 127
D 27120   0  -15    0
W 27120 -320  513 3590 127
D 27160   0  -15    8
W 27160 -309  513 3595 127
D 27200   0  -15    0
W 27200 -298  513 3600 127
D 27240   0  -15    0
W 27240 -287  513 3606 127
D 27280   0  -15    0
W 27280 -276  513 3612 127
D 27320   0  -15    0
W 27320 -265  514 3615 127
D 27360   0  -15    0
W 27360 -254  514 3618 127
D 27400   0  -15    8
W 27400 -243  514 3622 127
D 27440   0  -16   -8
W 27440 -232  515 3627 127
D 27480   0  -15    0
W 27480 -221  515 3633 127
D 27520   0  -15    0
W 27520 -210  516 3639 127
D 27560   0  -15    0
W 27560 -199  517 3645 127
D 27600   0  -15    0
W 27600 -188  518 3650 127
D 27640  40  -13    8
W 27640 -178  519 3653 127
D 27680  40  -15    0
W 27680 -167  520 3656 127
D 27720  40  -14    8
W 27720 -156  521 3660 127
D 27760  40    0   66
W 27760 -146  522 3665 127
D 27800  40   26  116
W 27800 -137  523 3671 127
D 27840  40   65  166
W 27840 -131  524 3663 127
D 27880  40  106  175
W 27880 -126  524 3646 127
D 27920  40  132   58
W 27920 -123  524 3622 127
D 27960  40  147   75
W 27960 -120  525 3596 127
D 28000  40  163   33
W 28000 -118  524 3564 127
D 28040  40  167   16
W 28040 -116  524 3531 127
D 28080  40  169    0
W 28080 -115  524 3497 127
D 28120  40  174   25
W 28120 -114  524 3461 127
D 28160  40  178   16
W 28160 -113  524 3420 127
D 28200  40  186   41
W 28200 -113  524 3376 127
D 28240  40  190   25
W 28240 -113  524 3338 127
D 28280  40  190   -8
W 28280 -112  523 3299 127
D 28320  40  193   16
W 28320 -112  523 3259 127
D 28360  40  195    8
W 28360 -112  523 3216 127
D 28400  40  202   25
W 28400 -112  523 3176 127
D 28440  40  205    8
W 28440 -111  522 3133 127
D 28480  40  208   16
W 28480 -111  522 3090 127
D 28520  40  211    8
W 28520 -111  522 3046 127
D 28560  40  215    8
W 28560 -111  522 3002 127
D 28600  40  215    8
W 28600 -110  521 2957 0
D 28640  40  217   16
W 28640 -110  521 2926 0
D 28680  40  220    8
W 28680 -110  520 2905 54
D 28720  40  221    8
W 28720 -110  520 2877 0
D 28760  40  222   -8
W 28760 -109  518 2842 0
D 28800  40  223    8
W 28800 -109  518 2819 54
D 28840  40  228   41
W 28840 -109  517 2804 68
D 28880  40  229    8
W 28880 -109  516 2779 0
D 28920  40  229   -8
W 28920 -109  515 2757 54
D 28960  40  232    8
W 28960 -109  515 2749 110
D 29000  40  231   -8
W 29000 -109  515 2724 0
D 29040  40  231    8
W 29040 -109  514 2709 82
D 29080  40  231  -16
W 29080 -109  514 2696 -20
D 29120  40  228   -8
W 29120 -109  514 2680 -20
D 29160 127  230   16
W 29160 -109  514 2678 -50
D 29200 127  231   16
W 29200 -109  515 2680 -80
D 29240 127  243   66
W 29240 -109  517 2681 -127
D 29280 127  265   58
W 29280 -109  521 2683 -127
D 29320 127  290  100
W 29320 -108  526 2684 -127
D 29360 127  315  100
W 29360 -108  532 2685 -127
D 29400 127  336   83
W 29400 -108  539 2684 -127
D 29440 127  368  125
W 29440 -108  546 2685 -127
D 29480 127  400  141
W 29480 -108  555 2685 -127
D 29520 127  429  150
W 29520 -107  563 2685 -127
D 29560 127  458  125
W 29560 -107  571 2686 -60
D 29600 127  475  116
W 29600 -107  578 2687 -45
D 29640 127  511  175
W 29640 -107  586 2695 -45
D 29680 127  547  166
W 29680 -107  595 2698 -45
D 29720 127  585  116
W 29720 -107  602 2697 -45
D 29760 127  626  133
W 29760 -107  609 2696 -45
D 29800 127  660  141
W 29800 -107  614 2682 -45
D 29840 127  707  208
W 29840 -107  615 2671 -45
D 29880 127  751  191
W 29880 -107  615 2671 -45
D 29920 127  790  166
W 29920 -107  615 2668 -45
D 29960 127  835  200
W 29960 -107  616 2662 -45
D 30000 127  876  175
W 30000 -107  616 2659 -45
D 30040 127  909  166
W 30040 -107  616 2658 -45
D 30080 127  951  216
W 30080 -107  616 2657 -45
D 30120 127  992  141
W 30120 -107  616 2657 -45
D 30160 127 1038  183
W 30160 -107  616 2657 -45
D 30200 127 1084  208
W 30200 -107  616 2657 -45
D 30240 127 1131  225
W 30240 -107  616 2657 -45
D 30280 127 1183  233
W 30280 -107  616 2657 -45
D 30320   0 1240  266
W 30320 -107  616 2657 -45
D 30360   0 1303  291
W 30360 -107  616 2657 -45
D 30400   0 1356  225
W 30400 -107  616 2657 -45
D 30440 -127 1395  133
W 30440 -107  616 2656 -45
D 30480 -127 1411   41
W 30480 -107  617 2652 -45
D 30520 -127 1413    0
W 30520 -106  618 2642 -45
D 30560 -127 1406  -41
W 30560 -106  618 2639 -45
D 30600 -127 1397  -25
W 30600 -106  618 2644 -45
D 30640 -127 1397   -8
W 30640 -106  618 2642 -45
D 30680 -127 1383  -91
W 30680 -106  619 2643 -45
D 30720 -127 1349 -150
W 30720 -106  620 2645 -45
D 30760 -127 1301 -216
W 30760 -106  621 2643 -45
D 30800 -127 1249 -216
W 30800 -106  622 2643 -45
D 30840 -127 1200 -225
W 30840 -106  622 2642 -45
D 30880 -127 1131 -291
W 30880 -106  622 2642 -45
D 30920 -127 1060 -300
W 30920 -106  622 2642 -45
D 30960 -127  997 -266
W 30960 -106  622 2642 -45
D 31000 -127  935 -283
W 31000 -106  622 2643 -45
D 31040 -127  866 -275
W 31040 -106  623 2645 -45
D 31080 -127  778 -391
W 31080 -106  623 2642 -45
D 31120 -127  700 -333
W 31120 -106  623 2643 -45
D 31160 -127  627 -275
W 31160 -106  623 2643 -45
D 31200 -127  550 -275
W 31200 -106  640 2700 25
D 31240 -127  457 -366
W 31240 -106  639 2700 55
D 31280 -127  367 -400
W 31280 -106  637 2699 85
D 31320 -127  286 -358
W 31320 -106  632 2700 127
D 31360 -127  204 -341
W 31360 -106  627 2702 127
D 31400 -45  121 -316
W 31400 -106  620 2704 127
D 31440 -45   33 -341
W 31440 -106  611 2705 127
D 31480   0  -11  -83
W 31480 -106  603 2709 127
D 31520   0  -16  -25
W 31520 -106  594 2708 127
D 31560   0  -16   -8
W 31560 -105  584 2705 127
D 31600   0  -16   -8
W 31600 -105  575 2706 127
D 31640   0  -16    0
W 31640 -105  565 2708 127
D 31680   0  -16    0
W 31680 -105  554 2709 127
D 31720   0  -16    0
W 31720 -105  543 2710 127
D 31760   0  -16    0
W 31760 -105  532 2711 127
D 31800   0  -16    0
W 31800 -105  520 2714 127
D 31840   0  -16    0
W 31840 -104  509 2715 127
D 31880   0  -16    0
W 31880 -104  497 2717 127
D 31920   0  -16    0
W 31920 -104  486 2720 127
D 31960   0  -16    0
W 31960 -103  474 2722 127
D 32000   0  -16    0
W 32000 -103  463 2724 127
D 32040   0  -16    0
W 32040 -102  451 2725 127
D 32080   0  -16    0
W 32080 -102  440 2727 127
D 32120   0  -16    0
W 32120 -101  429 2729 127
D 32160   0  -16    0
W 32160 -101  417 2731 127
D 32200   0  -16    0
W 32200 -100  406 2734 127
D 32240   0  -16    0
W 32240  -99  394 2736 127
D 32280   0  -16    0
W 32280  -98  382 2737 127
D 32320   0  -16    0
W 32320  -98  371 2739 127
D 32360   0  -17   -8
W 32360  -97  359 2741 127
D 32400   0  -16    0
W 32400  -96  348 2742 127
D 32440   0  -15    8
W 32440  -95  337 2741 127
D 32480   0  -16    0
W 32480  -94  326 2741 127
D 32520   0  -16    8
W 32520  -94  315 2743 127
D 32560   0  -16    0
W 32560  -93  304 2744 127
D 32600  40  -16    0
W 32600  -92  293 2746 0
D 32640  40  -16    0
W 32640  -91  283 2746 0
D 32680  40  -16   -8
W 32680  -90  274 2751 0
D 32720  40  -16   -8
W 32720  -90  270 2738 -40
D 32760  40  -15    8
W 32760  -90  270 2723 -70
D 32800  40  -14   16
W 32800  -90  273 2721 -100
D 32840  40   11   66
W 32840  -90  279 2721 -127
D 32880  40   50  133
W 32880  -91  287 2717 -127
D 32920  40   91  166
W 32920  -91  296 2710 -127
D 32960  40  120  125
W 32960  -91  305 2707 -127
D 33000  40  135   75
W 33000  -91  314 2707 -127
D 33040  40  153   75
W 33040  -91  324 2708 -127
D 33080  40  173   91
W 33080  -91  335 2709 -127
D 33120  40  192   66
W 33120  -92  345 2711 -127
D 33160  40  206   41
W 33160  -92  356 2712 -127
D 33200  40  219   50
W 33200  -92  367 2712 -127
D 33240  40  230    8
W 33240  -92  378 2713 -127
D 33280  40  251  125
W 33280  -93  389 2713 -127
D 33320  40  256    8
W 33320  -93  401 2715 -127
D 33360  40  263   41
W 33360  -93  412 2714 -127
D 33400 127  271   33
W 33400  -93  424 2713 -127
D 33440 127  283   66
W 33440  -94  436 2713 -127
D 33480 127  303   50
W 33480  -94  447 2713 -127
D 33520 127  322   91
W 33520  -94  459 2713 -127
D 33560 127  346  133
W 33560  -94  471 2713 -127
D 33600 127  375  125
W 33600  -95  482 2713 -127
D 33640 127  406  108
W 33640  -95  494 2713 -127
D 33680 127  451  208
W 33680  -95  505 2715 -127
D 33720 127  490  183
W 33720  -96  516 2715 -127
D 33760 127  539  158
W 33760  -96  528 2716 -127
D 33800 127  588  216
W 33800  -96  538 2715 -127
D 33840 127  642  225
W 33840  -96  549 2716 -60
D 33880 127  692  200
W 33880  -97  560 2716 -45
D 33920 127  740  200
W 33920  -97  569 2716 -45
D 33960 127  793  233
W 33960  -97  577 2716 -45
D 34000 127  852  225
W 34000  -97  586 2717 -45
D 34040 127  913  258
W 34040  -98  593 2717 -45
D 34080 127  978  283
W 34080  -98  599 2718 -45
D 34120 127 1032  258
W 34120  -98  605 2718 -45
D 34160 127 1097  283
W 34160  -98  611 2718 -45
D 34200 127 1161  258
W 34200  -98  616 2718 -45
D 34240   0 1233  291
W 34240  -98  620 2719 -45
D 34280   0 1311  333
W 34280  -99  624 2720 -45
D 34320   0 1383  333
W 34320  -99  628 2720 -45
