DUMP_MONITOR=START
DUMP_MONITOR=MONITOR
WHEEL_MONITOR=MONITOR
D   40 -127 1195    8
W   40  360  200 2700 40
D   80 -127 1192  -25
W   80  360  199 2699 70
D  120 -127 1151 -183
W  120  359  195 2700 100
D  160 -127 1100 -216
W  160  360  190 2702 127
D  200 -127 1075 -100
W  200  360  184 2703 127
D  240 -127 1034 -175
W  240  360  176 2705 127
D  280 -127  991 -216
W  280  360  170 2705 127
D  320 -127  945 -191
W  320  360  165 2704 127
D  360 -127  896 -225
W  360  360  160 2704 127
D  400 -127  851 -200
W  400  360  154 2706 127
D  440 -127  798 -225
W  440  360  148 2707 127
D  480 -127  753 -150
W  480  360  141 2707 127
D  520 -127  695 -266
W  520  360  133 2703 127
D  560 -127  630 -233
W  560  360  123 2700 127
D  600 -127  554 -283
W  600  360  115 2696 127
D  640 -127  494 -275
W  640  360  109 2676 127
D  680 -127  412 -441
W  680  360  105 2643 127
D  720 -127  301 -458
W  720  359  100 2605 127
D  760 -127  194 -400
W  760  358   96 2558 127
D  800 -45   97 -383
W  800  357   93 2504 127
D  840 -45   30 -225
W  840  356   90 2453 127
D  880 -45    2  -66
W  880  357   91 2408 127
D  920 -45    0    0
W  920  357   92 2351 127
D  960 -45    0   -8
W  960  357   91 2294 127
D 1000 -45    1    8
W 1000  357   91 2239 127
D 1040 -45   -6  -58
W 1040  356   91 2187 127
D 1080   0  -10  -16
W 1080  356   90 2127 127
D 1120   0  -14  -33
W 1120  355   90 2059 0
D 1160   0  -15    0
W 1160  355   90 1997 0
D 1200   0  -16   -8
W 1200  354   89 1949 0
D 1240   0  -16    0
W 1240  353   89 1916 0
D 1280   0  -16    0
W 1280  352   89 1894 40
D 1320   0  -17   -8
W 1320  351   89 1868 0
D 1360   0  -18   -8
W 1360  350   89 1846 54
D 1400   0  -17  -16
W 1400  349   89 1824 54
D 1440   0  -17  -16
W 1440  349   89 1805 -20
D 1480   0  -16    8
W 1480  349   89 1789 -20
D 1520   0  -17    0
W 1520  348   89 1780 -5
D 1560   0  -17    0
W 1560  348   89 1781 40
D 1600   0  -16    0
W 1600  346   89 1788 70
D 1640 -45  -13   -8
W 1640  342   89 1795 100
D 1680   0  -13  -16
W 1680  337   89 1801 127
D 1720   0  -15  -16
W 1720  331   89 1805 127
D 1760   0  -15   -8
W 1760  324   89 1807 127
D 1800   0  -16    0
W 1800  315   89 1808 127
D 1840   0  -11   41
W 1840  306   89 1809 127
D 1880   0  -16    8
W 1880  296   88 1810 127
D 1920   0  -17    8
W 1920  286   88 1811 127
D 1960   0  -16    0
W 1960  275   88 1811 127
D 2000   0  -18  -16
W 2000  264   88 1812 127
D 2040   0  -17    0
W 2040  253   88 1813 127
D 2080   0  -17    0
W 2080  242   87 1813 127
D 2120   0  -17    0
W 2120  231   87 1814 127
D 2160   0  -16    8
W 2160  219   87 1815 127
D 2200   0  -17    0
W 2200  208   86 1816 127
D 2240   0  -17    0
W 2240  196   86 1817 127
D 2280   0  -17    0
W 2280  185   86 1817 127
D 2320   0  -17    0
W 2320  174   85 1817 127
D 2360   0  -17    0
W 2360  162   85 1818 127
D 2400   0  -17    0
W 2400  151   85 1818 127
D 2440  40  -16    0
W 2440  140   84 1816 127
D 2480  40  -16    0
W 2480  129   84 1816 127
D 2520  40  -16   -8
W 2520  117   84 1815 127
D 2560  40  -16    0
W 2560  106   84 1814 127
D 2600  40   -3  100
W 2600   96   83 1813 60
D 2640  40   33  158
W 2640   87   83 1807 30
D 2680  40   78  183
W 2680   78   83 1788 0
D 2720  40  111   83
W 2720   70   83 1771 -40
D 2760  40  133  100
W 2760   68   83 1773 -70
D 2800  40  177  225
W 2800   67   83 1777 -100
D 2840  40  210  125
W 2840   69   83 1783 -127
D 2880  40  237   41
W 2880   74   83 1789 -127
D 2920  40  261  125
W 2920   79   83 1793 -127
D 2960  40  278   83
W 2960   86   83 1798 -127
D 3000  40  291   66
W 3000   93   83 1802 -127
D 3040  40  306   58
W 3040  102   83 1806 -127
D 3080  40  323   -8
W 3080  113   83 1808 -127
D 3120  40  360  116
W 3120  123   83 1809 -127
D 3160  40  385  100
W 3160  134   84 1811 -127
D 3200  30  410  116
W 3200  144   84 1817 -127
D 3240  26  434   91
W 3240  153   84 1824 -127
D 3280  23  455   66
W 3280  159   84 1847 -127
D 3320  31  464   50
W 3320  164   85 1878 -127
D 3360  26  483  100
W 3360  168   86 1907 -127
D 3400  22  501   75
W 3400  172   86 1939 -127
D 3440  19  523  100
W 3440  174   87 1979 0
D 3480  31  529   91
W 3480  176   88 2018 0
D 3520  12  550   50
W 3520  177   88 2042 -54
D 3560  22  555   16
W 3560  178   89 2072 0
D 3600  23  559   25
W 3600  179   89 2111 0
D 3640  26  557    8
W 3640  179   89 2149 0
D 3680  25  557    8
W 3680  179   89 2177 -40
D 3720  23  558    0
W 3720  179   90 2198 -54
D 3760  24  558    0
W 3760  179   89 2222 -40
D 3800  24  558    0
W 3800  179   89 2252 20
D 3840  24  558    0
W 3840  179   89 2270 20
D 3880 -127  557  -16
W 3880  179   89 2276 20
D 3920 -127  557   -8
W 3920  179   89 2280 20
D 3960 -127  556   -8
W 3960  179   89 2281 20
D 4000 -127  540 -108
W 4000  179   89 2281 20
D 4040 -127  497 -200
W 4040  179   89 2276 20
D 4080 -127  448 -216
W 4080  179   89 2272 50
D 4120 -127  381 -291
W 4120  179   89 2269 80
D 4160 -127  318 -300
W 4160  178   88 2263 127
D 4200 -127  248 -316
W 4200  175   85 2258 127
D 4240 -127  163 -358
W 4240  171   80 2260 127
D 4280 -45   57 -483
W 4280  166   76 2259 127
D 4320   0  -15 -100
W 4320  161   70 2254 127
D 4360   0  -15   16
W 4360  155   64 2255 127
D 4400   0  -23  -41
W 4400  148   58 2255 127
D 4440   0  -18    0
W 4440  142   52 2259 127
D 4480   0  -19    0
W 4480  136   45 2262 127
D 4520   0  -20  -16
W 4520  129   38 2265 127
D 4560   0  -19    0
W 4560  122   30 2268 127
D 4600   0  -20    0
W 4600  114   22 2271 127
D 4640   0  -15   41
W 4640  107   14 2275 127
D 4680   0  -20  -16
W 4680   99    6 2277 127
D 4720   0  -20   -8
W 4720   92   -2 2279 127
D 4760   0  -20    0
W 4760   84  -10 2281 127
D 4800   0  -20   -8
W 4800   77  -19 2283 127
D 4840   0  -20    0
W 4840   69  -27 2283 127
D 4880   0  -20    0
W 4880   62  -35 2284 127
D 4920   0  -20   -8
W 4920   54  -43 2284 127
D 4960   0  -20    0
W 4960   47  -52 2286 127
D 5000   0  -20    0
W 5000   40  -60 2287 127
D 5040   0  -20    0
W 5040   33  -68 2288 127
D 5080  40  -19    0
W 5080   26  -76 2290 0
D 5120  40  -18    8
W 5120   19  -84 2291 0
D 5160  40  -19    0
W 5160   14  -90 2290 -25
D 5200  40   -5  125
W 5200   11  -93 2291 -55
D 5240  40   57  308
W 5240   11  -93 2295 -85
D 5280  40  108  225
W 5280   11  -93 2299 -127
D 5320  40  138   41
W 5320   13  -91 2303 -127
D 5360  40  154   91
W 5360   16  -87 2306 -127
D 5400  40  176  108
W 5400   20  -82 2306 -127
D 5440  40  205  125
W 5440   25  -76 2306 -127
D 5480  40  230  100
W 5480   31  -69 2308 -127
D 5520  40  235   33
W 5520   37  -62 2310 -127
D 5560  40  254   75
W 5560   43  -54 2312 -127
D 5600  40  261   25
W 5600   50  -46 2313 -127
D 5640  40  276   66
W 5640   56  -37 2313 -127
D 5680  40  288   58
W 5680   63  -29 2312 -127
D 5720  40  298   41
W 5720   70  -20 2311 -127
D 5760  40  308   58
W 5760   78  -11 2312 -127
D 5800  40  316   41
W 5800   85   -2 2313 -127
D 5840  40  328   41
W 5840   92    6 2314 -127
D 5880  40  340   75
W 5880   99   15 2314 -127
D 5920  40  353   58
W 5920  107   24 2314 -127
D 5960  40  363   50
W 5960  114   34 2314 -127
D 6000  40  376   41
W 6000  122   43 2315 -127
D 6040  40  389   50
W 6040  129   53 2315 -127
D 6080  32  402   33
W 6080  137   62 2315 -127
D 6120  32  416   58
W 6120  144   71 2316 -127
D 6160  34  423   25
W 6160  151   81 2318 -127
D 6200  34  432   50
W 6200  158   89 2324 -127
D 6240  35  437   33
W 6240  163   96 2337 -127
D 6280  36  438    8
W 6280  166  100 2362 -127
D 6320  31  448   41
W 6320  169  104 2389 -127
D 6360  32  456   50
W 6360  171  108 2414 -127
D 6400  31  460    8
W 6400  172  111 2448 -127
D 6440  30  465    8
W 6440  173  113 2487 -127
D 6480  26  470  -25
W 6480  174  114 2529 -127
D 6520  32  473   16
W 6520  174  115 2578 -127
D 6560  30  479   33
W 6560  174  116 2628 -127
D 6600  31  480    0
W 6600  174  116 2684 -127
D 6640  30  482    0
W 6640  174  116 2740 -127
D 6680  38  477   16
W 6680  174  116 2796 -127
D 6720  30  479    0
W 6720  174  116 2850 -127
D 6760  31  480    0
W 6760  174  117 2902 -127
D 6800  32  480    0
W 6800  173  119 2958 -127
D 6840  31  483   16
W 6840  171  122 3011 -127
D 6880  29  488   25
W 6880  169  127 3053 -127
D 6920  28  493   16
W 6920  165  131 3080 -127
D 6960  26  501   33
W 6960  161  137 3105 -127
D 7000  27  505   16
W 7000  156  143 3129 -127
D 7040  30  504    0
W 7040  150  149 3150 -127
D 7080  29  504    0
W 7080  144  155 3168 -127
D 7120  30  503    0
W 7120  137  161 3183 -127
D 7160  30  502    0
W 7160  129  168 3197 -127
D 7200  28  498  -41
W 7200  121  174 3207 -127
D 7240  22  503  -33
W 7240  113  181 3212 -127
D 7280  29  503    0
W 7280  105  188 3213 -127
D 7320  29  503    0
W 7320   95  195 3213 -127
D 7360  29  504    8
W 7360   87  202 3212 -127
D 7400  28  510   41
W 7400   79  209 3206 -127
D 7440  32  510   33
W 7440   73  213 3204 -127
D 7480  26  513    0
W 7480   69  217 3208 -127
D 7520  26  516    8
W 7520   65  220 3217 -127
D 7560  30  514    0
W 7560   62  223 3225 -127
D 7600  28  513   -8
W 7600   57  226 3231 -127
D 7640  28  513    0
W 7640   52  230 3236 -127
D 7680  32  511   16
W 7680   47  234 3243 -127
D 7720  28  516   41
W 7720   41  238 3252 -127
D 7760  32  516   33
W 7760   35  242 3261 -127
D 7800  31  513    0
W 7800   30  245 3274 -127
D 7840 127  513    0
W 7840   26  248 3293 -127
D 7880 127  514   -8
W 7880   21  251 3313 -127
D 7920 127  525   58
W 7920   15  254 3332 -127
D 7960 127  537   58
W 7960    9  257 3352 -127
D 8000 127  558   50
W 8000    2  260 3372 -127
D 8040 127  582   91
W 8040   -4  263 3390 -127
D 8080 127  620  158
W 8080  -11  265 3413 -127
D 8120 127  659  258
W 8120  -19  268 3439 -127
D 8160 127  682  183
W 8160  -27  270 3462 -127
D 8200 127  723  158
W 8200  -35  272 3485 -127
D 8240 127  763  183
W 8240  -44  273 3508 -75
D 8280 127  809  191
W 8280  -52  275 3530 -50
D 8320 127  858  191
W 8320  -60  275 3550 -50
D 8360 127  906  208
W 8360  -67  276 3568 -50
D 8400 127  963  308
W 8400  -73  276 3585 -50
D 8440 127 1011  216
W 8440  -78  276 3598 -50
D 8480 127 1074  275
W 8480  -83  276 3606 -50
D 8520 127 1138  283
W 8520  -87  276 3609 -50
D 8560 127 1200  266
W 8560  -90  276 3612 -50
D 8600   0 1268  275
W 8600  -93  276 3612 -50
D 8640   0 1335  241
W 8640  -96  276 3609 -50
D 8680   0 1388  233
W 8680 -100  276 3600 -50
